11888  -14.2080  -63.0910  13.7870  1    4278  -33.5010  -46.2810  26.7480  1
11889  -15.2510  -62.7420  14.0890  2    4332  -13.0190  70.3850  15.4860  2
11905  -15.2970  -62.2030  13.5590  6    4279  -32.4580  -48.2750  29.3370  6
11918  -14.4500  -62.5980  12.2800  7    355  -23.3130  -23.1270  -28.2090  7
11946  -14.4120  -62.5610  10.4540  11    356  -21.1460  -21.0860  -30.5670  11
12597  -4.8520  -60.6430  29.7520  14    5564  -41.0730  15.6470  -64.3770  14
12605  -3.9010  -60.8910  29.0890  16    5565  -23.1710  -31.0680  -32.8480  16
12608  -5.7460  -60.7280  28.6270  19    5566  -23.7480  -32.0900  -33.8740  19
12621  -3.0010  -61.1050  27.1030  25    8535  -0.0640  17.6300  8.3490  25
12816  -15.0440  -61.3930  8.9520  54    3849  -59.4910  10.1980  -10.0010  54
12817  -15.3460  -60.8610  8.4420  55    4078  -51.2470  -5.3970  15.6410  55
13311  -4.9500  -59.5590  31.6300  57    9746  -22.2450  -67.5260  14.1210  57
13323  -5.6870  -59.4820  31.1250  62    9951  -46.6390  6.6760  -24.0960  62
13349  -2.2100  -60.2480  27.9770  73    7327  -6.9760  9.9860  47.1770  73
13403  -1.9740  -59.9340  25.2510  92    1072  0.1170  6.3460  -8.4960  92
13406  -3.9830  -60.1380  24.6630  95    3983  -18.7560  -75.3670  -11.6110  95
13468  -16.1850  -60.8580  17.4000  100    9130  -11.1080  -0.4820  27.0100  100
13524  -15.5640  -60.5780  11.4760  110    7221  -61.2690  2.6860  -39.6120  110
13567  -15.4950  -60.3550  9.0410  116    4079  -53.6820  -4.7970  16.3800  116
13585  -15.8360  -60.2500  6.2640  118    7281  -16.6450  42.8990  31.7740  118
14059  -5.5930  -58.8120  33.9280  119    12020  -23.4420  -10.9010  30.8690  119
14072  -6.0370  -58.9220  32.8950  128    9985  -23.3450  3.7800  -50.8920  128
14112  -6.4420  -59.2730  28.6330  142    11801  -50.8750  -29.6880  16.2890  142
14138  -5.3770  -60.1340  26.0430  146    13626  -31.6370  9.5500  -50.9540  146
14171  -2.1070  -59.0360  23.4400  155    792  -46.9080  -32.8020  16.8220  155
14203  -2.2380  -58.5400  21.1970  163    1071  -45.3010  24.5310  -9.9510  163
14219  -2.4050  -58.3940  20.7980  166    793  -46.1670  -31.3590  18.3210  166
14336  -16.2070  -59.0880  7.1980  183    11657  -13.6860  18.5660  46.1180  183
14348  -16.2820  -59.3380  6.0340  185    12398  -7.8820  -19.6430  13.3030  185
14918  -6.6920  -57.7360  35.8850  190    11725  -11.0790  -72.7120  -32.5250  190
14923  -7.7170  -57.5760  35.6190  195    11724  -12.0600  -73.7490  -32.6530  195
14924  -3.9800  -58.2430  33.7300  196    12019  -34.0550  -29.1520  39.5620  196
14928  -7.2350  -58.0420  34.8620  200    12102  -21.8680  18.0770  50.5680  200
14930  -3.8560  -58.4010  33.1010  202    12189  -45.4920  -38.7240  33.3250  202
14938  -3.1510  -58.3800  31.6640  207    13095  -22.8700  11.0820  40.1420  207
15075  -1.5110  -57.9270  20.6710  245    7385  -1.4810  -70.8170  -23.4600  245
15132  -15.7560  -58.4120  16.5170  260    11645  -52.5790  -3.2740  2.9010  260
15147  -16.3920  -58.7760  13.5600  265    11971  -32.6940  0.4260  -47.6240  265
15240  -17.1830  -57.5050  4.8500  279    3048  -25.9640  -14.8400  32.5490  279
15262  -16.6790  -58.8200  3.5110  282    3724  -1.8290  0.3950  44.5590  282
15283  -16.8530  -58.3840  1.8360  285    3723  -2.5310  0.3730  40.8310  285
15856  -7.1240  -57.1140  36.8640  288    11726  -20.0590  -76.3680  7.3720  288
15883  -7.5620  -57.7540  33.6220  308    12796  -54.4980  15.6810  2.6320  308
15894  -6.7860  -57.7340  31.1390  313    13655  -5.0360  -52.6430  11.2930  313
15914  -1.8660  -58.3120  28.9780  317    14684  -39.1980  10.0850  -54.2840  317
15916  -6.5470  -57.2580  29.4100  319    14418  -1.8770  -24.6020  50.2830  319
15940  -1.1930  -57.9390  27.3030  322    13915  -20.9800  -81.1050  -6.5630  322
15941  -5.7130  -56.6970  27.1520  323    14797  -39.8130  59.9320  -0.9380  323
15973  -0.7940  -56.5530  23.9810  331    1626  -13.4000  -9.8190  43.4870  331
15999  -4.2990  -57.8660  22.7360  340    791  -47.4050  -31.3170  15.2210  340
16011  -0.8120  -57.0070  21.1500  342    6291  -50.3260  31.1490  6.7700  342
16040  -1.4360  -56.7870  19.0710  349    9026  -52.2180  -15.1320  -42.2040  349
16048  -13.6970  -57.0170  19.7320  355    8248  -3.9370  -34.7320  16.9370  355
16069  -14.0730  -56.8260  19.0410  362    8381  -13.8550  74.5240  2.3510  362
16138  -16.5550  -57.4620  11.3460  382    12722  -35.1530  -3.0630  -50.4620  382
16165  -17.0530  -57.0600  7.1440  386    6293  -35.4840  -33.3160  -39.2180  386
16284  -16.7460  -57.5480  -0.2790  397    4595  -35.9210  -65.5270  -37.4730  397
16285  -17.2730  -57.2100  0.2640  398    3047  -56.7420  -37.9400  -9.3840  398
16303  -16.7650  -57.0980  -0.8520  400    12258  -15.1930  -62.5840  -30.6490  400
16792  -8.0500  -56.7570  37.7070  404    13081  -15.7710  18.6430  51.0300  404
16801  -5.1840  -56.6080  36.2670  405    10824  -56.7420  -20.5120  -40.4610  405
16812  -3.0500  -56.2160  33.8930  410    11909  -60.6280  -38.8910  -14.6430  410
16864  -5.5340  -55.8210  28.2510  422    14469  -33.8200  -8.7650  29.6740  422
16914  -5.0990  -56.7230  24.8730  436    2551  -6.9320  40.8310  -29.8770  436
16934  -0.7050  -55.9920  22.6180  439    1624  -14.9690  -10.4000  41.0350  439
16998  -2.9960  -56.0870  17.5250  458    9173  -2.9080  -31.6320  8.3790  458
17016  -1.4520  -55.7410  16.4470  463    3150  -2.2950  17.3610  -31.9310  463
17036  -2.0620  -55.9040  15.7680  472    10885  -42.0970  -4.4140  22.6460  472
17066  -2.2430  -55.5790  14.2170  482    5038  -53.1720  41.7990  -0.8970  482
17095  -17.1030  -55.8810  9.8190  489    12978  -4.1070  -48.4720  31.4360  489
17143  -18.0880  -55.6750  3.8780  497    862  -47.7690  -50.4040  6.7940  497
17675  -7.3950  -54.8940  38.7360  511    9848  -24.3850  -14.2320  31.9910  511
17689  -6.5100  -55.1280  37.9840  513    5701  -41.1500  33.4100  -13.8450  513
17737  -2.4540  -55.7140  32.6060  527    13065  -3.9360  21.5020  46.4080  527
17745  -2.2090  -55.2950  31.2840  528    13913  -31.5440  46.6690  10.0640  528
17809  -0.9700  -55.7190  26.0190  540    1625  -13.3010  -11.8830  41.0340  540
17881  -0.6600  -55.2920  19.8600  557    7258  -55.9180  16.1540  10.3880  557
17884  -11.4540  -55.2770  19.6110  559    8319  -6.5100  29.0130  -35.6730  559
17894  -3.7060  -55.1150  18.5580  562    9174  -27.2120  -73.5900  -4.8550  562
17911  -10.8480  -54.8890  16.5440  569    8320  -2.1260  -72.3940  5.6870  569
17928  -10.5910  -55.1850  15.7520  576    6033  -24.3840  -1.6010  -42.6270  576
17989  -3.7310  -54.7860  13.5950  603    11790  -48.1490  1.9280  -4.0800  603
17992  -16.0740  -55.5980  13.6720  606    8782  -47.5350  -7.6060  22.3960  606
18010  -3.2710  -54.7520  12.8910  611    12958  -46.2910  -22.1670  9.9860  611
18027  -16.8850  -55.4680  11.3540  619    12196  -29.4670  -40.7060  17.5150  619
18185  -16.3890  -56.0300  -2.0750  637    10983  -9.2600  5.3270  29.9430  637
18598  -3.4060  -54.3300  34.7420  649    7492  -3.8430  43.5560  2.5880  649
18660  -1.8000  -54.7290  29.4600  659    14018  -14.0300  -54.3310  15.3230  659
18710  -1.0180  -54.7180  24.9340  669    14129  -24.8480  56.4260  -29.3920  669
18711  -5.1270  -54.8670  25.3580  670    13779  -45.5780  13.0640  28.8640  670
18759  -0.7810  -54.5520  21.4980  679    2358  -58.4890  -39.5870  -31.4270  679
18775  -4.7690  -54.7330  20.6960  685    5379  -22.5110  -14.0390  45.4160  685
18793  -0.7420  -54.4450  17.9530  692    7257  -54.6430  14.9250  10.2210  692
18922  -2.2060  -53.6580  11.1400  742    8631  -43.9820  -19.9470  -15.6570  742
18923  -2.7010  -53.6680  10.8710  743    12788  -63.4960  -18.2770  -32.8370  743
18987  -18.7150  -54.3040  3.7220  759    860  -8.9430  -32.8290  52.2440  759
19029  -19.3100  -53.7080  1.0790  763    6089  -22.3680  -58.9860  -24.0060  763
19479  -7.9400  -53.5640  39.5070  772    3138  -35.9970  -0.0590  47.9990  772
19501  -4.6060  -54.0440  35.9510  780    6443  -7.8780  3.8930  55.5080  780
19532  -2.0920  -53.1050  32.5040  785    6479  -38.0460  9.7790  26.0400  785
19553  -1.8510  -53.5220  30.9350  789    11785  -47.9620  26.5680  -51.1400  789
19598  -1.3390  -53.6830  26.8180  793    13121  -0.7380  -70.3700  2.4600  793
19664  -1.3080  -53.3010  22.8750  809    2359  -36.7820  -8.5910  34.1210  809
19666  -5.9700  -53.5260  22.7890  811    2550  -48.4060  -9.0800  -1.6370  811
19735  -4.6630  -52.6800  14.2210  837    2466  -24.8120  -35.1190  -22.9190  837
19781  -11.9760  -53.2270  12.6220  857    8783  -6.2470  -41.7170  31.6820  857
19835  -1.9520  -53.1300  10.4050  877    1970  -42.1310  -41.2730  -30.0210  877
19840  -4.9580  -52.5270  9.5730  882    12652  -26.2360  32.2550  -29.3540  882
19879  -18.2790  -53.1690  6.8860  895    9678  -46.9840  40.0180  15.4280  895
19886  -18.7510  -53.0080  5.3100  898    861  -50.5580  -51.7360  7.0800  898
19975  -18.7290  -53.7150  -1.5750  908    6091  -45.5990  -3.8780  -25.4920  908
20370  -7.6290  -53.2880  39.1670  912    3139  -64.0500  2.0170  3.2500  912
20386  -4.0370  -52.9670  35.2220  922    2796  -64.3600  1.9860  -34.1530  922
20424  -2.0110  -52.4910  32.0120  926    6480  0.7660  -77.8600  -15.8560  926
20444  -1.7250  -52.6920  29.2020  929    10581  -42.5950  28.4780  -55.3860  929
20543  -11.0040  -52.1640  21.6300  947    4456  -42.2730  27.2190  5.6430  947
20558  -1.2470  -51.9400  20.6640  949    14657  0.4050  11.0580  -33.8140  949
20569  -5.4680  -52.7590  19.9170  955    3860  -44.3400  -43.8850  24.7390  955
20571  -11.5290  -51.9940  19.3600  957    8321  -26.3840  50.9230  25.7270  957
20577  -4.1890  -52.9930  18.0430  959    3861  -47.5700  -12.1900  -42.6750  959
20579  -11.6790  -51.7240  18.2310  961    4265  -37.5590  72.7540  -18.0990  961
20584  -0.8500  -52.0540  17.4980  962    3151  -54.0070  -11.0690  -38.5140  962
20585  -0.9490  -51.4120  16.9480  963    3152  -57.2170  -9.5760  -39.1030  963
20595  -4.3960  -52.2070  16.0560  969    6256  -17.0250  -21.8390  44.1420  969
20616  -0.9660  -53.0810  14.0960  979    6944  -52.5880  -27.9500  20.2030  979
20638  -4.9880  -52.3400  12.2980  990    2467  -50.8740  -1.0030  12.2280  990
20717  -17.5130  -52.3330  9.4010  1020    8407  -22.5780  -44.6480  45.8490  1020
20735  -4.9300  -51.7610  8.0440  1026    13551  -23.9180  56.8100  -29.9240  1026
20748  -2.3180  -51.8090  7.7720  1029    14480  -23.0400  9.6330  -52.3140  1029
20787  -19.7700  -52.3180  2.2720  1042    6090  -46.0210  -0.3660  -26.0650  1042
21258  -6.2240  -52.6970  37.0790  1056    5648  -30.7000  -30.2980  41.2620  1056
21260  -7.7560  -51.7460  37.6930  1058    457  -12.5280  -85.0490  -5.1050  1058
21296  -2.8760  -51.7140  33.5540  1068    2797  -11.3950  38.7400  -42.0950  1068
21325  -1.9170  -51.7730  30.4420  1071    10582  -13.0640  -43.9760  -22.1690  1071
21356  -2.2120  -51.7440  27.3940  1074    10823  -32.9300  40.1280  24.4960  1074
21396  -1.6220  -52.6030  25.4310  1078    13614  -45.7850  -20.0060  -7.7810  1078
21421  -6.8810  -51.9990  23.6930  1087    14379  -29.4220  42.2420  -7.7180  1087
21460  -6.8760  -51.9100  20.6350  1096    4266  -11.3460  -17.5670  50.1870  1096
21481  -1.3350  -50.8750  19.3770  1100    8959  -43.5250  -34.8880  27.8220  1100
21526  -11.9490  -50.7620  16.5980  1121    6034  -26.9550  -3.4130  -40.9700  1121
21589  -6.4130  -50.9840  9.9080  1147    7805  -30.4160  -37.4820  -27.8810  1147
21591  -14.9980  -51.4080  11.3430  1149    4288  -34.2310  47.3790  -29.9340  1149
21606  -15.6330  -50.9480  11.0680  1154    5748  -54.5020  -42.8440  -16.6270  1154
21621  -1.7800  -51.7180  8.8010  1157    6449  -41.3470  23.9290  -0.8830  1157
21659  -2.3950  -51.1310  7.1100  1169    2762  -24.3090  -44.2520  -33.0900  1169
21683  -2.7050  -50.4810  6.2660  1179    2764  -24.5650  -41.0640  -33.1960  1179
21686  -5.2170  -50.5540  6.3440  1182    1493  -1.7310  -63.2520  -29.1320  1182
21692  -19.6130  -50.7010  4.7750  1188    2303  -32.1590  48.3450  2.5930  1188
21707  -3.2940  -49.9590  5.4380  1189    1494  -3.1420  -61.3130  -25.5510  1189
21744  -19.9680  -51.7550  -1.6980  1201    6290  -47.6200  30.2300  6.3790  1201
22186  -6.2440  -51.6980  35.6720  1207    5202  0.0920  16.6710  -21.4850  1207
22188  -7.9570  -51.1290  36.4090  1209    4001  -59.3430  11.5050  -17.5330  1209
22193  -4.4500  -51.5760  34.5960  1211    2798  -13.9670  39.0600  -38.6140  1211
22198  -8.7660  -50.1810  35.6280  1216    4000  -43.7370  -18.0490  34.3960  1216
22288  -1.9970  -50.9400  29.0010  1229    5149  -28.5810  -18.1340  -41.5060  1229
22320  -2.8770  -50.6910  26.4630  1232    6588  -18.0790  -17.2180  -34.2200  1232
22350  -3.0130  -50.3950  24.7400  1238    75  -24.0820  -26.4750  -35.4130  1238
22365  -2.3670  -50.5450  23.3260  1242    8957  -8.8700  -81.9810  -8.2110  1242
22440  -6.2350  -50.8000  17.8430  1266    3862  -47.6550  -13.2140  -44.0830  1266
22494  -1.3880  -50.6840  13.8110  1284    1968  -32.0470  17.3440  32.5870  1284
22497  -12.2990  -50.2620  13.8630  1287    9907  -22.3370  -39.9750  -12.2910  1287
22516  -6.4780  -50.0480  11.3260  1296    7804  -38.4310  -1.6710  1.6630  1296
22574  -8.2990  -49.8510  7.1840  1318    11372  -44.2340  61.0130  -12.3900  1318
22644  -4.3440  -49.6450  5.2690  1343    1495  -32.6260  -66.3560  3.9060  1343
22662  -3.0950  -49.1250  4.6970  1351    5853  -51.7440  -6.1650  -39.8340  1351
22734  -19.2580  -50.2250  -3.3750  1364    1640  -52.0130  -21.0020  -5.9700  1364
23203  -4.3640  -50.1470  33.2300  1371    6340  -52.4100  -5.0090  32.8050  1371
23205  -6.2560  -50.1540  33.7010  1373    4993  -32.4980  -61.4470  18.1630  1373
23222  -3.6660  -49.7830  32.3730  1378    4859  -25.2140  33.4100  -38.0390  1378
23238  -2.9070  -49.9350  31.5480  1383    10158  -3.0410  41.3530  38.9930  1383
23253  -2.7050  -49.9420  31.1480  1385    11571  -38.5010  -35.1400  5.9190  1385
23296  -2.2340  -50.2050  29.2830  1389    5148  -26.6460  -20.7890  -40.1740  1389
23310  -2.9550  -49.2740  27.3340  1393    5147  -26.4720  -19.9220  -39.6790  1393
23377  -3.5840  -49.3970  23.4480  1404    3452  -61.9560  -30.6870  0.5080  1404
23477  -1.8880  -49.2560  17.9660  1439    5921  -16.4600  -5.7780  53.0870  1439
23492  -7.3630  -49.0980  16.7590  1447    13652  -38.9770  -17.1840  -35.5790  1447
23502  -1.7890  -49.4310  16.1040  1450    8908  -33.2520  37.7610  6.4660  1450
23536  -1.9570  -49.3370  12.8170  1467    1969  -41.5760  -39.6320  -30.0850  1467
23558  -7.7490  -48.8390  9.7410  1480    7803  -39.1630  28.6580  -45.2700  1480
23583  -18.0810  -49.2940  8.0720  1495    9679  -46.5830  -38.5010  25.7470  1495
23630  -10.5310  -49.0360  5.3750  1507    2077  -39.6740  -61.6950  -16.1730  1507
23632  -19.3100  -49.2370  5.9280  1509    2302  -3.8050  -27.4980  21.1010  1509
23669  -5.0570  -48.4850  4.5680  1528    11951  -51.1140  13.0610  -21.8990  1528
23672  -8.5710  -48.8550  4.3470  1531    14020  -6.1300  12.1400  38.0540  1531
23698  -21.0230  -49.5340  2.0940  1540    10870  -20.6380  68.8370  -14.4380  1540
23699  -21.2890  -49.1280  1.5250  1541    11379  -60.6380  -1.7630  16.2890  1541
23722  -21.1760  -49.4630  -0.8470  1546    3933  -12.9260  -28.3050  -19.6300  1546
23815  -18.5100  -49.4560  -8.9050  1551    10475  -44.8810  0.9260  -47.3090  1551
23830  -18.0610  -49.9190  -9.3810  1552    24  -6.9670  77.8650  9.2690  1552
23860  -18.3680  -49.8960  -10.1660  1553    1206  -23.0800  0.9290  43.4970  1553
23897  -23.0340  -48.8120  -10.6300  1556    8766  -4.1410  -30.2940  -1.3110  1556
23935  -20.0240  -49.4970  -11.3320  1558    6164  -5.5710  49.6740  12.5420  1558
24276  -8.4690  -49.1310  34.0480  1564    5033  -18.7340  -72.4290  10.7190  1564
24277  -9.5400  -48.7170  34.6430  1565    10234  -4.3780  -48.4490  -18.9150  1565
24292  -5.1860  -49.0690  32.2750  1568    4992  -10.7870  -46.2910  32.4190  1568
24358  -2.8700  -48.6740  29.7350  1584    10330  -62.1390  -14.5540  -14.2850  1584
24407  -4.0330  -48.7450  26.0850  1589    76  -24.5810  -26.7960  -33.8260  1589
24474  -4.6050  -48.2540  22.5070  1601    5754  -47.0320  -4.7510  -45.6300  1601
24489  -2.8040  -48.8490  21.3130  1606    8960  -8.3790  -76.7730  -15.8680  1606
24565  -6.8220  -48.8750  15.1510  1642    2465  -21.1240  -36.4880  -23.4060  1642
24581  -13.2560  -48.3730  14.3500  1650    4287  -36.3090  47.1540  -29.7330  1650
24605  -7.4870  -48.0490  12.4330  1659    5617  -4.3160  -70.4460  -28.9280  1659
24628  -2.8270  -48.7710  11.1500  1666    5580  -27.7250  -42.8550  23.1020  1666
24644  -16.1020  -48.2630  10.2870  1675    3458  -41.1070  -37.3090  -36.3410  1675
24672  -2.9180  -48.6200  7.3370  1684    2763  -25.9550  -43.6750  -33.8220  1684
24675  -18.2210  -48.3840  7.9190  1687    10780  -20.8270  -17.7890  51.8160  1687
24737  -8.0070  -48.0120  4.2430  1710    11952  -22.5740  -43.6850  15.2680  1710
24753  -3.0100  -47.6810  3.1520  1718    12041  -25.1140  -45.7930  41.4650  1718
24806  -20.0420  -48.7660  -3.1550  1732    1641  -54.5700  -19.1340  -7.0030  1732
24927  -25.0940  -48.4100  -10.1630  1744    8731  -30.8810  39.9350  -34.4760  1744
24948  -22.4700  -48.7730  -10.9850  1748    13198  -24.7120  13.1560  26.5030  1748
24965  -20.2550  -48.7300  -11.1680  1750    8516  -22.9960  0.4610  -49.1240  1750
25350  -6.1900  -47.5370  31.3030  1768    4991  -32.9250  0.4550  -2.0210  1768
25366  -3.6740  -47.3290  30.6830  1773    3883  -14.4510  -19.6870  57.2080  1773
25425  -3.1150  -47.5770  28.3540  1780    11347  -3.0990  -20.8010  39.3950  1780
25457  -5.0840  -47.8400  25.2990  1784    77  -25.2550  -23.6180  -36.2490  1784
25536  -2.5630  -47.6760  19.0840  1802    8958  -61.7750  -8.6830  16.7700  1802
25617  -8.8260  -46.8630  12.0060  1838    7593  -2.0770  -6.2380  -4.5640  1838
25640  -4.0490  -47.7540  10.1940  1847    10115  -6.2010  -3.4620  48.8060  1847
25655  -9.6490  -47.1330  8.7340  1854    9044  -10.1590  66.7800  0.3640  1854
25686  -3.2850  -47.7950  6.8110  1865    5682  -51.9630  24.3790  13.6170  1865
25689  -10.7900  -47.5290  6.8570  1868    9251  -3.8360  -2.0000  20.5390  1868
25746  -5.1020  -47.0670  3.5900  1890    6047  -18.9360  -52.4740  23.6470  1890
25774  -12.6640  -47.0350  3.5560  1909    12701  -14.3690  -42.7190  47.2120  1909
25788  -3.4570  -46.7630  2.0480  1915    5766  -40.4510  -17.0130  4.9270  1915
25847  -18.8940  -48.0400  -4.4070  1926    2033  -14.3050  -20.5700  51.3510  1926
25863  -19.1630  -47.1620  -5.1580  1929    8049  -3.8250  -23.0020  39.6820  1929
25920  -19.5090  -47.6560  -8.7910  1935    7442  -36.0580  2.2640  -52.0950  1935
25941  -24.0770  -46.9610  -10.4280  1940    8733  -46.5770  -48.5180  -35.3390  1940
25959  -27.4580  -47.8610  -11.5440  1947    11651  -51.6370  16.3920  22.9040  1947
25970  -20.9680  -47.3070  -11.4360  1950    9257  -3.9320  34.3080  -25.8040  1950
25984  -21.2040  -47.6740  -11.4810  1954    10355  0.0230  -71.1350  -29.3470  1954
25987  -28.0730  -47.7450  -13.2500  1957    3051  -56.6250  18.0460  -4.7920  1957
26375  -4.8220  -46.2220  30.7550  1958    4914  -0.6810  -79.0720  -4.1760  1958
26414  -3.9710  -46.3340  30.7680  1969    3881  -57.1790  -21.3870  -5.3250  1969
26419  -8.5090  -46.5780  31.3180  1974    4273  -27.1360  44.4420  -33.2150  1974
26457  -3.2210  -46.5000  28.7870  1978    5967  -33.2210  -51.4180  -31.7130  1978
26468  -3.8140  -46.3010  27.1690  1980    9391  -45.9110  13.0380  -62.2680  1980
26489  -6.5690  -46.0410  24.4470  1986    7228  -46.0250  -57.5400  -9.3150  1986
26593  -2.2710  -46.6290  16.7210  2009    4193  -37.8230  -72.6100  -28.6870  2009
26618  -2.5960  -46.3900  14.8490  2020    3091  -2.0700  -59.1280  -7.7060  2020
26621  -10.4740  -45.8810  14.4880  2023    4289  -35.2850  48.5020  -29.2530  2023
26634  -3.0990  -46.4130  13.5290  2027    3165  -61.1840  -29.5420  -21.3260  2027
26635  -3.6440  -45.7070  13.2950  2028    3762  -55.5050  -6.9890  17.4570  2028
26638  -10.3930  -45.6200  13.2960  2031    3459  -41.1750  -34.8630  -37.7010  2031
26676  -4.5970  -47.1170  9.8570  2047    5859  -29.0670  -61.5980  17.8470  2047
26733  -12.4930  -46.4760  6.1600  2079    12700  -29.3620  13.7420  27.2190  2079
26771  -5.9350  -45.9480  3.3830  2095    6046  -30.6080  -28.6940  14.4630  2095
26775  -10.4240  -46.7050  3.5390  2099    936  0.1790  12.1980  -8.2400  2099
26779  -20.7700  -46.9360  4.0660  2103    2301  -2.9230  -26.8550  21.8910  2103
26832  -3.5690  -45.8960  0.8320  2123    5767  -6.7460  -38.7730  36.3700  2123
26848  -21.6150  -45.9960  -0.3840  2128    11198  -31.1520  13.4060  22.7820  2128
26859  -21.0500  -46.3570  -2.1250  2129    3932  -12.0690  -25.0370  -22.1900  2129
26886  -19.5740  -46.0080  -5.0620  2135    2035  -44.0500  -43.9670  -16.3730  2135
26893  -19.3910  -46.2380  -5.8490  2137    6027  -11.0550  60.6760  -5.5060  2137
27299  -4.7470  -45.2570  42.3800  2163    1031  -27.3160  -53.3000  -29.9720  2163
27307  -3.8410  -45.0290  41.3630  2165    3965  -6.1390  17.4270  -32.1650  2165
27319  -5.2440  -45.2590  41.0280  2171    11156  -8.1400  -54.4360  39.5280  2171
27333  -3.7240  -44.9980  39.7660  2173    7931  -56.9850  -7.9530  -39.2990  2173
27391  -4.8680  -44.8740  31.0740  2184    12629  -47.8230  -41.8530  -22.2690  2184
27412  -9.9860  -46.2930  31.8430  2190    4275  -10.5400  21.0710  33.8570  2190
27490  -4.9470  -45.6710  26.3030  2207    12086  -26.9820  -8.1090  29.8980  2207
27674  -5.0070  -45.5500  11.6720  2256    5026  -22.1900  -85.2320  -20.4550  2256
27676  -11.3740  -44.9780  11.0510  2258    3460  -47.6050  16.0800  -28.2130  2258
27705  -11.5210  -45.0760  9.3620  2274    9252  -5.9600  -2.4370  18.7480  2274
27725  -4.8220  -46.2340  7.1510  2288    9858  -10.1270  0.0540  57.4520  2288
27737  -3.2660  -45.4890  5.4440  2296    10935  -28.2480  -21.9500  20.1350  2296
27755  -14.9490  -44.6920  5.0550  2308    1144  -30.6230  56.4030  16.6870  2308
27775  -8.4850  -45.3530  3.8390  2320    6045  -42.1430  -42.7970  -39.0710  2320
27794  -6.3820  -44.5670  3.0030  2330    6540  -18.3060  -60.9030  -26.7470  2330
27800  -21.4680  -45.5770  2.1300  2336    11199  -27.8470  -12.2630  30.2590  2336
27833  -4.3990  -44.9400  0.3660  2345    6541  -48.1930  -61.8350  -21.3580  2345
27937  -26.2370  -45.1730  -9.7120  2373    11652  -44.2580  -13.6920  4.1350  2373
27980  -22.1670  -45.5260  -11.7490  2390    12525  -45.5830  -47.0620  23.9520  2390
28322  -4.8370  -44.2990  44.5950  2396    1030  -26.6560  -52.7340  -29.3960  2396
28345  -3.6050  -44.2410  42.5710  2399    1032  -61.9260  -30.6770  8.7650  2399
28348  -6.4420  -44.7630  43.2220  2402    2186  -44.7110  -34.8560  32.1120  2402
28412  -2.6490  -44.3320  38.0710  2423    11621  -58.7090  -2.4250  -48.9690  2423
28421  -4.2610  -44.5980  36.6350  2429    11174  -33.7420  19.8980  -40.1520  2429
28435  -3.7680  -43.5720  34.8640  2435    12711  0.5920  3.1340  -29.5550  2435
28467  -3.9680  -44.0060  31.6590  2443    13093  -2.8350  -61.4940  -15.8080  2443
28470  -6.2480  -43.7650  31.8810  2446    11157  -20.7420  -83.1810  -10.6890  2446
28497  -2.7760  -44.2390  30.0520  2453    3882  -57.1300  -22.6570  -3.8730  2453
28518  -2.7980  -44.2110  27.8220  2459    9392  -33.3940  -73.7940  -19.9320  2459
28583  -8.3920  -43.9230  22.8020  2473    5756  -1.7710  -84.8450  -18.6220  2473
28620  -6.1420  -45.6150  19.9900  2478    9394  -5.7010  1.0950  -40.2310  2478
28646  -4.1470  -44.5310  18.4930  2489    4195  -62.8900  -17.4360  -30.4560  2489
28725  -6.3580  -44.5390  10.7140  2510    5112  -30.1270  -53.9650  5.6270  2510
28732  -6.2740  -45.0480  9.5970  2515    6934  0.3000  19.4430  -20.3360  2515
28752  -13.2900  -44.4010  7.5830  2531    14695  -12.6750  57.0360  -5.4180  2531
28759  -3.3750  -44.2170  5.2040  2536    10936  -33.3420  -26.9530  36.9830  2536
28765  -15.5140  -43.8870  6.9640  2542    12721  -35.3660  10.2610  -26.1240  2542
28779  -19.5270  -45.4220  5.6160  2552    14849  -2.8280  18.0960  -29.8860  2552
28883  -4.2460  -44.0110  -1.6320  2603    6539  -17.0030  -61.0940  -31.9080  2603
28901  -3.6080  -44.1270  -2.4670  2609    1935  -11.6350  55.8570  -9.0170  2609
28902  -20.9190  -44.2800  -2.1000  2610    2034  -14.5750  -17.2840  54.5570  2610
28916  -2.7040  -44.0600  -2.7280  2611    1936  -11.4990  58.3940  -15.1560  2611
28973  -19.4620  -44.3480  -9.4430  2622    8061  -2.7820  -70.0280  14.9740  2622
28982  -18.8510  -43.6440  -10.8350  2627    10356  -11.8450  -72.9050  4.2570  2627
28997  -27.8380  -45.1080  -10.6930  2638    745  -59.8210  13.8100  -9.9160  2638
29443  -6.2390  -44.2870  40.2420  2661    5528  -34.0050  -44.6050  22.6330  2661
29486  -6.7390  -43.4970  36.6750  2674    4274  -10.0790  19.2160  32.3810  2674
29541  -3.7940  -43.2420  31.9710  2692    14124  -31.4040  -24.8180  -25.2260  2692
29584  -2.7340  -43.3680  29.1930  2705    5510  -53.7870  4.4140  -53.9750  2705
29610  -3.1060  -43.5660  26.4410  2708    10122  -6.5560  5.0940  52.5810  2708
29635  -5.7290  -42.9980  24.8930  2716    11589  -58.9400  23.0100  -4.3030  2716
29647  -8.3620  -43.4570  23.1140  2720    5755  -46.8050  -6.1440  -44.8860  2720
29739  -5.4060  -42.9140  17.2270  2745    4194  -55.6870  -4.8570  26.9590  2745
29751  -3.1760  -43.0460  14.3730  2749    3764  -55.5420  -9.3950  19.8850  2749
29768  -4.7200  -42.9370  13.4500  2752    3763  -53.8000  -9.6670  18.2950  2752
29817  -2.5950  -43.7300  3.9120  2769    13111  -40.6530  -67.5350  -9.1490  2769
29818  -17.0190  -43.0190  4.8590  2770    1456  -3.2050  -21.4500  37.9320  2770
29829  -8.7710  -43.1970  3.4620  2776    12834  -50.6150  -48.2270  -10.2370  2776
29831  -11.1480  -43.9960  3.6240  2778    935  -0.7710  13.4040  -9.4980  2778
29834  -14.1420  -43.5480  3.5120  2781    934  -1.9040  -6.6350  -19.7280  2781
29889  -2.1460  -43.7470  -0.8810  2808    1300  -22.2080  18.5420  47.0570  2808
29962  -2.4900  -43.2950  -3.8260  2830    1937  -11.4930  26.2370  20.6510  2830
29965  -19.5130  -43.0510  -4.3560  2833    3291  -9.9490  -65.3000  -18.9040  2833
29989  -19.1560  -43.0230  -6.0340  2837    6416  -13.8790  2.2400  -35.1610  2837
30024  -17.2700  -43.1100  -11.2340  2842    10972  -6.0170  53.6900  24.4600  2842
30034  -17.1810  -43.0760  -11.9180  2846    10974  -19.4770  -69.8440  -35.4970  2846
30437  -4.4200  -42.5360  45.2470  2859    7378  -25.2590  -43.3520  38.3550  2859
30476  -3.0190  -42.5560  42.3010  2864    593  -33.5240  -75.1730  -9.7660  2864
30483  -2.5840  -42.7060  40.6400  2865    7932  -53.5810  45.0600  -9.9460  2865
30512  -8.0360  -42.4980  38.3900  2873    12539  -54.2050  -23.9350  32.9810  2873
30600  -4.6770  -41.9950  32.2000  2896    5539  -47.6500  -57.8160  4.5180  2896
30648  -3.9640  -42.3730  29.7670  2908    5509  0.4420  -13.0650  5.0920  2908
30657  -2.7490  -42.5430  28.3500  2909    6334  -54.8130  -28.5670  -28.5490  2909
30756  -9.1850  -43.0130  19.0080  2930    11872  -30.1380  -73.5810  1.0360  2930
30772  -9.3240  -42.5220  18.3130  2932    5357  -4.4480  37.8380  36.1630  2932
30911  -2.5070  -42.8260  3.3020  2972    5979  -22.0200  50.3880  13.3650  2972
30931  -7.7850  -42.3030  2.3920  2987    13680  -34.7590  -30.1210  30.6270  2987
30944  -2.3250  -42.8780  1.0210  2995    5765  -42.8590  -55.5390  -9.0730  2995
31004  -5.3630  -42.0950  -2.3660  3021    7631  -39.6370  -58.6310  21.9190  3021
31058  -2.7980  -42.2090  -4.9550  3034    1608  -63.6070  8.2150  -0.8670  3034
31060  -3.6800  -41.8820  -5.3950  3036    1609  -63.0430  8.8090  -4.7590  3036
31081  -18.7110  -42.2170  -6.8970  3039    8060  -3.4210  -68.6680  16.4440  3039
31103  -17.9610  -42.3510  -9.8330  3043    8062  -2.5700  -67.3940  17.3850  3043
31112  -14.7880  -42.3670  -11.3490  3045    10973  -12.8490  24.2380  45.8870  3045
31124  -14.7050  -42.3030  -11.8230  3049    10989  -31.2810  -52.6540  15.9760  3049
31137  -17.5170  -42.4170  -12.5270  3054    12348  -46.1030  16.3320  -44.2820  3054
31140  -20.4590  -42.5990  -11.9920  3057    11675  -24.5820  59.7210  7.1460  3057
31553  -4.2040  -41.6540  44.6110  3062    8860  -2.5700  -17.0440  24.0990  3062
31662  -2.8670  -41.9290  35.4570  3080    14490  -40.1610  60.3750  1.8960  3080
31674  -3.5220  -41.4310  34.5200  3083    14779  -21.9180  -14.0070  -37.6250  3083
31690  -4.2760  -41.4440  33.4200  3087    14855  -42.8600  18.2130  -50.6260  3087
31721  -6.5330  -41.6160  31.5220  3093    4139  -42.9470  -49.6220  6.3380  3093
31736  -6.8480  -41.9190  30.4590  3099    4137  -41.0080  -69.9580  -28.2470  3099
31738  -8.0960  -40.8660  30.5440  3101    4138  -40.2640  -49.6350  9.0500  3101
31787  -2.6460  -41.6730  26.3940  3110    10123  -41.9860  -0.6220  32.4210  3110
31797  -2.8470  -41.5140  25.3280  3111    6721  -2.4750  -18.3230  35.8010  3111
31808  -2.8730  -41.0950  24.7150  3113    6720  -11.2120  -34.2380  28.9340  3113
31851  -8.8120  -41.2770  21.8720  3127    10242  -39.3040  -34.4740  -35.3550  3127
31933  -7.2300  -40.9760  15.7310  3149    5842  -47.5040  28.5260  -40.0070  3149
31985  -8.3590  -41.2830  9.5930  3164    6933  0.4950  19.8270  -18.3600  3164
32003  -4.5090  -42.0640  6.1820  3168    855  -52.6200  -0.1680  14.1950  3168
32005  -6.5400  -42.3140  6.8460  3170    856  -54.7510  2.0060  11.0870  3170
32006  -7.4400  -42.3110  7.7720  3171    3111  -28.7140  46.3320  -10.5000  3171
32040  -12.7080  -41.7790  3.5310  3179    12671  -3.8580  55.0860  -26.5760  3179
32044  -16.0590  -41.4430  3.9270  3183    12953  -5.0610  -45.9130  19.6230  3183
32073  -20.0780  -41.1870  1.3230  3200    2955  -31.7100  -55.7980  28.4910  3200
32080  -7.5500  -41.3990  0.3920  3203    1692  -4.1040  -79.3380  1.4210  3203
32114  -2.2110  -42.1720  -2.8620  3219    12996  -38.2960  -48.0060  25.2970  3219
32119  -19.4910  -41.4980  -2.6270  3224    5117  -39.5850  24.2590  24.8130  3224
32189  -3.0410  -41.0870  -6.2920  3239    1610  -21.9060  26.3590  -37.4700  3239
32191  -3.9780  -40.7390  -6.8080  3241    1956  -55.0080  35.5400  -4.9380  3241
32222  -12.0490  -40.9830  -9.2830  3249    11454  -23.0130  67.2270  -19.9920  3249
32239  -11.8140  -40.8620  -9.8950  3255    11455  -48.4260  -28.2180  35.0870  3255
32280  -19.0730  -41.6780  -12.3130  3277    11694  -54.1770  20.0480  18.9300  3277
32283  -21.9660  -41.8930  -12.2920  3280    11915  -45.1560  0.3970  15.6650  3280
32284  -22.6640  -42.1560  -12.3470  3281    11659  -16.9380  16.5310  46.8770  3281
32309  -24.0330  -41.3970  -15.3080  3283    747  -2.9320  73.2770  -39.9330  3283
32313  -24.2440  -41.3710  -15.9640  3285    4141  -7.4930  -29.3800  -13.2550  3285
32737  -3.2940  -40.9080  41.2860  3290    1694  -42.3260  41.7380  -1.5790  3290
32771  -2.5740  -41.7560  38.3330  3296    5645  -38.3460  -3.0150  34.4060  3296
32783  -2.6780  -41.7210  37.8530  3299    7458  -17.1120  -16.1300  52.5220  3299
32816  -4.3960  -40.5750  35.2330  3307    9115  -53.0560  -18.1710  -30.1460  3307
32836  -5.2530  -40.3770  34.2060  3311    10296  -11.6260  -9.0940  -27.7580  3311
32855  -6.3080  -40.3270  33.2880  3315    4246  -26.4340  -54.4640  2.7230  3315
32920  -9.0950  -40.5220  29.1840  3333    12943  -3.4680  38.1450  40.3170  3333
33008  -4.2640  -40.7880  23.2760  3354    6749  -44.0960  -68.3520  -22.0750  3354
33156  -5.5700  -40.5870  12.2760  3390    5027  -9.5220  -25.0300  -17.2760  3390
33159  -7.9730  -40.2620  11.2440  3393    5727  -38.2750  71.4780  -10.3720  3393
33221  -4.3370  -40.8060  5.3920  3417    3806  -36.6290  -49.9260  -11.1190  3417
33263  -11.8720  -40.6380  2.9340  3435    9597  -6.3000  27.4650  -28.0070  3435
33283  -11.0900  -39.9510  1.9550  3447    1691  -15.5720  76.2520  -21.9070  3447
33292  -3.3940  -40.3570  0.7170  3452    1302  -59.4380  12.7150  -38.4440  3452
33306  -9.0740  -39.7370  -0.1510  3461    1693  -5.4680  -79.0290  4.3540  3461
33307  -19.0390  -40.1870  0.0060  3462    2954  -5.7200  -0.0550  10.7910  3462
33314  -7.4180  -40.3010  -1.4800  3465    4566  -47.9990  3.0440  -14.8950  3465
33322  -2.4330  -41.1940  -3.1120  3469    9123  -48.3450  42.4410  -7.5950  3469
33336  -6.1700  -39.9010  -3.7280  3477    7632  -4.2280  61.0170  29.5320  3477
33338  -18.0350  -40.0280  -3.3530  3479    7779  -38.0240  60.2200  -4.6940  3479
33407  -3.7090  -39.9680  -7.6570  3499    1331  -32.0060  73.1330  -7.5280  3499
33411  -12.9140  -39.9470  -8.2410  3503    11908  -5.8900  16.4380  53.1150  3503
33429  -10.0180  -39.7810  -8.8700  3510    1597  -1.8950  11.1060  -34.1860  3510
33455  -9.9450  -39.8430  -9.4340  3519    1598  -0.6610  12.9760  -34.7350  3519
33492  -13.6460  -40.6510  -11.7830  3532    11503  -44.0770  1.0230  -3.0940  3532
33515  -23.3580  -41.3060  -12.8080  3543    11653  -5.8470  -9.9920  10.0200  3543
33526  -23.7890  -41.0630  -13.6600  3544    13064  -44.2350  -35.5690  5.0000  3544
33546  -23.8480  -40.4450  -15.2900  3549    11187  -38.4220  14.3550  24.6430  3549
33969  -4.3350  -39.6220  43.0640  3552    594  -19.4210  63.8410  6.5040  3552
33994  -4.7540  -39.3380  40.7740  3557    2294  -44.9770  8.4010  -9.0740  3557
34016  -5.2720  -39.4150  38.4400  3561    5644  2.7830  13.3870  -36.3330  3561
34031  -6.1800  -38.9790  36.9000  3565    9142  -15.0700  -12.0470  55.9790  3565
34073  -7.3770  -39.1430  33.9770  3575    4247  -36.6710  28.0630  12.4380  3575
34095  -8.1060  -39.0150  32.9580  3578    7248  -25.8540  26.4930  -52.8190  3578
34124  -8.8990  -39.3300  31.3370  3581    7247  -57.4320  12.2860  -45.8940  3581
34203  -9.1940  -39.8290  27.4090  3600    96  -34.2710  -57.7290  -27.6010  3600
34220  -5.9450  -39.5050  26.4890  3605    2687  -52.8510  -44.9100  -30.1890  3605
34238  -7.8710  -38.8540  26.0160  3612    2686  -51.7010  -15.1890  -37.0250  3612
34273  -5.3310  -40.0410  21.9000  3619    9753  -16.7250  -36.7110  36.0740  3619
34299  -7.0700  -39.0510  20.5860  3629    9048  -31.3320  46.5600  -23.8110  3629
34312  -10.5630  -39.6420  19.2390  3635    5841  -44.6140  29.6510  -43.2690  3635
34425  -9.2300  -39.6920  10.5040  3669    12992  -35.6500  -7.8110  24.6930  3669
34456  -7.2660  -40.4500  5.9390  3677    854  -55.2250  0.7500  14.5530  3677
34458  -9.4170  -39.2870  6.8630  3679    2136  -15.9890  -13.1700  17.4650  3679
34480  -6.7270  -39.5360  4.3450  3688    3807  -35.5160  -49.6470  -13.3060  3688
34489  -4.9740  -40.1200  3.3880  3691    5978  -22.4820  51.8460  14.3630  3691
34538  -3.1460  -40.4280  -0.1400  3716    1301  -19.7230  24.1760  46.0530  3716
34569  -3.4440  -39.4110  -1.8510  3739    10774  -33.0690  75.8080  -26.9880  3739
34594  -3.0030  -39.5720  -3.9810  3755    9124  -46.4880  42.0040  -10.2040  3755
34597  -16.5910  -38.7770  -3.9760  3758    10688  -5.0020  12.0530  10.8720  3758
34621  -5.6320  -39.1360  -5.7590  3768    10629  -31.8230  -50.1400  31.0360  3768
34623  -12.8930  -38.4000  -6.2370  3770    12803  -17.0610  80.5670  -14.9090  3770
34625  -15.6800  -38.5730  -5.8310  3772    12994  -59.5540  5.9140  -37.0100  3772
34640  -11.1270  -38.3550  -6.6880  3778    12747  -49.9910  -0.2780  0.2770  3778
34659  -2.8820  -39.8560  -6.9110  3786    12698  -33.4410  -22.8800  -24.1190  3786
34684  -5.1020  -38.4360  -8.3000  3800    1329  -3.2870  25.6170  9.9070  3800
34706  -4.0920  -38.6950  -8.4710  3807    1330  -4.5280  24.6030  9.6950  3807
34734  -10.3560  -39.4720  -10.1740  3814    6705  -24.7300  -55.3040  -12.5750  3814
34763  -14.9760  -39.4390  -11.9400  3824    8976  -8.6300  -79.4400  6.9490  3824
34764  -17.8770  -39.3230  -11.5220  3825    9079  -19.1210  -48.1560  -3.9280  3825
34765  -18.7800  -39.2440  -11.3580  3826    9492  -33.3270  35.4560  2.7050  3826
34766  -19.8120  -39.1080  -11.3220  3827    12207  -3.9490  47.5910  -27.6800  3827
34807  -23.1630  -39.3410  -13.3720  3841    11186  -1.8790  -14.5710  48.6100  3841
35197  -4.7280  -38.1640  44.3880  3845    14822  -50.2540  -37.3800  -38.4800  3845
35203  -4.5160  -38.1840  44.1800  3846    13335  -36.5200  26.2710  14.1120  3846
35249  -5.6700  -38.5120  39.0590  3853    11611  -34.1670  8.2810  42.6040  3853
35282  -7.2290  -38.1410  36.4840  3859    8613  -23.3250  -10.9440  52.4510  3859
35355  -10.0400  -38.1150  31.0690  3872    6217  -40.5270  -40.2890  -10.9250  3872
35364  -9.7420  -38.7800  30.7330  3873    97  -27.4030  15.6430  35.7000  3873
35377  -10.6180  -38.5140  29.2490  3876    98  -28.5760  14.6010  36.8880  3876
35405  -10.5140  -38.5450  26.9070  3882    173  0.0750  -78.3820  -11.2750  3882
35439  -9.2870  -38.1350  25.2880  3898    6122  -19.3910  -81.9870  -2.5850  3898
35450  -5.2420  -37.9710  24.9800  3903    9475  -3.5990  -5.5210  29.7080  3903
35465  -2.5860  -38.4780  22.1220  3909    9754  -16.8900  -36.6510  34.4550  3909
35479  -2.7360  -37.6940  20.6110  3916    9049  -33.1650  45.5830  -24.0520  3916
35522  -11.1110  -38.5010  16.1090  3934    10352  -31.5900  47.7090  -0.2190  3934
35541  -4.8340  -39.0290  14.7560  3937    13640  -62.5640  -33.8480  -19.5750  3937
35543  -7.1050  -38.8300  15.0500  3939    12187  -41.4210  5.5530  -30.8410  3939
35590  -7.4690  -38.6920  12.3500  3959    13694  -36.8220  12.7490  -0.0770  3959
35621  -10.5840  -38.7970  9.1720  3970    3109  -58.9910  3.4440  7.8780  3970
35640  -10.5060  -38.1800  7.3900  3974    3110  -60.1240  0.8870  6.9480  3974
35660  -8.8200  -38.4190  5.3500  3979    2211  -19.3900  -18.3140  -26.5750  3979
35683  -7.2450  -38.4220  3.3030  3985    3056  -18.9130  -20.8600  -15.1910  3985
35692  -6.3840  -38.5760  2.0470  3987    4937  -20.1700  76.2280  5.3450  3987
35715  -5.7170  -38.4590  0.5410  3996    8110  -2.0030  -44.1090  -0.7250  3996
35719  -12.7240  -38.3250  0.1500  4000    12950  -9.4310  -64.3370  17.0490  4000
35734  -10.0800  -38.4080  -1.2250  4007    13048  -6.1020  -43.2160  1.6690  4007
35753  -12.4570  -37.6540  -1.6410  4022    13954  -42.0020  5.8050  -51.0310  4022
35765  -8.2580  -38.3980  -3.1090  4029    12748  -9.7050  -12.0040  51.6390  4029
35836  -6.1480  -37.6890  -6.7560  4076    13330  -40.4490  -42.0990  -10.2760  4076
35868  -4.1800  -38.0310  -8.8100  4094    4146  -43.8750  -63.7110  -6.5630  4094
35870  -5.4720  -37.0850  -9.1140  4096    4147  -44.3880  -59.7500  -6.6220  4096
35883  -5.1350  -37.0270  -9.4450  4099    4148  -47.4230  -60.3860  -5.6610  4099
35903  -12.1040  -38.8580  -10.7020  4110    8393  -54.9630  7.1540  23.0010  4110
35911  -20.3260  -38.1330  -11.2330  4118    9879  -60.4700  0.7710  5.0340  4118
36329  -3.6320  -37.4610  42.3190  4130    595  -21.3630  63.3100  6.6880  4130
36356  -6.0310  -37.5310  38.5720  4138    8614  -22.3700  -10.8840  50.1610  4138
36398  -8.5650  -36.6050  35.4900  4144    7070  -41.9390  -37.1860  -39.1540  4144
36418  -8.9330  -37.6950  33.4920  4147    9933  -35.3810  41.9210  17.6050  4147
36470  -11.5660  -36.8010  28.7310  4155    5019  -60.2340  -5.7720  12.6100  4155
36513  -10.6300  -37.7670  25.7780  4160    10653  -49.4260  -25.4500  34.5120  4160
36540  -10.4480  -37.4320  24.3670  4173    871  -2.5520  7.5680  16.8530  4173
36550  -4.6140  -36.9750  23.5340  4177    13827  -60.6070  -12.8540  -24.0830  4177
36552  -6.8440  -37.3110  23.5900  4179    870  -7.4530  59.2780  -34.9280  4179
36571  -10.0450  -36.9550  22.6560  4192    869  -4.6480  55.8340  -37.8930  4192
36572  -10.6800  -36.9190  22.8990  4193    1067  -55.5810  0.8730  28.1460  4193
36600  -4.8060  -37.7030  19.2480  4205    9050  -48.1200  -34.1470  17.8350  4205
36626  -6.5880  -37.2000  17.5640  4220    2655  -62.9100  -25.3980  -26.3590  4220
36678  -8.6590  -37.4820  13.9160  4240    528  -29.1430  -9.1040  -27.2550  4240
36694  -6.6600  -38.2610  13.7870  4246    13138  -52.9230  33.7480  2.9420  4246
36697  -10.0620  -37.4480  13.1230  4249    3440  -20.5650  70.1430  -8.8270  4249
36726  -11.7670  -37.5690  11.6150  4258    7314  -36.0060  24.9780  -48.4450  4258
36775  -10.1740  -37.1930  6.1180  4267    3866  -36.3660  0.2500  -46.2280  4267
36857  -5.3990  -37.3100  -2.5120  4288    10775  -2.5040  1.8930  51.2990  4288
36889  -4.4230  -37.0240  -4.6720  4305    10842  -8.8420  75.9890  -3.5100  4305
36901  -3.5190  -37.6520  -6.0450  4312    12527  -45.5440  39.8840  -17.8730  4312
36935  -6.1090  -36.9440  -8.1650  4333    1599  -61.7970  -20.5530  18.5520  4333
36976  -6.3280  -35.5910  -9.9510  4347    6704  -22.9300  -40.3580  46.2170  4347
36979  -8.9830  -36.5550  -10.2230  4350    8255  -18.5640  34.8320  30.6590  4350
36984  -13.3660  -38.1490  -10.8230  4355    6650  -57.7150  8.9210  19.4950  4355
36986  -15.1660  -37.5410  -10.7910  4357    7273  -20.0120  -57.5500  24.1790  4357
36989  -18.6980  -37.3350  -10.9290  4360    9813  -44.6710  -48.4380  -5.4370  4360
37310  -5.2790  -35.7530  49.1750  4365    8570  -8.3370  75.8220  -1.1060  4365
37311  -5.8170  -36.0160  49.4100  4366    8182  -32.4220  49.8580  -20.5820  4366
37320  -4.5280  -35.6920  48.2320  4367    6163  -48.4150  -55.8270  -7.1380  4367
37371  -4.8770  -37.2640  45.2250  4378    7380  1.3320  -3.2270  3.4840  4378
37418  -2.5180  -35.9960  40.8470  4386    3996  -45.8350  32.0430  23.0210  4386
37439  -6.2560  -36.5300  37.3580  4398    8615  -31.0710  16.2880  -52.3500  4398
37558  -12.0870  -35.9680  25.5600  4417    11464  -30.8620  -30.4090  -33.7050  4417
37610  -12.3910  -35.6580  22.4320  4436    11361  -41.7200  54.2790  -14.1570  4436
37620  -3.8400  -36.0740  21.7350  4439    4960  -3.3230  38.5950  6.7620  4439
37627  -11.3650  -36.1760  21.6160  4446    11360  -23.5180  -22.4940  33.1420  4446
37642  -7.8290  -35.8750  20.5650  4453    12342  -38.0680  30.8570  13.7780  4453
37676  -2.8910  -35.6030  17.5170  4467    2654  -31.0520  -33.2330  47.4360  4467
37700  -6.6240  -36.0750  16.4100  4476    12188  -24.8880  -83.7040  -21.9790  4476
37702  -8.4130  -36.4690  15.2970  4478    529  -27.9750  -6.8230  -27.8410  4478
37720  -12.0430  -36.4360  13.9310  4487    3441  -20.1770  73.1190  -8.5340  4487
37777  -12.3090  -36.7410  9.7130  4501    10052  -20.8770  70.8690  -3.4740  4501
37827  -9.2650  -36.0720  4.5310  4509    3055  -19.1690  -19.8570  -16.5400  4509
37839  -8.1690  -36.5530  2.8900  4510    4938  -20.6080  75.9290  7.6720  4510
37860  -7.5610  -36.3050  1.3340  4515    8111  -40.2740  26.1520  -9.2640  4515
37876  -6.7700  -36.3930  -0.7690  4518    2338  -62.8920  -12.3950  -6.1650  4518
37928  -4.2070  -36.1350  -6.3330  4531    14301  -25.9580  -67.2090  -12.0260  4531
37947  -4.1790  -36.2100  -8.0290  4540    14281  -34.1400  9.3380  -53.6840  4540
38423  -2.9030  -35.6510  45.2220  4565    868  -6.1710  60.1040  -35.8670  4565
38493  -3.1390  -36.1660  39.1960  4576    3997  -19.6910  70.2140  -19.9100  4576
38510  -3.2100  -35.3780  37.3060  4585    6171  -60.7610  9.6400  13.7850  4585
38522  -4.3390  -35.2680  36.1730  4590    6172  -49.9650  -0.4550  -2.0020  4590
38574  -10.5800  -35.7040  31.1460  4604    6218  -41.0290  -39.1940  -10.2400  4604
38609  -12.2160  -35.4790  27.1260  4610    8055  -35.3220  -12.4460  32.6400  4610
38690  -12.9880  -34.9450  21.1680  4622    4103  -32.6690  -18.2460  -38.3040  4622
38740  -8.7040  -34.5400  18.6380  4647    2653  -33.8730  -32.1230  45.5600  4647
38741  -9.7110  -34.7860  18.7360  4648    4102  -31.9780  -14.4010  -41.4660  4648
38764  -7.3530  -35.0580  16.3040  4658    614  -4.1400  -16.9800  -12.1720  4658
38780  -10.6910  -35.4690  14.9300  4665    530  -10.9910  -69.4670  -37.1280  4665
38799  -13.7850  -35.6340  13.5450  4672    6306  -59.1430  -4.4180  -33.8880  4672
38820  -13.1370  -35.5510  10.5160  4678    10053  -34.0670  21.8190  -53.3790  4678
38830  -12.5330  -35.4210  9.2640  4679    11085  -18.9500  7.4770  -49.6240  4679
38846  -11.8100  -35.5970  8.1920  4681    3867  -35.6770  2.7340  -48.0390  4681
39439  -5.0680  -34.6020  49.0920  4704    13795  -6.8460  11.7820  39.5010  4704
39467  -4.3040  -34.3430  47.8600  4710    867  -22.2670  -57.9460  -22.1740  4710
39522  -2.2540  -35.0020  43.1710  4718    6757  -45.2510  50.1550  -1.9970  4718
39573  -3.5620  -34.3150  34.9460  4733    369  -24.0710  -0.8750  53.5770  4733
39574  -4.4650  -34.2650  34.3100  4734    6962  -33.4560  7.2900  -55.8320  4734
39610  -6.4670  -33.6130  32.7810  4743    9934  -33.7670  23.9520  -19.9420  4743
39651  -9.9820  -33.9360  29.8850  4755    4934  -41.9930  37.9270  13.8590  4755
39785  -12.4160  -34.6940  18.8170  4789    4101  -19.2810  5.7160  33.0300  4789
39830  -13.3350  -34.4900  15.0230  4814    9990  -13.7990  -46.8480  4.0280  4814
39892  -10.1650  -33.9920  6.9360  4829    13298  -51.3620  13.8070  2.9770  4829
39986  -6.2230  -34.2450  -1.7750  4849    13391  -7.5650  69.4620  -14.1170  4849
40423  -6.5470  -33.7930  50.1230  4853    6331  -20.2940  -20.2850  45.5290  4853
40439  -5.5100  -33.5180  48.2560  4858    6330  -31.7960  35.1200  4.5040  4858
40465  -4.5480  -33.6120  46.5010  4864    866  -43.6880  -26.1250  -12.0130  4864
40480  -5.6820  -33.1210  45.2120  4869    1256  -37.2800  66.5310  -29.5210  4869
40508  -4.1910  -32.9130  43.9200  4879    6756  -32.0020  72.0670  -19.2430  4879
40511  -6.7050  -32.7330  43.4160  4882    7601  -57.2570  -4.8510  -30.6780  4882
40532  -2.3180  -33.7970  41.8380  4887    9914  -18.8420  38.6250  -35.6300  4887
40550  -1.9960  -33.3950  39.9720  4889    3998  -45.5540  -17.3730  39.3260  4889
40583  -2.7910  -32.9400  33.9380  4898    737  -43.1700  57.9040  -35.6600  4898
40631  -4.8310  -32.1080  30.6510  4913    11849  -35.9090  -24.0290  -42.5990  4913
40650  -6.8820  -32.6960  29.6520  4919    4936  -27.3310  -81.1550  -11.2980  4919
40751  -14.2110  -33.3030  19.1390  4942    10181  -26.7040  12.0640  -61.2820  4942
40772  -14.2860  -33.2220  17.3720  4950    10180  -23.7230  -79.9060  -4.9920  4950
40832  -12.2110  -32.9410  8.9310  4967    1805  -6.0120  37.4740  24.7350  4967
40883  -7.6930  -33.5560  3.3910  4971    4751  -20.0480  -80.0480  1.4960  4971
40899  -6.8730  -33.2950  2.3510  4972    8599  -6.5900  27.4970  -35.2400  4972
40944  -6.3880  -33.7770  -0.3790  4977    2339  -13.3440  -46.6500  38.0360  4977
41386  -8.3150  -32.9180  51.3790  4979    4040  -37.5210  59.4890  -2.8120  4979
41397  -8.2010  -32.3710  49.1340  4985    6332  -20.3220  -19.9200  42.3490  4985
41417  -6.0790  -33.1460  47.1020  4989    1257  -19.1740  54.8330  -33.3810  4989
41419  -7.8800  -32.3640  47.5300  4991    8129  -7.1050  -48.3250  12.5230  4991
41441  -7.7960  -32.4660  45.3070  4997    10567  -42.3710  -28.1550  27.9190  4997
41476  -5.9300  -32.6730  42.4970  5011    12309  -6.5370  -9.6980  9.3950  5011
41479  -8.7420  -32.4780  42.0330  5014    13244  -0.1370  -70.0150  -15.9020  5014
41502  -4.4350  -32.0190  40.7930  5025    12015  -34.5560  50.3520  -7.9970  5025
41505  -7.2500  -32.6600  40.5440  5028    13726  -48.8950  -58.5050  -22.6610  5028
41507  -8.9740  -32.4390  39.9690  5030    7887  -28.0350  62.9870  9.5270  5030
41536  -8.8090  -32.1710  38.3710  5044    881  -23.4370  66.5340  7.4860  5044
41568  -2.9080  -32.6110  33.2450  5054    1388  -20.1970  -49.4100  15.0640  5054
41593  -3.1040  -31.6490  31.5090  5060    13493  -28.3490  37.3640  -36.7860  5060
41636  -8.1170  -32.3020  28.1520  5076    4935  -64.0320  -27.7660  -3.0670  5076
41652  -8.5880  -32.0080  27.4240  5079    7924  -15.1660  -15.8320  -27.7830  5079
41672  -10.9900  -32.0210  26.1330  5086    10950  -53.3070  -6.6750  6.4710  5086
41674  -12.1750  -32.9860  25.6530  5088    11465  -28.5690  -32.8160  -33.6730  5088
41687  -13.2320  -33.2250  22.9720  5092    3950  -6.4140  -13.9240  -9.2430  5092
41779  -15.0380  -32.5530  14.4360  5106    7082  -55.2380  -26.8900  -8.6460  5106
41798  -14.3330  -32.7440  11.6300  5111    11945  -35.0490  -50.6240  34.4250  5111
41811  -13.2210  -32.3840  10.1080  5112    11586  -57.4090  -16.0170  28.6040  5112
42403  -9.2980  -31.6460  50.1270  5123    12175  -36.7760  43.3640  26.0180  5123
42453  -10.1230  -31.2050  42.8770  5136    6836  -18.1030  65.6870  19.2560  5136
42487  -9.5620  -32.0880  38.6840  5149    3471  -51.7510  -22.3350  -29.0320  5149
42497  -3.0290  -31.0780  38.4130  5153    368  -25.7280  0.0710  52.4530  5153
42530  -8.4350  -31.6930  36.6830  5174    4788  -35.7050  23.0160  -52.9700  5174
42532  -10.2350  -31.6210  36.4080  5176    3470  -54.2150  -21.5550  -29.0950  5176
42554  -10.7470  -31.1660  34.5960  5191    7644  -50.6830  -42.4730  -13.6710  5191
42610  -3.3590  -31.3900  28.1550  5207    7825  -12.1080  -68.4960  20.2030  5207
42631  -5.0820  -31.2590  26.5710  5215    13062  -35.0520  -58.3980  20.2350  5215
42649  -6.2720  -30.7360  25.5850  5221    13772  -35.5420  50.6600  12.0180  5221
42666  -8.4030  -30.2640  24.9030  5227    2658  -4.2160  -47.3370  -13.0530  5227
42689  -13.2000  -31.0040  21.9440  5238    3817  -51.1930  -37.6910  8.9600  5238
42691  -14.0750  -32.1340  20.9400  5240    9057  -26.1160  15.1630  -63.7210  5240
42716  -15.1680  -31.5570  17.6040  5244    2811  -48.2430  -48.5900  10.8960  5244
42731  -15.1940  -32.0250  16.5520  5246    5962  -21.1790  -71.4110  -9.0140  5246
42802  -15.1520  -31.4930  13.3450  5254    10480  -2.1110  -9.5150  53.9890  5254
43385  -9.8990  -31.7950  52.3210  5261    4042  -7.0260  -28.9680  -2.9770  5261
43386  -10.0590  -31.2550  51.8180  5262    11753  -55.2480  -47.2000  -0.4520  5262
43419  -10.7700  -30.3730  47.2980  5273    12702  -11.7670  -42.5840  47.7410  5273
43426  -9.9090  -31.1090  45.9110  5274    14035  -15.5570  6.3040  47.3690  5274
43434  -9.7910  -31.2880  44.8400  5276    6863  -35.1040  -15.1430  41.1060  5276
43451  -11.4230  -29.9110  42.1240  5281    6835  -28.8540  -7.2080  45.4980  5281
43467  -11.5090  -30.5610  40.5180  5285    7888  -5.6240  -43.7540  32.8080  5285
43474  -12.4360  -30.1780  38.8580  5288    3472  -15.1630  -50.4430  -11.8840  5288
43490  -3.6790  -30.4420  37.0980  5294    367  -29.6050  -65.2680  -17.5460  5294
43502  -3.4060  -30.0890  36.1550  5300    739  -8.6910  -41.9740  36.5900  5300
43508  -13.1870  -30.3100  35.6660  5306    12142  -7.1140  75.1400  -36.1840  5306
43529  -7.3050  -30.5100  34.6630  5320    5910  -5.3110  -46.6660  3.4960  5320
43535  -12.6280  -30.7240  34.1020  5326    12624  -12.7840  -52.6140  35.5490  5326
43557  -11.1710  -30.4610  32.6070  5338    10600  -42.4850  14.6630  25.9130  5338
43586  -2.5890  -30.6450  29.0380  5346    11848  -31.2060  49.1700  -14.2590  5346
43612  -2.6660  -30.2260  26.5660  5356    13127  -17.9110  23.5160  41.8600  5356
43631  -3.2990  -30.4680  25.1460  5363    3674  -28.0780  72.2440  -13.1030  5363
43651  -4.3040  -30.4910  24.0120  5371    2659  -3.5530  -49.6020  -12.0790  5371
43671  -9.9120  -29.3450  23.3070  5379    2660  -5.1950  -47.6610  -13.1470  5379
43701  -13.1470  -29.9080  21.1230  5386    9058  -28.8630  13.6790  -64.9290  5386
43827  -14.1690  -29.9580  11.5120  5402    960  -44.8050  -54.8760  -34.5720  5402
44423  -11.8690  -29.3390  49.0200  5414    12860  -56.8610  -44.4210  -5.0380  5414
44472  -11.6660  -29.5010  44.2870  5424    4933  -45.2580  37.5840  13.8040  5424
44480  -11.4850  -29.6680  42.9850  5426    6837  -28.0730  38.9170  -15.7860  5426
44526  -13.5060  -28.9610  37.9350  5434    6140  -57.9360  -17.3190  6.1200  5434
44565  -4.2900  -29.2310  34.6320  5448    738  -11.0690  -40.3850  35.0350  5448
44581  -7.2870  -29.7580  33.4970  5458    5911  -49.6280  -11.5820  36.1980  5458
44599  -14.0780  -29.7410  32.1030  5471    10088  -3.3590  -5.5450  49.9150  5471
44612  -13.2030  -29.9290  31.3060  5478    10841  -11.3730  -1.0490  -40.5140  5478
44620  -10.5760  -29.5710  31.0080  5481    10618  -2.3650  -59.3440  23.9280  5481
44681  -2.9400  -29.1500  24.3160  5495    3676  -42.8730  12.4920  -58.0140  5495
44685  -6.1870  -29.5490  23.1680  5499    12661  1.4490  -11.4800  2.0430  5499
44701  -3.6230  -29.3160  22.8460  5503    12662  -34.0430  51.7740  1.4020  5503
44707  -9.5850  -28.8470  22.8230  5509    4316  -45.6610  -39.7280  -20.0140  5509
44724  -7.2350  -28.2180  22.2210  5512    12321  -4.1500  77.5160  -6.9500  5512
44829  -15.4970  -29.5030  14.3100  5532    8601  -47.7490  10.0550  -24.6970  5532
45426  -11.2870  -29.3280  53.8230  5536    11386  -43.2680  -58.8000  -16.8370  5536
45434  -12.0480  -28.6900  51.7250  5540    11899  -23.2250  2.2380  52.0570  5540
45456  -12.8790  -28.0480  46.8780  5551    4932  -5.2200  63.7470  14.8680  5551
45517  -12.8270  -28.2550  41.7130  5561    545  -45.9220  -46.7860  -35.6640  5561
45530  -13.1720  -28.2120  40.4910  5562    544  -43.0850  -43.7560  -31.8940  5562
45584  -14.4040  -27.9270  35.8890  5570    3446  -36.9910  -47.9370  -12.9820  5570
45614  -4.4020  -28.4770  33.4390  5580    14487  -13.1910  -17.9350  18.2120  5580
45644  -6.0730  -28.0880  31.9240  5596    10599  -47.4220  17.5830  -36.8940  5596
45665  -14.3190  -28.9310  30.2040  5610    10840  -12.6070  1.4480  -37.9970  5610
45678  -10.4200  -28.7620  29.5670  5614    3911  -9.2420  -41.0460  -17.9560  5614
45697  -13.7060  -28.5050  28.5440  5622    3912  -12.7830  -41.7590  -18.0890  5622
45789  -4.0260  -28.0120  21.4210  5635    12320  -34.2570  -69.9770  -12.8270  5635
45810  -8.3040  -27.0580  21.4340  5643    1373  -24.2420  -47.2380  9.0490  5643
45811  -8.9440  -27.1530  21.5270  5644    13113  -23.8710  69.6330  7.0920  5644
45831  -12.2190  -27.6570  20.2280  5649    2812  -49.8590  -49.9180  13.9760  5649
45860  -14.8590  -28.5490  17.6550  5655    2810  -5.2300  -66.2430  -32.5850  5655
46522  -12.2850  -27.2210  53.2330  5667    11511  -42.5530  62.6170  -8.5130  5667
46553  -13.0240  -27.2650  48.4670  5674    12974  -33.6240  -28.9930  -37.1290  5674
46577  -13.0770  -27.3720  43.4610  5679    4931  -3.8890  64.8060  13.8210  5679
46607  -13.5850  -27.1280  40.4710  5686    546  -8.3970  66.8910  -39.0530  5686
46727  -15.2090  -28.0890  31.2560  5710    5852  -54.0710  -7.5110  -42.3470  5710
46739  -4.9680  -27.6850  30.4140  5714    13925  -31.7670  6.2770  -51.7690  5714
46741  -7.0610  -28.1000  30.1540  5716    13967  -27.7820  -50.7180  31.3840  5716
46779  -5.3690  -27.7500  28.5020  5736    14625  -12.1890  -85.4870  -14.4550  5736
46782  -8.6100  -28.0160  28.2910  5739    13784  -25.4060  40.4570  19.8270  5739
46785  -11.6460  -28.2530  28.0320  5742    3910  -37.4850  -46.1140  19.1870  5742
46834  -4.7860  -27.1550  26.4990  5763    3675  -27.8240  -34.8370  -22.6870  5763
46838  -13.5790  -27.2580  26.8210  5767    13905  -14.5540  -72.6810  -37.0120  5767
46948  -10.4060  -26.1550  20.3530  5791    1372  -29.2670  -40.9760  -32.6090  5791
46959  -12.9350  -26.9450  18.9100  5796    4121  -9.3030  58.1970  9.9840  5796
47014  -14.8930  -27.3630  13.9050  5807    961  -46.0410  -51.4260  -35.8760  5807
47590  -11.8840  -26.7730  55.5320  5809    10403  -48.6420  6.4140  -22.0540  5809
47648  -13.2600  -25.9770  47.8740  5820    13744  -16.1370  28.2950  -41.2600  5820
47700  -13.5400  -25.7230  42.2180  5830    14577  -16.1280  -51.7790  11.2130  5830
47724  -14.2740  -26.3850  38.5300  5834    4943  -31.9510  26.8170  23.6590  5834
47746  -14.6590  -26.3640  36.4750  5838    3445  -42.1090  27.9390  6.7680  5838
47777  -15.2660  -26.3180  33.8600  5841    5851  -0.4710  30.9320  -19.6600  5841
47869  -10.4010  -27.2840  26.8650  5854    13783  -18.4240  -25.2010  54.9000  5854
47892  -15.5870  -25.9900  26.8210  5870    11554  -38.5600  9.3870  43.3710  5870
47904  -6.9430  -26.5230  25.4270  5874    13920  -58.3810  -25.8170  11.2430  5874
47923  -3.9220  -26.4050  24.5180  5883    13921  -12.9330  -38.5560  1.0350  5883
47959  -3.3700  -26.3240  21.3800  5890    12322  -40.7050  32.3130  -14.2950  5890
47996  -11.3020  -25.4180  18.9970  5903    4122  -9.2390  8.2140  -34.1840  5903
48051  -14.7900  -26.7170  14.8470  5913    4165  -10.2340  -79.2280  -5.2920  5913
48854  -15.0630  -25.7590  34.8450  5919    2421  -13.4440  -72.7230  17.0830  5919
48924  -16.2180  -25.1450  29.8330  5925    8567  -21.6330  -48.9370  -23.5800  5925
48978  -10.1520  -26.3160  25.7630  5934    13981  -34.3720  5.0070  47.3330  5934
48997  -13.7860  -25.9230  25.0630  5946    14120  -23.1860  -82.7230  -31.7350  5946
48999  -15.7750  -25.1330  25.7290  5948    11037  -8.2730  -3.9920  44.5300  5948
49007  -3.8980  -25.1860  23.9450  5950    14377  -39.2240  -9.6800  -37.0240  5950
49051  -8.0040  -24.9230  20.3820  5971    1374  -23.6060  -49.4180  8.6670  5971
50047  -15.9310  -25.0550  31.6380  5994    4753  -59.6460  -7.9610  -43.5370  5994
50140  -7.6220  -25.2830  24.5070  6001    13919  -16.8800  60.3610  24.3570  6001
50142  -9.1310  -25.1900  24.7680  6003    13936  -28.3100  -68.1760  12.0580  6003
50159  -3.5680  -24.1160  23.7070  6009    12350  -52.0040  -49.9100  9.3660  6009
50167  -11.4760  -24.6550  24.2560  6017    13984  -26.2430  19.8990  -46.3270  6017
50206  -4.7310  -24.3740  20.6960  6033    6375  -13.1430  -77.2270  -1.5770  6033
50227  -10.0190  -23.9650  19.0090  6041    6051  -11.4140  -86.4290  -26.3900  6041
50263  -12.9800  -23.9850  15.6560  6050    5047  -34.2400  34.7020  2.4330  6050
51250  -16.6840  -23.2160  27.0290  6055    9975  -34.3000  -31.7660  16.9660  6055
51307  -15.8230  -23.9040  23.8530  6068    12912  -1.7010  -51.2920  -7.1020  6068
51328  -10.2930  -23.2460  23.4340  6071    13561  -10.2210  -55.0370  15.7580  6071
51331  -13.1380  -23.8460  23.0460  6074    14269  -42.9420  -12.9070  45.4620  6074
51350  -12.2610  -23.0650  22.6750  6079    13588  -43.1300  30.1260  21.2840  6079
51397  -7.7050  -23.2130  19.9530  6089    6476  -7.3580  -48.1020  -7.5320  6089
52550  -3.4690  -22.3000  24.2700  6103    11119  -52.2130  -17.9080  -45.2890  6103
52553  -6.2680  -22.5090  24.0870  6106    12351  -29.8280  -18.6640  -39.0420  6106
52628  -13.9080  -22.3200  21.5090  6130    7350  -28.5820  -51.7840  3.9330  6130
52629  -14.9350  -22.3690  21.6430  6131    6104  -22.0660  70.3940  -30.8380  6131
52689  -8.5180  -22.3140  19.2690  6139    5046  -34.3710  38.7670  1.2760  6139
52730  -11.3000  -21.8680  15.7110  6146    5048  -13.1330  -18.4030  -28.6680  6146
53890  -5.8800  -21.4140  24.3240  6154    11178  -40.8960  -12.8320  15.5040  6154
53905  -8.7200  -21.3080  23.1220  6161    2436  -42.0500  57.2380  -36.5650  6161
53906  -9.8950  -21.5060  22.8140  6162    2437  -52.2360  10.7990  27.0650  6162
55180  -4.1690  -20.7540  24.7050  6194    6113  -3.2500  34.4690  44.0780  6194
55213  -3.0150  -20.6540  22.5970  6200    6114  -4.5530  39.3230  43.1810  6200
55217  -12.6180  -20.7270  20.9300  6202    2582  -39.1610  17.7240  -18.3130  6202
55288  -8.2470  -19.9810  18.4050  6211    10804  -43.7750  25.1570  -51.4450  6211
56428  -3.7030  -19.6410  21.7630  6224    6477  -9.6440  55.5450  -38.2080  6224
56489  -8.3850  -18.8550  17.0790  6235    12787  -39.4570  -58.9530  -34.5580  6235
57609  -2.6640  -18.0300  23.3530  6239    6860  -9.8340  54.5030  12.3480  6239
57637  -3.6270  -18.1010  21.2130  6244    6859  -33.1320  -21.0440  44.8310  6244
57681  -7.2730  -18.1360  17.8890  6251    7484  -48.0550  3.5670  -16.8450  6251
