#!ascii label  , from subject FreeSurferMNI152_0.1 vox2ras=TkReg
394
7923  39.264  34.875  -55.361 1.0000000000
10231  16.556  -18.907  -23.834 2.0000000000
693  45.488  -36.950  21.086 9.0000000000
12319  23.682  -51.745  31.701 16.0000000000
12885  9.514  80.280  3.154 27.0000000000
2958  55.707  -30.464  -14.656 28.0000000000
2817  7.824  67.613  20.367 33.0000000000
2957  44.973  -5.901  44.126 34.0000000000
2818  64.736  6.628  7.507 36.0000000000
5472  29.479  -71.843  -36.151 45.0000000000
12842  56.682  -39.336  11.583 49.0000000000
13251  19.909  44.915  29.861 52.0000000000
6833  38.440  25.152  35.184 55.0000000000
10232  51.300  -30.519  7.140 69.0000000000
14270  12.683  14.384  29.206 71.0000000000
4302  10.926  -60.838  2.138 76.0000000000
692  44.507  -35.216  21.018 80.0000000000
14900  48.660  17.150  22.372 88.0000000000
9213  22.802  -27.664  37.057 96.0000000000
2475  61.180  -14.452  0.077 100.0000000000
2474  63.999  -12.462  0.982 106.0000000000
2476  4.541  53.306  -32.018 110.0000000000
10547  26.785  1.506  36.876 117.0000000000
8503  33.939  -60.130  -32.180 119.0000000000
10765  16.330  -76.068  8.429 132.0000000000
4625  33.719  -63.696  -33.225 135.0000000000
4624  31.031  29.697  -33.005 136.0000000000
2412  41.907  49.388  21.511 139.0000000000
6766  1.804  40.681  -3.816 152.0000000000
6989  0.804  5.797  6.398 155.0000000000
8912  9.596  -65.006  -6.068 164.0000000000
4303  10.787  -62.138  -0.265 179.0000000000
12903  51.762  22.469  -7.514 184.0000000000
6860  28.939  -42.952  13.428 185.0000000000
694  42.968  -35.792  19.507 189.0000000000
4304  11.600  -51.266  -4.993 192.0000000000
6861  58.785  -38.264  -22.622 197.0000000000
10749  45.339  15.689  -58.382 213.0000000000
10851  11.717  -77.052  7.267 218.0000000000
9778  48.485  -41.931  33.316 220.0000000000
13866  5.927  -7.349  33.395 232.0000000000
3057  30.997  32.741  -12.560 250.0000000000
3058  9.525  58.904  -12.580 252.0000000000
12884  28.795  -42.773  28.493 259.0000000000
6834  2.407  -9.481  -1.237 278.0000000000
10766  25.723  40.566  39.867 283.0000000000
3047  53.224  -14.142  -40.234 290.0000000000
1171  14.904  42.214  -39.805 291.0000000000
8472  6.710  -74.258  2.160 311.0000000000
9422  13.599  68.863  -12.031 313.0000000000
10618  48.671  60.339  -10.711 321.0000000000
11620  54.535  -6.546  -38.666 328.0000000000
9035  50.887  12.443  -60.822 343.0000000000
6859  4.692  57.980  -41.243 348.0000000000
9214  51.916  -7.129  0.637 353.0000000000
12300  36.376  17.993  30.859 362.0000000000
27  22.752  53.390  21.351 371.0000000000
5861  51.835  -20.022  -37.616 396.0000000000
10350  28.083  19.841  26.533 400.0000000000
2819  38.188  29.980  13.160 403.0000000000
5435  13.671  -34.951  -8.144 406.0000000000
9609  6.026  -31.661  42.196 411.0000000000
729  40.001  -42.604  -4.778 416.0000000000
731  40.896  -40.437  -7.270 418.0000000000
2616  45.375  -23.902  19.317 422.0000000000
4496  37.309  -46.030  24.287 424.0000000000
5620  6.209  61.015  6.897 426.0000000000
6784  11.854  9.236  49.246 433.0000000000
9421  12.277  73.290  -9.585 445.0000000000
4987  13.548  -14.119  29.890 470.0000000000
29  21.199  55.423  21.945 476.0000000000
5133  34.902  -7.282  35.897 480.0000000000
28  20.903  52.405  19.213 503.0000000000
4986  11.766  -13.152  30.768 505.0000000000
5817  28.736  -23.956  41.409 509.0000000000
3059  9.355  56.700  -8.215 513.0000000000
10349  27.009  21.631  25.786 531.0000000000
9608  19.131  -72.598  -23.625 541.0000000000
10558  30.116  43.431  19.889 543.0000000000
730  41.321  -42.172  -3.194 548.0000000000
1950  26.496  -46.103  -13.194 551.0000000000
5622  29.924  16.509  -51.694 552.0000000000
7795  12.644  73.925  -7.267 554.0000000000
11299  11.379  76.682  -35.410 567.0000000000
12250  21.058  -25.613  45.960 568.0000000000
12249  27.718  -40.047  -33.049 573.0000000000
10087  24.833  -45.760  33.538 590.0000000000
6022  14.805  4.028  48.039 594.0000000000
14127  26.911  -64.204  27.766 604.0000000000
11229  11.663  62.755  3.610 617.0000000000
11341  20.496  63.049  12.952 633.0000000000
3033  38.560  2.897  -4.709 640.0000000000
13615  16.329  -19.987  34.367 646.0000000000
13624  24.534  -54.294  -28.304 647.0000000000
1316  38.504  25.327  39.461 649.0000000000
10290  25.402  83.887  -16.661 653.0000000000
7696  39.885  -70.914  -33.466 654.0000000000
6021  15.351  57.736  -14.605 665.0000000000
4002  51.422  50.237  -11.011 674.0000000000
4003  50.041  51.014  -9.116 682.0000000000
11230  56.983  3.734  7.223 696.0000000000
12053  10.233  -7.967  36.012 701.0000000000
7664  14.499  -43.399  14.638 708.0000000000
2965  15.121  65.544  13.643 713.0000000000
7603  17.317  -42.285  13.642 730.0000000000
12826  34.303  -10.581  -4.307 749.0000000000
7512  20.454  -19.421  52.871 758.0000000000
8400  46.152  -16.193  -37.044 764.0000000000
4004  50.009  50.212  -11.437 771.0000000000
1454  61.276  5.399  -17.217 787.0000000000
1452  62.808  3.381  -13.758 790.0000000000
11756  7.902  -52.334  -21.757 797.0000000000
2966  14.510  66.843  11.625 801.0000000000
8877  64.573  -31.678  -2.169 805.0000000000
13591  13.081  -38.153  2.928 808.0000000000
13616  6.859  40.235  3.325 809.0000000000
1317  39.162  26.350  37.806 812.0000000000
7602  52.761  -32.177  -11.262 817.0000000000
4608  19.696  37.466  38.229 843.0000000000
3010  49.624  -33.764  23.350 848.0000000000
3198  9.122  -21.377  4.777 851.0000000000
3009  50.294  -34.681  28.947 857.0000000000
7629  30.890  -71.114  -4.372 875.0000000000
14853  40.129  -63.142  15.761 877.0000000000
1976  57.782  -40.398  18.885 882.0000000000
1318  6.202  20.838  -25.197 886.0000000000
7695  34.414  -62.087  -17.545 890.0000000000
1083  46.252  -63.280  -17.144 894.0000000000
1084  6.844  59.191  26.658 900.0000000000
5896  13.242  51.981  -42.706 906.0000000000
10966  54.858  -51.178  -14.047 913.0000000000
2139  38.184  -12.451  48.476 919.0000000000
3008  39.750  -54.926  -5.818 935.0000000000
8457  53.122  -12.226  -26.633 946.0000000000
1453  58.674  4.276  -17.082 948.0000000000
9333  6.003  48.470  -20.011 956.0000000000
4124  34.074  -23.540  -25.594 966.0000000000
1977  58.223  -38.713  19.892 967.0000000000
14511  39.292  -27.579  20.755 970.0000000000
6709  24.783  -32.306  -21.040 998.0000000000
2140  20.098  -53.628  21.346 1006.0000000000
6011  51.456  -30.246  32.705 1012.0000000000
2141  21.029  -55.257  22.116 1016.0000000000
4288  46.110  -14.535  44.340 1029.0000000000
1602  62.278  -31.305  3.125 1033.0000000000
4743  23.749  68.800  -7.564 1045.0000000000
13594  18.826  61.833  26.848 1052.0000000000
6213  9.874  1.521  36.066 1058.0000000000
6214  10.500  3.657  38.998 1059.0000000000
10490  21.951  -7.906  -35.659 1064.0000000000
5785  7.135  -17.628  55.835 1074.0000000000
1664  36.763  4.785  -25.509 1078.0000000000
12116  37.578  49.233  17.690 1081.0000000000
8422  66.237  -21.095  -32.995 1100.0000000000
1603  10.055  -62.441  -2.651 1117.0000000000
4744  34.626  -17.359  23.783 1123.0000000000
10972  50.625  -21.482  22.084 1138.0000000000
1812  49.440  53.489  3.056 1146.0000000000
1975  57.082  -40.585  21.615 1147.0000000000
13696  23.311  12.035  41.726 1151.0000000000
1663  31.443  13.527  -63.000 1153.0000000000
1715  32.767  -54.203  0.397 1155.0000000000
10970  6.260  40.620  33.003 1163.0000000000
1082  42.910  -62.593  -17.534 1167.0000000000
5895  32.319  -10.473  -2.667 1172.0000000000
4742  22.484  73.627  -7.140 1206.0000000000
6212  8.177  13.792  -33.865 1215.0000000000
1810  49.652  55.350  3.674 1218.0000000000
1662  33.418  7.531  -59.616 1232.0000000000
6708  46.511  -9.679  0.682 1250.0000000000
2168  58.879  15.813  19.608 1257.0000000000
7153  38.917  -32.650  20.277 1271.0000000000
1601  63.135  -32.478  3.873 1273.0000000000
11316  37.130  45.995  -11.873 1276.0000000000
1811  49.876  56.043  1.592 1297.0000000000
1886  18.980  2.333  -32.437 1301.0000000000
4055  5.833  -54.581  6.107 1303.0000000000
2206  19.220  -54.842  23.201 1306.0000000000
2207  37.049  -42.367  -30.952 1307.0000000000
11653  37.530  -66.326  7.766 1312.0000000000
13649  52.286  0.902  -15.614 1321.0000000000
14641  48.267  6.391  9.815 1326.0000000000
3244  54.403  -11.074  -35.136 1336.0000000000
12751  48.884  -17.038  30.987 1352.0000000000
11317  40.228  45.148  -14.141 1355.0000000000
13004  37.280  44.395  27.763 1361.0000000000
11789  15.471  -4.660  -37.365 1365.0000000000
2205  25.201  -34.828  30.722 1375.0000000000
3110  31.295  7.902  -48.351 1380.0000000000
11654  36.395  -61.661  4.481 1386.0000000000
11652  46.258  -17.544  -40.069 1390.0000000000
13005  16.757  -23.012  58.059 1431.0000000000
14220  58.046  9.123  4.258 1445.0000000000
2452  12.894  23.145  27.679 1446.0000000000
39  33.996  -44.970  14.342 1451.0000000000
3046  52.274  -11.632  -40.348 1456.0000000000
1740  57.256  -6.546  -11.338 1473.0000000000
10326  12.596  -67.967  -16.464 1486.0000000000
2166  6.470  42.154  22.848 1487.0000000000
2167  46.553  8.113  30.628 1498.0000000000
704  56.241  22.786  -0.680 1507.0000000000
9686  23.001  63.584  16.981 1508.0000000000
14128  23.025  27.816  -37.357 1512.0000000000
10784  41.682  -8.250  21.253 1514.0000000000
12882  39.101  37.529  23.216 1516.0000000000
9876  24.620  48.096  21.584 1518.0000000000
13932  63.264  16.894  -20.476 1522.0000000000
40  35.688  -47.411  14.206 1532.0000000000
6545  35.165  -73.587  -27.752 1538.0000000000
12515  37.341  -9.865  -46.584 1544.0000000000
5734  28.184  -32.978  -23.978 1548.0000000000
1739  61.312  -4.154  -11.825 1559.0000000000
703  37.628  -68.409  1.550 1580.0000000000
13933  9.006  26.327  -23.813 1600.0000000000
41  37.366  -49.349  14.168 1620.0000000000
3996  36.912  -48.825  11.678 1622.0000000000
13916  43.491  -16.795  -42.093 1626.0000000000
11970  18.614  32.512  42.086 1628.0000000000
9667  45.648  18.444  -37.211 1642.0000000000
1738  57.964  -2.313  -11.440 1648.0000000000
9515  29.008  75.024  -9.389 1653.0000000000
750  44.283  -10.978  -36.410 1672.0000000000
6088  33.812  -58.213  26.397 1675.0000000000
10785  24.129  41.132  40.070 1678.0000000000
12745  10.967  15.379  53.019 1684.0000000000
10786  15.274  18.571  25.751 1686.0000000000
14459  25.054  -41.609  -4.682 1696.0000000000
13605  50.541  24.888  13.293 1697.0000000000
14858  46.760  27.279  0.310 1703.0000000000
15031  23.536  -72.261  1.807 1706.0000000000
14752  11.481  -34.880  33.599 1720.0000000000
3958  65.344  -25.998  9.355 1723.0000000000
5735  33.635  54.112  -25.335 1727.0000000000
9787  52.554  2.923  -13.198 1736.0000000000
9514  32.430  -67.005  17.059 1748.0000000000
13737  12.518  -67.343  -8.463 1750.0000000000
702  36.197  -65.314  1.064 1754.0000000000
5186  29.236  54.571  1.400 1776.0000000000
5187  37.164  73.156  -29.052 1781.0000000000
10980  43.113  -29.646  -29.982 1784.0000000000
10979  42.847  -31.373  -30.986 1787.0000000000
13604  40.254  65.593  -4.486 1797.0000000000
6383  51.121  -7.860  -43.540 1803.0000000000
9028  48.138  -51.887  -4.172 1814.0000000000
8291  16.559  -35.172  18.216 1817.0000000000
3538  13.648  49.605  0.023 1821.0000000000
8435  11.735  -49.543  -21.916 1828.0000000000
9516  7.198  52.328  -6.141 1835.0000000000
2464  50.179  -38.657  17.845 1846.0000000000
2463  51.674  -39.566  19.527 1854.0000000000
6050  42.277  61.421  -2.880 1858.0000000000
10981  55.184  16.199  -21.651 1873.0000000000
2945  12.381  27.793  44.304 1877.0000000000
2946  42.653  23.080  30.728 1885.0000000000
9952  5.110  -19.601  43.337 1890.0000000000
5459  13.959  -37.107  21.554 1892.0000000000
4556  57.495  -22.429  -38.177 1894.0000000000
9275  5.350  20.968  8.036 1896.0000000000
8207  14.551  57.939  -43.448 1897.0000000000
3957  44.146  56.056  -10.807 1905.0000000000
10004  60.612  -36.335  4.376 1918.0000000000
11040  20.823  -72.256  -26.707 1921.0000000000
11800  40.920  68.946  -11.813 1929.0000000000
12205  38.771  -31.069  43.617 1940.0000000000
14193  53.614  18.985  19.462 1946.0000000000
5188  51.663  41.138  -4.711 1954.0000000000
6382  33.669  68.134  -32.658 1978.0000000000
11204  31.548  -8.620  -4.557 1982.0000000000
3253  3.886  -57.910  -15.441 1991.0000000000
8099  7.745  56.672  17.583 2000.0000000000
9247  34.729  -33.869  44.909 2002.0000000000
11303  54.605  -30.629  29.528 2016.0000000000
12568  50.362  -33.490  3.797 2033.0000000000
14616  35.548  23.688  -32.875 2035.0000000000
14771  52.512  21.586  25.103 2041.0000000000
11004  31.702  -6.150  49.489 2042.0000000000
4079  25.458  -23.029  -21.111 2050.0000000000
12508  42.488  62.142  3.619 2067.0000000000
3321  42.859  24.036  -10.015 2072.0000000000
11636  6.001  -58.213  -5.255 2096.0000000000
13464  42.815  -52.804  -26.741 2102.0000000000
14593  45.868  7.454  9.970 2104.0000000000
8238  47.018  -53.881  16.469 2118.0000000000
2944  14.235  25.170  42.363 2126.0000000000
8653  47.717  -37.879  -22.590 2148.0000000000
8654  56.506  5.767  25.989 2152.0000000000
179  23.414  1.939  -43.088 2162.0000000000
5083  45.831  12.618  37.539 2163.0000000000
10557  27.995  42.105  17.416 2175.0000000000
10760  46.324  15.208  -3.355 2177.0000000000
10761  26.534  -18.224  32.419 2179.0000000000
12204  13.752  60.569  -24.524 2184.0000000000
4920  49.819  -0.516  15.451 2193.0000000000
6143  37.685  14.157  -15.305 2205.0000000000
3789  10.562  10.032  40.988 2206.0000000000
9367  26.631  -43.791  15.734 2223.0000000000
8768  7.361  24.112  -24.160 2230.0000000000
3252  5.080  -58.283  -12.367 2238.0000000000
14602  32.910  13.199  -44.824 2250.0000000000
11302  44.022  -46.685  15.353 2259.0000000000
14505  46.755  26.135  -57.162 2261.0000000000
3790  24.540  -39.793  -6.980 2273.0000000000
8106  43.291  -44.238  -12.081 2275.0000000000
8239  17.804  81.598  -2.934 2281.0000000000
14989  59.660  -7.028  9.787 2300.0000000000
5204  15.859  -75.275  -13.538 2308.0000000000
8672  18.400  -68.468  -35.340 2310.0000000000
178  40.437  -26.982  37.394 2314.0000000000
7909  7.374  30.520  -25.625 2334.0000000000
9899  24.776  -48.454  36.023 2336.0000000000
4921  52.151  25.405  -18.817 2343.0000000000
3788  9.604  9.042  42.548 2357.0000000000
2237  19.579  32.704  -41.178 2398.0000000000
177  39.060  -26.664  35.442 2408.0000000000
1429  50.974  20.514  -0.548 2416.0000000000
2698  30.983  -37.200  -33.920 2440.0000000000
2697  60.457  -31.272  -13.384 2445.0000000000
9446  17.108  -31.559  19.886 2450.0000000000
14077  26.950  50.575  25.390 2455.0000000000
3450  25.649  -69.330  -34.510 2456.0000000000
14080  11.266  -27.914  -10.515 2460.0000000000
7225  45.945  26.267  -13.319 2469.0000000000
2239  13.266  -15.562  -8.160 2473.0000000000
8251  61.556  -23.324  20.899 2486.0000000000
9231  5.826  -71.215  3.958 2487.0000000000
1430  22.343  49.094  13.954 2504.0000000000
4698  21.700  -42.497  -28.843 2513.0000000000
4697  15.316  49.462  1.952 2514.0000000000
6787  30.452  68.851  -23.204 2536.0000000000
8540  64.224  -24.075  11.542 2549.0000000000
5203  16.246  -73.292  -14.424 2554.0000000000
8275  53.658  35.059  -1.037 2556.0000000000
8999  13.576  41.960  -43.584 2560.0000000000
10323  15.449  79.975  -24.145 2561.0000000000
10373  21.446  -53.201  -1.805 2568.0000000000
7910  7.200  -58.071  2.240 2581.0000000000
13015  19.485  26.874  -34.968 2597.0000000000
13011  18.355  23.521  -33.205 2601.0000000000
2699  52.508  -28.521  2.371 2604.0000000000
3451  23.136  -70.472  -33.360 2620.0000000000
2238  12.533  -16.127  -8.119 2638.0000000000
8703  27.412  21.400  -49.651 2649.0000000000
13245  31.438  -54.009  33.293 2655.0000000000
1428  50.200  19.829  3.690 2658.0000000000
3893  53.848  13.037  19.409 2666.0000000000
10333  12.764  62.221  -40.776 2678.0000000000
4696  16.263  50.665  3.502 2685.0000000000
10066  63.573  13.426  11.125 2698.0000000000
6786  39.871  -3.895  30.359 2709.0000000000
6221  37.040  45.070  -0.691 2715.0000000000
7224  47.255  26.569  -15.304 2725.0000000000
3452  37.589  -56.727  4.584 2727.0000000000
7226  15.219  -35.939  14.050 2739.0000000000
8932  39.325  -37.032  16.591 2744.0000000000
5163  30.070  -21.487  37.210 2758.0000000000
11333  33.097  -18.142  -41.888 2779.0000000000
13012  10.893  -38.043  24.113 2793.0000000000
14105  24.428  -6.599  49.503 2805.0000000000
10743  23.393  51.013  30.641 2838.0000000000
12277  56.096  48.944  -19.051 2840.0000000000
12065  22.076  75.174  -17.366 2846.0000000000
13144  24.832  51.896  29.906 2847.0000000000
8704  44.573  46.841  -4.381 2849.0000000000
3580  1.508  18.534  -7.987 2854.0000000000
3581  1.634  17.779  -10.118 2859.0000000000
5899  5.557  71.021  -39.043 2861.0000000000
11332  11.778  -65.618  12.737 2865.0000000000
13715  64.161  7.998  11.850 2871.0000000000
14002  43.273  -64.323  -0.009 2875.0000000000
14775  17.659  -45.245  -7.360 2887.0000000000
14998  11.736  -19.008  -13.459 2894.0000000000
4655  39.870  -17.161  20.459 2902.0000000000
7324  51.187  -8.024  40.607 2913.0000000000
13458  16.035  55.361  -42.553 2919.0000000000
13428  45.398  -28.241  23.012 2926.0000000000
14272  35.673  34.687  36.832 2929.0000000000
9622  46.302  0.185  -1.370 2964.0000000000
6220  36.508  50.794  -5.748 2971.0000000000
3346  53.250  26.779  -34.724 2975.0000000000
12088  29.023  17.029  -64.783 2992.0000000000
13081  31.608  30.743  33.581 2996.0000000000
13710  22.352  -4.569  -39.550 2999.0000000000
13940  20.779  -40.602  10.774 3001.0000000000
14003  29.966  -37.233  20.977 3010.0000000000
6006  12.643  -78.014  -2.274 3034.0000000000
8878  52.472  -0.591  -32.328 3038.0000000000
10272  33.920  12.293  -40.470 3042.0000000000
14118  34.226  -4.816  -40.411 3046.0000000000
13743  25.652  23.944  -56.360 3047.0000000000
2840  12.781  3.718  21.276 3050.0000000000
5120  31.445  -24.336  25.646 3058.0000000000
3347  49.401  23.215  -39.558 3066.0000000000
11667  60.326  9.917  20.517 3075.0000000000
3457  22.069  -50.000  11.031 3080.0000000000
