#!ascii label  , from subject FreeSurferMNI152_0.1 vox2ras=TkReg
774
6447  -56.690  -27.030  -28.692 1.0000000000
6446  -5.836  -49.093  -5.692 3.0000000000
4841  -3.794  50.175  -6.857 4.0000000000
11280  -6.333  -10.104  8.030 14.0000000000
3942  -16.275  37.218  -40.093 19.0000000000
9743  -31.497  34.602  -56.880 22.0000000000
8972  -3.045  -31.186  38.681 27.0000000000
10292  -53.744  0.620  -16.828 29.0000000000
4839  -7.783  37.278  -37.347 33.0000000000
11712  -11.505  -64.020  27.713 45.0000000000
2519  -14.617  -73.351  7.171 55.0000000000
342  -27.768  -65.829  -10.792 57.0000000000
3941  -17.278  41.374  -39.735 63.0000000000
1264  -53.092  21.529  -6.343 66.0000000000
5471  -29.829  59.764  13.534 73.0000000000
6787  -37.674  -14.080  16.415 81.0000000000
13471  -8.477  -8.990  57.042 105.0000000000
671  -33.816  0.069  -4.871 112.0000000000
341  -28.789  -63.894  -11.629 115.0000000000
1028  -17.213  -51.937  -30.231 116.0000000000
1265  -56.773  23.893  -6.510 120.0000000000
4865  -48.194  12.048  -41.579 132.0000000000
7669  -10.037  24.573  23.211 145.0000000000
12216  -37.050  -41.743  -23.264 161.0000000000
4840  -6.959  34.265  -38.122 162.0000000000
1019  -40.411  -8.442  4.548 167.0000000000
1104  -23.359  -65.450  5.347 182.0000000000
1027  -38.382  -15.692  47.077 183.0000000000
5345  -22.304  -54.211  -9.957 192.0000000000
340  -32.061  14.094  36.383 209.0000000000
7668  -7.597  27.554  23.834 216.0000000000
6987  -41.195  54.653  -22.615 217.0000000000
13625  -31.353  8.596  -49.208 225.0000000000
9742  -31.877  67.796  9.419 230.0000000000
12172  -43.792  -16.554  23.026 238.0000000000
14460  -10.150  -56.442  37.413 240.0000000000
625  -56.813  19.969  -24.565 246.0000000000
7544  -28.672  34.190  -55.249 251.0000000000
672  -36.086  0.178  -7.450 259.0000000000
670  -33.747  1.241  -4.282 266.0000000000
1026  -36.675  -14.736  47.067 268.0000000000
8618  -59.748  -37.568  6.188 271.0000000000
8410  -7.447  25.243  49.408 275.0000000000
9206  -34.822  19.297  -36.585 285.0000000000
9929  -21.104  -41.588  -26.992 294.0000000000
10961  -17.263  -42.455  47.873 297.0000000000
14288  -29.844  -34.263  -23.132 321.0000000000
4795  -35.122  3.268  33.074 347.0000000000
1251  -6.269  47.905  28.853 359.0000000000
3065  1.414  7.000  3.851 364.0000000000
7035  -7.614  -41.073  28.057 369.0000000000
3066  -36.057  -61.409  -0.781 370.0000000000
10750  -38.317  17.781  -62.620 389.0000000000
12150  -24.160  -39.901  47.276 401.0000000000
13361  -44.145  -44.700  20.198 409.0000000000
4849  -44.253  -34.547  29.756 414.0000000000
14583  -1.795  8.593  -33.986 430.0000000000
803  -34.093  71.093  -16.192 454.0000000000
3064  -3.886  26.124  25.780 465.0000000000
7036  -17.119  58.094  8.767 472.0000000000
8409  -7.899  26.450  47.823 487.0000000000
9319  -50.648  31.906  8.063 491.0000000000
10474  -7.565  16.277  -32.769 492.0000000000
11779  -32.668  -2.427  29.654 509.0000000000
1086  -24.835  21.179  -31.500 516.0000000000
13637  -42.800  3.114  -46.707 536.0000000000
10537  -12.255  58.544  -42.992 552.0000000000
624  -34.642  -56.106  -23.771 560.0000000000
1250  -6.031  -8.571  -20.465 563.0000000000
9826  -3.633  -15.361  12.133 579.0000000000
3822  -5.375  61.520  -31.417 604.0000000000
12315  -45.082  -41.283  0.016 608.0000000000
11762  -19.081  3.366  48.001 628.0000000000
13525  -10.996  84.245  -12.498 631.0000000000
4985  -33.666  76.857  -16.855 651.0000000000
4986  -34.831  75.120  -19.992 665.0000000000
10536  -9.145  10.732  45.866 667.0000000000
6657  -38.827  -72.491  -30.162 677.0000000000
10189  -14.655  -15.592  39.964 686.0000000000
10190  -17.618  -15.434  38.465 699.0000000000
1252  -4.212  50.065  28.489 700.0000000000
9790  -48.417  -5.146  20.579 705.0000000000
3795  -53.965  -19.715  -11.215 708.0000000000
7034  -9.476  -39.299  26.827 729.0000000000
12286  -15.593  74.258  -25.703 737.0000000000
14143  -38.535  -48.502  -11.076 741.0000000000
12969  -8.033  69.982  -42.552 753.0000000000
1084  -21.668  20.390  -31.611 780.0000000000
4984  -48.779  19.715  -47.254 783.0000000000
6809  -6.647  -35.452  36.003 784.0000000000
4848  -44.684  -32.650  31.562 786.0000000000
9653  1.263  -24.952  -2.993 799.0000000000
9543  -45.402  31.538  16.084 833.0000000000
11580  -11.720  77.855  -24.966 834.0000000000
12490  -2.805  39.158  33.756 847.0000000000
13339  -6.891  -60.396  -21.608 851.0000000000
13440  -33.182  -26.559  31.748 861.0000000000
3669  -15.533  53.522  32.487 882.0000000000
1085  -23.453  20.185  -31.294 894.0000000000
11987  -24.410  -8.746  30.008 915.0000000000
9671  -46.145  -15.642  -16.267 923.0000000000
10538  -25.646  36.036  -23.889 927.0000000000
12427  -44.906  -52.186  -23.847 943.0000000000
12998  -32.901  -68.430  14.391 947.0000000000
14164  -48.378  -27.666  24.696 954.0000000000
13780  -5.028  -74.171  -4.481 969.0000000000
12819  -45.299  -12.922  -18.883 974.0000000000
13656  -22.394  60.899  3.777 981.0000000000
9825  -45.097  -4.473  -26.810 984.0000000000
2026  -42.410  -42.391  -32.636 1007.0000000000
2025  -3.143  -63.981  -31.789 1020.0000000000
8653  -54.129  3.751  -20.840 1026.0000000000
6401  -22.960  -12.462  47.736 1035.0000000000
8120  -1.454  -77.494  -23.794 1041.0000000000
1793  -48.608  36.550  17.891 1049.0000000000
13537  -23.872  29.172  -39.757 1067.0000000000
9542  -41.647  27.489  16.901 1081.0000000000
10012  -37.346  -9.150  -7.602 1083.0000000000
9544  -40.879  -66.501  -1.072 1085.0000000000
12529  -63.134  -28.583  -20.794 1094.0000000000
11166  -22.625  -14.051  52.612 1123.0000000000
11696  -6.518  -58.889  -27.615 1125.0000000000
3668  -54.559  -45.744  -30.467 1135.0000000000
6157  -1.070  -50.053  -11.625 1154.0000000000
11206  -54.048  -20.276  25.809 1158.0000000000
8119  -31.418  -24.803  -20.094 1175.0000000000
4530  -44.953  -40.339  -18.272 1178.0000000000
9317  -36.142  -46.646  -22.037 1179.0000000000
13867  -27.834  -79.616  -32.715 1225.0000000000
13478  -53.584  -20.687  -35.356 1234.0000000000
3994  -18.116  -82.787  -34.686 1239.0000000000
6420  -38.650  37.331  17.520 1245.0000000000
2621  -6.801  51.452  -35.510 1246.0000000000
9766  -34.209  70.522  -31.930 1253.0000000000
12103  -21.562  19.998  48.228 1271.0000000000
3667  -36.706  -56.975  -6.614 1283.0000000000
6229  -33.450  -4.583  2.702 1295.0000000000
6402  -56.432  -3.914  -37.591 1310.0000000000
6949  -34.224  -21.601  -24.953 1313.0000000000
3019  -2.949  -44.233  18.194 1317.0000000000
5915  -10.758  -32.637  27.136 1323.0000000000
6065  -52.448  -33.481  11.397 1326.0000000000
4529  -44.342  32.479  -15.727 1343.0000000000
5799  -59.670  -11.608  -45.055 1352.0000000000
1794  -49.351  35.881  16.125 1354.0000000000
14582  -2.721  -42.097  4.327 1360.0000000000
14555  -36.199  74.567  -8.964 1364.0000000000
14209  -37.375  -52.666  12.903 1381.0000000000
14165  -1.994  -65.758  -31.721 1383.0000000000
1507  -46.497  -53.946  -24.688 1387.0000000000
6419  -45.878  -59.982  5.863 1393.0000000000
1509  -46.394  -55.647  -22.882 1396.0000000000
2620  -4.598  52.410  -38.393 1408.0000000000
13323  -34.971  70.358  -4.097 1447.0000000000
11913  -1.112  -71.428  5.101 1456.0000000000
3062  -12.366  24.723  42.809 1480.0000000000
7714  -55.051  -17.842  5.856 1498.0000000000
6064  -24.404  -46.451  -17.531 1508.0000000000
5798  -60.553  -15.314  -43.852 1524.0000000000
8831  -42.993  51.593  -2.300 1527.0000000000
14665  -21.456  29.069  -40.395 1528.0000000000
14571  -34.903  75.105  -7.263 1541.0000000000
2573  -18.596  73.526  2.976 1563.0000000000
5540  -44.852  -58.245  5.852 1567.0000000000
2572  -2.880  7.566  21.556 1579.0000000000
2622  -4.767  47.320  -36.628 1582.0000000000
8149  -12.085  -78.627  -0.575 1588.0000000000
10837  -14.223  31.381  40.864 1600.0000000000
11336  -26.261  -74.048  -8.945 1607.0000000000
11483  -27.224  -65.123  19.248 1611.0000000000
12822  -15.623  -14.640  56.287 1618.0000000000
13120  -57.425  -24.369  -40.541 1625.0000000000
13801  -55.915  0.057  -48.227 1635.0000000000
6133  -31.290  43.294  -9.356 1641.0000000000
6468  -22.994  -12.408  45.774 1648.0000000000
879  -8.031  -60.216  5.931 1656.0000000000
5467  -48.214  -63.206  -19.568 1665.0000000000
1792  -24.002  22.825  -62.082 1673.0000000000
5914  -29.577  54.035  19.009 1675.0000000000
7153  -47.118  12.702  -12.535 1690.0000000000
14554  -48.601  0.321  -4.165 1710.0000000000
1304  -59.874  10.312  -37.695 1721.0000000000
1305  -35.772  18.606  7.122 1726.0000000000
1508  -48.748  -56.409  -22.859 1735.0000000000
8964  -58.790  7.984  -23.253 1774.0000000000
11220  -6.190  24.977  -30.173 1777.0000000000
11221  -18.111  76.928  -5.068 1789.0000000000
13521  -9.485  -3.175  58.133 1800.0000000000
13738  -35.002  74.685  -27.591 1808.0000000000
13271  -21.896  73.417  -25.413 1817.0000000000
13828  -9.642  -58.158  -21.568 1823.0000000000
880  -5.050  -58.307  5.862 1851.0000000000
10667  -61.995  -12.036  15.833 1864.0000000000
10970  -36.625  -71.486  -11.302 1881.0000000000
13043  -37.799  -29.032  -41.466 1884.0000000000
12925  -16.545  77.321  -8.029 1893.0000000000
14784  -9.525  74.864  -35.861 1904.0000000000
14648  -42.024  16.842  -50.521 1907.0000000000
1124  -32.097  -27.032  -24.515 1913.0000000000
1125  -31.409  -29.453  -23.614 1916.0000000000
2611  -31.154  -5.729  0.797 1920.0000000000
5044  -7.554  -83.651  -7.315 1932.0000000000
2255  -32.283  20.689  43.466 1933.0000000000
11482  -26.583  5.721  -49.140 1981.0000000000
12406  -0.348  32.795  1.575 2000.0000000000
13937  -40.336  6.777  -46.761 2009.0000000000
878  -8.710  -58.608  5.022 2033.0000000000
8304  -4.852  -73.472  -5.983 2047.0000000000
4388  -20.158  78.781  0.835 2048.0000000000
13421  -31.656  -11.704  3.333 2074.0000000000
11035  -46.897  -30.616  35.420 2087.0000000000
12792  -17.590  83.192  -13.404 2089.0000000000
13757  -58.269  21.989  -9.614 2097.0000000000
1123  -29.521  -29.339  -22.676 2125.0000000000
5043  -44.820  -50.696  -14.312 2144.0000000000
7555  -18.070  65.882  20.523 2146.0000000000
9839  -3.215  -47.864  27.570 2153.0000000000
10528  -23.546  -67.880  -25.893 2162.0000000000
9840  -1.897  -81.391  -21.020 2180.0000000000
11484  -19.649  -80.829  -0.963 2192.0000000000
12463  -11.884  -55.906  -13.458 2209.0000000000
9500  -40.603  41.022  -25.745 2218.0000000000
6134  -32.842  44.186  -11.192 2236.0000000000
13237  -44.540  11.552  -5.156 2241.0000000000
2139  -42.561  -63.623  -31.937 2251.0000000000
5863  -11.900  84.104  -19.940 2266.0000000000
6497  -3.543  -0.356  8.267 2273.0000000000
7539  -1.032  -1.124  -36.934 2279.0000000000
10324  -31.216  -28.794  -34.651 2294.0000000000
9646  -11.500  0.403  16.998 2305.0000000000
12345  -3.214  -46.657  29.962 2306.0000000000
14445  -30.815  -69.341  -35.119 2308.0000000000
13390  -19.246  36.550  37.055 2314.0000000000
14672  -39.121  60.888  0.186 2315.0000000000
1303  -61.340  8.473  -36.016 2319.0000000000
4025  -14.493  -3.270  19.751 2344.0000000000
2070  -30.713  11.984  -60.380 2362.0000000000
10765  -33.298  72.723  -26.781 2375.0000000000
11160  -17.539  22.091  49.892 2376.0000000000
12363  -48.014  14.024  -42.980 2389.0000000000
11550  -12.118  29.488  15.186 2401.0000000000
12696  -5.777  51.608  23.701 2415.0000000000
12697  -35.335  -71.882  1.150 2425.0000000000
14520  -31.922  15.230  -5.948 2439.0000000000
2082  -27.901  43.007  17.396 2458.0000000000
2138  -55.895  -47.434  -25.182 2460.0000000000
3693  -46.693  -5.176  4.446 2475.0000000000
2206  -14.706  77.389  2.987 2490.0000000000
5438  -15.616  -8.170  46.310 2498.0000000000
7538  -38.426  48.337  -16.482 2509.0000000000
11716  -19.296  35.898  42.544 2512.0000000000
12513  -34.639  -10.112  -10.733 2520.0000000000
14181  -23.445  79.453  -13.808 2535.0000000000
4951  -50.663  -55.614  -6.666 2544.0000000000
4952  -7.848  55.894  -19.126 2552.0000000000
5045  -41.924  27.355  -1.806 2557.0000000000
4026  -13.325  -1.015  22.069 2561.0000000000
7554  -18.737  64.043  22.041 2575.0000000000
2941  -8.800  -47.573  16.159 2579.0000000000
3801  -0.733  -56.348  23.818 2581.0000000000
7985  -20.071  5.750  -30.191 2599.0000000000
11551  -4.939  12.861  50.904 2601.0000000000
10470  -57.359  -13.004  -13.895 2610.0000000000
13904  -50.221  24.486  -17.709 2649.0000000000
14653  -48.132  -27.382  20.511 2654.0000000000
2084  -10.095  -25.638  -19.765 2661.0000000000
2083  -8.781  -26.278  -17.907 2665.0000000000
4516  -20.588  11.596  35.626 2671.0000000000
2205  -40.561  -49.194  -36.190 2690.0000000000
7660  -58.555  10.968  -44.028 2691.0000000000
5487  -47.409  10.856  -58.881 2698.0000000000
9059  -26.942  16.191  -64.535 2705.0000000000
9728  -35.477  54.039  -1.416 2713.0000000000
12411  -36.516  -30.401  15.444 2726.0000000000
14383  -4.110  58.329  21.037 2733.0000000000
14494  -29.693  29.962  -16.521 2747.0000000000
14690  -24.643  1.802  44.902 2759.0000000000
4950  -32.289  -0.269  19.065 2760.0000000000
3025  -36.908  -61.696  2.265 2769.0000000000
9499  -43.791  38.931  -27.973 2789.0000000000
9498  -18.126  -81.571  -7.982 2805.0000000000
11552  -34.655  40.964  22.933 2809.0000000000
12297  -11.473  5.898  27.011 2828.0000000000
13906  -27.309  -50.222  33.736 2833.0000000000
14444  -27.216  -16.553  42.411 2848.0000000000
14646  -44.848  15.542  -48.650 2862.0000000000
4766  -35.913  -31.218  43.180 2863.0000000000
2137  -54.365  -47.234  -23.888 2866.0000000000
4515  -19.184  13.554  32.892 2871.0000000000
5439  -50.952  -1.359  19.842 2900.0000000000
633  -46.448  -12.634  -1.670 2920.0000000000
10294  -32.325  18.835  31.583 2924.0000000000
8312  -37.703  62.193  -11.756 2930.0000000000
12499  -57.644  -23.274  -8.885 2943.0000000000
3027  -7.061  -71.235  -21.122 2948.0000000000
386  -50.001  24.544  -15.282 2953.0000000000
6652  -32.359  -14.073  -44.173 2963.0000000000
2940  -2.401  -5.584  31.148 2979.0000000000
1242  -11.964  -60.775  -5.900 2986.0000000000
2071  -31.088  20.340  43.182 2987.0000000000
2069  -33.307  10.880  -56.619 2997.0000000000
6818  -21.911  13.386  -36.737 3005.0000000000
9356  -4.049  -53.053  -15.932 3013.0000000000
3630  -45.821  -0.565  -31.054 3024.0000000000
12760  -53.075  16.075  23.073 3043.0000000000
7433  -9.658  36.035  -32.538 3051.0000000000
12318  -30.403  37.903  34.492 3062.0000000000
12306  -33.537  11.586  -3.179 3085.0000000000
5049  -29.253  23.133  -32.485 3093.0000000000
7557  -48.722  -41.628  -19.644 3096.0000000000
4768  -44.832  28.974  -6.241 3097.0000000000
2204  -38.899  -53.896  -35.298 3111.0000000000
2081  -25.637  43.323  14.251 3123.0000000000
5437  -63.229  1.174  -19.856 3133.0000000000
8254  -16.102  38.036  32.252 3138.0000000000
9060  -2.752  37.967  4.591 3143.0000000000
632  -44.536  -12.676  -1.034 3145.0000000000
818  -6.665  -29.970  -0.511 3147.0000000000
819  -6.361  -29.575  0.838 3156.0000000000
6391  -12.861  -61.344  -11.797 3161.0000000000
7966  -35.758  69.439  -30.676 3177.0000000000
385  -65.821  -15.098  -24.313 3185.0000000000
8984  -25.277  -21.654  -16.409 3188.0000000000
8985  -27.172  -20.142  -18.254 3189.0000000000
6653  -46.074  18.370  12.073 3190.0000000000
1243  -12.691  49.176  5.003 3195.0000000000
2939  -2.851  -3.982  34.199 3206.0000000000
11516  -11.096  -34.282  17.808 3231.0000000000
12197  -47.929  2.852  -25.407 3270.0000000000
4461  -33.839  -1.306  -7.938 3277.0000000000
8412  -34.371  23.098  39.899 3282.0000000000
10335  -56.126  6.862  3.418 3286.0000000000
14833  -31.498  75.679  -13.504 3303.0000000000
4767  -45.779  29.189  -12.645 3308.0000000000
1774  -11.529  48.731  -41.610 3313.0000000000
9248  -26.667  34.566  -9.868 3325.0000000000
9249  -2.263  -70.550  14.287 3333.0000000000
4514  -14.679  -31.434  -23.951 3339.0000000000
2151  -36.019  -16.093  -10.618 3347.0000000000
2080  -26.482  46.123  16.643 3355.0000000000
631  -3.421  26.959  46.002 3393.0000000000
6233  -33.449  59.778  -29.491 3396.0000000000
1818  -28.560  -13.450  -25.025 3401.0000000000
5312  -62.391  1.326  3.948 3402.0000000000
3079  -24.013  -28.565  41.050 3405.0000000000
387  -48.929  23.214  -12.071 3409.0000000000
7507  -13.960  65.619  -19.521 3410.0000000000
6317  -4.489  71.453  -24.491 3427.0000000000
8315  -34.651  37.906  -37.699 3428.0000000000
5651  -59.815  -35.025  3.995 3436.0000000000
3026  -10.630  -67.225  -35.911 3441.0000000000
8986  -36.844  -36.193  -32.319 3456.0000000000
5347  -15.821  2.298  -33.492 3461.0000000000
12448  -5.480  -53.058  -22.755 3464.0000000000
6561  -12.322  44.127  5.580 3467.0000000000
13823  -8.148  9.720  37.725 3479.0000000000
3628  -3.819  -49.616  25.125 3490.0000000000
9710  -32.056  -8.856  -37.525 3501.0000000000
8411  -9.041  23.647  49.513 3528.0000000000
7556  -41.815  3.648  2.160 3553.0000000000
8848  -40.642  27.924  -58.680 3568.0000000000
11349  -15.546  82.112  -14.297 3575.0000000000
8872  -3.885  -40.288  41.678 3578.0000000000
2079  -41.151  -62.648  -17.183 3600.0000000000
7444  -9.129  44.671  23.132 3602.0000000000
7086  -45.444  -15.872  23.123 3614.0000000000
10138  -49.457  20.179  9.284 3615.0000000000
7087  -47.012  -16.088  21.961 3619.0000000000
14327  -13.823  -55.488  -1.819 3626.0000000000
7085  -44.474  -14.981  22.549 3627.0000000000
817  -21.186  -14.367  -25.539 3630.0000000000
9046  -19.437  71.969  -21.793 3634.0000000000
12892  -20.245  -54.911  17.218 3639.0000000000
1819  -61.035  -7.758  20.689 3647.0000000000
3080  -43.946  11.521  -53.472 3652.0000000000
3167  -52.843  -50.456  0.612 3662.0000000000
5311  -7.735  -16.526  55.385 3664.0000000000
4699  -50.029  -36.302  -32.834 3682.0000000000
7872  -65.080  -12.726  -31.009 3683.0000000000
1817  -4.407  -13.404  16.860 3686.0000000000
3081  -44.164  10.992  -56.094 3687.0000000000
8318  -33.626  -58.264  15.775 3695.0000000000
12117  -39.804  48.539  -6.631 3707.0000000000
10300  -17.313  -18.092  23.496 3724.0000000000
10302  -25.635  -21.277  -26.507 3725.0000000000
12063  -30.885  -29.141  -29.766 3737.0000000000
2130  -33.860  33.811  13.905 3740.0000000000
3629  -2.483  -50.117  22.617 3758.0000000000
9708  -31.806  -12.611  -34.747 3760.0000000000
7434  -11.248  -26.542  10.916 3771.0000000000
3843  -11.158  -54.159  17.690 3776.0000000000
10096  -42.293  -29.296  -8.034 3778.0000000000
10334  -9.637  -18.452  45.270 3815.0000000000
12228  -17.589  -61.062  -17.216 3833.0000000000
9686  -57.007  2.085  -17.292 3851.0000000000
4197  -3.162  -24.397  23.315 3854.0000000000
2484  -3.092  16.913  42.116 3866.0000000000
12471  -24.729  30.616  -42.738 3888.0000000000
9631  -63.648  -12.151  10.372 3911.0000000000
5889  -17.559  77.034  -28.598 3916.0000000000
9630  0.406  37.041  -19.229 3919.0000000000
12891  -52.602  -34.557  -14.494 3920.0000000000
11969  -43.417  54.236  9.395 3938.0000000000
86  -52.353  7.476  -55.493 3947.0000000000
5310  -6.804  -16.700  57.652 3960.0000000000
11078  -12.390  -14.392  27.173 3979.0000000000
9992  -42.082  -36.264  26.746 3986.0000000000
6562  -3.906  11.187  49.351 3997.0000000000
2129  -30.823  31.295  13.221 4018.0000000000
9709  -33.351  -11.580  -35.741 4036.0000000000
8552  -25.418  39.551  -10.193 4046.0000000000
1773  -35.392  51.962  12.892 4059.0000000000
1772  -13.312  -5.130  -34.037 4082.0000000000
4708  -6.033  37.659  44.374 4097.0000000000
13520  -25.070  39.251  -27.573 4100.0000000000
13125  -33.455  21.848  -30.115 4116.0000000000
4196  -2.530  50.289  -41.974 4127.0000000000
2150  -35.129  -15.118  -8.455 4136.0000000000
6759  -5.077  39.824  -43.018 4145.0000000000
8437  -3.113  -74.856  -24.387 4151.0000000000
12460  -8.154  57.163  -24.022 4156.0000000000
7336  -15.165  1.436  55.996 4171.0000000000
5888  -34.159  -61.014  23.760 4174.0000000000
10090  -31.685  16.659  -3.667 4194.0000000000
4697  -51.965  -39.678  -33.684 4199.0000000000
11175  -34.945  11.313  -0.553 4207.0000000000
13730  -31.710  -50.944  29.532 4209.0000000000
85  -48.686  9.217  -56.515 4211.0000000000
5650  -57.206  -33.122  5.715 4252.0000000000
2128  -34.494  32.708  14.345 4256.0000000000
12062  -33.395  -17.144  49.556 4265.0000000000
10301  -12.289  2.299  18.178 4270.0000000000
10905  -57.606  5.583  -4.831 4271.0000000000
13884  -23.299  67.087  -3.822 4282.0000000000
8728  -60.876  -31.242  12.642 4286.0000000000
8551  -38.401  -34.635  -0.235 4299.0000000000
5664  -59.252  -37.728  -23.363 4346.0000000000
10398  -1.745  -61.076  -2.808 4361.0000000000
12227  -14.150  80.999  -10.161 4363.0000000000
2152  -42.191  -32.456  -9.325 4370.0000000000
1327  -47.027  8.305  -60.044 4382.0000000000
1326  -47.960  10.225  -60.409 4392.0000000000
202  -41.022  -53.569  15.359 4395.0000000000
13126  -48.816  30.483  20.507 4399.0000000000
5665  -60.977  -35.233  -22.935 4403.0000000000
9095  -34.843  13.203  -61.925 4418.0000000000
5677  -53.323  -33.770  -30.938 4422.0000000000
13593  -9.367  -65.719  -7.082 4423.0000000000
5676  -51.465  -29.382  -29.265 4433.0000000000
7337  -20.062  -57.265  20.765 4437.0000000000
9632  -35.855  32.818  -56.444 4446.0000000000
11970  -25.118  2.741  51.450 4455.0000000000
2825  -7.965  -15.603  56.393 4459.0000000000
84  -41.734  -46.898  27.916 4462.0000000000
3834  -39.832  38.696  -34.173 4463.0000000000
6753  -46.455  -5.121  -12.568 4475.0000000000
8641  -52.103  38.742  -1.416 4477.0000000000
5649  -39.981  -68.007  2.083 4480.0000000000
7702  -35.046  -73.813  -23.365 4484.0000000000
6260  -7.531  46.660  -34.049 4493.0000000000
6261  -28.060  43.305  -38.096 4501.0000000000
9144  -24.467  45.166  12.974 4506.0000000000
9704  -29.732  65.461  10.030 4510.0000000000
1836  -34.980  -65.850  -15.884 4511.0000000000
1837  -36.330  -63.655  -16.376 4521.0000000000
6984  -0.743  -77.218  -2.622 4524.0000000000
8550  -38.939  -33.909  -3.290 4528.0000000000
10509  -31.521  4.905  -47.941 4537.0000000000
4588  -13.227  -77.516  0.160 4556.0000000000
5663  -61.933  -35.787  -21.752 4585.0000000000
4587  -39.649  69.385  -28.261 4590.0000000000
3480  -44.147  -50.729  -22.781 4614.0000000000
3479  -37.264  -32.602  38.539 4616.0000000000
10895  -27.564  3.753  29.382 4621.0000000000
5960  -32.483  49.356  -35.734 4648.0000000000
7733  -10.772  -18.966  -19.105 4650.0000000000
9096  -11.639  8.088  21.650 4658.0000000000
5887  -33.891  -58.256  18.603 4665.0000000000
2838  -10.077  13.161  -34.506 4668.0000000000
10089  -4.671  -3.697  50.511 4676.0000000000
3835  -0.560  -68.496  -24.750 4685.0000000000
3833  -41.461  39.570  -31.221 4691.0000000000
4734  -43.632  53.489  -13.732 4697.0000000000
7703  -34.190  -71.977  -23.196 4702.0000000000
8642  -46.040  -2.394  -10.540 4709.0000000000
9924  -12.493  -56.389  -31.632 4720.0000000000
3016  -30.376  -19.206  34.661 4726.0000000000
7943  -10.904  69.240  -3.591 4739.0000000000
1835  -59.795  -16.632  -38.974 4743.0000000000
7944  -8.685  72.294  -1.604 4747.0000000000
10565  -61.845  9.602  -3.863 4759.0000000000
11539  -26.391  -32.820  -22.241 4763.0000000000
2380  -57.383  -29.705  0.626 4772.0000000000
2379  -56.451  -25.033  -1.534 4784.0000000000
10397  -29.973  -69.503  8.466 4814.0000000000
1328  -2.908  20.541  11.733 4839.0000000000
2483  -4.368  17.085  40.527 4843.0000000000
13670  -10.240  15.622  -32.931 4848.0000000000
3953  -59.782  -15.867  -28.495 4854.0000000000
8438  -44.376  13.898  -62.861 4869.0000000000
2697  -34.127  -15.066  -27.744 4874.0000000000
9923  0.637  -71.826  -7.297 4878.0000000000
5320  -48.825  -47.037  -24.576 4883.0000000000
2837  -47.620  -63.171  -17.478 4889.0000000000
7574  -50.703  -27.369  12.423 4892.0000000000
7576  -52.948  -28.658  10.904 4896.0000000000
6490  -18.134  26.021  47.666 4899.0000000000
13460  -63.825  4.776  -4.544 4906.0000000000
12509  -18.115  8.353  41.270 4911.0000000000
13776  -37.602  1.671  17.601 4916.0000000000
14531  -58.468  -22.024  8.618 4936.0000000000
3017  -32.576  -20.931  33.474 4943.0000000000
3015  -34.374  -20.597  36.587 4945.0000000000
9000  -46.552  -3.532  4.341 4952.0000000000
7945  -9.166  72.440  -3.351 4957.0000000000
4391  -3.602  70.716  2.153 4960.0000000000
5013  -14.220  63.582  -8.574 4964.0000000000
10315  -30.236  29.425  -28.694 4971.0000000000
11918  -6.604  -2.567  45.210 4981.0000000000
11932  -39.241  65.731  -1.009 4988.0000000000
13427  -7.874  68.403  -41.604 5006.0000000000
10396  -39.064  -9.663  -7.454 5015.0000000000
9685  -45.784  -47.095  13.313 5019.0000000000
201  -42.562  -53.060  14.055 5056.0000000000
3481  -43.136  -49.404  -20.833 5060.0000000000
5961  -22.526  -69.051  -9.642 5074.0000000000
4257  -56.616  -39.826  -9.796 5077.0000000000
3606  -24.068  -31.972  -31.486 5087.0000000000
3816  -46.101  -35.286  10.541 5093.0000000000
2839  -8.861  11.883  -33.922 5100.0000000000
2696  -33.390  -16.418  -25.132 5102.0000000000
8930  -38.692  -62.844  -22.970 5110.0000000000
6662  -8.125  -28.378  9.791 5119.0000000000
10911  -7.234  -14.571  9.423 5120.0000000000
9121  -57.210  -15.169  -43.427 5125.0000000000
6517  -57.090  -7.366  -40.271 5129.0000000000
9052  -20.613  52.081  6.718 5133.0000000000
12001  -46.897  60.520  -15.827 5139.0000000000
13386  -28.508  48.327  -19.615 5143.0000000000
14194  -5.322  -11.220  -18.815 5160.0000000000
1879  -11.783  -54.161  27.473 5166.0000000000
10783  -22.776  65.510  -12.696 5169.0000000000
14455  -14.297  2.986  46.764 5175.0000000000
14686  -21.999  -51.733  11.366 5184.0000000000
3044  -62.647  2.545  -29.870 5197.0000000000
11103  -23.000  -13.003  53.238 5201.0000000000
14780  -18.018  -51.543  27.892 5205.0000000000
548  -6.958  70.975  -38.979 5207.0000000000
547  -7.814  66.146  -38.585 5208.0000000000
14869  -57.238  24.335  7.389 5212.0000000000
14267  -63.659  5.525  -1.184 5216.0000000000
3243  -7.561  -66.186  -19.370 5221.0000000000
462  -22.801  -7.555  32.597 5222.0000000000
4390  -5.686  71.879  5.060 5230.0000000000
5955  -34.518  -7.479  -45.279 5236.0000000000
9736  -58.231  3.832  13.617 5244.0000000000
11866  -27.898  -69.774  -31.919 5246.0000000000
13258  -0.115  -20.072  -12.429 5260.0000000000
14069  -12.847  80.963  -17.321 5270.0000000000
203  -42.303  -54.542  15.821 5298.0000000000
10710  -26.461  -50.714  18.744 5302.0000000000
11117  -51.382  -2.987  9.455 5313.0000000000
3954  -59.949  -16.874  -29.833 5326.0000000000
3955  -62.480  -14.734  -28.738 5338.0000000000
3324  0.865  25.455  5.209 5342.0000000000
8955  -60.343  -26.229  -30.210 5346.0000000000
3604  -4.732  3.559  11.762 5349.0000000000
2695  -37.460  -71.861  -27.957 5354.0000000000
7575  -51.817  -29.656  8.680 5370.0000000000
9184  -61.649  -33.340  -31.349 5371.0000000000
371  -6.459  62.982  16.024 5373.0000000000
6516  -25.123  21.561  -61.646 5382.0000000000
10303  -28.181  -22.640  -24.335 5420.0000000000
14228  -16.198  71.611  -31.802 5431.0000000000
10875  1.307  -25.229  -6.216 5439.0000000000
2546  -13.602  44.163  -37.447 5447.0000000000
6032  -24.055  0.748  -44.608 5460.0000000000
1877  -11.162  -52.226  27.212 5464.0000000000
10524  -13.059  -33.733  16.792 5465.0000000000
549  -36.473  -13.745  -8.095 5483.0000000000
461  -20.345  -8.500  37.190 5486.0000000000
4538  -52.355  -3.381  8.301 5490.0000000000
7615  -20.890  -53.005  -10.305 5500.0000000000
10862  -26.881  11.817  28.190 5505.0000000000
7977  -17.705  45.521  24.791 5509.0000000000
3263  -3.473  23.002  17.520 5519.0000000000
3264  -4.925  22.251  17.541 5538.0000000000
7468  -9.495  73.844  -20.455 5540.0000000000
3859  -43.239  -42.208  24.140 5604.0000000000
6431  -29.049  -50.898  5.368 5608.0000000000
5430  -36.760  45.886  24.607 5616.0000000000
7104  -54.636  -35.031  9.168 5620.0000000000
373  -7.227  61.451  12.390 5622.0000000000
8931  -44.118  -61.586  -22.537 5633.0000000000
5660  -14.827  -45.534  -27.514 5669.0000000000
13896  -38.065  -39.019  -33.015 5678.0000000000
9122  -50.483  42.892  -6.062 5688.0000000000
1878  -12.688  -51.269  27.474 5698.0000000000
4498  -41.269  24.988  32.405 5705.0000000000
4500  -2.136  50.657  -44.090 5706.0000000000
10784  -19.135  44.863  15.286 5711.0000000000
10968  -18.669  26.123  -36.126 5737.0000000000
7549  -4.159  32.135  -38.647 5742.0000000000
463  -22.631  -7.363  35.447 5748.0000000000
10523  -54.463  33.588  -11.481 5750.0000000000
6764  -27.611  -27.969  42.628 5763.0000000000
3282  -38.557  30.480  -51.170 5770.0000000000
3422  -59.317  -23.455  5.817 5777.0000000000
7976  -6.619  -80.297  -32.378 5781.0000000000
7426  -47.690  -20.285  -36.309 5805.0000000000
14380  -25.378  28.117  33.618 5808.0000000000
6748  -43.981  -67.604  -19.221 5817.0000000000
11159  -20.814  52.088  20.754 5828.0000000000
3592  -0.628  -71.990  -17.046 5844.0000000000
3323  1.454  16.881  6.628 5850.0000000000
3605  -25.118  -29.170  -31.845 5854.0000000000
13538  -45.921  5.287  -31.090 5863.0000000000
13233  -34.092  -72.455  1.011 5865.0000000000
6203  -53.305  -7.416  16.729 5866.0000000000
6432  -28.756  -47.050  10.353 5868.0000000000
6515  -34.074  -3.205  -30.492 5907.0000000000
6489  -16.924  25.781  47.772 5910.0000000000
6558  -21.950  17.944  -48.216 5928.0000000000
12402  -42.918  39.343  11.209 5971.0000000000
10874  -40.984  45.803  -26.016 5978.0000000000
4499  -1.756  54.337  -44.504 5981.0000000000
13058  -26.540  79.795  -24.550 5985.0000000000
13794  -49.484  -53.978  -2.059 5998.0000000000
14062  -5.044  24.794  -30.689 6007.0000000000
11040  -57.324  -17.826  7.480 6008.0000000000
13759  -18.326  3.769  -30.715 6014.0000000000
14600  -3.826  14.652  39.460 6019.0000000000
12684  0.604  18.198  -18.336 6026.0000000000
14687  -7.881  -74.051  -35.566 6027.0000000000
7319  0.938  -2.185  4.949 6041.0000000000
3265  -4.970  25.905  15.896 6048.0000000000
12959  -27.967  -67.567  13.820 6052.0000000000
7425  -47.767  -23.391  -36.842 6060.0000000000
3325  -5.572  0.279  9.671 6081.0000000000
12364  -9.062  32.787  32.747 6099.0000000000
2264  -56.797  -14.867  10.606 6102.0000000000
7103  -49.845  -6.097  2.519 6121.0000000000
9028  -34.855  33.071  -22.640 6124.0000000000
10785  -30.619  -18.011  -20.729 6152.0000000000
5662  -41.442  -50.969  19.279 6159.0000000000
1218  -20.683  69.776  -15.921 6178.0000000000
14106  -44.573  -23.125  -12.531 6181.0000000000
13209  -63.298  -9.678  12.954 6183.0000000000
13210  -23.080  -41.897  45.637 6184.0000000000
13338  -5.850  -57.374  -18.860 6197.0000000000
2907  -36.024  28.016  -6.090 6200.0000000000
3281  -39.416  27.932  -50.418 6227.0000000000
3283  -12.658  0.689  24.749 6230.0000000000
7318  -30.105  16.186  -32.272 6238.0000000000
7320  1.028  -7.674  5.767 6243.0000000000
10748  -21.917  -58.770  14.366 6247.0000000000
10749  -57.600  9.944  -3.751 6256.0000000000
12458  -28.462  50.045  20.367 6264.0000000000
2142  -14.463  -7.441  17.475 6268.0000000000
2530  -9.493  51.942  33.589 6275.0000000000
8699  -52.639  -7.859  8.295 6289.0000000000
10117  -51.237  -10.532  -12.172 6301.0000000000
5661  -16.000  -43.498  -27.681 6319.0000000000
10967  -30.676  23.962  -9.627 6341.0000000000
13211  -14.413  34.671  -34.417 6367.0000000000
7413  -28.125  -44.524  41.423 6375.0000000000
8024  -44.525  -38.947  26.914 6379.0000000000
9484  -17.815  -74.078  -7.160 6385.0000000000
7412  -27.547  -43.980  39.489 6389.0000000000
9564  -48.279  -38.965  19.623 6393.0000000000
2493  -27.323  32.421  -57.135 6398.0000000000
6865  -31.675  -6.382  47.322 6409.0000000000
6894  -31.912  19.513  8.938 6412.0000000000
2443  -5.394  -72.285  -11.273 6420.0000000000
10747  -24.272  45.296  10.491 6437.0000000000
5291  -51.939  -30.999  -25.811 6443.0000000000
2141  -14.836  -7.059  20.092 6444.0000000000
5290  -53.552  -28.914  -24.717 6451.0000000000
9027  -44.053  -38.697  18.132 6466.0000000000
2634  -28.657  48.651  21.271 6472.0000000000
6303  -35.942  21.267  -24.462 6478.0000000000
8954  -23.194  77.866  -26.998 6493.0000000000
7791  -29.682  -20.314  27.342 6495.0000000000
5258  1.180  1.744  -11.876 6508.0000000000
13039  -2.808  -83.511  -24.126 6510.0000000000
7411  -28.997  -42.744  39.397 6537.0000000000
10157  -4.921  9.077  43.741 6551.0000000000
4009  -7.264  -29.741  -2.015 6561.0000000000
2495  -56.954  -31.568  -40.435 6563.0000000000
2444  -42.613  -8.812  38.195 6579.0000000000
5994  -37.345  -51.391  -22.453 6599.0000000000
2143  -15.073  -9.100  18.371 6602.0000000000
2304  -33.508  50.421  2.474 6604.0000000000
2480  -40.908  -49.561  -3.554 6605.0000000000
9421  -56.007  22.628  -1.090 6611.0000000000
13565  -23.980  71.898  -5.752 6624.0000000000
8698  -23.653  -12.796  50.057 6626.0000000000
2635  -32.804  0.131  0.183 6635.0000000000
2898  -41.699  46.136  8.766 6643.0000000000
372  -8.187  60.792  13.882 6644.0000000000
1730  -10.168  64.466  20.798 6651.0000000000
2899  -51.918  -36.214  -40.628 6655.0000000000
2043  -47.698  53.785  -3.453 6664.0000000000
8884  -8.800  38.781  17.356 6672.0000000000
2234  -36.491  -11.686  19.105 6686.0000000000
5256  -36.278  -26.209  26.635 6702.0000000000
9485  -17.533  -76.060  -8.708 6710.0000000000
2494  -58.189  -28.735  -40.505 6724.0000000000
4008  -6.975  82.322  -5.820 6728.0000000000
4010  -18.015  -53.234  29.629 6741.0000000000
4215  -45.304  54.928  -26.902 6744.0000000000
6385  -42.045  61.571  -32.370 6752.0000000000
6384  -41.406  62.584  -28.975 6753.0000000000
8166  -20.387  -38.244  41.382 6757.0000000000
4175  -62.966  -7.879  1.074 6768.0000000000
9343  -33.698  6.031  -36.926 6773.0000000000
2409  -54.849  -37.026  11.857 6778.0000000000
12625  -3.126  -69.769  -32.892 6792.0000000000
11315  -46.926  58.898  -21.683 6794.0000000000
13530  -47.466  6.527  -28.994 6797.0000000000
6926  -8.817  53.309  -7.014 6799.0000000000
6992  -33.321  41.302  30.001 6813.0000000000
13803  -15.738  -82.177  -13.700 6814.0000000000
46  -36.795  58.520  12.331 6836.0000000000
2041  -46.281  53.763  -3.716 6837.0000000000
6304  -37.666  21.563  -23.615 6842.0000000000
1729  -20.965  38.861  -35.433 6854.0000000000
5296  -39.047  64.409  -32.395 6860.0000000000
2042  -46.433  54.133  -2.092 6870.0000000000
9738  -1.001  -5.757  -22.298 6915.0000000000
9061  -6.808  50.334  22.603 6921.0000000000
14155  -21.463  20.208  -29.027 6923.0000000000
14273  -25.260  -67.564  -10.654 6928.0000000000
8190  -46.620  -64.581  -8.685 6942.0000000000
8191  -46.004  -63.132  -11.283 6944.0000000000
13727  -6.935  -55.220  -17.637 6949.0000000000
9460  -53.768  -37.095  22.946 6950.0000000000
11213  -32.862  -10.801  -11.231 6952.0000000000
45  -37.058  57.175  13.042 6980.0000000000
5295  -40.704  60.260  -35.440 6996.0000000000
7790  -43.060  -59.110  7.571 7004.0000000000
8109  0.809  20.492  -38.921 7009.0000000000
5257  -12.844  2.951  24.320 7016.0000000000
10991  -37.793  18.545  4.465 7024.0000000000
218  -53.678  8.115  -42.390 7028.0000000000
2408  -39.152  64.817  -25.208 7029.0000000000
10924  -25.482  3.974  49.775 7032.0000000000
2410  -56.302  -38.201  9.712 7043.0000000000
3594  -3.063  -44.198  41.344 7053.0000000000
6993  -29.013  -48.362  -25.766 7056.0000000000
8160  -39.035  14.663  -15.917 7074.0000000000
2984  -4.426  49.837  -18.130 7092.0000000000
4069  -38.335  18.393  -52.341 7103.0000000000
219  -22.967  -6.733  48.803 7117.0000000000
10925  -55.628  16.388  -40.869 7121.0000000000
10975  -44.295  -53.904  22.030 7123.0000000000
10898  -35.740  50.613  -21.506 7133.0000000000
5400  -59.297  -25.204  -36.633 7136.0000000000
7579  -12.703  -47.422  5.108 7139.0000000000
2983  -2.305  -7.530  49.482 7148.0000000000
2985  -1.219  49.234  -17.121 7152.0000000000
7578  -31.611  51.117  -2.593 7166.0000000000
4070  -20.948  -74.215  -8.632 7175.0000000000
6257  -18.211  -23.410  46.207 7185.0000000000
7580  -57.728  -6.030  -47.825 7187.0000000000
4068  -35.979  19.580  -52.931 7196.0000000000
12070  -8.861  -35.910  3.767 7197.0000000000
644  -10.421  -31.465  53.046 7201.0000000000
5119  -37.307  23.335  23.773 7207.0000000000
645  -10.974  -32.614  53.734 7208.0000000000
8176  -26.270  28.612  26.670 7210.0000000000
13799  -10.546  -86.867  -15.474 7219.0000000000
12391  -36.968  -3.698  -47.919 7237.0000000000
4958  -60.446  -19.897  -22.010 7253.0000000000
