#!ascii label  , from subject FreeSurferMNI152 vox2ras=TkReg
324
147293  12.271  77.066  -34.537 0.0000000000
147294  11.906  76.718  -34.365 0.0000000000
147295  11.210  76.465  -34.267 0.0000000000
147304  12.059  77.046  -34.841 0.0000000000
147305  11.565  76.777  -35.033 0.0000000000
147306  10.672  76.453  -34.807 0.0000000000
147307  9.946  76.442  -34.987 0.0000000000
147313  11.146  76.720  -35.611 0.0000000000
147314  10.462  76.617  -35.815 0.0000000000
147315  9.634  76.484  -35.595 0.0000000000
147316  9.173  76.470  -35.779 0.0000000000
147321  10.116  76.695  -36.301 0.0000000000
147322  9.757  76.797  -36.667 0.0000000000
147323  9.313  76.651  -36.610 0.0000000000
147328  9.725  77.153  -37.212 0.0000000000
147329  9.515  76.981  -37.126 0.0000000000
147667  11.043  77.514  -30.951 0.0000000000
147679  10.839  77.351  -31.652 0.0000000000
147690  11.568  76.652  -32.630 0.0000000000
147691  10.517  77.125  -32.569 0.0000000000
147692  9.852  77.389  -32.928 0.0000000000
147703  12.567  77.063  -33.977 0.0000000000
147704  11.382  76.565  -33.528 0.0000000000
147705  10.393  76.738  -33.659 0.0000000000
147706  9.445  77.319  -33.573 0.0000000000
147707  8.849  77.604  -33.850 0.0000000000
147709  6.462  77.787  -33.554 0.0000000000
147714  12.376  77.586  -34.963 0.0000000000
147715  11.951  77.318  -35.253 0.0000000000
147716  9.909  76.675  -34.267 0.0000000000
147717  9.266  76.866  -34.465 0.0000000000
147718  8.629  77.401  -34.307 0.0000000000
147719  7.136  77.339  -33.992 0.0000000000
147720  6.632  77.893  -33.822 0.0000000000
147724  12.041  77.826  -35.529 0.0000000000
147725  11.578  77.470  -35.849 0.0000000000
147726  11.035  77.085  -36.183 0.0000000000
147727  8.972  76.685  -34.924 0.0000000000
147728  8.582  76.844  -34.748 0.0000000000
147729  8.435  76.703  -34.847 0.0000000000
147730  7.999  76.797  -34.877 0.0000000000
147734  11.194  77.633  -36.501 0.0000000000
147735  10.545  77.330  -36.783 0.0000000000
147736  10.006  77.280  -37.219 0.0000000000
147737  8.957  76.410  -35.890 0.0000000000
147738  8.663  76.266  -35.784 0.0000000000
147739  8.365  75.967  -36.320 0.0000000000
147741  13.807  77.940  -37.534 0.0000000000
147742  10.269  77.707  -37.464 0.0000000000
147743  9.739  77.445  -37.671 0.0000000000
147744  9.199  76.720  -37.253 0.0000000000
147745  8.598  76.396  -37.547 0.0000000000
147746  7.888  76.174  -38.155 0.0000000000
147747  13.275  77.814  -38.093 0.0000000000
147748  12.767  77.763  -38.619 0.0000000000
147749  9.282  77.423  -38.187 0.0000000000
147750  8.772  77.124  -38.317 0.0000000000
147751  8.181  76.932  -38.763 0.0000000000
147752  7.503  76.533  -39.180 0.0000000000
147753  12.258  77.729  -39.185 0.0000000000
147754  11.659  77.713  -39.673 0.0000000000
147755  11.059  77.867  -39.801 0.0000000000
147756  8.539  77.333  -39.887 0.0000000000
147757  8.080  77.103  -39.685 0.0000000000
147758  7.457  76.512  -39.909 0.0000000000
147759  11.259  77.396  -40.093 0.0000000000
147760  10.566  77.464  -40.234 0.0000000000
147761  9.659  77.263  -40.389 0.0000000000
147762  8.730  77.088  -40.271 0.0000000000
147763  7.990  76.580  -40.235 0.0000000000
147764  7.556  76.308  -40.220 0.0000000000
148051  10.647  78.558  -29.975 0.0000000000
148052  5.939  78.676  -29.510 0.0000000000
148067  10.358  78.286  -30.714 0.0000000000
148068  9.706  78.679  -31.087 0.0000000000
148069  5.628  78.838  -30.442 0.0000000000
148079  10.048  77.923  -31.627 0.0000000000
148080  9.372  78.608  -31.762 0.0000000000
148081  8.888  78.883  -32.174 0.0000000000
148082  5.608  78.588  -31.493 0.0000000000
148092  9.757  77.781  -32.270 0.0000000000
148093  9.248  78.128  -32.685 0.0000000000
148094  8.595  78.800  -32.807 0.0000000000
148095  5.762  78.454  -32.450 0.0000000000
148104  13.286  78.082  -34.133 0.0000000000
148105  8.866  78.061  -33.312 0.0000000000
148106  8.307  78.392  -33.617 0.0000000000
148107  8.028  78.707  -33.714 0.0000000000
148108  5.931  78.394  -32.993 0.0000000000
148113  12.933  78.440  -34.788 0.0000000000
148114  8.136  77.860  -34.145 0.0000000000
148115  7.690  78.280  -33.980 0.0000000000
148116  6.843  77.866  -33.948 0.0000000000
148117  6.561  78.277  -33.704 0.0000000000
148121  12.333  78.533  -35.595 0.0000000000
148122  11.904  78.195  -35.957 0.0000000000
148123  8.096  77.467  -34.377 0.0000000000
148124  7.820  77.469  -34.279 0.0000000000
148125  7.337  77.704  -34.101 0.0000000000
148126  6.822  78.407  -33.842 0.0000000000
148130  12.049  78.672  -36.247 0.0000000000
148131  11.584  78.317  -36.564 0.0000000000
148132  11.134  77.992  -36.959 0.0000000000
148133  8.086  76.946  -35.155 0.0000000000
148134  8.050  77.045  -34.931 0.0000000000
148135  14.078  78.780  -37.297 0.0000000000
148136  13.513  78.676  -37.699 0.0000000000
148137  13.022  78.876  -37.831 0.0000000000
148138  11.323  78.451  -37.162 0.0000000000
148139  10.852  78.237  -37.508 0.0000000000
148140  10.254  78.087  -37.939 0.0000000000
148141  13.020  78.383  -38.174 0.0000000000
148142  12.444  78.511  -38.426 0.0000000000
148143  11.749  78.613  -38.609 0.0000000000
148144  10.906  78.460  -38.430 0.0000000000
148145  9.813  77.976  -38.592 0.0000000000
148146  9.042  77.637  -38.863 0.0000000000
148147  8.543  77.392  -38.976 0.0000000000
148148  11.901  78.244  -39.084 0.0000000000
148149  11.294  78.267  -39.244 0.0000000000
148150  10.409  78.057  -39.442 0.0000000000
148151  9.476  77.809  -39.422 0.0000000000
148152  8.722  77.484  -39.530 0.0000000000
148153  8.334  77.294  -39.274 0.0000000000
148154  9.844  77.712  -39.938 0.0000000000
148155  9.168  77.558  -39.965 0.0000000000
148156  8.750  77.449  -39.953 0.0000000000
148421  10.367  79.910  -28.954 0.0000000000
148422  6.426  79.625  -28.451 0.0000000000
148423  5.932  79.612  -29.034 0.0000000000
148434  10.028  79.445  -29.749 0.0000000000
148435  9.343  80.106  -30.091 0.0000000000
148436  5.652  79.756  -29.781 0.0000000000
148449  9.760  78.990  -30.572 0.0000000000
148450  9.097  79.650  -30.899 0.0000000000
148451  8.407  80.287  -31.320 0.0000000000
148452  5.533  79.961  -30.494 0.0000000000
148462  8.930  79.209  -31.695 0.0000000000
148463  8.432  79.680  -31.992 0.0000000000
148464  5.504  79.689  -31.245 0.0000000000
148473  7.870  79.478  -32.950 0.0000000000
148474  7.361  79.842  -33.088 0.0000000000
148475  5.570  79.446  -32.167 0.0000000000
148483  7.970  79.145  -33.408 0.0000000000
148484  7.434  79.251  -33.534 0.0000000000
148485  5.804  79.221  -32.948 0.0000000000
148491  13.217  79.492  -34.779 0.0000000000
148492  7.149  78.808  -33.819 0.0000000000
148493  6.591  79.055  -33.669 0.0000000000
148494  6.137  78.981  -33.465 0.0000000000
148498  12.806  79.355  -35.391 0.0000000000
148499  7.178  78.221  -33.940 0.0000000000
148500  7.126  78.613  -34.008 0.0000000000
148501  6.567  78.720  -33.715 0.0000000000
148503  14.147  79.566  -36.981 0.0000000000
148504  13.755  79.805  -37.036 0.0000000000
148505  12.440  79.264  -36.370 0.0000000000
148506  11.960  78.832  -36.624 0.0000000000
148507  13.811  79.164  -37.364 0.0000000000
148508  13.481  79.414  -37.326 0.0000000000
148509  12.633  79.202  -37.470 0.0000000000
148510  11.798  78.824  -37.210 0.0000000000
148511  11.314  78.605  -37.443 0.0000000000
148512  12.152  78.850  -38.162 0.0000000000
148513  11.752  78.866  -37.988 0.0000000000
148514  11.307  78.681  -37.751 0.0000000000
148712  6.797  81.036  -22.910 0.0000000000
148727  6.886  81.174  -27.308 0.0000000000
148730  10.907  80.946  -27.850 0.0000000000
148732  6.427  80.706  -28.021 0.0000000000
148733  5.966  80.988  -28.630 0.0000000000
148735  10.434  80.622  -28.469 0.0000000000
148736  9.770  80.996  -28.893 0.0000000000
148737  6.040  80.332  -28.660 0.0000000000
148738  5.739  80.667  -29.241 0.0000000000
148739  9.956  80.336  -29.079 0.0000000000
148740  9.352  80.760  -29.556 0.0000000000
148741  8.747  81.196  -30.016 0.0000000000
148742  5.584  80.709  -30.088 0.0000000000
148748  8.972  80.560  -30.250 0.0000000000
148749  8.369  80.996  -30.736 0.0000000000
148750  5.622  80.674  -30.937 0.0000000000
148760  7.831  80.747  -31.677 0.0000000000
148761  7.341  81.025  -31.942 0.0000000000
148762  5.673  80.411  -31.845 0.0000000000
148774  7.857  80.126  -32.305 0.0000000000
148775  7.363  80.441  -32.515 0.0000000000
148776  5.769  80.039  -32.673 0.0000000000
148786  6.935  80.040  -33.189 0.0000000000
148787  6.380  79.975  -33.279 0.0000000000
148788  5.987  79.731  -33.266 0.0000000000
148796  13.141  79.874  -35.172 0.0000000000
148797  7.086  79.484  -33.516 0.0000000000
148798  6.711  79.515  -33.525 0.0000000000
148799  6.311  79.475  -33.483 0.0000000000
148803  13.693  80.437  -35.811 0.0000000000
148804  13.078  79.984  -35.700 0.0000000000
148807  13.838  80.107  -36.634 0.0000000000
148808  13.152  79.903  -36.545 0.0000000000
148809  13.583  79.866  -37.048 0.0000000000
148810  13.359  79.746  -37.026 0.0000000000
149007  6.404  81.384  -22.132 0.0000000000
149012  7.109  81.524  -23.358 0.0000000000
149013  6.627  81.627  -22.729 0.0000000000
149017  7.683  81.587  -24.197 0.0000000000
149018  7.295  82.181  -24.002 0.0000000000
149022  7.630  81.760  -25.325 0.0000000000
149023  7.297  82.066  -25.853 0.0000000000
149026  7.437  81.559  -26.075 0.0000000000
149027  7.041  81.871  -26.612 0.0000000000
149029  11.147  81.569  -27.452 0.0000000000
149030  10.497  81.605  -27.979 0.0000000000
149031  6.529  81.848  -27.684 0.0000000000
149032  6.162  81.481  -28.366 0.0000000000
149033  9.890  81.587  -28.519 0.0000000000
149034  9.374  81.657  -29.036 0.0000000000
149035  6.227  82.057  -28.458 0.0000000000
149036  5.870  81.638  -28.971 0.0000000000
149037  8.858  81.748  -29.561 0.0000000000
149038  8.358  81.834  -30.084 0.0000000000
149039  5.726  81.475  -29.677 0.0000000000
149040  7.895  81.920  -30.561 0.0000000000
149041  7.514  81.971  -30.899 0.0000000000
149042  5.803  81.476  -30.444 0.0000000000
149045  7.758  81.497  -31.074 0.0000000000
149046  7.283  81.606  -31.456 0.0000000000
149047  6.746  81.629  -31.635 0.0000000000
149048  6.121  81.449  -31.396 0.0000000000
149054  7.010  81.161  -32.103 0.0000000000
149055  6.515  81.101  -32.198 0.0000000000
149056  6.057  80.707  -32.368 0.0000000000
149064  6.837  80.710  -32.606 0.0000000000
149065  6.447  80.508  -32.803 0.0000000000
149066  6.094  80.256  -32.944 0.0000000000
149284  6.522  82.718  -22.547 0.0000000000
149285  6.371  82.133  -22.328 0.0000000000
149290  6.892  82.493  -23.299 0.0000000000
149291  6.554  82.253  -22.708 0.0000000000
149296  7.426  82.263  -24.855 0.0000000000
149297  7.273  82.775  -24.435 0.0000000000
149301  7.340  82.230  -25.444 0.0000000000
149302  7.204  82.643  -25.675 0.0000000000
149305  6.939  82.702  -26.939 0.0000000000
149306  11.447  82.263  -26.985 0.0000000000
149307  10.747  82.334  -27.466 0.0000000000
149308  9.815  82.431  -28.115 0.0000000000
149309  9.247  82.860  -28.268 0.0000000000
149310  6.656  82.638  -28.072 0.0000000000
149311  9.474  82.085  -28.660 0.0000000000
149312  8.823  82.539  -28.931 0.0000000000
149313  8.179  82.986  -29.187 0.0000000000
149314  6.261  82.423  -29.148 0.0000000000
149315  5.865  81.974  -29.425 0.0000000000
149316  8.472  82.241  -29.645 0.0000000000
149317  7.851  82.605  -29.892 0.0000000000
149318  6.961  82.805  -30.113 0.0000000000
149319  6.371  82.558  -30.017 0.0000000000
149320  5.920  82.102  -29.904 0.0000000000
149321  7.584  82.257  -30.554 0.0000000000
149322  7.173  82.317  -30.808 0.0000000000
149323  6.591  82.410  -30.647 0.0000000000
149324  6.184  82.069  -30.575 0.0000000000
149325  6.961  82.015  -31.334 0.0000000000
149326  6.650  82.054  -31.159 0.0000000000
149327  6.388  82.050  -30.954 0.0000000000
149530  6.562  83.336  -22.030 0.0000000000
149531  6.329  82.652  -22.050 0.0000000000
149536  6.820  83.343  -22.905 0.0000000000
149541  7.154  83.355  -23.863 0.0000000000
149545  7.299  83.402  -24.967 0.0000000000
149548  11.778  83.263  -26.437 0.0000000000
149549  7.259  83.415  -26.106 0.0000000000
149550  11.765  82.776  -26.602 0.0000000000
149551  11.166  82.989  -26.903 0.0000000000
149552  10.365  82.998  -27.346 0.0000000000
149553  9.527  83.236  -27.717 0.0000000000
149554  8.761  83.542  -27.749 0.0000000000
149555  8.056  83.656  -27.729 0.0000000000
149556  7.377  83.445  -27.352 0.0000000000
149557  8.901  83.128  -28.265 0.0000000000
149558  8.282  83.292  -28.561 0.0000000000
149559  7.577  83.333  -28.512 0.0000000000
149560  6.922  83.036  -28.693 0.0000000000
149561  7.803  83.163  -29.160 0.0000000000
149562  7.267  83.071  -29.363 0.0000000000
149563  6.720  82.845  -29.499 0.0000000000
149714  7.348  84.544  -21.804 0.0000000000
149728  7.526  84.469  -22.690 0.0000000000
149729  7.000  83.996  -22.377 0.0000000000
149741  7.696  84.452  -23.648 0.0000000000
149742  7.233  83.966  -23.300 0.0000000000
149748  7.812  84.459  -24.612 0.0000000000
149749  7.399  83.989  -24.303 0.0000000000
149754  8.458  84.649  -25.634 0.0000000000
149755  7.909  84.403  -25.504 0.0000000000
149756  7.493  83.995  -25.314 0.0000000000
149759  11.183  83.724  -26.424 0.0000000000
149760  10.199  84.149  -26.471 0.0000000000
149761  9.309  84.349  -26.450 0.0000000000
149762  8.548  84.375  -26.362 0.0000000000
149763  7.985  84.271  -26.252 0.0000000000
149764  7.599  83.942  -26.229 0.0000000000
149765  10.736  83.333  -26.909 0.0000000000
149766  10.237  83.577  -27.006 0.0000000000
149767  9.426  83.864  -27.109 0.0000000000
149768  8.637  84.019  -27.082 0.0000000000
149769  7.989  84.022  -26.946 0.0000000000
149770  7.710  83.934  -26.706 0.0000000000
149905  8.560  85.117  -22.266 0.0000000000
149906  7.925  84.885  -22.043 0.0000000000
149917  9.471  85.137  -23.435 0.0000000000
149918  8.721  85.095  -23.223 0.0000000000
149919  8.088  84.833  -22.977 0.0000000000
149927  10.582  85.096  -24.433 0.0000000000
149928  9.665  85.223  -24.322 0.0000000000
149929  8.860  85.154  -24.151 0.0000000000
149930  8.223  84.844  -23.929 0.0000000000
149935  10.823  84.872  -25.212 0.0000000000
149936  9.875  85.083  -25.141 0.0000000000
149937  9.016  85.071  -25.012 0.0000000000
149938  8.343  84.813  -24.831 0.0000000000
149941  11.006  84.406  -25.848 0.0000000000
149942  10.053  84.663  -25.836 0.0000000000
149943  9.176  84.742  -25.751 0.0000000000
