44396  -17.5060  -28.6080  54.9290  1    2425  -44.9410  -7.1820  -15.8340  1
44400  -17.9060  -28.5110  54.2190  2    11313  -46.4790  60.3570  -20.1380  2
44404  -17.7670  -28.7890  53.1700  3    11797  -14.7300  -47.8660  -3.5500  3
45417  -16.9420  -28.1250  55.9670  4    4191  0.0130  10.9990  -15.2480  4
45418  -17.5770  -27.7280  55.6440  5    9167  -14.0000  -28.0130  38.1250  5
45436  -17.9590  -28.0860  51.4870  13    11427  -30.6200  -17.1280  21.1090  13
46509  -15.0340  -27.3150  57.2110  14    9379  -21.3960  -64.1230  11.6840  14
47582  -14.5860  -26.5070  57.5060  31    9166  -25.4170  -51.4780  -16.3000  31
47639  -18.4700  -26.4800  49.9160  48    13032  -25.2630  10.2240  -48.6370  48
48692  -12.3700  -26.0820  57.0460  49    8918  -40.4890  -4.2860  2.1870  49
48699  -12.0190  -25.8550  56.3080  56    8920  -1.9320  -5.6300  -30.3520  56
48708  -18.0150  -25.0590  55.3240  59    9739  -29.4490  11.8230  29.6160  59
49815  -12.8150  -24.9220  57.4260  73    9815  -42.8010  -13.9460  -14.1960  73
49818  -15.5740  -24.4660  57.3260  76    9165  -33.6070  11.3770  -62.7030  76
49855  -17.4320  -23.7420  53.7720  90    11777  -35.1580  7.0080  -0.7000  90
49873  -17.5590  -23.8720  51.9260  96    13021  -53.6800  43.2270  -12.6150  96
49891  -17.7140  -23.7370  49.5440  102    13482  -47.1270  -8.4590  32.2860  102
49911  -17.9580  -23.4000  47.4540  108    13951  -33.8780  61.0650  -15.7670  108
49921  -18.0840  -23.4220  46.4840  111    14457  -40.5010  11.8100  25.3820  111
49923  -18.4620  -24.8630  47.5580  113    3287  -33.4750  -62.6990  -31.9730  113
49942  -18.3320  -24.9180  45.5670  118    3288  -33.7400  -61.8960  -35.2070  118
49950  -18.2260  -24.3700  44.0790  119    752  -13.5350  -52.5150  -30.3100  119
49960  -18.1610  -24.4100  43.0620  120    14830  -62.1670  -25.4650  -30.3760  120
49983  -18.2060  -24.2850  40.9880  122    5024  -4.9860  55.6110  18.3350  122
49993  -18.3720  -24.2800  39.9280  123    14845  -41.4540  14.0030  20.1320  123
50959  -7.4730  -22.5040  57.7680  124    9964  -13.1750  -63.3820  -14.7560  124
50961  -8.9720  -23.0640  57.5880  126    9965  -31.5890  -37.9330  40.3590  126
50968  -6.0040  -22.5220  57.1440  133    10888  -45.1780  16.7150  -42.4010  133
50974  -13.0890  -23.2800  57.4490  136    10546  -7.0300  -40.8790  6.1570  136
50985  -15.9960  -22.9870  56.2220  140    9730  -20.0340  76.8370  2.4040  140
51025  -16.4370  -22.7760  50.5040  149    12901  -37.2840  2.8840  -28.9830  149
51027  -27.1500  -22.9790  50.0240  151    13161  -4.2970  -58.9270  33.2520  151
51028  -27.9740  -23.0600  50.1220  152    13160  -3.9410  -59.5460  31.0250  152
51037  -26.1350  -22.8250  48.6960  156    13716  -15.4230  11.4790  -31.0760  156
51053  -28.8290  -22.8900  49.3060  167    13266  -35.9160  11.1270  -50.0700  167
51061  -25.0820  -22.7850  46.5230  170    6738  -19.1670  28.9480  25.2580  170
51087  -26.3820  -22.9960  45.5030  186    6806  -45.6070  27.8320  -14.3980  186
51094  -17.8590  -22.9580  44.3640  188    12347  -48.7170  30.7310  -15.8500  188
51104  -17.8080  -23.0940  43.3330  193    9108  -51.8340  -24.6590  -38.0580  193
51126  -17.9020  -23.0430  41.6550  199    1845  -38.8710  -25.3990  -31.9280  199
51140  -18.2390  -22.6750  40.1130  203    1846  -4.6060  -55.1340  -4.2930  203
51165  -18.9180  -22.9770  37.8670  209    1432  -51.5130  39.9070  -19.6070  209
52165  -8.8140  -22.4610  58.0730  212    9963  -19.2930  -54.8230  21.4080  212
52169  -4.8570  -21.9210  56.5080  216    11588  -5.0370  -36.9220  23.5940  216
52183  -15.1460  -22.0770  54.9760  227    9152  -34.0350  -59.0340  14.4200  227
52189  -15.0740  -22.0870  52.8810  231    9153  -33.6420  -62.2300  16.3610  231
52200  -28.5310  -22.0520  51.2520  239    13252  -56.6430  -2.9650  27.6660  239
52206  -24.1930  -21.5790  49.5530  243    13763  -18.9060  80.5040  -14.2100  243
52216  -15.9530  -22.3150  49.7780  251    12375  -10.6890  -53.6780  42.0650  251
52234  -16.5090  -22.2220  47.6260  265    13034  -40.8030  -57.7480  -34.9120  265
52245  -16.3440  -21.9550  46.9550  273    13108  -34.3960  44.1640  27.7320  273
52247  -22.9530  -22.0190  45.6020  275    4898  -46.9340  -30.5150  -1.3440  275
52250  -27.5470  -22.4480  46.0740  278    5741  -26.5100  37.4890  -7.7090  278
52252  -28.8270  -21.9240  47.0460  280    14387  -59.3060  -23.4400  11.0430  280
52254  -36.1930  -21.2680  45.6860  282    4541  -27.7250  -40.4350  -33.5550  282
52255  -37.0110  -21.3290  45.7120  283    4540  -54.2120  -4.7500  6.6540  283
52274  -39.5890  -21.6120  44.8960  299    4539  -53.8470  -2.8980  7.5770  299
52295  -40.7950  -21.7560  43.5060  317    3216  -54.6330  -48.7860  3.4060  317
52301  -21.7440  -21.6200  43.5270  320    1797  -8.7960  -16.1920  -9.3440  320
52303  -22.9280  -22.2340  43.5450  322    6739  -19.0200  31.7320  26.9740  322
52307  -27.1220  -21.9830  43.3950  326    7041  -13.4410  -65.2320  -14.3040  326
52312  -37.3320  -22.1100  43.7050  331    8158  -5.4040  16.8470  36.0380  331
52326  -24.1500  -22.3720  42.5830  341    9718  -46.9290  24.8090  -19.0700  341
52334  -39.3790  -22.3650  42.4100  349    10773  -23.0610  -63.8870  -3.5600  349
52345  -17.7450  -22.1820  41.1930  354    1844  -38.3900  -28.7970  -31.0220  354
52361  -42.5510  -21.4350  40.5030  370    8941  -17.0590  -34.0130  -26.1350  370
52370  -18.3380  -22.0580  39.9230  373    3237  -37.0670  8.4330  -16.6430  373
52371  -18.8020  -21.7870  39.3590  374    3277  -3.6680  81.4240  -30.2070  374
52372  -21.9320  -21.5210  41.3970  375    13107  -3.3560  -56.2400  18.6740  375
52375  -24.3330  -21.6740  40.3600  378    13155  -28.9860  -30.7300  47.5230  378
52376  -25.0430  -21.4210  40.0330  379    10469  -1.2430  -62.4030  7.9840  379
52379  -37.7190  -22.4840  40.8030  382    13428  -61.7350  -4.6760  -18.8150  382
52383  -41.3410  -22.0450  40.1790  386    13592  -24.7820  -35.5770  49.4830  386
52395  -22.5760  -21.6990  39.8990  392    14000  -18.2150  -25.9080  -25.8880  392
52418  -21.5560  -21.4820  39.1610  407    11761  -22.8620  66.9910  8.5040  407
52421  -23.9380  -21.4340  38.1740  410    12877  -51.9070  24.8110  11.7210  410
52424  -38.0140  -22.2420  38.7760  413    1605  -2.9920  14.1380  -36.1260  413
52425  -38.9470  -22.1590  38.7190  414    2312  -43.8790  -36.3310  -4.5720  414
52442  -20.1450  -21.8210  37.4140  420    1095  -0.1310  6.6900  8.3560  420
52443  -21.3380  -21.5570  37.7590  421    1096  -3.2140  -13.8160  5.7860  421
52447  -36.2530  -21.6120  37.7280  425    1606  -2.5050  12.9130  -34.9570  425
52464  -22.8020  -21.3710  36.5720  433    1287  -32.5010  20.0540  32.9420  433
53441  -7.8660  -20.8880  58.3470  438    6635  -44.1610  14.5950  12.9720  438
53444  -10.0310  -21.4230  58.5390  441    6637  -41.1750  13.3330  13.3700  441
53451  -12.7410  -21.4020  58.1810  448    11344  -32.6100  -62.3130  25.0600  448
53461  -4.4280  -20.3060  55.8960  458    7906  -40.3690  -61.5900  -35.9830  458
53477  -22.4540  -20.9970  52.7040  469    1412  -31.2760  -20.2370  46.3120  469
53509  -22.5290  -21.1880  51.2810  489    1410  -57.8210  -23.7870  7.1040  489
53535  -21.5030  -20.7490  48.7440  503    1796  -5.0820  -16.6040  -6.3460  503
53547  -33.7450  -20.7810  47.1090  514    13758  -23.3030  19.0260  -46.3600  514
53548  -34.1010  -20.8400  47.1240  515    13781  -44.2250  8.3500  -7.8080  515
53570  -39.5870  -20.7070  45.8140  535    11256  -34.4330  -27.3140  37.2310  535
53574  -15.6840  -21.0640  46.2760  536    5169  -7.7780  33.6680  -34.3790  536
53575  -16.1480  -21.3420  45.2610  537    8028  -38.8220  38.6050  28.2100  537
53582  -32.9050  -20.9690  44.5900  544    6000  -46.7610  -33.6450  21.0510  544
53589  -41.0980  -20.6250  44.9940  551    1761  -10.5250  -30.5770  46.5530  551
53593  -16.2660  -21.1210  44.1420  552    5068  -34.7810  27.6750  38.4120  552
53624  -43.0190  -20.4580  43.1070  580    1762  -54.9040  7.4520  -40.9900  580
53632  -20.9720  -20.9180  42.3480  584    8460  -7.2770  69.3770  20.7150  584
53635  -27.4490  -21.3340  42.8060  587    3240  -11.8380  16.7320  21.3840  587
53637  -32.8160  -20.7380  42.0030  589    4426  -39.6050  -15.8350  15.8090  589
53639  -34.4910  -21.3770  42.4100  591    6001  -9.9190  -50.9500  41.5540  591
53671  -20.2320  -20.7760  40.3720  615    5937  -21.2240  48.6250  32.0400  615
53676  -33.9140  -20.6770  39.6390  620    10561  -56.5340  -24.6180  18.5050  620
53710  -25.3280  -20.7970  38.4760  641    3238  -55.7440  -48.0780  -16.8340  641
53715  -41.7420  -21.2900  38.0180  646    9765  -39.1210  11.0100  -0.2320  646
53732  -33.9260  -20.3320  37.4050  655    12946  -21.1410  -57.5440  -33.2850  655
53740  -42.7660  -20.7920  37.8220  663    7108  -33.3500  -44.5290  -31.1270  663
53748  -24.2770  -20.7710  36.0500  665    8874  -35.6240  30.9890  23.1030  665
53755  -36.9920  -21.1880  36.3820  672    1607  -63.1680  9.2830  1.0960  672
53770  -38.1580  -20.0650  35.6680  682    11150  -38.3460  11.8630  -64.7250  682
53777  -32.3350  -20.2330  34.8600  684    10741  -6.2140  71.0570  6.1630  684
53778  -32.8970  -20.4800  35.0790  685    3890  -21.3030  44.7180  -31.2450  685
53780  -34.6190  -20.9610  34.5890  687    14631  -33.7950  -31.7720  -34.6570  687
53795  -36.3110  -20.1940  33.6040  697    13788  -25.3520  -66.0400  -30.4520  697
53805  -34.8200  -20.6280  32.4720  700    14388  -24.4380  57.1760  -0.8800  700
54776  -4.8170  -19.5620  56.3740  716    7701  -53.0810  44.1150  -6.9280  716
54779  -13.8690  -19.9860  57.8260  719    11870  -54.3010  -30.2200  4.2920  719
54784  -4.5460  -20.1110  53.6900  724    7907  -33.2600  11.0430  -24.5620  724
54790  -6.4940  -19.4660  53.0290  730    7908  -56.1510  -17.7150  -41.4610  730
54793  -25.1730  -20.0910  53.3400  733    9629  -52.4740  -44.4310  -4.5260  733
54794  -26.0700  -19.9900  53.1490  734    13249  -47.2610  5.4290  25.1860  734
54799  -8.0060  -19.3380  52.1870  738    10490  -46.3780  12.6020  -34.7330  738
54800  -8.5090  -19.1240  52.0600  739    8892  0.0640  -5.3370  -32.7140  739
54801  -14.3920  -19.9090  53.3560  740    9063  -0.7070  -16.0660  -10.1720  740
54813  -6.8880  -20.3600  51.1770  750    10471  -59.5860  5.5820  -16.4090  750
54840  -30.3290  -20.4500  49.6120  772    13253  -1.3680  -62.6630  -19.0870  772
54849  -8.7210  -19.7320  49.0980  774    690  -38.8930  41.9330  -16.2070  774
54858  -35.6230  -19.8660  48.2390  783    13942  -2.2530  -6.0010  -28.0440  783
54900  -20.6850  -20.5440  46.0150  812    1798  -6.2550  -15.6740  -7.2920  812
54913  -29.2050  -20.7420  45.0300  824    5740  -50.7940  18.5110  13.7640  824
54938  -20.4750  -20.2180  43.0220  846    5199  -34.8060  31.1310  4.6030  846
54943  -31.3170  -20.3100  42.3470  851    4427  -39.6790  -14.0310  16.0050  851
54951  -20.4930  -20.2820  42.2730  858    8459  -2.4320  -0.3670  -38.5980  858
54954  -28.5280  -20.1410  41.4820  861    3239  -54.8960  -46.0220  -18.4120  861
54960  -44.2620  -19.9350  41.1900  867    7107  -34.0810  -47.8000  -30.8560  867
54991  -31.8520  -19.7620  39.5550  893    4428  -40.8480  -14.9230  16.5530  893
55002  -27.4010  -19.6710  38.0680  900    8873  -34.9930  30.3450  24.5880  900
55008  -44.6130  -19.3750  38.5750  906    7106  -60.5770  8.8880  -22.0830  906
55014  -31.2480  -19.4400  37.6280  910    10740  -4.5670  73.3030  9.7550  910
55029  -26.3200  -19.6370  35.9870  921    9303  -35.5510  10.8970  -25.3500  921
56012  -6.6260  -18.4780  57.8850  958    6636  -45.4140  13.8620  15.8110  958
56023  -6.0460  -17.8340  55.6190  969    8059  -19.6080  71.3130  -2.7950  969
56029  -14.5140  -19.2690  55.0910  975    7502  -15.5490  -16.8680  26.5500  975
56052  -27.2010  -18.8550  52.5740  998    10779  -47.0430  21.2260  -39.4400  998
56064  -28.5040  -19.4290  51.9960  1010    6584  -36.3400  -63.0430  -32.3020  1010
56068  -9.7370  -18.7570  50.9720  1014    2101  -26.2260  38.5320  23.5200  1014
56071  -14.5010  -19.5040  51.5040  1017    9592  -62.2670  -33.6140  -29.7270  1017
56089  -30.6140  -19.6130  49.7050  1032    6585  -5.9400  68.8960  22.8690  1032
56101  -14.9760  -19.5850  49.0790  1041    5168  -9.1500  39.3200  -35.8680  1041
56102  -20.7600  -19.7710  49.4060  1042    4803  -40.9200  47.8560  6.3900  1042
56120  -10.7910  -18.4860  48.0120  1055    2039  -39.1510  -49.6270  32.9430  1055
56158  -16.3360  -19.5460  43.4210  1081    5067  -35.5850  29.9910  36.9970  1081
56197  -29.9280  -19.4850  39.3720  1113    9857  -11.1080  -1.7940  57.6650  1113
56244  -27.9980  -19.2260  36.4990  1140    12800  -48.1400  -12.2700  4.0090  1140
56267  -40.1870  -18.9870  35.2190  1151    9764  -40.3690  10.1490  -1.5600  1151
56272  -43.9550  -18.7090  36.3820  1156    13053  -4.2910  -61.1250  25.9680  1156
56324  -37.2810  -18.9300  32.7430  1173    2942  -16.1420  -48.5610  27.2690  1173
56326  -39.3790  -18.3880  33.0560  1175    3333  -37.8180  25.7130  29.1420  1175
56339  -35.3210  -19.1770  30.6830  1181    2943  -13.1060  45.0380  -39.8210  1181
57221  -8.8130  -17.7090  58.8360  1184    5305  -31.0740  6.4020  37.6020  1184
57223  -10.5300  -17.7050  58.8990  1186    5306  -39.6750  29.9720  -56.4810  1186
57231  -13.0160  -18.0610  57.8430  1194    7501  -7.5950  -40.8970  15.5810  1194
57271  -10.5410  -17.9030  51.3590  1234    8988  -57.2150  -6.9110  -48.2830  1234
57290  -20.4580  -18.7660  52.0460  1250    1411  -30.0540  -20.4970  46.8570  1250
57296  -31.7520  -17.9150  49.4670  1256    5687  -39.7900  -16.3910  26.2460  1256
57302  -11.0020  -17.9840  49.6190  1259    9747  -23.0500  -67.3740  12.0480  1259
57316  -35.7440  -18.3430  49.0480  1273    9141  -12.3610  -50.0130  -10.6260  1273
57324  -15.9050  -17.9920  48.3020  1278    7831  -27.1320  30.3900  25.7220  1278
57344  -16.5870  -17.9560  46.9260  1293    5069  -39.1110  27.8140  35.5360  1293
57356  -17.4680  -17.8050  45.2070  1303    11902  -49.3150  -3.6540  -48.4950  1303
57357  -21.0510  -18.0820  46.0540  1304    3712  -16.3060  25.1740  34.5490  1304
57367  -11.3630  -18.0190  45.7260  1310    3515  -46.2690  -0.0200  39.4450  1310
57373  -20.4780  -18.9860  45.1360  1316    3713  -29.3460  16.2860  -59.2990  1316
57385  -17.4980  -17.9930  43.6220  1326    5938  -27.2830  -23.9920  -18.4640  1326
57396  -19.7940  -17.7770  43.1780  1335    13587  -32.5400  0.1240  -51.7680  1335
57409  -44.3090  -18.5000  42.6410  1346    7472  -22.2040  -26.9040  36.3700  1346
57489  -43.1610  -18.0080  33.8680  1389    13322  -35.3000  71.8040  -4.5030  1389
57517  -41.9440  -17.6670  31.9820  1404    3334  -37.2460  26.8850  29.8770  1404
57525  -39.1890  -17.9000  30.6470  1410    3214  -31.5820  -71.0990  1.4220  1410
57538  -35.8500  -18.1580  29.5270  1414    2944  -21.0060  79.9440  -8.4490  1414
58440  -11.5480  -16.8920  58.4860  1429    5411  -18.8680  -29.5450  -21.2000  1429
58453  -8.7890  -15.9410  55.2650  1442    8175  -32.5570  -20.8300  31.9230  1442
58462  -14.6980  -17.2060  54.5240  1451    6354  -5.1030  16.4290  -37.3380  1451
58471  -14.9830  -17.1620  53.6780  1460    9591  -55.0700  -21.2440  31.8870  1460
58473  -22.0430  -17.8560  54.0200  1462    1314  -61.9070  7.0450  -32.4200  1462
58476  -25.5930  -17.8920  52.9730  1465    1571  -55.5920  33.6240  -2.1430  1465
58507  -28.7430  -17.5430  50.8480  1493    5686  -30.9910  -57.4990  4.9170  1493
58514  -12.7720  -16.4340  49.7400  1497    9748  -56.7350  -10.2920  -15.5870  1497
58516  -16.1400  -17.1020  50.4460  1499    5167  -23.6680  -34.8380  29.6360  1499
58534  -13.5450  -16.2180  48.7860  1514    9918  -55.9080  1.8340  0.1760  1514
58538  -18.1220  -16.9850  48.2930  1518    12777  -6.6790  -12.1810  -19.6260  1518
58575  -13.4950  -16.7200  47.1450  1547    4610  -27.9120  33.7500  -5.8440  1547
58576  -14.1940  -16.2330  47.0070  1548    12369  -21.9700  -37.1240  30.5230  1548
58579  -18.9110  -17.0340  46.6030  1551    9786  -27.6340  -35.3220  -33.6040  1551
58581  -21.4680  -17.6800  47.4250  1553    9938  -24.8430  -70.4810  -11.2850  1553
58582  -22.7200  -17.0500  47.1610  1554    14499  -7.6150  -56.5600  -18.0050  1554
58596  -20.1050  -16.8290  45.4000  1565    9787  -40.7610  -11.4880  -35.9510  1565
58636  -22.4620  -17.2440  45.3320  1594    12601  -12.8690  -19.9720  58.6170  1594
58646  -12.0190  -17.4250  43.6560  1598    4609  -28.6640  29.8230  -5.6130  1598
58686  -45.4290  -17.2220  39.9900  1622    8549  -55.6470  -43.0810  -28.4340  1622
58699  -45.8190  -16.5220  38.0170  1628    10489  -45.6260  14.4510  -38.4550  1628
58759  -42.2870  -16.5950  31.3180  1644    5105  -29.8990  -41.1330  30.0500  1644
58790  -40.0010  -16.8880  28.0830  1655    5104  -7.9980  -63.8480  -29.1990  1655
58816  -35.6260  -17.2070  26.6460  1662    9600  0.2980  40.5940  -4.0980  1662
58817  -36.6440  -17.2020  26.4090  1663    9599  -9.5100  35.3930  39.2760  1663
58819  -38.6130  -17.0530  26.1000  1665    7193  -47.0540  -15.0480  20.1100  1665
59710  -8.1400  -16.3170  58.3260  1670    5304  -7.0720  29.3790  47.3600  1670
59712  -10.1830  -15.2190  58.4530  1672    5223  -57.9520  -5.9310  3.5420  1672
59726  -10.5910  -15.7090  54.2510  1686    5224  -31.7810  19.0130  -33.6850  1686
59731  -11.7180  -15.8850  52.8400  1691    9916  1.1180  -15.5060  4.4320  1691
59735  -16.3110  -16.2470  53.0830  1695    8778  -23.4780  -4.8240  -39.1730  1695
59763  -27.6100  -17.0110  50.8550  1718    1570  -63.0620  6.9340  -33.3140  1718
59774  -22.8090  -16.8130  50.4940  1727    1315  -46.0090  -22.1320  -40.7480  1727
59776  -25.1180  -16.6980  50.2060  1729    1313  -61.5140  5.5860  -31.8960  1729
59811  -26.8860  -16.7300  48.2830  1759    4039  -39.3070  61.0620  -1.8990  1759
59816  -31.2640  -16.4400  48.3560  1764    8350  -17.6370  -11.4180  -32.4880  1764
59817  -32.3560  -16.0960  48.2960  1765    5685  -30.8010  -57.4070  9.0960  1765
59832  -25.1650  -16.8000  47.1060  1777    7475  -4.6640  -39.7970  15.4890  1777
59833  -26.1570  -16.8230  47.2840  1778    7519  -7.3210  -19.0120  46.6010  1778
59841  -36.1440  -16.3370  48.0770  1786    14136  -50.5120  -53.9880  -3.2650  1786
59851  -20.3080  -16.5890  45.7710  1793    9785  -11.8160  65.2820  19.3940  1793
59852  -24.3870  -16.9270  45.9370  1794    14389  -22.8110  -41.5730  41.6350  1794
59858  -29.7670  -16.6900  46.8570  1800    10439  -10.8830  -63.2200  7.0100  1800
59862  -37.8810  -16.2690  47.4990  1804    11180  -57.4390  -4.7700  -46.8780  1804
59870  -14.9980  -15.6600  45.6890  1809    8623  -50.3920  11.6000  -21.7660  1809
59871  -21.1400  -16.6220  44.8310  1810    11460  -6.5850  74.7200  -25.7460  1810
59884  -40.2490  -16.7100  46.2160  1823    11988  -34.4450  63.3380  -1.6440  1823
59893  -14.3400  -16.3980  44.5300  1827    4356  -17.4620  56.9440  11.0140  1827
59894  -22.3700  -16.5990  44.3130  1828    6456  -51.7790  -37.0800  -21.4090  1828
59901  -42.3310  -16.8380  44.8460  1835    1760  -9.7930  -31.5360  42.4970  1835
59917  -13.1510  -16.8700  42.8790  1842    4006  -10.3750  76.2000  -12.9790  1842
59919  -26.1180  -16.4970  41.7070  1844    14433  -39.9860  39.3890  18.5560  1844
59920  -27.1260  -16.3460  41.1550  1845    12414  -3.6590  -10.7210  14.7140  1845
59933  -21.4160  -15.3670  41.8140  1852    14033  -5.2230  81.3880  -25.9950  1852
59937  -24.3150  -16.4420  41.6380  1856    14415  -12.3380  -55.7240  38.0350  1856
59942  -44.6700  -16.2410  41.8410  1861    7471  -51.7080  -13.2400  6.7760  1861
59947  -22.1420  -16.3040  40.8680  1864    14378  -46.5800  -23.8020  10.8510  1864
59949  -24.0200  -16.3780  40.7580  1866    13546  -56.2810  20.2110  -25.7680  1866
59971  -45.9870  -15.4370  36.5010  1884    8897  -17.5070  -21.4590  40.9850  1884
60086  -35.4270  -16.3420  24.5360  1917    9601  -43.2870  -56.7680  -10.4350  1917
60108  -36.5940  -16.0300  23.6280  1924    8207  -30.8720  -62.4210  -10.9900  1924
60959  -12.4730  -14.8430  58.0600  1932    5341  -2.9370  -31.0710  26.7310  1932
60989  -18.9390  -15.4930  53.4680  1960    8807  -11.6300  15.2150  26.2780  1960
60998  -20.8770  -15.3120  52.7080  1967    4116  -60.0230  -10.6140  -40.0890  1967
61010  -20.7370  -15.4280  52.0940  1975    5691  -8.2650  -74.4010  10.4880  1975
61073  -16.5200  -14.1660  46.7280  2018    13473  -30.3030  -53.5640  13.7380  2018
61075  -21.3660  -15.2730  47.3140  2020    6528  -37.7310  -48.4120  7.4390  2020
61081  -35.3790  -14.6080  46.4140  2026    14477  -41.8000  33.7190  -9.0760  2026
61097  -21.6990  -15.0520  45.4650  2036    6457  -32.3120  61.2780  14.5180  2036
61098  -22.2360  -14.2050  47.2410  2037    6529  -40.3660  41.5130  -11.1800  2037
61114  -23.9270  -16.4110  43.7670  2046    6455  -51.5990  -39.5120  -21.0680  2046
61127  -32.0660  -15.7230  43.5880  2053    5680  -39.3710  47.6970  5.5100  2053
61130  -44.2120  -14.9960  42.9070  2056    13413  -29.7820  -28.2160  36.2320  2056
61140  -18.7060  -14.0030  41.4430  2060    5259  -49.0180  -61.5670  -16.9830  2060
61142  -21.6480  -15.0080  42.7090  2062    14034  -56.0990  0.8130  -2.0790  2062
61145  -28.4720  -15.9700  40.8380  2065    5513  -35.7580  -48.4750  5.3750  2065
61148  -29.9380  -15.7600  41.2440  2068    695  -42.9830  23.1080  -48.3140  2068
61150  -28.6250  -16.5250  43.1170  2070    693  -14.3080  -68.2840  3.1910  2070
61151  -31.6440  -15.8130  42.9980  2071    694  -14.2730  -68.2110  1.4020  2071
61167  -15.5380  -15.9630  41.8250  2079    4144  -27.3160  40.5250  -15.2470  2079
61168  -16.4390  -15.4430  41.7580  2080    5066  -44.3880  -46.4110  -37.5810  2080
61171  -20.2350  -14.2080  40.7930  2083    5522  -4.4050  -36.4050  38.2720  2083
61194  -15.9580  -15.7340  40.8060  2101    88  -37.7340  -40.9210  5.6190  2101
61196  -17.6940  -14.8430  40.3870  2103    5261  -3.6010  -41.4500  16.1640  2103
61198  -19.5200  -14.4760  40.0510  2105    5260  -4.4530  -42.6520  17.0880  2105
61199  -20.3440  -14.9000  40.0380  2106    5548  -19.1110  67.4950  15.5280  2106
61210  -33.9980  -15.2840  41.0190  2117    425  -3.4760  52.3340  35.3420  2117
61211  -34.4450  -15.3150  41.6380  2118    2193  -36.5410  -8.6520  36.8370  2118
61215  -47.4480  -14.2320  39.1460  2122    8896  -44.8910  -19.3330  40.2590  2122
61224  -17.1820  -15.2820  39.7700  2126    162  -55.9330  18.4430  -25.4200  2126
61233  -25.2690  -16.1430  39.1510  2135    12413  -46.4310  -33.7000  -12.2660  2135
61239  -31.0620  -15.3970  39.2120  2141    5527  -13.0740  78.2570  3.4920  2141
61240  -31.9780  -15.3320  39.3940  2142    424  -3.5340  48.1680  35.4080  2142
61252  -18.0970  -15.3580  38.7260  2152    249  -45.9120  -15.2320  35.5440  2152
61256  -21.6220  -16.1310  38.2160  2156    13474  -49.4880  31.3440  -17.2870  2156
61260  -25.8590  -15.9520  38.3110  2160    12412  -26.2640  -11.2960  30.2860  2160
61263  -28.8440  -15.4640  38.3180  2163    7589  -3.0050  -48.0540  -17.3220  2163
61275  -19.0120  -15.8000  37.8150  2173    5050  -15.7900  -4.7060  54.4590  2173
61296  -20.4450  -15.6420  36.1690  2191    9417  -11.3000  -48.1990  17.9030  2191
61298  -22.7060  -15.7910  36.3930  2193    10808  -45.4750  41.4350  -20.7020  2193
61327  -23.7940  -15.4380  34.7340  2219    11196  -14.4100  6.0470  -32.0260  2219
61333  -44.4420  -15.6140  33.8290  2224    11723  -7.6940  25.4860  33.0100  2224
61337  -43.4510  -15.4170  32.6440  2226    611  -49.9180  2.7870  -35.3430  2226
61380  -40.6330  -15.6380  28.6510  2236    4879  -36.7010  59.9310  -5.7660  2236
61458  -34.6150  -15.2610  22.2710  2248    11271  -10.1820  -63.7490  29.3540  2248
61479  -34.7250  -14.4260  21.3370  2251    12521  -47.1120  -59.3160  -18.2810  2251
61499  -34.4230  -14.2410  19.8410  2253    13643  -25.3630  -20.4950  53.0020  2253
62319  -11.2540  -13.8510  56.6270  2261    5225  -31.3120  -40.2240  44.4150  2261
62322  -14.4840  -14.1460  57.2290  2264    6184  -7.1140  39.9500  42.5660  2264
62323  -15.2790  -14.0010  56.9590  2265    6353  -4.9850  46.9430  38.8140  2265
62334  -13.1990  -13.9320  53.6290  2276    9919  -37.7540  -41.4560  -21.1030  2276
62336  -16.9900  -15.1070  55.1040  2278    8780  -20.7340  -43.9570  3.5740  2278
62338  -19.0050  -14.7670  54.8250  2280    8779  -41.6660  49.3830  -1.7500  2280
62358  -14.6410  -13.6090  52.2040  2293    7646  -14.9760  55.5170  -39.5940  2293
62379  -16.2510  -13.4650  50.3450  2305    7679  -45.4830  25.6090  -18.6410  2305
62395  -17.2500  -13.4500  48.2140  2314    8622  -3.4150  43.0340  40.1790  2314
62415  -37.4410  -14.6740  47.1680  2326    11181  -51.0080  12.3160  -46.0780  2326
62420  -41.4100  -13.9850  45.7250  2331    11989  -37.3970  -36.9460  2.0110  2331
62427  -17.8620  -13.6200  45.5060  2333    9892  -10.0480  70.9880  -23.3440  2333
62459  -20.2610  -13.2800  42.5910  2355    604  -26.1330  41.3390  22.4830  2355
62476  -34.1520  -15.3780  43.1980  2367    5681  -38.2030  45.4890  7.0000  2367
62481  -47.1020  -13.6980  41.3690  2372    13418  -30.4570  -55.7040  16.8990  2372
62497  -47.3210  -13.9040  40.6680  2382    14400  -0.8460  -56.8240  -2.8760  2382
62520  -35.7540  -14.4280  40.1170  2396    2192  -38.6080  58.8840  -25.3610  2396
62534  -34.2310  -14.4400  38.1400  2406    2194  -33.3930  -10.0740  35.3830  2406
62544  -16.7580  -14.7870  37.9270  2410    89  -37.5960  -39.1000  2.8040  2410
62569  -31.5770  -14.7580  36.0140  2430    423  -3.7510  49.1690  36.8300  2430
62588  -29.5580  -14.8550  35.1380  2442    5189  -2.3070  8.0300  12.9160  2442
62601  -25.3640  -15.2640  33.9400  2453    1357  1.1420  5.0890  -10.4050  2453
62603  -27.4640  -15.0090  34.0290  2455    9758  -29.1480  46.8730  -23.4360  2455
62608  -46.9450  -13.7990  35.5680  2460    11722  -29.6830  15.8290  -42.9300  2460
62691  -38.6400  -14.8540  24.8610  2487    7192  -58.1210  -27.4380  -8.1140  2487
62705  -37.4950  -13.9850  23.8000  2489    8232  -6.5900  84.8180  -22.1310  2489
62787  -35.0040  -13.6230  20.4150  2498    13673  -42.8100  -20.8700  37.8680  2498
63712  -23.0780  -13.5420  50.7640  2552    4114  1.5000  12.0110  2.0370  2552
63739  -19.8300  -12.4290  46.9480  2567    10572  -36.0790  -75.0790  -21.3670  2567
63743  -38.9540  -13.0470  47.4060  2571    11182  -30.9900  -55.7980  21.7960  2571
63769  -43.2400  -12.8900  45.1470  2588    12616  -18.5530  -37.5190  39.3540  2588
63793  -35.3290  -14.2090  43.4840  2601    6287  -45.7150  38.7210  18.8840  2601
63842  -32.1910  -14.2130  35.7600  2624    2586  -8.8070  82.8080  -0.3620  2624
63848  -48.2570  -13.1870  37.0210  2630    306  -20.5890  -45.1350  -11.0680  2630
63890  -44.7510  -13.9390  33.3410  2652    610  -49.3780  4.2080  -36.2270  2652
63902  -45.9800  -12.6200  33.0380  2659    684  -6.8660  60.0580  17.4680  2659
63916  -42.9420  -13.1020  30.7630  2665    612  -32.7880  -33.5800  15.9340  2665
63923  -41.6240  -13.2910  29.6420  2667    3591  -3.7140  0.3460  31.1020  2667
64812  -14.9140  -12.3260  56.3560  2694    7645  -13.5450  59.5330  -40.5830  2694
64814  -17.0020  -12.6220  56.4770  2696    5952  -52.3550  18.5820  -13.3530  2696
64817  -20.0470  -12.4440  55.4290  2699    4878  -20.8770  0.7630  38.0130  2699
64886  -19.2730  -12.4800  48.3520  2737    9693  -20.7770  -80.4220  -6.0150  2737
64910  -21.1400  -12.2110  44.7900  2751    603  -24.8580  43.0580  19.2500  2751
64934  -45.9280  -12.1390  43.2150  2765    8153  -7.8970  49.6880  -2.1210  2765
64941  -34.9920  -13.2670  43.4100  2766    6288  -36.3360  28.7180  28.8560  2766
64951  -35.5440  -13.1610  42.7310  2769    6324  -55.4430  -12.2050  -45.6990  2769
64963  -49.0540  -12.0960  39.3640  2775    14423  -36.0850  -17.3800  0.7180  2775
64977  -35.8230  -12.7790  38.2240  2779    14286  -18.4770  -38.0580  33.7790  2779
64996  -34.7620  -12.7510  36.1040  2787    3725  -30.1980  -23.0770  -18.5870  2787
65010  -33.0400  -13.1820  34.8300  2793    3494  -18.3570  -0.2300  -31.2990  2793
65014  -36.0600  -12.2350  35.4800  2797    3963  -4.0170  17.5940  -32.4350  2797
65046  -28.9990  -13.5620  32.8110  2815    2585  -62.3020  -2.4500  -19.9910  2815
65056  -47.2990  -11.9580  33.7800  2825    307  -19.3870  -47.2400  -8.0300  2825
65067  -30.5070  -12.9280  32.0650  2828    2584  -39.1370  15.7670  -15.7490  2828
65084  -32.0100  -12.7890  31.2340  2839    3436  -26.9880  -77.1760  -0.0860  2839
65086  -33.8950  -12.5900  31.2310  2841    3661  -62.9610  -14.5210  14.7620  2841
65087  -34.6060  -12.4620  31.6090  2842    4634  -10.5690  -37.3780  6.6400  2842
65131  -42.5520  -11.7950  28.8500  2857    9306  -31.0090  -76.2680  -17.4160  2857
65149  -40.0060  -12.5320  26.6860  2862    11934  -35.9950  31.1990  13.6900  2862
65188  -36.9490  -12.7500  22.7590  2872    12520  -54.5780  -28.1360  -40.2690  2872
65224  -36.2030  -12.0210  19.8770  2881    14004  -26.7570  42.7080  -36.3140  2881
66008  -18.7940  -11.4240  54.3880  2902    5951  -56.7050  21.2970  -11.8150  2902
66010  -23.0300  -11.2870  52.8180  2904    4115  -61.7410  -10.0720  -40.5330  2904
66092  -44.5690  -11.2700  44.3420  2950    13735  -19.0640  29.3280  45.4320  2950
66109  -36.9710  -11.4350  42.3840  2957    13696  -42.4960  -27.8680  23.8300  2957
66120  -37.8930  -11.1520  41.6970  2962    14050  -21.4030  10.9860  37.7560  2962
66121  -38.6310  -10.9120  41.3610  2963    13926  -23.4880  78.9850  -12.5560  2963
66167  -39.1410  -11.3270  37.9180  2986    4997  -23.7420  -48.4290  -22.6860  2986
66175  -37.7720  -11.7330  36.5900  2989    3964  -5.4670  18.2920  -31.1650  2989
66230  -36.4440  -11.7830  32.4020  3012    3962  -32.4110  -29.8360  -24.8990  3012
66233  -47.0280  -11.1770  32.6950  3015    4944  -46.4650  -7.7780  24.1510  3015
66247  -44.8420  -11.6680  30.7210  3021    7274  -12.2520  -68.6070  -19.0510  3021
66284  -34.6310  -11.9100  28.9700  3031    8837  -61.9010  7.0240  12.2600  3031
66302  -43.8330  -10.4170  28.7120  3039    11983  -35.5090  57.7140  4.2760  3039
66319  -41.7690  -10.6800  26.5660  3045    12147  -12.6380  -52.9480  -2.9490  3045
66349  -39.4580  -11.3080  23.7080  3054    13854  -4.8160  -21.8250  56.7830  3054
66407  -37.4060  -11.0480  18.9380  3066    14725  -24.7120  20.5590  -51.0870  3066
67233  -36.0270  -10.9840  48.1750  3098    13574  -10.0630  -48.3540  34.7230  3098
67252  -40.8050  -10.5220  46.3370  3108    1576  -8.3770  -49.9780  25.5990  3108
67270  -34.1130  -11.8340  45.3620  3114    14262  -34.2540  -24.1590  -28.5320  3114
67316  -47.9630  -10.2120  41.3350  3134    11710  -6.2510  -32.7950  43.9210  3134
67328  -40.5480  -9.8690  40.6960  3137    9683  -3.7740  74.9920  9.8010  3137
67365  -50.1300  -10.2080  37.2210  3150    6980  -40.7750  -35.0660  -39.9650  3150
67396  -38.8580  -10.7690  34.8090  3161    4757  -24.9380  23.3220  25.2700  3161
67398  -49.0130  -10.5440  34.5200  3163    308  -19.5040  -45.7410  -8.3950  3163
67408  -38.0920  -10.7940  33.2940  3165    4758  -41.9530  14.6710  -38.0420  3165
67429  -45.9790  -10.0510  31.1940  3178    11115  -36.8200  67.8870  -21.1190  3178
67438  -36.6420  -11.1200  30.2310  3180    8891  -39.2290  -60.7430  -8.1900  3180
67460  -44.9750  -9.7880  29.5240  3189    11399  -3.8810  -50.0300  -4.6540  3189
67470  -35.0480  -11.1470  27.5170  3190    12928  -22.7300  -0.8670  54.5580  3190
67490  -42.8750  -9.6090  26.0270  3202    13766  -14.0910  55.3900  31.5230  3202
67508  -42.9900  -8.9590  24.2740  3209    14046  -33.4820  9.3520  -10.9820  3209
67517  -41.3280  -9.8040  23.1450  3212    3279  -46.9970  -15.2190  7.6030  3212
67541  -39.4880  -10.3670  21.6940  3220    14636  -15.2990  -53.9370  13.7600  3220
67568  -39.2380  -9.8300  19.8300  3229    3280  -40.3870  29.9130  -48.7670  3229
67592  -38.5190  -10.3630  18.2830  3235    14612  -31.2600  76.7130  -10.5410  3235
68384  -37.8340  -9.5170  45.1500  3256    13697  -32.3770  53.1450  -9.4420  3256
68419  -40.0370  -9.1760  42.5460  3274    1575  -3.5230  24.2080  47.1320  3274
68430  -47.0250  -9.0370  42.2230  3280    8080  -25.3120  10.5150  24.1710  3280
68462  -41.6220  -9.4980  39.3190  3292    4998  -24.6760  -50.3770  -22.2710  3292
68522  -41.0150  -9.3940  34.8230  3307    7212  -6.3790  -46.3260  24.7260  3307
68561  -39.1650  -9.5710  32.1000  3315    9559  -28.0540  -72.1310  -19.3400  3315
68601  -37.9740  -9.9930  30.1530  3325    10938  -17.3200  70.7860  8.5280  3325
68622  -38.8180  -9.1420  30.0000  3333    7211  -7.1000  -44.3640  24.8120  3333
68633  -36.6110  -10.3280  27.6890  3336    13457  -65.7800  -13.5780  -23.2280  3336
68647  -43.7660  -9.2160  26.3390  3344    13562  -2.2590  -13.0090  45.6560  3344
68650  -46.2830  -8.2670  27.4100  3347    9895  -54.4010  -15.9280  11.3740  3347
68657  -35.5780  -9.7740  26.0080  3350    11062  -12.4210  -49.7810  28.7600  3350
68664  -47.6270  -7.9950  26.7150  3357    9896  -37.5710  -43.3570  -20.5730  3357
68668  -44.4390  -8.5960  25.1010  3359    14707  -52.6460  -10.0150  1.5100  3359
68671  -46.8360  -8.1110  25.9550  3362    2959  -60.3010  -0.4730  -39.7470  3362
68692  -45.8130  -7.9770  24.0970  3376    876  -10.0990  19.5200  30.5890  3376
68701  -41.5410  -9.2340  21.6570  3378    3278  -45.6220  -17.8060  7.7620  3378
68703  -43.1570  -8.6210  22.1550  3380    875  -10.4810  15.1470  29.5500  3380
68735  -42.3340  -8.6880  20.4320  3395    937  0.8060  14.4040  -9.2310  3395
68737  -44.2380  -8.2560  20.8640  3397    877  -61.7800  5.0060  -7.0220  3397
68768  -40.9490  -8.9060  18.7300  3407    6542  -32.4120  18.9260  -35.2390  3407
68770  -42.7800  -8.3420  18.6970  3409    5235  -17.5680  -60.3940  -9.2950  3409
68786  -40.9540  -9.0630  17.6710  3412    3558  -35.9740  21.8920  3.3600  3412
69632  -42.9670  -8.6000  45.0590  3427    1577  -5.7370  -53.9950  28.7470  3427
69669  -45.0550  -8.3070  43.9790  3443    3492  -42.4030  24.7130  -13.2170  3443
69670  -45.5410  -8.0740  43.5870  3444    5086  -15.8350  38.4510  27.4120  3444
69687  -41.8980  -7.4370  42.8880  3448    3491  -43.2520  25.5380  -15.1190  3448
69726  -48.5350  -8.2180  40.3700  3462    7342  -57.9070  -9.6200  0.6320  3462
69742  -41.9210  -8.6840  40.0420  3464    12768  -40.3560  46.6480  20.1610  3464
69744  -42.8130  -7.2100  39.7310  3466    11322  -2.9380  4.0630  19.6090  3466
69747  -49.6490  -8.7020  38.6420  3469    12349  -39.8600  -27.1620  18.6350  3469
69802  -43.5790  -6.8180  36.7100  3484    8184  -36.2020  17.1490  -57.6020  3484
69818  -43.3290  -7.2340  35.8470  3489    7317  -29.3540  16.4330  -31.7070  3489
69857  -48.1150  -8.5890  33.5390  3504    615  -9.8580  -36.5470  -10.4650  3504
69892  -46.6920  -7.8320  30.9710  3515    12766  -2.8770  -19.4700  23.3090  3515
69905  -40.7410  -7.6420  30.8430  3519    6237  -32.8370  37.1100  34.9800  3519
69919  -48.4280  -7.3510  28.3770  3528    9894  -19.0050  66.6920  0.1420  3528
69921  -49.7650  -7.1150  28.6040  3530    10277  -12.7530  -77.0240  9.9740  3530
69946  -38.1390  -8.5990  27.6540  3543    10937  -50.7190  10.6650  20.9960  3543
69952  -50.1930  -7.4600  27.4320  3549    11736  -39.5640  58.6640  -21.4020  3549
69958  -36.1240  -9.2290  25.6800  3551    12191  -19.6080  34.9340  41.7040  3551
69969  -36.6570  -8.4280  25.5160  3559    6185  -8.7600  36.3020  42.5340  3559
69973  -48.9970  -7.9120  25.5110  3563    13141  -43.8580  0.2960  14.3060  3563
69985  -50.0730  -7.6140  23.7210  3572    10239  -17.0980  69.5120  17.4270  3572
69993  -46.7080  -7.7310  22.8950  3574    2960  -6.2490  81.8900  -20.2780  3574
70006  -45.6460  -7.8910  21.7830  3578    1145  -7.9660  42.5740  -32.2660  3578
70008  -47.7850  -7.4580  21.8550  3580    11330  -39.3290  -59.4450  2.6950  3580
70019  -46.3170  -7.4690  20.8020  3583    12538  -53.2600  0.9160  20.4980  3583
70044  -43.7710  -7.9730  18.7910  3589    7346  -32.2360  -37.3310  44.0350  3589
70046  -44.4180  -7.1370  18.4620  3591    12163  -52.9900  -23.8060  -9.5560  3591
70062  -44.1840  -7.1670  16.3110  3595    13132  -61.7920  -4.5440  18.2760  3595
71035  -42.8190  -6.2800  41.9260  3613    5084  -44.4380  -25.8590  4.3420  3613
71038  -47.7590  -7.2180  41.4500  3616    7235  -12.7630  -35.5520  -21.3730  3616
71136  -49.9720  -7.9460  35.4160  3639    616  -11.9100  -39.0170  -10.6730  3639
71200  -49.6040  -6.1250  30.3180  3659    13494  -44.2870  46.0980  -5.2660  3659
71202  -52.2560  -6.3910  30.4570  3661    12790  -4.8630  -12.7180  30.4670  3661
71203  -52.8160  -6.4700  30.3760  3662    3267  -6.1010  15.6810  32.3020  3662
71223  -41.2520  -6.6460  30.6440  3672    6238  -11.3160  -47.8900  -26.5400  3672
71229  -52.3300  -6.8470  29.2710  3678    6853  -9.1430  -46.4000  -19.2600  3678
71263  -51.2220  -7.1000  26.4960  3694    6854  -8.2410  -48.3920  -19.1400  3694
71272  -37.6190  -7.3370  26.0230  3699    6239  -52.2040  25.5250  -30.5600  3699
71282  -34.8810  -6.9320  24.4170  3704    7692  -55.1000  7.5290  1.6640  3704
71305  -49.2660  -7.1800  22.0700  3719    10263  -36.5410  -54.4710  -22.8720  3719
71325  -47.7520  -6.7800  21.0380  3724    198  -24.6670  -7.5990  -43.8630  3724
71348  -45.4880  -6.6930  19.3960  3728    196  -47.0040  -33.0440  -32.9900  3728
71363  -44.0610  -6.8070  17.0640  3729    6023  -5.5530  64.6490  17.9040  3729
72373  -45.6360  -5.4870  42.8950  3737    5163  -53.7320  -13.6010  -45.5300  3737
72380  -43.8940  -5.0410  42.2230  3739    5085  -15.7340  40.1670  27.7700  3739
72398  -48.0800  -5.2400  40.7490  3750    7261  -37.0130  -17.8290  29.6590  3750
72404  -43.8440  -5.0700  38.5930  3753    8183  -48.1300  33.3880  -16.4600  3753
72405  -48.5030  -5.2830  40.0540  3754    8751  -10.7990  -58.7840  23.0550  3754
72412  -49.6200  -6.0170  38.0850  3758    10144  -1.9400  -15.6490  52.4030  3758
72435  -49.5890  -5.8190  35.9160  3769    10143  -3.2530  -16.1070  53.7590  3769
72464  -42.8680  -5.3440  32.7780  3781    11791  -34.7380  46.3360  -1.3580  3781
72466  -47.9650  -5.9390  33.2450  3783    13295  -57.1170  -8.8600  6.8780  3783
72500  -53.6830  -6.4730  29.7700  3808    8159  -5.3110  17.5240  34.4290  3808
72524  -52.6980  -6.6830  27.4570  3815    6852  -6.4950  -46.7640  -18.7370  3815
72534  -52.3930  -6.1550  25.6250  3819    9721  -62.8010  2.5680  -14.3130  3819
72549  -36.3090  -5.2840  24.9050  3826    11769  -4.0580  -54.3770  -15.8030  3826
72561  -34.5480  -5.3870  23.7580  3834    10527  -19.1330  -67.9320  -24.9990  3834
72572  -48.8790  -5.9710  21.0840  3840    6659  -35.5440  3.3410  31.1490  3840
72576  -46.8980  -5.6950  20.0330  3843    197  -46.9460  -30.3370  -32.9680  3843
72602  -45.3320  -5.8210  18.4750  3852    3647  -4.9380  78.2160  7.7520  3852
72651  -44.2890  -5.9690  16.8490  3863    7345  -36.0030  7.4450  45.4060  3863
72653  -44.8370  -6.9050  14.6220  3865    11127  -43.1970  -41.3360  -21.5530  3865
73630  -46.5570  -4.0820  41.6960  3871    7234  -11.9650  -34.6750  -21.8950  3871
73637  -43.9310  -4.3080  39.7740  3874    8639  -14.9000  -21.9750  51.9200  3874
73694  -50.1390  -4.1060  33.1190  3899    11786  -46.8250  30.3310  -6.1160  3899
73767  -54.7110  -5.8160  27.7740  3938    7876  -4.6770  -16.8130  31.9030  3938
73774  -38.0690  -4.7880  27.0710  3939    9192  -43.3080  -9.8490  45.3210  3939
73819  -35.0250  -4.5960  23.4470  3964    11768  -14.8020  -63.3000  27.7160  3964
73832  -37.2790  -5.3520  20.0000  3972    5783  -35.4100  -61.8570  15.0470  3972
73838  -47.7600  -5.0520  20.1080  3978    6660  -39.4820  -48.0080  6.8140  3978
73869  -38.5750  -5.3400  18.8330  3988    11858  -30.7500  51.8600  11.3430  3988
74056  -38.5570  -4.5100  1.4080  4000    8577  -8.3560  -13.2740  30.0220  4000
74907  -47.9810  -3.7200  40.2060  4007    8519  1.2710  19.7430  0.9660  4007
74922  -48.9190  -3.9700  37.5860  4012    10187  -30.6950  -46.1070  23.5810  4012
74936  -43.8560  -4.0640  35.5240  4018    2956  -13.0400  63.9390  20.4190  4018
74937  -48.7250  -3.5360  36.3590  4019    11787  0.9160  17.6200  -15.4090  4019
74965  -52.6480  -4.6120  33.0860  4035    3266  -3.7070  13.2580  32.6250  4035
74972  -41.7990  -4.0040  31.5600  4038    2957  -14.0760  62.4080  21.0680  4038
74987  -55.3990  -4.8330  30.1800  4048    7752  -34.3380  8.9200  -43.3480  4048
74994  -40.2510  -3.9270  29.7940  4049    7748  -5.9410  -44.7530  31.1750  4049
75037  -54.1150  -4.8290  25.8580  4071    10852  -48.0440  -10.4000  -28.5990  4071
75057  -39.3850  -4.1720  23.0210  4082    552  -51.2770  0.1840  -45.6230  4082
75059  -40.5670  -4.4220  22.8850  4084    5782  -38.9260  -61.1640  14.3510  4084
75074  -37.4410  -4.1970  22.4020  4092    551  -49.5860  0.6540  -43.8430  4092
75079  -41.6800  -4.6020  22.0180  4097    1889  -21.2600  62.2450  -28.4230  4097
75091  -34.1910  -4.3630  21.9650  4102    7691  -36.1070  -53.0240  4.5790  4102
75095  -38.2560  -4.7330  21.7800  4106    550  -50.3860  2.3800  -47.2720  4106
75134  -41.3800  -4.6390  19.4740  4126    1324  -6.0760  55.1620  -11.9400  4126
75176  -45.5910  -4.6980  17.1250  4142    10850  -25.1920  4.7830  25.9550  4142
75204  -45.3390  -4.4430  15.3960  4149    11126  -40.4120  -40.3460  -20.8450  4149
75344  -38.1210  -4.2040  1.2400  4151    12118  -18.2960  -72.7200  3.4530  4151
75345  -38.8260  -4.1640  0.5790  4152    9024  -16.2970  37.1930  29.5860  4152
75347  -40.1430  -4.3170  0.3300  4154    6983  -41.3000  8.0570  35.5730  4154
75360  -39.8450  -4.0190  -0.3580  4157    8578  -48.9980  -25.8530  -37.4370  4157
76181  -46.5620  -2.6850  40.7990  4162    2385  -51.8490  20.6550  -29.5150  4162
76187  -44.7310  -2.7050  39.9240  4164    9522  -38.6460  72.0200  -22.7790  4164
76221  -42.5100  -2.7270  33.4790  4182    2958  -15.9530  63.8790  22.8460  4182
76245  -54.5210  -4.4850  31.6650  4197    3268  -4.7830  17.0800  33.5390  4197
76297  -37.1050  -3.5730  25.0930  4222    10393  -32.6020  12.5830  -62.7370  4222
76301  -42.9810  -3.3240  24.9810  4226    11748  -7.3150  -20.2280  48.3460  4226
76302  -43.7990  -3.2070  25.0770  4227    11747  -59.5350  -28.1000  -39.4070  4227
76315  -39.8280  -3.3490  24.1250  4235    12387  -35.6940  12.0240  -30.6170  4235
76321  -51.6030  -4.9250  23.2100  4241    13693  -39.3430  13.7300  -1.0180  4241
76337  -44.2050  -3.4470  23.7360  4253    1888  -18.6190  67.6250  -30.0420  4253
76339  -50.7020  -4.5730  21.8130  4255    6658  -41.1210  -69.7720  -30.8460  4255
76374  -43.2490  -3.7240  20.2390  4277    14407  -5.0330  -56.1460  -17.2950  4277
76376  -48.7890  -3.7320  19.5820  4279    6683  -45.8570  44.9780  -28.9460  4279
76409  -48.1240  -3.1570  18.1050  4291    6580  -19.9310  -40.0000  44.8950  4291
76451  -38.1470  -4.0500  16.3620  4298    4785  -47.0450  -1.0130  -49.0380  4298
76454  -41.6810  -3.4750  16.8380  4301    1223  -5.1610  66.4540  -39.7410  4301
76457  -47.0350  -3.1800  16.4130  4304    11065  -52.5390  -17.6080  -42.8950  4304
76470  -39.7730  -3.5360  15.9960  4306    1323  -6.3070  55.6940  -14.3860  4306
76619  -42.1960  -3.7570  0.2880  4315    3411  -43.0060  42.2660  21.5130  4315
76627  -41.2160  -3.8600  -0.9790  4319    559  -59.0400  21.4600  -4.3710  4319
77335  -44.7530  -1.9580  39.5110  4329    2387  -39.3130  -60.9980  -22.5540  4329
77336  -47.2470  -1.2630  40.0110  4330    2432  -34.8180  -0.6240  -52.7520  4330
77343  -49.0240  -1.9840  36.8770  4334    1795  -48.0090  37.6030  15.1930  4334
77348  -43.8840  -2.1750  36.5110  4336    5790  -26.0180  27.9460  28.2710  4336
77353  -50.8600  -2.0710  35.4700  4341    1737  -37.7980  23.8900  17.1500  4341
77431  -40.2060  -1.8300  29.3770  4386    7749  -4.0800  -44.5720  31.2660  4386
77433  -40.9310  -0.9240  30.0040  4388    5899  -16.3050  -6.7340  -31.9650  4388
77436  -56.2700  -3.0080  29.2590  4391    7875  -4.3820  -15.3680  31.1690  4391
77460  -40.8370  -1.7670  27.1480  4401    12903  -17.1910  -80.7530  -12.0890  4401
77461  -43.9620  -2.2010  27.0770  4402    12935  -7.5790  -36.8960  1.8890  4402
77462  -44.3050  -2.2810  26.9990  4403    11749  -22.1550  -15.7000  -34.9000  4403
77464  -56.4390  -3.1720  27.3010  4405    9805  -50.4550  7.6070  -42.9580  4405
77477  -45.5130  -2.5870  25.9720  4414    11893  -10.1460  -66.0410  -7.5720  4414
77521  -54.5710  -2.7070  25.1820  4449    14048  -9.0120  22.2320  39.4450  4449
77534  -46.0840  -2.3840  23.3870  4458    14324  -15.4490  -25.0670  -16.2790  4458
77539  -52.5890  -3.0320  23.7430  4463    14349  -32.7990  43.3240  21.5880  4463
77550  -46.4330  -1.7960  22.4570  4470    1224  -3.9950  70.1720  -40.2480  4470
77553  -51.7360  -2.7300  22.4750  4473    14580  -40.5170  56.3680  -1.4440  4473
77555  -53.2170  -1.7350  23.7090  4475    3033  -50.5530  33.7770  -14.9800  4475
77581  -50.6010  -2.1670  20.2750  4491    290  -21.8970  -84.7510  -16.9300  4491
77614  -49.5380  -2.1660  18.4690  4507    291  -18.8460  -86.2880  -18.8490  4507
77628  -43.4090  -2.5020  17.3880  4509    1225  -42.2060  13.3340  -53.6330  4509
77655  -48.2290  -2.2880  16.3550  4522    6581  -17.0850  -41.0460  45.1640  4522
77818  -37.9660  -2.3860  1.4480  4546    1983  -26.7930  -51.0460  -28.2830  4546
77826  -38.3110  -2.7430  0.8290  4548    6605  -17.8260  72.5050  -20.2240  4548
77838  -44.0190  -2.7080  -0.4840  4554    2595  -35.6790  -57.9550  26.9300  4554
77852  -42.1620  -2.4410  -2.7730  4561    558  -15.8910  39.1240  33.3150  4561
78542  -45.0890  -0.2990  38.9930  4572    2386  -31.0630  4.8290  -53.7740  4572
78572  -43.8290  -0.6100  35.8680  4591    5821  -15.3080  48.0180  25.1710  4591
78607  -54.3520  -1.2680  32.3950  4613    7751  -32.7150  10.6140  -44.8900  4613
78617  -42.6110  -0.3050  29.9860  4618    9407  -58.8720  7.4610  -37.6610  4618
78653  -56.6340  -1.0640  27.5860  4638    13287  -43.1750  42.3340  -11.4380  4638
78668  -47.2780  -1.6490  27.5640  4648    13613  -49.1100  1.7380  31.5070  4648
78684  -55.5270  -1.0300  25.1490  4660    14644  -9.8770  75.6490  -11.1470  4660
78694  -47.8150  -1.7190  25.8700  4667    14468  -39.3050  43.7320  15.7630  4667
78731  -51.7280  -1.3210  21.4500  4694    3034  -45.7070  33.2960  -14.4720  4694
78741  -46.0060  -0.8220  20.1490  4696    6180  -56.2950  -30.3820  -37.1140  4696
78808  -49.9450  -1.3280  16.5640  4720    7155  -15.2320  -12.7910  57.0770  4720
78817  -42.9050  -1.0780  15.0900  4721    8626  -56.6580  -29.3890  9.9670  4721
78823  -50.4940  -1.0560  14.7090  4727    10447  -17.2440  -20.9270  22.9320  4727
78832  -40.0680  -1.0780  14.0420  4728    11095  -9.8810  -61.7530  30.5060  4728
78838  -49.2400  -1.4380  14.6940  4734    10384  -65.2680  -7.3060  -10.9650  4734
78845  -39.3570  -1.5370  14.3350  4737    7643  -30.7270  12.5260  31.2800  4737
78851  -49.8330  -1.3570  13.1960  4743    10466  -38.3310  -18.5960  2.9450  4743
78887  -58.8920  -0.8920  6.0590  4744    13285  -5.6940  19.6480  43.9660  4744
78892  -59.0810  -0.5970  5.7220  4745    13659  -51.9590  2.0710  31.3660  4745
78917  -38.1430  -1.3570  2.0450  4746    5229  -32.6760  72.6550  0.7000  4746
78944  -46.3580  -1.3110  0.1550  4753    14511  -28.9080  -9.5930  28.8980  4753
78945  -47.1950  -1.1150  -0.1110  4754    7431  -5.0610  -34.9050  -5.2640  4754
78953  -45.6590  -1.7340  -0.8340  4759    12679  -61.7290  -22.9370  -9.8610  4759
78955  -47.2930  -1.1770  -1.1380  4761    7432  -10.7840  40.6470  -34.8640  4761
78981  -44.7810  -1.1640  -3.9220  4777    2594  -2.4610  -0.4780  38.6700  4777
79673  -48.3060  -0.0920  38.5390  4784    1736  -40.3190  24.9130  17.6850  4784
79684  -49.6040  0.1970  37.0630  4791    1735  -2.6170  -50.0930  5.8430  4791
79706  -51.7640  0.4190  34.7230  4804    5803  -34.1740  1.3670  2.2750  4804
79733  -43.9810  0.6600  32.4370  4819    9408  -56.2840  -31.3050  7.1770  4819
79734  -45.3750  0.7300  31.8280  4820    7648  -47.6640  1.9100  -52.0610  4820
79748  -45.1580  0.4220  31.1720  4830    11013  -47.0960  5.5610  7.8100  4830
79750  -47.5410  0.5400  30.6990  4832    11069  -21.2530  -64.4400  18.0940  4832
79776  -55.6720  -0.2900  29.9720  4848    11850  -31.1800  -59.5580  6.7430  4848
79796  -50.1000  0.2840  28.9270  4857    13702  -31.6550  -53.8100  34.3340  4857
79846  -50.5190  0.1220  26.5170  4884    1552  -7.9020  -63.9910  15.1760  4884
79865  -56.1380  0.3190  25.8120  4897    4084  -37.0580  23.8400  -45.4210  4897
79876  -50.3390  1.0180  25.0140  4902    1551  -56.6790  10.7960  -16.7620  4902
79892  -54.6400  0.3340  24.1270  4913    1862  -27.9340  8.0040  -34.8620  4913
79906  -48.1350  -0.1000  22.6640  4916    2110  -46.6000  24.4610  25.5370  4916
79926  -48.4680  1.1710  21.7680  4924    1675  -18.1920  -25.7320  42.4610  4924
79951  -52.1650  -0.2210  20.4090  4933    289  -23.1460  66.0150  -2.3050  4933
79969  -46.3650  0.0270  19.6310  4935    9064  -13.1070  46.8640  -37.4660  4935
79993  -51.0470  -1.0040  18.7310  4944    7185  -20.8200  -38.9290  26.0040  4944
79995  -52.3890  0.0700  18.1470  4946    6817  -60.0430  -26.4690  -0.8610  4946
80009  -45.0740  -0.5710  17.4770  4947    6336  -19.6490  -24.5580  -20.6830  4947
80012  -46.7040  1.2920  17.9150  4950    9164  -41.4150  -44.7190  0.2180  4950
80014  -51.9740  -0.2310  17.3380  4952    12914  -52.1190  39.8990  -1.9900  4952
80029  -53.2110  0.1270  16.2360  4961    13816  1.0270  18.5570  -23.0790  4961
80034  -43.7760  -0.4920  15.1390  4963    13979  -12.0240  58.5360  22.3890  4963
80037  -45.5700  0.4990  16.0560  4966    11898  -22.6970  3.0640  50.5640  4966
80054  -51.3210  -0.7250  13.5810  4979    10540  -54.8690  -25.7590  17.6990  4979
80057  -53.6990  0.3310  14.2240  4982    14483  -5.8580  -85.1150  -27.1280  4982
80061  -40.6690  0.0970  13.4560  4983    14274  -22.5950  75.3140  -30.3680  4983
80067  -52.0300  -0.3050  13.0780  4988    11977  -6.1760  35.2940  -30.6290  4988
80073  -41.8950  0.1320  13.5700  4993    13148  -24.4290  5.5860  25.3970  4993
80111  -57.8970  -0.7930  7.2130  4996    13014  -18.2970  7.4180  -45.0290  4996
80112  -58.8060  -0.2140  6.9460  4997    14877  -33.1440  11.5870  -23.6680  4997
80117  -59.4670  -0.1240  6.2720  5000    13601  -52.7700  -48.7530  7.9420  5000
80122  -59.4930  -0.0530  5.5860  5004    1444  -44.0620  -10.7570  -25.4060  5004
80129  -58.7240  -0.1850  4.9500  5007    663  -36.1860  10.9880  28.8060  5007
80146  -37.9100  -0.6420  2.5270  5011    6802  -65.0780  -9.1790  -30.4160  5011
80148  -39.5900  -0.5030  1.9440  5013    5230  -33.3790  70.8430  1.5100  5013
80160  -41.0990  -0.0090  0.5880  5017    7137  -9.7990  63.9140  -28.6300  5017
80162  -48.6900  -0.5530  0.8760  5019    7430  -6.7360  -36.0150  -1.4650  5019
80170  -40.1920  -0.9670  -0.2700  5021    1740  -34.3100  7.1950  -24.4940  5021
80176  -50.9970  0.0690  0.9470  5027    5618  -54.0060  18.7430  -27.1680  5027
80187  -50.8270  -0.2040  -0.3400  5035    9019  -43.7150  28.5650  -56.6130  5035
80192  -41.8370  -0.2490  -1.9230  5037    560  -60.0080  18.5560  -4.0980  5037
80195  -49.1870  -0.6600  -1.5810  5040    10044  -5.8540  -87.2100  -14.4240  5040
80211  -51.8770  -0.2310  -2.8530  5052    11161  -15.6790  21.2780  50.6780  5052
80223  -49.6280  -0.2880  -3.3630  5060    11986  -31.8240  -2.6130  28.4180  5060
80235  -47.8610  -0.1670  -3.9760  5067    12678  -40.7750  -39.1290  -30.4900  5067
80956  -45.2170  1.0310  36.7480  5083    6268  -41.6600  -43.8660  18.8760  5083
80990  -53.7120  0.7960  32.2910  5101    8563  -20.1900  -34.0140  42.2280  5101
80998  -47.2280  0.9100  31.3960  5105    9726  -38.4000  24.2340  36.6140  5105
81021  -49.3440  0.7670  30.0940  5115    12243  -34.4100  5.3050  -23.0440  5115
81033  -56.0790  0.4260  27.9350  5122    13889  -19.6340  60.0960  23.9740  5122
81039  -51.2040  0.5690  27.6150  5124    1553  -37.4340  -11.5390  34.3880  5124
81092  -53.2100  0.1610  22.2030  5148    1863  -28.6810  8.9870  -36.2260  5148
81108  -49.1450  1.8170  22.2770  5152    1674  -33.1860  -8.4300  40.5400  5152
81157  -53.0300  0.5200  17.7700  5167    12926  -5.3060  -64.7320  18.0730  5167
81159  -54.2480  1.2740  17.9010  5169    10839  -12.7490  -0.2310  -38.9330  5169
81192  -54.5170  0.6780  15.6910  5185    11560  -0.4740  -73.4220  -23.3470  5185
81223  -53.6840  0.9330  12.5030  5206    13846  -48.6200  -13.3360  -16.9700  5206
81252  -56.5640  0.7210  7.9000  5208    12704  -24.0630  13.8970  48.7730  5208
81259  -57.2530  0.2100  7.6150  5209    13463  -53.3640  -48.1430  -9.7900  5209
81264  -61.5290  1.0010  6.8360  5214    14611  -42.3640  45.3270  15.7520  5214
81269  -61.9690  0.8670  6.3450  5218    14693  -22.5940  -68.6550  7.2470  5218
81283  -62.3030  1.1130  4.7930  5227    1443  -55.7830  0.7590  -33.6040  5227
81290  -56.7840  0.8390  3.9710  5229    664  -34.7520  31.7760  -57.1830  5229
81294  -61.0420  1.2680  4.4660  5233    4666  -56.4110  -15.1700  17.5020  5233
81307  -40.3250  0.4440  2.3480  5240    6919  -56.5020  -42.5360  -26.1320  5240
81312  -53.9770  1.1820  2.4700  5242    3231  -21.0700  -70.3420  -7.9370  5242
81338  -52.5190  0.4740  1.0880  5257    9855  -3.2200  -7.9230  43.6120  5257
81341  -54.9330  1.1110  -0.0380  5260    9925  -14.3520  -22.7440  35.0250  5260
81342  -55.5880  1.4380  -0.2520  5261    11461  -9.9440  -81.7360  -23.0190  5261
81360  -51.7720  -0.0880  -0.5420  5274    10169  -27.9180  -24.4680  30.1890  5274
81367  -58.5940  1.6080  -2.2010  5281    248  -48.0800  -13.5010  37.0710  5281
81371  -61.8130  1.4450  -2.5030  5285    3885  -41.2260  -65.4120  7.1240  5285
81379  -54.8520  0.3490  -2.6640  5291    12609  -25.4920  -51.5570  -30.3680  5291
81382  -57.9030  1.2480  -2.7340  5294    11885  -31.6350  -48.8450  26.8020  5294
81385  -60.7270  1.4860  -2.8230  5297    10630  -45.7860  24.4360  -50.4500  5297
81393  -44.8160  0.5730  -4.0360  5301    5161  -53.7470  -14.6270  -44.4030  5301
81419  -52.1670  0.3650  -4.5090  5322    11524  -32.8990  -1.1450  1.1990  5322
81422  -54.6660  0.6360  -4.4210  5325    11525  -16.0960  -30.8470  53.4630  5325
81424  -56.6660  0.9150  -4.1220  5327    11573  -39.6270  6.3840  42.7720  5327
81433  -51.4030  1.2140  -5.1230  5333    9982  -3.7900  46.1850  -3.4100  5333
82321  -54.8010  1.1590  29.7300  5401    13545  -38.6950  -40.9270  25.8580  5401
82349  -55.3770  1.4550  27.1130  5413    4083  -39.7910  32.8720  28.8010  5413
82377  -55.6130  1.6330  25.0100  5421    4085  -36.0770  21.4760  -44.5610  5421
82393  -55.3520  1.8400  23.6580  5426    1861  -12.9430  55.7570  22.0180  5426
82420  -55.3100  1.9690  21.4060  5436    4592  -56.2260  -46.8980  -16.1050  5436
82441  -48.2580  2.1000  19.4020  5442    10444  -25.7800  50.5380  14.9470  5442
82444  -54.9330  1.8790  19.6990  5445    9280  -57.5300  9.1140  17.6180  5445
82480  -56.3560  2.3200  16.2500  5461    10014  -39.5740  65.0780  -14.3750  5461
82495  -55.6130  1.2170  14.3120  5470    12534  -1.5420  27.8120  -21.3620  5470
82504  -43.7460  1.0040  13.0430  5474    12784  -13.0330  8.6470  -32.9930  5474
82507  -46.3970  1.2380  13.7120  5477    12300  -24.5430  -75.9110  4.4500  5477
82514  -42.6280  1.7250  12.2240  5481    13147  -14.8700  -21.8960  55.5210  5481
82520  -55.4200  1.9860  12.3400  5487    13621  -5.1050  -55.1680  36.7450  5487
82527  -54.2780  1.7350  10.9350  5489    13847  -28.6410  -49.0270  16.6390  5489
82532  -54.7650  2.0180  10.3760  5491    14036  -28.5050  57.2680  22.7860  5491
82547  -56.1920  1.3480  8.1690  5493    14249  -59.9850  -8.5330  4.7770  5493
82548  -57.2610  1.3950  7.7890  5494    14515  -17.6970  13.6180  -30.9010  5494
82551  -61.0770  1.7560  7.6300  5497    14522  -8.2000  -57.1470  34.1730  5497
82568  -63.4770  2.1610  6.1280  5510    8103  -33.2740  -26.7200  -26.9470  5510
82574  -63.7430  2.0490  4.7430  5514    8104  -46.9670  52.7450  -30.4150  5514
82576  -54.9860  1.3100  3.0340  5515    3275  -3.2150  79.0820  -32.2950  5515
82578  -57.2330  1.7330  3.4010  5517    3524  -1.8630  -22.2750  49.9100  5517
82579  -58.4380  1.9790  3.6890  5518    3525  -36.7310  -32.7890  36.1200  5518
82591  -38.0700  1.2720  3.1210  5525    6783  -48.5510  -52.3560  -6.9850  5525
82592  -39.0840  1.1760  3.1120  5526    6887  -33.1830  61.7270  11.1340  5526
82614  -43.1230  1.1560  0.6990  5543    1741  -35.3860  6.1920  -28.1570  5543
82617  -55.9960  2.0120  1.3030  5546    247  -46.6840  -15.3290  38.2840  5546
82628  -44.2360  1.4570  -0.2270  5553    1739  -35.2200  7.5840  -26.6880  5553
82646  -60.8560  1.9000  -1.1680  5568    246  -6.6500  30.4400  34.5690  5568
82649  -63.0770  1.6570  -1.0570  5571    1977  -17.8780  -15.7540  -24.1810  5571
82655  -45.4680  1.7210  -2.0410  5574    3564  -28.3010  -32.9670  -30.7740  5574
82681  -47.1970  1.5780  -3.9610  5593    6404  -55.1250  -5.0230  -37.9680  5593
82694  -49.4950  1.4590  -4.5370  5602    8749  -41.1280  5.7310  -57.8830  5602
82715  -54.4950  1.5710  -5.2020  5620    11208  -28.0320  51.4670  25.0270  5620
82717  -56.4600  1.8000  -5.0230  5622    11210  -6.4610  -16.6110  50.4150  5622
82719  -58.5170  2.0840  -4.7840  5624    11253  -21.6820  -10.4680  31.8020  5624
82721  -60.6150  2.2250  -4.7490  5626    10631  -15.3590  -2.4830  56.0790  5626
83543  -48.2550  2.0320  36.0640  5633    5802  -36.2760  2.6760  3.0070  5633
83580  -50.6440  1.9310  34.2750  5649    9770  -20.4660  -70.4950  -31.5880  5649
83630  -51.3870  2.0360  31.4280  5670    12269  -28.5390  -64.8290  -26.4600  5670
83664  -52.9380  1.6620  28.6660  5685    13586  -51.8650  20.6490  14.2140  5685
83681  -53.9650  1.8790  27.7620  5690    14112  -22.0060  -24.7650  -25.5640  5690
83695  -53.3140  2.3610  27.2770  5693    14493  -16.9080  -23.3090  51.5940  5693
83725  -52.6750  3.5470  26.2070  5701    10348  -4.8280  20.9510  50.0880  5701
83726  -55.4830  3.1280  26.3220  5702    12012  -14.7290  -65.6520  16.8610  5702
83738  -51.0830  3.0540  24.4690  5706    11642  -38.6010  63.9630  -15.0520  5706
83748  -56.3100  2.9520  22.5950  5713    11255  -64.7290  -20.4920  -25.9950  5713
83757  -57.0300  3.0400  21.2840  5719    5603  -23.9730  -59.9600  6.7410  5719
83768  -57.5580  3.2900  19.9050  5726    5602  -24.7540  -56.1740  4.8210  5726
83799  -56.5610  2.7980  18.8700  5737    5604  -24.8440  -57.5140  3.6510  5737
83813  -49.6920  3.3270  17.8670  5743    9572  -26.8770  63.9240  -5.8320  5743
83814  -50.2640  3.5280  17.3540  5744    9571  -35.6700  38.6030  22.0040  5744
83818  -57.8110  3.6810  17.1010  5748    10013  -18.5040  -85.3470  -29.1640  5748
83832  -58.5540  3.8190  15.8400  5759    11400  -23.3380  -36.4600  26.0440  5759
83839  -50.8240  3.3380  15.8520  5764    11050  -20.4060  -47.2650  4.8020  5764
83866  -56.8040  2.5050  13.8650  5784    1839  -40.9970  46.1000  -4.2500  5784
83897  -43.9640  2.5010  11.3650  5802    4870  -44.3730  7.5160  -58.9920  5802
83907  -56.9270  3.7600  11.0410  5811    1840  -55.2460  -18.6030  29.7310  5811
83913  -57.3720  3.7150  9.4930  5814    7133  -47.7080  5.9860  -43.9490  5814
83915  -60.2750  3.4870  8.3890  5816    8965  -59.3810  -34.1680  2.6330  5816
83916  -61.0620  3.3030  8.6260  5817    14596  -20.1940  -24.8460  -16.7510  5817
83960  -59.0020  2.7170  1.7690  5845    14867  -4.0470  37.4960  -0.1350  5845
83962  -61.4420  2.2590  2.1070  5847    14872  -34.4220  10.0570  -25.1890  5847
83965  -63.6400  1.7130  2.0160  5850    10793  -50.1780  19.2670  -2.2520  5850
83999  -46.5540  2.6910  -0.9560  5875    3565  -30.2010  -33.1990  -29.4250  5875
84012  -48.6520  3.1260  -2.0610  5885    5162  -55.6090  -13.6120  -44.2860  5885
84035  -50.2310  2.8280  -3.8240  5899    7231  -18.6860  -75.1200  7.4050  5899
84047  -52.5400  2.7280  -4.4590  5907    8947  -30.1740  -71.1050  11.4490  5907
84069  -63.2310  3.5780  -5.0950  5925    10649  -48.0350  -43.0540  -5.3610  5925
84993  -54.9530  4.3160  26.5360  5926    10349  -44.3240  -23.9080  -38.9390  5926
85039  -51.0810  3.9990  22.3530  5949    11641  -38.7970  34.4560  29.4970  5949
85044  -57.8540  3.9820  21.7120  5954    12608  -0.7340  -65.8110  -27.9180  5954
85096  -58.4250  4.3040  18.1210  5974    13604  -29.1280  -24.6490  -25.0470  5974
85108  -50.8790  3.9310  17.5520  5977    11051  -34.4100  -15.0360  21.4090  5977
85122  -59.8560  4.0920  14.6020  5987    1838  -35.4320  -65.2270  -17.6510  5987
85138  -51.2720  3.5350  13.6690  5995    5760  -41.1140  18.4980  28.4510  5995
85147  -47.4940  2.3280  12.1560  5999    5713  -35.5050  -55.7360  27.7860  5999
85156  -60.0430  4.5920  12.2360  6008    1914  -40.8320  -35.4110  23.8830  6008
85166  -43.5930  3.1760  10.8460  6010    992  -45.8090  -21.6710  -37.2880  6010
85183  -45.2490  3.4810  10.3860  6024    1784  -38.3150  -55.2360  -30.1890  6024
85186  -48.3960  3.6790  10.7390  6027    277  -44.8610  60.2890  -24.8470  6027
85190  -59.7550  4.8890  10.1280  6031    6829  -4.2880  53.8490  26.6850  6031
85202  -61.8200  4.1260  9.2050  6039    6918  -56.3180  -44.8160  -26.9260  6039
85211  -62.8950  3.8510  8.4420  6043    9347  -49.5750  30.3470  -33.0150  6043
85231  -39.3140  3.1900  2.9120  6051    10125  -27.6170  11.9270  24.4900  6051
85242  -42.4500  2.9160  2.0130  6058    11409  -37.9630  -70.6770  -34.8060  6058
85251  -64.0030  3.1180  0.7240  6064    1976  -11.7260  -50.7060  -21.9260  6064
85258  -63.8360  2.9740  -0.2530  6068    1978  -14.6630  -15.6360  -23.8640  6068
85266  -50.0990  4.4220  -1.8680  6073    12158  -35.0550  -70.8930  5.3910  6073
85299  -56.3520  3.8770  -4.3220  6091    11209  -34.5860  -18.7070  0.2640  6091
85309  -58.5450  3.5980  -5.0760  6097    11236  -63.8080  -9.5140  6.5630  6097
85312  -61.4470  3.6800  -5.9480  6100    11306  -37.8850  58.9510  -31.6290  6100
86160  -54.2230  4.8350  25.8470  6116    10347  -28.7830  56.2720  23.8600  6116
86181  -54.5000  5.6210  24.5580  6129    11197  -15.0020  9.0060  -31.5680  6129
86204  -53.0590  5.8130  22.0250  6144    12477  -4.3920  30.6390  37.1710  6144
86264  -53.0210  4.5920  16.5890  6170    14505  -22.6250  81.0020  -14.0820  6170
86284  -60.0020  4.9040  16.3060  6182    14683  -26.1280  56.2790  -31.9000  6182
86301  -52.6760  4.6640  13.2690  6191    278  -8.8010  -14.8310  57.3920  6191
86329  -61.2670  5.3100  10.8110  6205    6828  -6.5340  45.2030  -28.5050  6205
86333  -44.7510  4.2500  9.7970  6206    993  -38.7930  12.9900  -37.0260  6206
86338  -49.7920  4.3480  10.1720  6211    276  -44.1730  5.7120  9.1020  6211
86349  -46.3890  4.5220  9.2940  6216    1783  -37.3040  -53.6490  -28.9450  6216
86373  -64.1400  4.3890  3.3140  6229    8131  -25.8710  26.7970  26.4130  6229
86377  -38.0260  4.1630  2.5300  6230    8879  -22.5860  -10.4090  -41.6420  6230
86389  -41.1200  4.1730  1.9660  6236    10124  -40.6070  11.3970  -64.2160  6236
86400  -40.7380  4.9450  1.2980  6243    10126  -4.5600  -85.9460  -9.9550  6243
86404  -44.8980  4.0930  0.6160  6247    11408  -37.7880  -72.5800  -32.6600  6247
86427  -51.4110  4.6290  -2.2200  6262    13243  -5.5380  -76.5000  -25.8730  6262
86429  -63.7170  4.0720  -3.0390  6264    3893  -18.5310  -46.9860  -29.1200  6264
86436  -53.6910  4.5170  -3.0420  6267    414  -41.8090  -70.6600  -22.7710  6267
86444  -55.2010  4.5640  -3.5890  6270    4725  2.0800  13.7980  -36.7490  6270
86452  -58.1490  4.5120  -4.9770  6275    7988  -25.6480  16.5740  -53.7920  6275
87319  -55.6920  5.9350  24.0950  6292    11254  -15.4810  -59.8280  -16.2440  6292
87345  -58.0040  6.1340  22.3370  6308    12746  -7.6370  50.9480  20.8770  6308
87371  -53.4310  6.1440  20.2890  6316    12716  -29.7300  -52.8890  32.8740  6316
87376  -59.4950  6.6790  19.8230  6321    14081  -17.6560  28.9360  40.1580  6321
87399  -53.9040  5.8050  18.1390  6328    14366  -46.0600  51.6030  -30.3800  6328
87414  -60.4130  6.5690  17.7050  6338    7769  -44.3780  -29.5940  31.3250  6338
87422  -54.3640  5.4430  16.1600  6341    2737  -27.0240  67.1560  -15.1550  6341
87437  -61.2600  6.3270  15.4310  6349    9979  -56.7480  -15.2030  29.8450  6349
87443  -53.6100  5.2520  13.8930  6351    2736  -8.0540  19.5860  40.1190  6351
87446  -61.4400  5.6560  14.4090  6354    12275  -34.7280  21.8900  15.9700  6354
87467  -61.5280  5.7190  12.1140  6367    12902  -31.9720  -78.9010  -27.3150  6367
87481  -51.1020  4.7650  10.4850  6373    5986  -16.3140  -61.1730  17.3550  6373
87506  -46.5390  5.4840  8.1270  6385    4939  -36.7780  64.0250  -3.6110  6385
87508  -48.4330  4.9200  8.2620  6387    5801  -10.8240  -40.0720  38.7390  6387
87524  -64.0600  5.2650  5.7790  6399    8102  -22.6780  -16.7190  52.2670  6399
87539  -38.1270  5.2510  1.5060  6404    8881  -17.0760  23.0180  39.9460  6404
87540  -63.9030  5.2910  1.2030  6405    1770  -29.2410  -40.0850  37.9210  6405
87549  -40.3860  5.4130  0.4580  6408    10934  -9.1110  17.1920  31.3420  6408
87563  -39.0960  5.9890  -0.1630  6415    7635  -51.9040  -14.8350  -46.1140  6415
87568  -44.3450  5.2110  0.0990  6420    11407  -5.7090  2.9480  18.3300  6420
87572  -63.6660  5.3720  -1.2710  6424    1771  -30.4320  -40.8620  39.9880  6424
87578  -37.5250  6.6480  -0.5750  6426    6242  0.1010  0.6930  -2.9740  6426
87580  -38.7610  6.4220  -0.8600  6428    7636  -51.8910  -10.6930  -45.5700  6428
87584  -42.6110  6.0010  -1.3640  6432    12708  -8.6130  -13.7930  48.9880  6432
87585  -43.7040  5.9360  -0.8770  6433    12833  -55.1290  -2.7000  31.7420  6433
87587  -45.7890  5.7920  -0.8340  6435    13641  -59.4450  -37.4470  -29.8320  6435
87588  -46.9950  5.3980  -0.8840  6436    12159  -55.9400  -37.4760  2.0110  6436
87600  -42.3920  6.1400  -2.1900  6446    10369  -38.9580  -27.3970  27.4580  6446
87640  -62.7530  5.2620  -6.8120  6472    8611  -30.5400  29.9270  -5.2360  6472
87647  -60.7910  5.7290  -7.1000  6476    8663  -13.1310  76.8210  -2.3730  6476
88572  -59.2160  7.1680  20.2820  6505    6231  -57.6610  -38.3390  8.1390  6505
88586  -55.3860  7.6050  19.6170  6509    6232  -31.5880  64.2660  -28.9800  6509
88672  -53.4150  6.5190  10.6700  6544    8396  -13.0760  -75.5660  -19.3750  6544
88693  -51.6640  5.2460  8.8210  6552    8432  -32.6680  62.7390  10.1390  6552
88705  -52.5440  5.5640  7.4360  6559    10901  -35.6130  -56.4610  -36.2860  6559
88712  -47.8650  6.0770  6.4750  6564    8969  -28.9990  -70.6790  10.7620  6564
88718  -54.1630  5.9930  6.2620  6570    12853  -38.9090  6.8760  -32.1340  6570
88720  -63.7160  6.4340  6.6420  6572    9348  -33.0520  40.6360  2.0800  6572
88726  -50.5770  5.8650  5.3890  6576    12759  -37.9290  59.0110  -18.9010  6576
88728  -52.5260  5.8890  5.4120  6578    12852  -40.0740  5.7410  -31.3430  6578
88731  -55.2220  6.3440  5.2690  6581    12890  -16.1580  52.6200  17.0440  6581
88746  -54.1720  6.5090  3.8860  6594    13965  -24.8400  -82.6200  -29.4880  6594
88748  -55.6810  6.7430  3.6310  6596    13968  -33.5060  -68.7970  12.6310  6596
88750  -63.9050  6.4740  3.2990  6598    9937  -22.4020  -72.8890  -8.7030  6598
88797  -45.4240  6.7700  -2.5650  6623    3509  -53.0890  18.0860  -6.9530  6623
88803  -51.2690  6.3270  -2.7060  6629    415  -41.4290  -69.5210  -24.8450  6629
88811  -41.4950  6.7700  -3.5450  6634    7725  -21.6400  -48.9090  0.7290  6634
88818  -49.0670  7.0960  -3.3350  6641    9268  -36.5820  -14.3250  22.8790  6641
88825  -63.8790  6.7110  -3.6700  6648    1974  -20.0040  -32.0090  38.0020  6648
88835  -47.3650  7.3090  -4.3470  6654    3508  -55.2980  19.8930  -7.5800  6654
88850  -43.9850  7.1350  -5.6980  6666    3555  -55.7500  -45.0520  -33.0490  6666
88855  -53.4610  7.3410  -4.9620  6671    413  -39.6410  -71.1290  -23.4290  6671
88859  -57.2400  6.1730  -5.3270  6675    4953  -50.3730  2.6690  -22.7160  6675
88861  -63.5380  6.5170  -5.7120  6677    1975  -45.2710  42.4730  -1.6670  6677
88866  -46.4780  7.4520  -6.0170  6680    3510  -57.9850  6.8360  -34.0690  6680
88868  -55.0480  7.3070  -5.8090  6682    4726  -36.5630  -62.4000  -15.9620  6682
88888  -59.0350  7.5450  -7.9920  6696    7989  -38.0480  24.4570  2.0750  6696
88889  -59.6780  7.3370  -8.0500  6697    7987  -21.3290  8.8780  -28.4350  6697
89811  -57.2300  8.6740  19.2790  6732    7588  -31.1210  -29.1870  38.3470  6732
89812  -58.0380  8.9210  19.2500  6733    6230  -35.4720  -5.3550  3.1060  6733
89833  -57.0480  8.5940  17.3040  6745    2738  0.5180  13.6510  8.6190  6745
89848  -57.4740  9.0790  16.4030  6752    9148  -19.0570  -50.6230  43.4070  6752
89861  -56.8770  8.3820  14.5770  6757    11418  -52.8560  -44.3050  -31.6770  6757
89885  -56.8400  8.4780  12.6050  6767    12962  -42.5320  -59.9750  9.0490  6767
89905  -54.7220  7.2330  10.3420  6776    13698  -9.8860  58.8470  23.6040  6776
89907  -56.1190  7.8340  10.2740  6778    13722  -8.6040  78.2570  -11.2520  6778
89910  -62.5800  7.3350  9.7580  6781    9749  -49.3090  9.7050  25.6100  6781
89929  -54.0220  6.4040  8.4720  6790    14268  -26.3610  58.2080  -1.0490  6790
89952  -56.9210  7.3470  6.7940  6806    14570  -59.6660  3.7200  -5.4120  6806
89963  -57.8350  7.6260  5.6500  6815    14715  -4.0160  -45.1880  39.5000  6815
89967  -48.5540  7.9120  4.3580  6818    14679  -30.1210  9.4950  -55.7600  6818
89969  -50.5630  7.0410  3.8910  6820    13814  -3.1980  24.9380  29.6980  6820
89990  -52.7910  7.8070  2.0350  6839    14848  -21.0340  13.7570  -51.4300  6839
89992  -54.6390  7.4730  1.8940  6841    14866  -39.8570  18.5380  -51.5900  6841
89996  -58.8330  7.4830  2.8020  6845    3322  0.8130  18.8090  7.5870  6845
89998  -63.7470  7.4200  1.6700  6847    1769  -29.8070  -37.2850  38.1890  6847
90002  -56.5910  7.3400  1.2860  6850    3321  -35.4980  -20.9970  35.8910  6850
90022  -37.1650  7.4900  -0.9370  6864    5006  -44.5040  47.6200  -5.2240  6864
90063  -43.3000  7.5570  -5.9260  6891    9218  -54.4680  -16.9420  30.8630  6891
90068  -50.7180  7.7780  -5.5890  6896    9269  -36.1410  -12.8670  22.0840  6896
90081  -48.2680  7.9500  -6.5190  6907    10438  -47.9630  -40.2280  -14.0050  6907
90082  -49.2810  8.0160  -6.4350  6908    10491  -46.6970  15.2670  -36.6800  6908
90085  -52.3680  7.8910  -6.1020  6911    12932  -59.1360  -12.2420  -31.8000  6911
90097  -45.8530  7.6040  -7.6190  6920    11448  -6.2850  -36.4550  47.1210  6920
90132  -61.7350  7.6400  -8.1420  6952    8612  -54.5880  -15.1640  14.2030  6952
90981  -58.6500  9.2550  18.0620  6956    7770  -20.5040  -42.2060  -12.0350  6956
91011  -60.3360  8.6080  16.9500  6969    9978  -47.8620  -28.1560  18.4880  6969
91029  -61.1560  8.8490  14.6980  6976    12274  -33.8760  22.7760  16.9620  6976
91103  -63.4940  8.5420  5.5860  7005    11664  -12.8420  -62.5560  -28.8590  7005
91106  -47.5110  8.4620  5.0280  7006    14593  -6.8930  -73.9960  -36.1600  7006
91110  -63.5720  8.6020  4.6020  7010    14735  -41.4130  -42.8100  -29.9720  7010
91123  -59.1360  8.3210  4.0560  7021    14716  -57.5280  -24.5060  26.8240  7021
91125  -63.4440  8.9920  2.4910  7023    14834  -10.2900  -87.3130  -17.6390  7023
91138  -52.3960  8.8880  0.8670  7034    2240  -29.2380  6.9560  -59.5440  7034
91145  -53.4190  8.8680  0.1130  7040    2241  -27.7680  9.4040  -60.2830  7040
91150  -59.1560  7.7830  0.3570  7045    3320  -24.2660  -76.8590  -0.7050  7045
91157  -55.5120  8.5950  -1.1580  7048    3767  -41.0930  -17.8650  46.0720  7048
91162  -60.3020  8.9130  -0.5360  7053    3223  -4.0380  -60.0190  1.1910  7053
91163  -63.6460  7.9240  -0.9510  7054    3520  -33.0560  5.7490  -43.7920  7054
91169  -37.7880  8.6420  -0.8950  7055    4805  -39.1390  -40.0650  13.4900  7055
91170  -38.7440  8.7220  -1.3750  7056    1399  -27.3430  -38.8710  47.2720  7056
91172  -55.6330  8.8740  -1.6260  7058    2281  -25.3640  -49.6180  -33.3010  7058
91186  -39.2840  8.2950  -2.0400  7069    1398  -16.0830  -79.8500  3.8650  7069
91188  -56.5090  8.9670  -2.3330  7071    6755  -2.6280  -13.4830  32.5810  7071
91193  -63.4140  8.4120  -2.5970  7076    4170  -59.6510  5.4120  18.0230  7076
91199  -40.3700  8.4950  -3.3230  7079    7637  -57.2430  -45.2610  -13.1900  7079
91201  -58.8890  8.6110  -2.8210  7081    7029  -46.4560  23.9500  -35.4930  7081
91211  -63.2960  8.1970  -4.6060  7089    1973  -21.9870  -30.2720  37.5830  7089
91237  -44.4900  8.6700  -8.3140  7101    11030  -51.0800  -38.7380  29.0430  7101
91244  -51.1860  8.9530  -7.6190  7108    12687  -51.3720  -29.2920  4.5970  7108
91247  -54.2590  8.7820  -8.0300  7111    13001  -32.1860  57.4880  4.5340  7111
91249  -56.5860  8.7480  -8.5450  7113    13707  -2.0260  -70.6560  2.6080  7113
91262  -47.6340  9.1740  -9.2900  7120    12051  -39.6470  -72.7410  -19.9360  7120
91266  -53.5890  9.1780  -8.1980  7124    5088  -54.1560  -22.5080  21.2440  7124
92176  -61.8840  9.2600  11.8330  7165    13024  -15.8930  -49.5920  10.4620  7165
92202  -58.1030  9.6220  9.6980  7176    13529  -47.7970  10.9900  -31.0210  7176
92211  -58.0310  9.4500  9.1810  7181    14247  -26.6250  28.0260  34.1610  7181
92212  -63.0220  9.1290  7.9200  7182    14507  -16.0030  -70.6220  21.6300  7182
92233  -59.0090  9.5820  5.9020  7191    14655  -4.4530  61.0000  21.4480  7191
92238  -48.6320  9.3820  3.4910  7195    14740  -31.9600  -67.9740  -35.3980  7195
92244  -49.7360  9.4740  2.5950  7200    9295  -8.3180  -50.4170  35.2560  7200
92253  -60.3500  9.9570  2.8070  7208    14837  -10.5910  74.8770  -35.3000  7208
92261  -60.5560  9.8440  2.1050  7215    894  -29.2300  42.2800  32.7600  7215
92262  -62.9660  9.5110  1.0240  7216    3438  -7.7710  -38.4920  12.5440  7216
92270  -60.6610  9.6600  1.1910  7223    896  -27.8540  41.0790  31.0120  7223
92285  -63.1300  9.1600  -0.6910  7232    3490  -23.2130  27.7470  -38.2410  7232
92299  -61.2200  9.7000  -1.5880  7241    3222  -5.3010  -62.9510  2.9380  7241
92321  -57.3590  9.4250  -3.1310  7257    7030  -61.4110  -8.8280  19.7360  7257
92331  -42.2720  9.6130  -4.6740  7264    8198  -30.1180  36.8160  34.6720  7264
92333  -58.8370  9.4870  -3.9430  7266    7028  -36.8020  39.6860  28.5420  7266
92335  -60.6950  9.6510  -4.2010  7268    7243  -56.1610  0.9420  8.0710  7268
92352  -62.6570  9.1940  -5.9100  7274    10179  -21.1370  59.9920  5.8950  7274
92372  -62.0720  9.2160  -7.7230  7284    12078  -62.3980  -11.0370  14.1880  7284
92392  -60.4420  9.7300  -9.3040  7296    13003  -12.3180  47.1930  3.6480  7296
93300  -59.4720  9.9340  15.0980  7306    12952  -48.8420  18.4580  1.3450  7306
93333  -61.1830  10.2470  12.4760  7321    13023  -30.5800  12.0160  -49.1710  7321
93376  -62.1110  10.6870  8.9430  7340    5283  -14.7010  -30.7240  -26.5960  7340
93405  -62.2150  11.4110  6.2330  7356    14839  -29.9630  -65.4090  -30.0020  7356
93409  -47.7070  10.2210  4.4940  7359    5812  0.2460  -79.9030  -17.6180  7359
93412  -59.8650  10.7660  5.0710  7362    5281  -19.5670  15.2150  37.7950  7362
93415  -62.3970  10.9080  4.4820  7365    14734  0.3600  -73.7350  -7.2930  7365
93424  -62.8000  10.1640  3.1130  7373    14782  -40.9680  58.3530  -1.0430  7373
93434  -50.7810  10.4150  1.3480  7381    9920  -16.8760  -84.3900  -10.1380  7381
93438  -62.2520  10.1840  1.3890  7385    895  -29.8910  40.3210  34.2220  7385
93453  -39.4200  10.4490  -0.7230  7393    4899  -29.4940  29.2380  39.2070  7393
93457  -61.2850  10.0070  -0.1490  7397    2331  -18.8820  -43.7400  -24.6300  7397
93466  -41.2040  10.7140  -1.9500  7403    1400  -28.5830  -35.4390  47.8020  7403
93478  -42.3510  10.7530  -3.0440  7412    8002  -27.7520  -5.1410  51.2480  7412
93483  -62.3620  9.5290  -2.6020  7417    4207  -18.4650  -6.7490  -39.3270  7417
93504  -60.0350  10.2180  -4.9520  7430    8734  -53.2650  -11.7390  -10.9130  7430
93515  -60.8560  10.4760  -5.9340  7436    10606  -4.0880  -7.4320  32.9710  7436
93583  -58.2460  10.8270  -10.1220  7467    14313  -32.8230  70.2930  -23.5490  7467
94573  -59.6280  11.3660  10.0710  7488    5282  -52.7340  -7.7750  -2.9930  7488
94636  -49.8910  12.1720  2.8170  7517    9294  -21.6410  -42.3360  36.9810  7517
94646  -52.0910  12.2210  0.3720  7525    2239  -16.6610  22.4470  38.1680  7525
94665  -54.6050  11.5420  -2.0500  7530    11906  -18.4990  -43.1680  -22.4500  7530
94688  -56.0710  11.8400  -2.8770  7541    12598  -18.0260  50.9360  33.4200  7541
94691  -58.0580  11.2020  -4.4170  7544    10539  -24.5600  38.4410  -24.3700  7544
94699  -58.4700  11.8250  -4.7630  7547    13373  1.5240  16.3730  -10.7630  7547
94711  -52.1540  11.4310  -6.2420  7553    13364  -14.5150  -17.9970  -21.8080  7553
94713  -60.9850  11.8190  -7.4190  7555    13704  -57.1160  -23.4560  28.4380  7555
94728  -61.0940  11.8910  -8.4090  7562    13547  -9.2110  31.5820  27.5470  7562
95813  -53.5070  12.5090  -0.7450  7618    10766  -6.5360  -42.0180  -0.0430  7618
95823  -54.3190  12.2320  -1.6260  7619    11074  -55.4890  -37.1660  14.3700  7619
95862  -59.1050  13.5480  -4.9190  7630    13651  -37.9670  -15.0200  -37.3600  7630
95874  -60.0900  13.5530  -6.2190  7637    14134  -20.1520  12.9280  -49.0910  7637
95923  -56.5080  12.4460  -9.2590  7659    14416  -10.5860  -55.2800  36.2010  7659
95925  -60.3470  12.2580  -9.4150  7661    14424  -44.6910  -17.3220  -22.5900  7661
95935  -56.2570  11.9220  -9.2810  7664    5089  -56.3370  -42.2960  12.7320  7664
97003  -54.8200  13.9800  -5.7890  7672    5090  -49.3380  -35.0830  19.4900  7672
97026  -60.3640  13.7110  -7.5700  7681    10497  -47.0570  -38.9450  28.2970  7681
97055  -58.4810  13.7440  -10.1940  7691    12707  -34.8680  3.5930  -46.3260  7691
98123  -53.7120  14.6570  -4.8670  7698    10381  -0.4420  -81.4940  -18.0060  7698
98138  -56.2970  15.0400  -6.7130  7703    11435  -3.6580  80.2840  -21.8260  7703
98159  -57.2920  14.8580  -8.8440  7708    11957  -17.3500  49.6650  15.7610  7708
99222  -55.9880  15.9700  -5.3730  7720    4151  -22.9580  -62.1530  1.8450  7720
99245  -57.9060  15.8830  -7.4890  7724    1804  -3.4750  36.2620  24.0110  7724
99258  -59.2610  15.5670  -8.5920  7730    1802  -25.9080  -29.5080  19.1190  7730
100338  -56.8640  16.0710  -6.0610  7736    4181  -17.4720  -55.5320  -30.1690  7736
148525  -28.5910  -16.7650  44.7370  7742    14401  -47.5880  12.9790  -32.7210  7742
148532  -33.6490  -15.4730  45.9240  7749    12156  -13.7370  75.9960  -28.0440  7749
148565  -22.5110  -14.0390  45.4160  7782    602  -26.7600  43.5310  25.0490  7782
