116740  -30.9080  33.8760  6.0940  1    6649  -22.0670  -40.3300  46.7100  1
117426  -47.0390  35.0440  14.9540  3    4324  -14.0260  -87.2040  -23.4300  3
117443  -41.3790  35.7450  14.0300  5    4800  -41.4290  15.7460  -60.3880  5
117449  -36.7960  35.5590  12.2430  6    8403  -59.2460  13.7500  -37.8210  6
117460  -34.3330  36.0120  11.2180  8    8993  -43.6820  -38.6800  22.4080  8
117492  -30.8870  34.6450  6.6910  9    11682  -18.6360  21.9010  29.1200  9
117506  -32.0090  34.1090  4.4040  13    181  -6.0740  -75.5830  0.1230  13
118241  -48.7700  35.4060  15.5240  17    2501  1.2400  -5.4990  0.2900  17
118244  -45.5290  35.6450  14.5820  19    3251  -19.5400  -54.1070  27.3010  19
118254  -38.2060  35.7700  12.6300  27    7338  -11.4460  66.5460  -26.0500  27
118284  -32.7290  36.4530  9.4920  42    1093  0.1470  1.1220  6.7710  42
118351  -33.5760  35.7520  2.4910  54    182  -24.5190  -36.5790  31.5070  54
119074  -49.1920  36.0080  17.1280  55    5278  -41.4960  -57.5250  -32.4570  55
119081  -47.9440  36.4310  14.9230  58    8953  -37.2600  58.9700  7.4360  58
119087  -46.0140  36.4810  14.4030  62    3250  -45.0190  20.1230  30.3780  62
119097  -40.4040  37.6050  13.1950  70    4801  -47.0620  -8.9260  -20.5180  70
119104  -38.3140  37.1110  11.6460  76    7854  -31.1470  15.7650  24.9570  76
119108  -34.8500  36.8980  9.8290  79    1092  -6.5900  14.4020  -36.3840  79
119109  -35.6250  36.8810  10.1740  80    7855  -13.9680  78.7880  -34.1470  80
119145  -31.9860  36.6810  7.2010  96    1094  0.5190  4.1360  6.5370  96
119166  -32.3930  36.7690  3.8850  104    180  -4.5870  -77.9040  1.5440  104
119811  -45.4170  37.3910  18.7030  107    13319  -2.2020  -45.6850  2.9280  107
119866  -42.2840  38.3340  13.6110  130    4802  -28.1860  -12.5900  -4.2210  130
119904  -38.2640  37.8520  8.8130  156    7856  -44.0670  -52.9850  -36.3830  156
119920  -36.5400  37.8700  7.1450  163    9727  -31.8910  -3.9760  -13.3920  163
119926  -34.2370  38.2650  6.1800  168    10432  -44.8870  20.5310  25.2370  168
120538  -43.5340  38.6040  18.8890  176    12686  -46.0680  13.6320  31.5010  176
120541  -45.6400  38.2740  18.8100  179    12982  -8.5440  84.8610  -12.1020  179
120592  -48.3190  38.6830  13.2140  200    2953  -6.5720  -6.7470  9.0000  200
120596  -45.5860  38.2740  13.0710  203    3249  -42.2790  22.0440  34.0040  203
120618  -48.2900  39.5960  11.0160  221    11822  -29.5880  52.7330  19.4190  221
120625  -44.6710  39.6140  10.4980  226    7166  -30.5970  64.0530  2.5860  226
120628  -47.5360  39.8020  10.6270  229    12445  -53.0490  15.3170  26.2740  229
120635  -42.4690  39.3990  9.3090  234    7167  -16.9460  79.3220  1.4790  234
120672  -33.3480  38.7800  5.0840  253    5158  -63.9540  -29.5770  -4.4050  253
120697  -34.1710  38.2230  1.5460  263    4872  -29.3690  -6.2500  48.6640  263
121207  -34.0500  39.4540  25.8060  265    6159  -51.2210  -16.5700  6.6370  265
121221  -33.0250  39.7520  24.6880  266    7479  -29.0900  32.7790  -54.0130  266
121254  -34.6220  39.6390  22.1510  272    8664  -36.8770  -20.4380  -7.7750  272
121289  -38.0840  39.7440  19.3860  279    12323  -41.7470  31.1480  -14.6370  279
121291  -40.6120  40.0970  19.3690  281    12362  -15.5050  -60.0320  20.6920  281
121292  -41.8500  40.0990  19.6030  282    9196  -22.7080  54.9590  23.4990  282
121294  -44.0830  39.9530  19.8160  284    12917  -15.2720  78.4590  -9.6740  284
121342  -46.7740  39.1150  16.5140  301    2875  -7.4160  -48.1260  15.3440  301
121404  -41.1020  40.0170  7.3600  332    7195  -9.8070  -48.8000  -5.0560  332
121414  -38.7660  40.1090  6.1200  338    2315  -16.2430  -3.0690  -34.4450  338
121428  -33.3920  39.2070  2.1180  345    7269  -58.7910  -29.0750  -6.7960  345
122035  -35.4470  41.1130  22.2950  356    14463  -15.6310  57.7500  21.1550  356
122100  -46.0690  40.5170  16.6400  383    2874  -4.9600  -52.2570  18.4470  383
122121  -49.0330  40.2800  13.8200  391    2876  -61.9080  -7.8070  -0.5440  391
122147  -43.4280  40.9920  8.6980  405    537  -4.6350  -20.1050  -12.7810  405
122163  -42.6130  41.0900  8.2910  412    538  -4.8540  -16.4270  -13.0430  412
122174  -36.3460  40.3390  5.5880  414    2646  -58.3530  -2.7770  -38.8830  414
122206  -34.4930  40.5890  0.5300  428    2512  -20.5120  -36.5940  -19.9610  428
122833  -39.2920  41.8720  21.2910  445    9373  -36.0180  -55.8460  -28.4380  445
122838  -43.9230  42.2910  20.8870  450    9197  -24.5030  55.5420  25.3020  450
122846  -44.2490  41.7400  20.5940  452    4143  -25.7300  42.3590  -16.0100  452
122860  -24.1100  41.8040  18.1550  456    10139  -25.2690  -2.5380  -46.7680  456
122869  -22.9770  41.9250  16.9140  459    845  -26.0340  1.2750  43.9410  459
122871  -30.9690  40.5780  17.4660  460    12222  -53.4090  -2.9710  13.8930  460
122873  -33.0480  40.8690  17.2750  462    10199  -25.9300  -14.8790  -31.8160  462
122885  -29.6520  40.6010  16.2550  466    6341  -49.3500  -6.1330  30.3650  466
122896  -28.4500  40.6920  15.0570  473    9973  -48.4240  -62.1670  -11.3420  473
122982  -34.1350  41.2500  5.1640  525    2647  -58.0580  -0.9280  -39.3080  525
123596  -33.8750  42.8150  27.5320  533    2707  -42.3920  34.7280  -48.2360  533
123619  -35.9250  42.4730  24.9070  541    11808  -23.4640  -44.4800  11.7520  541
123635  -40.7920  42.8520  22.4930  550    7694  -9.6760  -36.2470  49.4690  550
123661  -25.2200  42.4190  19.9460  561    9007  -0.3170  12.1870  -14.4170  561
123662  -30.3410  42.2930  20.2550  562    12221  -58.7650  -26.0550  14.6640  562
123665  -33.4540  42.1710  19.8810  565    12550  -31.2590  73.1220  -3.1730  565
123675  -29.3830  42.0720  18.9450  571    6342  -29.7980  29.2350  -55.5330  571
123698  -44.9770  43.2090  17.6800  590    4126  -43.9880  -22.3540  -37.0530  590
123709  -27.9680  41.9500  16.7660  592    3708  -47.3250  -54.0840  -27.5900  592
123738  -25.9480  43.0260  14.5500  611    9974  -36.3740  -32.1830  18.4940  611
123745  -47.7070  43.2940  14.5590  618    8757  -19.0370  2.3580  36.2030  618
123753  -30.1840  41.3790  12.5680  624    10689  -38.7150  19.8590  -23.0400  624
123755  -32.5830  41.8690  13.4560  626    10200  -26.1340  -17.7070  -30.0290  626
123761  -25.4410  43.0660  12.1960  630    1581  -15.2870  -15.3710  45.9960  630
123781  -47.6760  42.7420  10.0980  645    12511  -57.0460  -22.2540  17.0110  645
123790  -40.7160  42.7660  8.0650  651    2317  -49.0950  23.6300  -28.6740  651
123847  -36.1370  42.4950  -0.3570  676    23  -13.2290  -24.8200  -14.8350  676
124423  -35.9000  43.9900  26.9120  683    7478  -26.9210  -25.4780  -37.9900  683
124436  -26.9400  44.2080  25.5610  687    5525  -47.3610  22.9510  11.9480  687
124444  -38.3700  43.7400  24.1280  693    10894  -25.2640  1.7780  30.7110  693
124447  -26.2970  43.6620  23.6630  694    5523  -46.0450  22.0900  10.5110  694
124464  -25.6050  43.2570  21.5440  706    6319  -4.7520  73.5980  -22.5760  706
124466  -31.1600  43.6100  22.0970  708    3308  -38.1120  -42.0960  -18.7480  708
124478  -32.3650  43.2350  21.5700  716    12769  -40.3250  45.6310  22.2740  716
124489  -24.3550  43.7950  18.8590  722    6320  -0.9210  -68.2540  -15.2520  722
124512  -36.4270  43.4410  19.0160  739    11076  -6.8620  -34.4350  17.1760  739
124534  -22.2760  43.7000  16.4060  751    843  -21.9310  16.5370  -45.7860  751
124554  -36.9030  42.5880  15.4600  764    8297  -58.2550  14.5900  -37.9210  764
124558  -46.6720  43.7760  15.1430  768    8758  -19.9340  1.1970  37.1180  768
124564  -34.1420  42.1520  13.9380  771    10201  -40.8250  -26.9070  23.6810  771
124593  -48.7420  43.4240  11.5940  794    4450  -45.3140  -64.7100  -6.6420  794
124617  -37.4590  43.6380  6.7110  811    2316  -45.6460  -5.5230  -28.8900  811
124635  -32.9760  43.6170  4.5250  819    7270  -51.5390  -6.7050  10.1950  819
124646  -32.1870  43.9290  3.0750  822    22  -14.9640  -23.9850  -14.8860  822
124682  -37.3600  43.6740  -0.6110  834    14295  -32.8220  -29.9050  27.2520  834
125157  -33.7350  44.4120  28.3210  835    7480  -51.4010  41.1140  -20.6200  835
125178  -27.3950  44.7940  26.6240  841    8303  -26.8810  -59.9830  -3.3070  841
125190  -26.3410  44.7750  24.1560  847    10248  -45.1520  -1.6930  -17.0410  847
125199  -40.1670  44.3590  23.0810  853    7693  -59.7940  -21.3520  -2.7380  853
125236  -35.6440  44.3810  20.6190  879    11302  -21.9610  -64.8650  -24.4590  879
125281  -43.1880  45.2230  18.1210  910    4125  -43.2980  -22.1410  -35.0210  910
125291  -22.2700  44.8630  16.6080  913    2699  -12.5780  53.4920  3.0530  913
125295  -38.9440  43.5680  15.9990  917    8298  -19.7710  -57.7400  -9.5150  917
125321  -25.8190  47.0930  15.7670  931    3113  -27.3860  47.4460  -12.6760  931
125353  -28.1860  45.7730  9.1790  956    3851  -55.4210  -13.6060  -26.1040  956
125359  -30.7540  47.8330  10.1920  960    5825  -2.8250  8.3820  35.1370  960
125366  -45.3550  44.5380  9.4640  963    539  -9.9640  -49.9220  26.2350  963
125387  -35.7050  44.1850  5.7480  979    2648  -10.0650  42.1870  36.1320  979
125944  -27.4460  45.4030  26.6940  1006    3087  -15.1990  -62.2020  -33.3530  1006
125966  -32.1210  45.0940  23.9200  1016    3307  -39.0920  -41.1920  -18.2950  1016
125983  -35.8680  45.5270  21.9940  1030    11807  -61.1190  -34.3140  -28.0090  1030
126009  -24.1880  45.8990  19.9110  1049    6321  -0.9620  -64.3920  -11.3350  1049
126027  -28.6610  44.9600  20.0400  1062    6557  -36.5700  -43.8070  24.8820  1062
126043  -39.0130  45.0840  18.2900  1073    11077  -48.0780  16.0900  14.0260  1073
126055  -27.7350  45.0080  18.3480  1082    4142  -21.2960  -65.0390  -34.5520  1082
126058  -41.1590  45.2660  17.5300  1085    11348  -3.2200  -20.0150  41.6010  1085
126089  -42.8120  45.3680  15.8280  1105    4124  -5.9600  7.4470  -34.8580  1105
126101  -40.2960  45.3350  13.7630  1113    8906  -2.9240  -41.8020  15.6040  1113
126110  -37.2210  45.0690  12.6010  1119    8296  -12.4760  -28.7920  47.0690  1119
126113  -47.1970  45.3460  13.3710  1122    4449  -47.1030  -62.3550  -6.1040  1122
126119  -33.8160  45.3710  11.5630  1125    12640  -50.5960  2.6300  -4.4190  1125
126121  -35.8070  45.8760  11.8490  1127    10441  -54.0810  21.1990  -3.7280  1127
126138  -47.1000  45.5500  9.9180  1139    5608  -29.7400  -15.3370  -42.3670  1139
126148  -41.8420  46.1820  8.6390  1146    6943  -4.4560  62.1610  -32.4180  1146
126165  -39.5950  46.9850  6.5260  1160    8379  -63.7660  3.2480  -1.5080  1160
126207  -31.7770  45.3900  0.9960  1171    21  -12.0210  -23.0020  -14.0750  1171
126211  -34.9180  44.8110  -0.4290  1175    2998  -11.6620  -58.7450  -11.5410  1175
126223  -37.6930  45.5210  -0.3220  1182    5894  -0.6230  18.1450  -25.7720  1182
126728  -33.9820  45.8810  27.4800  1192    10364  -35.9400  -19.7640  0.5110  1192
126748  -36.4970  45.7450  24.8640  1202    11854  -36.6400  47.1740  -0.8440  1202
126755  -25.8580  46.9930  24.3200  1204    12193  -13.8020  33.2020  -41.9050  1204
126763  -25.1880  47.1710  23.0440  1208    5279  -37.4360  -56.6880  -30.2030  1208
126779  -29.6040  46.9650  22.6500  1221    3306  -11.3610  43.9520  4.0560  1221
126823  -23.3320  47.0160  19.0620  1252    3236  -38.0840  6.8860  -15.1020  1252
126873  -44.1820  46.4080  15.0940  1284    7353  -38.7920  30.8450  21.0080  1284
126957  -38.3970  47.2290  5.6090  1342    5275  -46.0660  -11.3750  -40.3210  1342
126962  -32.6900  46.4660  3.8460  1346    9526  -27.6190  10.5000  23.4990  1346
127000  -37.2110  46.5680  -0.5140  1357    5893  -0.6340  15.5930  -29.8560  1357
127010  -33.6700  46.2400  -1.3310  1360    12058  -39.0980  -58.8210  -33.0610  1360
127525  -26.5080  47.6450  25.5610  1389    3085  -12.5470  -62.9570  -34.4350  1389
127537  -31.0880  46.5810  25.1020  1397    3086  -13.0920  -61.8860  -32.6750  1397
127580  -23.7470  48.1050  20.4420  1423    3235  -36.7790  9.9820  -19.8460  1423
127604  -21.0810  48.1970  17.2290  1435    5254  -1.4030  -58.5420  24.2450  1435
127627  -41.3090  47.0860  13.0680  1445    7322  -53.4840  -8.2610  9.4570  1445
127641  -44.7570  47.9820  13.4500  1456    8027  -28.3540  -82.0560  -19.6510  1456
127661  -46.4600  47.6550  11.3120  1470    4448  -52.0360  33.1780  -14.9500  1470
127685  -44.5100  48.3720  7.5510  1485    6942  -15.9180  76.2170  -0.8720  1485
127696  -35.6550  47.4910  4.9920  1493    9527  -20.5730  -30.0650  36.6360  1493
127738  -39.7170  47.2490  -0.9730  1509    1702  -51.2150  -47.7900  -16.5460  1509
127763  -32.6040  47.5430  -2.8210  1518    14440  -56.6830  -10.7510  3.9320  1518
128300  -23.4480  49.2980  20.7590  1568    3234  -14.0690  53.4660  19.3340  1568
128332  -27.1100  47.6040  18.0850  1586    3112  -26.6260  44.8660  -10.1300  1586
128349  -43.2020  47.9280  13.6090  1590    7323  -44.3860  13.1370  17.3260  1590
128357  -38.4560  48.7360  11.9380  1595    8907  -32.9030  36.9320  8.8050  1595
128368  -23.2590  47.6950  12.5430  1603    1579  -4.0690  2.8420  35.2510  1603
128381  -22.6500  47.0360  10.9430  1614    1580  -27.6990  -43.1720  -33.8260  1614
128401  -21.7890  48.1760  8.9830  1626    1464  -7.7350  70.4620  -40.3900  1626
128414  -41.9890  48.8460  5.9170  1635    5417  -44.1560  26.8810  19.6140  1635
128472  -32.0640  48.0990  -2.7740  1660    10110  -29.9850  0.5930  -42.3800  1660
128487  -32.0420  48.4250  -3.3630  1668    4744  -13.8650  -29.1360  11.2010  1668
128504  -32.9810  48.2320  -4.5350  1676    4746  -9.9020  -23.0460  43.2350  1676
128995  -26.5990  49.9630  25.6850  1685    3217  -65.0430  -3.2820  -30.8070  1685
129007  -28.8820  49.5650  25.0170  1693    3218  -14.7460  -79.6590  5.9330  1693
129039  -22.3590  49.8070  19.9410  1712    5056  -59.0620  8.3870  -15.4600  1712
129062  -20.3260  49.4010  17.3810  1722    5255  -32.5150  -23.6990  22.3090  1722
129074  -37.3640  50.9620  13.0330  1725    10440  -56.1240  14.1550  -39.0050  1725
129081  -33.6190  50.1240  11.6440  1729    11955  -3.1250  28.9140  -19.0000  1729
129097  -22.0830  49.6190  12.9300  1742    3174  -20.9490  -36.4460  27.6550  1742
129102  -43.8820  49.9970  12.6840  1747    11834  0.1850  1.4030  -24.1810  1747
129108  -21.9020  48.7600  12.0560  1750    9488  -9.6620  15.5920  49.2790  1750
129128  -23.6120  48.2950  7.3180  1764    3850  -60.9830  10.3860  -9.1010  1764
129133  -22.8300  49.1370  6.9990  1767    2191  -37.3370  60.5040  -25.0820  1767
129136  -26.5780  49.5420  6.8870  1770    486  -37.1830  -51.7820  21.3600  1770
129147  -38.9430  49.5050  5.9600  1779    5274  -28.3190  -49.5930  20.2480  1779
129151  -43.4660  49.6220  5.9490  1783    6439  -2.8780  -16.0230  -7.6100  1783
129165  -34.9040  49.7200  4.1040  1795    8286  0.1790  44.3390  -7.6470  1795
129174  -32.8080  49.7820  2.1830  1801    8287  -28.2710  -50.0310  18.7740  1801
129210  -40.5020  49.6110  -2.3720  1810    1703  -50.3590  -50.1640  -15.5460  1810
129238  -38.9310  48.6180  -4.6840  1823    1701  -30.8940  -69.5270  -36.7020  1823
129247  -32.8110  49.0410  -5.2810  1825    4745  -12.7470  -24.6160  12.4870  1825
129263  -37.2210  48.4430  -6.9220  1835    7201  -4.0890  48.9340  -26.6150  1835
129266  -40.6010  48.6910  -6.8000  1838    7785  -38.8740  -33.1150  -40.2290  1838
129277  -40.7420  48.6460  -7.8410  1842    9732  -42.4580  5.2340  29.9800  1842
129286  -37.9620  49.0930  -8.4700  1843    10350  -45.1480  -24.9300  -40.2160  1843
129757  -25.9580  50.8780  25.4320  1846    5280  -54.2890  -19.5930  7.6280  1846
129776  -28.5450  50.7750  24.5070  1858    5420  -27.4730  73.7230  -29.9240  1858
129788  -22.6200  51.4900  21.6840  1863    3030  -30.7920  71.7680  -17.7860  1863
129810  -20.7310  50.8910  19.3110  1874    10929  -7.3930  75.4660  0.1370  1874
129840  -36.5150  52.1310  14.4100  1886    12151  -39.6410  30.0310  14.4770  1886
129842  -38.7840  51.3630  14.5920  1888    12213  -3.0380  36.2790  -41.1070  1888
129845  -32.2340  50.7220  12.0350  1890    10002  -4.8280  52.7400  -42.8500  1890
129861  -21.9210  51.0000  13.5680  1903    7207  -63.3180  -9.8000  -25.2350  1903
129901  -45.8460  50.7470  9.2840  1933    14064  -54.3030  5.8720  24.2560  1933
129908  -28.2230  51.2950  7.2600  1938    488  -24.6450  29.1210  30.7770  1938
129916  -26.7670  50.7180  6.3660  1944    487  -28.3440  31.6750  33.6070  1944
129921  -22.1340  50.8610  6.2350  1947    1463  -8.6180  66.2820  -40.9270  1947
129939  -36.4390  50.7900  4.5320  1963    5276  -44.4330  -8.4160  -38.8630  1963
129954  -34.8010  51.8080  1.9360  1975    112  -3.7850  -54.8800  14.2320  1975
130045  -34.1740  49.7630  -7.1070  1995    9178  -41.3210  5.5170  31.0420  1995
130457  -25.5630  52.0930  25.4170  2010    8044  -30.8230  17.1220  30.1360  2010
130495  -28.5980  51.2730  21.9110  2032    8692  -33.8890  -64.7880  -37.2980  2032
130526  -34.3370  53.5610  15.6780  2043    9449  -30.1380  -65.7370  22.1150  2043
130541  -32.2530  51.9270  13.6840  2053    11038  -26.2770  -68.7870  -27.3190  2053
130566  -41.9910  51.8750  13.7230  2076    7852  -15.2550  -50.3320  -7.4130  2076
130581  -20.7860  51.7960  12.3400  2084    7208  -64.5180  -11.4690  -24.3460  2084
130590  -44.5910  51.4740  11.4700  2090    10230  -17.0510  33.0620  36.9210  2090
130633  -39.3250  51.0420  6.7210  2123    5418  -20.0650  -43.9500  34.7440  2123
130667  -33.2770  51.8390  -0.1290  2146    5626  -40.3820  -37.9040  13.5680  2146
130700  -32.5390  52.3380  -1.8100  2155    5625  -21.0070  -43.3190  27.0450  2155
130727  -30.7660  52.0620  -5.2840  2159    9132  -39.5520  39.6400  27.0210  2159
130746  -31.3820  51.9410  -6.8110  2163    11865  -25.8180  -69.6110  -31.0950  2163
130778  -35.5820  51.4430  -9.8540  2176    9885  1.3900  19.4280  -16.3790  2176
130780  -37.3800  50.7960  -10.3160  2178    11781  -59.6890  -15.8380  5.8490  2178
131139  -21.3880  52.6000  21.4470  2203    3032  -31.4710  74.8950  -16.8860  2203
131147  -29.4970  52.6790  20.8780  2209    10907  -54.8680  -37.0280  -37.1540  2209
131176  -36.7460  53.3170  15.8490  2221    4885  -50.9230  52.5990  -18.2740  2221
131190  -38.5030  53.1870  15.5870  2232    4886  -35.3330  -33.9910  19.9620  2232
131197  -25.3200  50.5210  14.6940  2238    10560  -45.6280  -3.6550  -43.6060  2238
131245  -19.4450  52.7750  8.9520  2272    1465  -59.7370  -0.8470  -20.6960  2272
131266  -44.8510  52.9110  7.6180  2290    14373  -28.2350  60.2520  0.3690  2290
131274  -23.8870  52.3830  5.3390  2296    4550  -14.5000  -77.7230  -1.0440  2296
131278  -41.6170  52.5210  7.5080  2300    6440  0.3420  -14.1580  -5.5410  2300
131296  -37.9070  53.6620  4.4390  2315    14224  -13.0290  84.2810  -21.7710  2315
131299  -37.6930  53.1260  3.3510  2317    111  1.5420  -13.3560  -2.2280  2317
131312  -37.7280  53.6420  0.3730  2327    113  -2.7800  -55.3130  13.7090  2327
131342  -35.0040  53.6150  -1.2530  2338    5624  -59.6150  -26.6620  22.8530  2338
131424  -37.0260  51.8050  -11.1940  2363    11021  -29.6650  -64.8110  23.9220  2363
131755  -24.9130  53.9760  25.3390  2367    8043  -30.2850  15.7910  28.2440  2367
131778  -22.6260  53.3750  22.7590  2381    3031  -29.6820  72.5010  -14.9340  2381
131827  -22.6940  54.2460  16.9360  2403    10541  -56.0150  -26.7180  16.4600  2403
131830  -24.4310  53.4510  17.0100  2406    10542  -57.6240  -25.8080  17.3250  2406
131831  -31.1130  54.5010  16.6300  2407    9447  -9.3810  3.2610  -39.0230  2407
131883  -31.0440  54.2180  11.0370  2447    5869  -8.4130  66.5000  -31.7990  2447
131900  -30.6100  54.5390  9.7060  2461    11689  -5.3640  -32.3220  -8.9230  2461
131913  -28.4720  53.7540  7.4190  2470    8276  -13.9960  -29.8760  32.2860  2470
131928  -19.6990  53.9570  6.7310  2482    2515  -4.0450  38.8670  -39.3410  2482
131942  -21.5670  53.9130  5.4770  2494    6362  -22.3590  -65.8910  22.2690  2494
131945  -38.9670  53.0940  7.3520  2497    13488  -10.1180  -19.9080  22.0830  2497
131966  -38.4340  53.8960  0.7040  2512    14225  -11.9690  81.3830  -22.8610  2512
131993  -37.3320  54.4840  -1.4020  2526    13589  -48.9470  2.4530  16.0260  2526
132030  -30.5820  53.6280  -6.0920  2533    9884  -32.7440  -25.5730  -38.1780  2533
132058  -31.6630  53.8100  -9.2940  2538    9886  -49.0290  6.0130  -57.7020  2538
132066  -35.1980  53.1000  -11.3410  2545    10392  -16.8430  63.2530  7.4730  2545
132413  -21.8120  54.3860  22.5040  2563    4913  -10.6200  -42.0770  32.5350  2563
132425  -20.5170  54.0910  20.4750  2568    6976  -33.3060  34.9350  -53.2480  2568
132436  -29.4140  54.3810  19.0820  2571    3114  -2.1460  -44.4320  17.1930  2571
132438  -33.7340  55.1830  18.3230  2573    9448  -44.0670  -48.1540  25.8960  2573
132448  -23.1470  55.1140  18.2590  2575    14326  -26.0560  56.4840  -28.9930  2575
132488  -20.8470  55.1110  15.0790  2608    7206  -10.8040  -38.0330  -6.7390  2608
132509  -40.0200  54.0840  13.0860  2623    788  -45.6880  9.2160  -33.4770  2623
132521  -18.8340  54.2190  11.3430  2631    9487  -10.7610  17.8410  47.3200  2631
132524  -41.6330  54.5000  10.9000  2634    789  -45.5940  5.9770  -32.4730  2634
132551  -39.9560  54.5080  8.7110  2655    4780  -52.1350  -25.9050  -33.2960  2655
132558  -24.1530  54.8720  6.6740  2660    4135  -6.1070  -68.8960  19.5030  2660
132586  -40.8580  55.8610  3.7540  2683    9996  -24.3420  -31.1360  23.6960  2683
132620  -42.0810  55.8740  -0.0110  2707    12911  0.7400  5.9710  -3.6790  2707
132646  -34.4440  55.7510  -2.3980  2721    13497  -4.3460  75.5340  -9.2430  2721
132653  -31.0410  54.8340  -4.9180  2722    14104  -47.1100  52.0940  -5.2730  2722
133055  -21.0670  55.9490  21.8960  2759    13251  -52.9180  17.7580  -44.0840  2759
133067  -23.7710  56.7980  20.5110  2765    12551  -49.8680  -23.0950  15.2780  2765
133070  -29.2830  55.8330  19.9090  2768    11082  -28.9390  -12.2950  -33.2350  2768
133081  -23.1380  56.7290  19.5150  2771    13450  -34.3550  45.4500  11.7520  2771
133085  -26.1000  55.5950  19.4430  2775    13526  -10.8910  -37.7550  17.4290  2775
133120  -36.2400  55.2300  16.1870  2804    4884  -45.0100  45.2310  -4.6700  2804
133132  -30.9210  55.7570  13.7180  2811    10001  -53.2060  -42.1170  12.5910  2811
133150  -38.7500  55.0800  13.2960  2823    790  -45.3710  9.4620  -35.6220  2823
133174  -28.0650  56.3760  9.4920  2840    484  -35.7180  -52.6750  24.6320  2840
133197  -23.7940  56.1480  7.8030  2859    483  -50.4270  46.9250  -4.2860  2859
133224  -38.9730  55.9020  6.8670  2882    7369  -55.5490  5.1310  -34.6210  2882
133271  -36.4760  56.0930  -1.9060  2912    13496  -25.0730  66.1400  -3.6980  2912
133320  -33.1260  55.3100  -11.3550  2935    14586  -46.8050  57.2020  -30.7580  2935
133325  -35.3040  55.4340  -12.3880  2939    14660  -12.0770  16.8670  42.8950  2939
133689  -25.4590  56.8930  24.5490  2952    10425  -4.9040  51.8270  -27.4840  2952
133697  -22.9740  56.1060  23.4440  2956    11416  -13.6490  -82.5430  -1.3990  2956
133720  -19.6050  56.8970  21.4220  2967    11523  -12.3930  41.2000  8.6950  2967
133736  -19.8930  56.1610  21.0450  2976    13223  -48.0290  57.1580  -25.4530  2976
133772  -21.8730  56.5520  17.3310  3004    13667  -33.8900  2.2670  -4.9640  3004
133795  -31.1800  56.7880  13.8940  3020    12341  -3.2140  0.6580  54.5430  3020
133807  -18.8850  56.0160  13.5940  3028    14362  -53.5500  -47.7470  -28.4510  3028
133850  -39.3710  56.3620  9.2210  3062    7368  -51.3990  5.0320  -36.4250  3062
133866  -33.4690  56.5040  6.7600  3074    4692  -63.0870  -10.1220  -32.2210  3074
133893  -25.2130  56.4820  3.9840  3095    8337  -19.0690  -21.7210  39.1660  3095
133894  -25.7920  56.6370  4.0540  3096    4243  -28.0180  -69.2360  -15.5210  3096
133915  -23.7380  56.2200  0.8170  3110    10732  -50.2370  -7.0200  -1.8510  3110
133917  -25.5280  55.7250  1.4120  3112    9778  -40.3610  53.0580  -21.2250  3112
133927  -44.3090  56.8320  0.6990  3120    9995  -38.5760  44.1940  7.5130  3120
133962  -32.7530  57.1670  -5.6480  3143    14105  -45.9230  5.5110  -0.6020  3143
133976  -30.7900  56.4850  -9.0740  3149    14153  -21.1930  10.9060  -52.2590  3149
134377  -19.9450  58.4570  23.1860  3167    10664  -8.2000  71.8390  -6.6680  3167
134392  -18.1860  58.2690  22.4090  3175    10663  -9.6140  -17.7350  -20.0100  3175
134396  -21.6090  57.7930  22.8280  3179    12433  -14.2750  9.2880  41.4990  3179
134439  -33.8410  57.2480  17.9840  3210    13623  -4.4630  -1.6910  55.3790  3210
134474  -36.4890  57.1810  14.4150  3235    14094  -37.3770  -55.9590  19.1550  3235
134488  -27.8410  58.5760  11.5720  3246    14564  -46.1270  -1.5810  28.4190  3246
134508  -23.6650  58.1060  10.1250  3261    485  -36.4700  -51.0570  22.6530  3261
134536  -17.4670  57.8970  8.0290  3284    2514  -2.7830  41.8780  -41.8600  3284
134551  -21.0330  57.8590  5.8580  3296    7553  -28.4010  -60.0950  -2.7420  3296
134557  -35.2660  57.0570  6.1560  3302    4691  -18.9520  -24.7690  -15.9450  3302
134560  -40.7160  57.8040  5.4980  3305    920  -16.2120  -24.6970  26.0070  3305
134565  -19.4070  57.5530  5.5590  3307    5990  -56.6430  -20.8790  18.2680  3307
134570  -25.0170  57.6610  5.1260  3312    4134  -4.6260  -67.7200  20.0090  3312
134572  -32.0410  57.2200  5.8120  3314    6842  -5.7020  9.2700  46.7490  3314
134581  -23.0260  58.2100  4.2730  3320    8336  -38.4210  -61.2450  -14.8140  3320
134590  -35.4120  57.7820  4.2370  3329    9305  -31.6890  -71.6780  -20.2730  3329
134609  -22.5470  57.5580  2.8810  3342    10687  -3.8430  11.8260  10.0950  3342
134620  -27.4640  57.0000  1.6100  3350    10828  -17.5500  -49.2950  -3.9550  3350
134667  -35.0640  57.8920  -4.0880  3385    13647  -20.6970  -15.7060  39.5850  3385
134702  -34.4960  57.4610  -12.3330  3402    2531  -23.4950  -33.7800  -22.0220  3402
134704  -36.6510  57.6730  -12.4570  3404    2532  -8.2500  26.0080  14.6480  3404
135099  -23.0490  58.7150  20.2310  3431    12432  -48.4510  -46.0520  -23.0800  3431
135150  -28.1060  59.5260  12.5290  3471    14479  -3.4700  -75.0970  -35.0830  3471
135163  -37.8010  57.9680  11.7610  3483    5643  -16.7560  -48.7610  31.3020  3483
135166  -16.9730  58.5720  11.4360  3485    3612  -35.4160  36.0200  -54.7140  3485
135192  -34.9320  58.4000  9.7170  3505    5642  -18.6200  -48.3320  33.2460  3505
135194  -36.4250  58.8420  9.3440  3507    919  -14.2480  -27.9900  27.7930  3507
135214  -32.0110  58.4350  7.4300  3522    6841  -5.6000  11.0790  49.7860  3522
135216  -36.7730  58.5790  7.5630  3524    921  -31.3960  44.3580  30.9480  3524
135249  -27.6630  58.5370  5.4090  3550    7567  -3.4360  33.2010  -40.6450  3550
135263  -28.4920  58.9570  4.2980  3561    9180  -58.9920  2.4240  -0.5870  3561
135310  -22.9390  57.9860  -0.9800  3592    12906  -40.0940  38.4870  9.1410  3592
135321  -25.1390  58.8190  -1.7430  3600    12326  -32.0550  49.3520  -4.9030  3600
135322  -42.6850  58.2540  -0.5950  3601    13000  -32.5460  59.8320  3.9640  3601
135366  -31.7780  58.6180  -7.4680  3624    1089  -4.3300  66.6500  -16.2270  3624
135376  -31.2630  58.4450  -10.4030  3628    2378  -24.2040  12.9180  -34.5590  3628
135733  -18.6370  60.1170  24.0700  3643    10860  -55.6830  -4.7000  -21.0550  3643
135735  -20.4030  59.6880  23.6390  3645    10665  -8.9560  72.4450  -4.6500  3645
135787  -20.0230  59.0200  17.6380  3666    13668  -16.5180  -62.7120  -15.4010  3666
135791  -32.4770  58.7970  16.1510  3670    13624  -11.1430  -9.9600  53.5870  3670
135801  -31.4150  59.3400  14.3490  3678    13787  -47.0120  -52.6380  -2.1300  3678
135809  -17.4420  59.3950  15.4380  3685    3611  -27.6910  -69.7470  -8.4340  3685
135816  -34.3000  59.0280  15.1220  3692    14093  -56.7500  17.2510  -41.0550  3692
135844  -23.8600  60.2380  11.7810  3715    5087  -54.2150  -22.9790  19.8510  3715
135877  -32.7220  59.6040  9.5170  3741    7197  -5.1330  -36.8470  17.4870  3741
135973  -42.2350  59.5190  3.8290  3819    5352  -33.2500  20.0280  -34.5290  3819
135990  -28.8280  60.1610  2.1200  3829    9084  -50.4850  49.6700  -6.4950  3829
136008  -21.5040  59.7730  -0.2270  3838    11453  -11.7660  -49.1370  -9.6930  3838
136031  -37.5860  59.4420  -2.7610  3853    13498  -32.5880  -64.4610  17.6810  3853
136061  -37.2870  59.9870  -5.2010  3870    1363  -20.8560  61.6370  19.8730  3870
136095  -39.9510  60.0380  -10.1220  3884    5849  -52.1920  42.7300  -4.9750  3884
136110  -32.8630  59.7940  -11.7790  3891    2416  -45.3940  19.0590  -41.2980  3891
136148  -33.9610  59.8110  -18.2440  3901    6414  -2.6780  -1.4520  20.5620  3901
136149  -35.0160  59.4920  -18.1040  3902    3129  -32.9650  36.4460  -54.6970  3902
136151  -37.1980  59.4520  -17.9240  3904    7344  -28.9090  18.8060  -59.6600  3904
136159  -33.9300  60.0900  -19.2010  3905    6415  -16.1320  -0.8880  -34.3330  3905
136189  -35.0570  59.8970  -20.9690  3914    3127  -25.7050  -29.3160  43.9890  3914
136205  -35.4050  60.3200  -21.9640  3916    12174  -17.1570  29.9970  -35.0110  3916
136239  -37.1400  59.3980  -23.6070  3922    9137  -40.3140  -43.2540  12.0660  3922
136514  -18.5560  60.3210  17.7860  3938    14697  -62.9760  -4.0200  -39.3450  3938
136533  -16.6450  60.9160  15.1740  3954    3765  -30.5240  -70.0950  6.4250  3954
136617  -26.7940  60.9040  8.1890  4021    5063  -37.8510  -62.4390  -35.3280  4021
136661  -32.5460  60.3880  4.9210  4058    7670  -33.6770  -5.5180  -18.9620  4058
136664  -38.6340  60.2470  4.9320  4061    11049  -42.5830  -8.6690  16.3300  4061
136670  -22.4440  60.3850  4.1460  4066    10467  -50.7400  12.1710  31.0160  4066
136715  -27.0710  60.4400  -0.9710  4103    11325  -54.1750  -38.0100  17.1190  4103
136726  -23.1530  60.0040  -2.2610  4109    4208  -18.2870  -2.0820  -41.7630  4109
136768  -40.2510  61.6190  -3.6390  4129    13660  -48.0350  -58.1190  -21.7370  4129
136812  -40.8440  61.1290  -9.3230  4142    5850  -10.6670  -23.4760  -20.6950  4142
136815  -42.3910  61.2580  -9.3870  4145    972  -11.4080  -51.0050  21.4940  4145
136819  -38.9670  60.6470  -10.0830  4148    5848  -52.2690  44.0710  -4.6200  4148
137190  -22.1750  61.1590  20.7700  4210    14336  -41.6860  13.2640  -1.8660  4210
137225  -27.4220  62.1020  14.2720  4234    5533  -12.4450  -21.5530  -21.3730  4234
137273  -16.0760  61.6580  9.9950  4269    3613  -38.2340  6.6530  -16.6300  4269
137315  -32.9670  61.8120  6.1440  4303    4268  -41.3840  47.4740  -2.3130  4303
137359  -34.9080  61.7010  2.3590  4329    1226  -42.5920  12.2650  -56.1440  4329
137376  -38.6400  61.1880  1.4330  4339    1227  -40.5690  15.4050  -53.6790  4339
137387  -20.8120  61.7160  0.9980  4343    11935  -59.6460  -11.6080  13.1440  4343
137436  -24.7140  61.5550  -2.1460  4367    7245  -56.4140  11.2240  -45.9370  4367
137483  -33.9330  61.8000  -5.8090  4383    1090  -8.0570  13.4150  -35.2230  4383
137486  -36.7880  61.5910  -5.6530  4386    1091  -5.5970  12.5640  -33.6020  4386
137509  -32.3920  61.2460  -7.6610  4396    2377  -21.4380  14.8670  -36.8470  4396
137548  -35.3330  62.1100  -11.7820  4423    6097  -6.1100  -25.5230  5.9140  4423
137573  -33.7500  61.6950  -15.4400  4432    10074  -34.1920  34.4890  29.0140  4432
137576  -36.9530  61.8690  -15.7660  4435    4650  -37.1360  17.1620  -63.2550  4435
137658  -34.3780  61.7950  -21.5210  4451    11006  -57.2610  -25.5210  26.9520  4451
137683  -36.2450  61.9710  -24.0200  4456    14254  -33.5620  13.5820  -3.0910  4456
137879  -20.6100  61.8610  22.5530  4465    10996  -3.7950  -80.9480  -20.6610  4465
137944  -25.9510  62.7890  13.2690  4500    5532  -14.6570  -20.8110  -22.2910  4500
137976  -24.7710  62.5150  10.4830  4523    570  -29.7850  -46.5830  32.7200  4523
137980  -32.6150  62.5730  10.5840  4527    5534  -53.0190  -24.8160  -1.8020  4527
138008  -28.7630  62.6470  7.1040  4545    571  -29.9100  -44.1790  29.8960  4545
138036  -33.6790  62.2670  4.8230  4563    7398  -3.0270  46.0760  -45.8350  4563
138053  -21.6830  63.0040  2.9330  4575    9332  -30.9150  -17.3790  -43.1530  4575
138086  -25.9480  63.0050  -0.9530  4601    2911  -42.7210  -41.4460  19.3520  4601
138128  -33.3320  62.9040  -5.0330  4622    10129  -2.3130  19.7310  13.3180  4622
138160  -24.9920  63.0090  -6.7460  4640    9585  -17.3080  -71.8340  -32.8460  4640
138186  -25.5270  62.6220  -8.1550  4654    12847  -34.8410  -19.2700  -33.6200  4654
138206  -34.9990  62.9710  -10.6160  4672    6098  -3.9680  -25.7130  5.8070  4672
138211  -44.4960  62.2430  -11.2760  4677    4652  -54.8010  -50.0510  -10.0660  4677
138235  -33.6950  63.3150  -14.9070  4687    7626  -47.4470  20.1990  29.1630  4687
138520  -19.1120  62.8860  23.0610  4716    9994  -41.7280  44.3630  8.9230  4716
138557  -18.5870  64.0320  19.9680  4731    3160  -49.8070  -11.0010  38.7140  4731
138570  -16.6530  64.2270  15.9960  4739    3162  -15.5870  -70.2000  10.7580  4739
138612  -15.8100  63.5310  12.0700  4770    3766  -36.2980  -17.8850  48.9480  4770
138635  -32.4020  63.4280  10.0690  4788    7343  -25.9050  -25.2530  -20.4680  4788
138648  -21.6480  63.9980  7.1480  4795    11104  -3.2710  16.8670  49.0490  4795
138667  -34.5090  64.2830  5.8980  4812    4267  -44.0690  48.6810  -4.3760  4812
138683  -36.3140  63.9490  2.6240  4824    8781  -19.5380  2.2230  55.3910  4824
138698  -30.4110  64.2390  2.1450  4836    9116  -51.8360  -19.4150  -29.6980  4836
138726  -19.6980  63.9980  -1.1890  4857    1011  -5.4350  -70.3740  -1.4660  4857
138736  -21.1260  63.5070  -2.6450  4865    4209  -18.9550  -4.2040  -39.9380  4865
138739  -32.9030  63.0360  -2.5120  4868    4714  -31.2560  -79.2360  -16.2500  4868
138749  -36.8740  63.9830  -3.7040  4877    1228  -37.9420  4.7900  37.7430  4877
138791  -27.3500  63.8780  -7.0030  4904    177  -6.0460  -2.9260  42.8610  4904
138806  -23.4670  63.3900  -8.5450  4915    11261  -45.5210  4.2970  28.3150  4915
138828  -41.0490  63.3600  -9.5820  4936    11763  -18.8240  5.2900  49.5070  4936
138832  -23.4350  63.7190  -10.2480  4938    1686  -17.8370  17.7360  32.3270  4938
138851  -38.9910  63.4400  -11.1130  4954    8966  -30.9070  21.9570  -62.9170  4954
138862  -35.9790  64.5610  -14.2230  4958    5122  -18.4320  -48.1300  -5.4410  4958
138878  -37.8590  63.5990  -15.0610  4964    4651  -37.3420  14.2120  -64.5490  4964
138906  -32.3800  63.3820  -16.7250  4970    7720  -50.5940  3.3260  22.9310  4970
138955  -36.2020  63.6740  -23.5120  4981    399  -27.3270  62.7090  -0.4170  4981
138960  -37.6870  64.0550  -24.6460  4985    400  -27.9210  61.3590  -0.3880  4985
139226  -16.2510  64.4140  13.7420  5023    7654  -45.3890  57.6220  -14.5160  5023
139247  -28.9590  64.3330  10.8260  5041    10563  -48.3580  -12.9220  6.4240  5041
139267  -28.8540  64.2580  8.2140  5053    572  -37.5330  56.9150  -12.9310  5053
139274  -21.0220  64.6430  7.3710  5058    4442  -60.5370  13.0420  -7.2280  5058
139279  -33.5980  64.6970  7.5210  5063    4269  -60.3880  7.4080  18.2730  5063
139309  -35.8820  64.6570  3.6410  5087    5331  -55.8450  0.1100  29.5860  5087
139315  -30.7740  64.9400  2.8560  5091    9085  -47.1960  55.6930  -17.0050  5091
139337  -26.7700  64.8410  0.2890  5108    2912  -43.0130  -42.9350  19.5500  5108
139355  -33.6000  64.1600  -0.8110  5124    4713  -31.6060  -78.2640  -14.2970  5124
139356  -34.9040  64.2390  -0.8840  5125    4715  -35.0590  45.5550  -31.5940  5125
139387  -26.0640  64.6180  -4.7030  5152    2913  -40.7380  -41.1250  16.8370  5152
139388  -26.8860  64.8370  -4.8280  5153    178  -6.9640  -4.1150  39.7510  5153
139417  -33.7720  64.5120  -7.9140  5177    6535  -46.1360  -44.5210  4.2350  5177
139452  -27.3720  64.6510  -10.2330  5207    6292  -34.5670  -34.1670  -37.6950  5207
139457  -39.9880  63.7990  -10.6880  5212    9561  -51.9840  -25.0170  -21.9010  5212
139487  -38.0660  65.2360  -14.4940  5235    5121  -16.2470  -48.4730  -4.7670  5235
139539  -33.0590  64.4650  -19.4160  5255    2667  -36.4800  66.0650  4.3220  5255
139579  -40.4120  64.4730  -26.6040  5275    2950  -39.6610  -10.4230  41.2170  5275
139580  -41.0370  64.7800  -26.8620  5276    2407  -40.3570  67.6980  -22.5680  5276
139805  -18.3710  66.6800  15.8300  5285    3161  -50.3870  -7.3210  37.1710  5285
139890  -34.6860  65.6220  6.4870  5351    7766  -41.7260  -48.9350  -14.6880  5351
139920  -20.6840  65.8640  3.2380  5373    9384  -14.8200  39.8980  39.8500  5373
139960  -33.1550  66.2510  -0.1560  5405    4199  -4.7860  -25.8180  24.4390  5405
139979  -22.5520  65.6970  -2.9140  5421    7246  -58.0430  10.4650  -44.4460  5421
140025  -23.4980  65.4620  -6.0480  5462    10698  -31.3660  12.3220  -42.2560  5462
140046  -35.8750  65.9990  -9.0040  5479    6534  -9.2910  -43.2180  19.6510  5479
140049  -21.5940  66.1200  -9.5730  5480    171  -42.9600  -63.0250  4.4410  5480
140081  -25.1060  65.0300  -12.0680  5507    1759  -8.6130  -32.5870  41.9500  5507
140122  -24.7930  65.4090  -16.1500  5535    6189  -29.5010  63.6250  5.3990  5535
140123  -25.5260  65.4740  -16.0360  5536    6240  -51.1170  28.6120  -32.1210  5536
140161  -24.2750  65.7180  -18.0410  5554    1173  -58.2020  -15.0030  18.1250  5554
140185  -35.7250  66.4250  -21.3730  5564    2668  -33.9640  65.9010  7.3630  5564
140189  -37.3940  66.4060  -22.4650  5567    398  -24.8940  60.7230  -2.3680  5567
140415  -17.6210  66.6430  18.6130  5587    12738  -29.4250  -48.3360  23.1980  5587
140424  -17.9680  66.7930  17.6170  5588    4764  -36.9860  -31.3110  41.2790  5588
140464  -16.9530  66.8570  13.1480  5608    7630  -40.9870  -58.1940  21.8880  5608
140480  -15.9470  66.2950  10.6510  5619    4443  -46.8470  -14.8480  39.8450  5619
140522  -23.1060  66.3330  6.3410  5655    5332  -43.5960  -64.8490  -11.0280  5655
140557  -29.0040  67.3070  1.2200  5682    12515  -17.0000  29.8300  38.7940  5682
140564  -26.6960  66.8870  0.7870  5687    9342  -7.8310  24.4750  30.7350  5687
140573  -19.1470  66.6800  0.9930  5694    1010  -47.9160  -2.9210  -15.1890  5694
140624  -21.2890  66.5370  -3.6560  5737    6433  -26.7680  -68.2680  -17.6610  5737
140646  -28.9080  66.4940  -5.7720  5757    265  -19.8760  -64.2500  -33.7910  5757
140649  -34.0260  66.8510  -5.9530  5760    9970  -9.5130  -48.5690  -25.3320  5760
140676  -28.9420  66.6150  -9.7300  5781    601  -42.2940  6.6590  16.1900  5781
140691  -39.3340  66.6380  -10.3860  5793    5120  -17.9160  -49.6340  -7.2710  5793
140712  -21.2220  66.4030  -12.4800  5806    1685  -37.9460  71.9770  -8.3230  5806
140738  -24.6320  65.4190  -14.8100  5824    6188  -58.8670  -15.1060  8.5520  5824
140777  -21.8530  67.0400  -18.1900  5844    11164  -36.1360  12.7110  -21.5440  5844
140781  -27.3440  66.6360  -17.1300  5848    1174  -35.2930  -26.3150  14.9400  5848
140792  -21.8510  67.2410  -18.7010  5851    11398  -11.6230  8.2330  22.9310  5851
140820  -23.7950  67.2090  -20.3170  5870    5549  -36.0540  -22.1400  40.8590  5870
140827  -38.1310  67.5670  -21.9050  5877    7585  -44.1630  -39.2690  -8.2040  5877
140833  -39.7710  67.3840  -22.6420  5882    7584  -0.4450  -1.8590  -19.1640  5882
140851  -41.5940  66.8720  -26.3130  5893    9737  -0.4850  -2.6560  -21.3910  5893
141094  -21.7120  67.4080  8.6880  5927    5  -2.6570  -16.0240  21.3390  5927
141099  -30.6390  67.5890  8.3970  5932    7765  -61.3340  -21.4130  -20.6430  5932
141124  -31.5010  67.6250  6.2670  5952    11397  -4.0380  18.7710  19.1750  5952
141212  -32.1710  67.1350  -1.9630  6021    6616  -48.2000  10.0380  22.6560  6021
141227  -27.7230  67.9330  -2.5190  6034    179  -4.4970  -75.6630  -0.9940  6034
141267  -34.9340  67.6240  -7.0520  6066    9769  -19.9690  -70.0820  -30.2780  6066
141271  -22.5320  67.5020  -8.0740  6068    172  -43.6590  -61.1160  3.5920  6068
141287  -39.4280  68.3410  -9.2110  6082    7171  -31.6740  41.8190  20.1950  6082
141315  -25.4400  67.3240  -12.4680  6101    600  -42.7630  6.0430  18.8690  6101
141328  -22.9480  65.4950  -13.2280  6110    1687  -18.8530  14.4280  35.0140  6110
141337  -21.0040  66.9890  -13.8020  6115    11163  -34.9500  -17.2060  26.6840  6115
141341  -34.5170  67.5010  -13.7410  6119    4836  -20.9070  71.7410  -14.0510  6119
141342  -35.1840  67.4760  -13.6450  6120    7170  -29.8140  41.9720  19.5260  6120
141354  -26.0160  67.0180  -14.2740  6129    3780  -21.3060  -35.6850  -15.3660  6129
141383  -33.3890  67.6350  -16.3930  6143    6862  -35.9260  -14.3380  40.2610  6143
141399  -34.5150  68.3070  -18.5530  6151    2666  -33.8550  64.4400  6.9730  6151
141419  -28.3570  67.5090  -19.0170  6165    1175  -32.3010  -26.9370  14.4580  6165
141428  -27.3070  67.2230  -20.0930  6173    3252  -18.9210  -52.0120  26.3020  6173
141517  -32.6470  67.5910  -30.5910  6194    4206  -40.0920  30.6130  21.0820  6194
141530  -34.1060  67.3360  -30.9700  6196    5253  -46.5950  -27.2060  5.4190  6196
141666  -16.9980  68.5000  11.7540  6212    2132  -17.6550  7.3280  53.5460  6212
141717  -34.0650  68.3840  5.5360  6253    1913  -39.4660  -34.0400  21.1570  6253
141727  -35.3210  68.2960  3.7440  6260    4201  -44.0650  -50.2670  7.9480  6260
141732  -19.5540  68.6830  3.0270  6262    11285  -63.5380  -29.7810  -6.8340  6262
141765  -33.7150  69.3280  0.5000  6286    4200  -39.1720  55.2550  4.4650  6286
141789  -19.2310  68.7260  -2.6370  6303    2860  -5.9240  8.1130  19.8030  6303
141822  -23.4110  68.2990  -6.3230  6328    6434  -25.4000  -71.2210  -18.1050  6328
141823  -30.0590  68.4410  -5.7680  6329    6550  -47.9790  -6.2890  31.6590  6329
141833  -30.1980  68.2330  -6.8230  6337    9675  -52.6090  -39.2740  -16.6860  6337
141865  -19.7150  69.3610  -10.3520  6358    170  -44.0820  -62.0990  4.8240  6358
141991  -39.6550  68.7670  -20.9690  6440    7583  -1.5080  -5.7290  -20.2480  6440
142063  -31.6270  68.5800  -29.8050  6461    9796  -45.3130  -50.4380  -15.4510  6461
142225  -17.3900  69.3220  12.1960  6484    4763  -29.8270  -69.5350  -8.2310  6484
142233  -14.8690  70.2890  9.9520  6488    6750  -18.2730  -53.6190  6.3550  6488
142242  -20.3960  70.5200  9.1230  6496    4  -2.7020  -9.6840  18.6920  6496
142250  -15.1070  70.3920  8.8690  6502    13836  -46.2440  3.0670  -28.3040  6502
142288  -29.8740  69.9040  2.2630  6531    12043  -61.0380  -30.7720  -5.9140  6531
142300  -27.9290  68.8300  0.3570  6539    12970  -0.0620  -5.9150  -26.3270  6539
142368  -35.0410  69.9140  -4.7110  6587    4154  -41.0980  -4.5110  18.0000  6587
142394  -38.3200  69.8640  -8.3960  6606    5646  -32.1140  -30.3710  40.7330  6606
142412  -29.7150  69.6710  -10.0100  6616    599  -43.7440  6.7630  17.5110  6616
142444  -33.7800  69.5350  -12.3010  6636    4835  -22.5210  75.9930  -13.7120  6636
142479  -28.0630  69.2990  -15.0450  6655    3779  -65.3710  -10.3960  -8.8690  6655
142494  -20.7830  69.4620  -15.8570  6663    11162  -17.9420  20.8020  51.1170  6663
142496  -29.7320  70.0650  -17.2660  6665    9669  -27.6570  19.7190  34.1670  6665
142500  -19.7430  69.7210  -17.7580  6668    9616  -0.3420  -69.0240  8.7060  6668
142516  -39.1140  70.1670  -19.3370  6683    10418  -22.5020  72.4280  -21.9330  6683
142519  -19.5310  69.9350  -19.0170  6685    9615  -0.5860  -70.6940  10.8390  6685
142524  -30.8340  69.8660  -20.1230  6690    9670  -41.4410  -64.3060  9.3760  6690
142535  -29.3660  68.5530  -21.3940  6700    11991  -46.0930  27.3540  -54.7780  6700
142542  -22.7040  70.1090  -21.6400  6705    8118  -6.6420  40.8800  28.0160  6705
142543  -23.5340  69.6660  -21.8850  6706    11927  -58.4440  15.2680  -41.7020  6706
142557  -26.3000  69.7370  -22.9280  6718    3299  -20.6910  -47.9500  40.2130  6718
142562  -41.3800  69.3260  -22.7840  6723    7922  -45.3320  55.0700  -13.6970  6723
142568  -41.5200  69.2590  -23.7950  6726    13740  -23.4720  -68.6080  -27.8840  6726
142581  -40.9840  69.5850  -26.2060  6728    8343  0.0980  -20.5550  3.1920  6728
142606  -28.2420  69.3670  -28.5360  6738    9797  -26.6720  -29.9270  47.4570  6738
142609  -36.5750  69.1170  -28.6170  6741    8344  -21.2680  32.7970  -39.3850  6741
142631  -31.9350  69.5830  -30.0940  6747    8404  -43.7560  3.8610  22.4530  6747
142736  -17.1350  70.5320  16.1510  6757    12077  0.4370  -23.3280  -11.5100  6757
142762  -14.2970  71.1030  12.2940  6768    6751  -46.1510  -4.8800  -11.3810  6768
142805  -17.2350  70.8830  8.5150  6795    2015  -52.3930  -30.1990  -24.1420  6795
142817  -23.8480  70.5100  7.9450  6804    14172  -46.6790  8.3810  -31.0270  6804
142884  -33.5990  70.6050  0.6220  6849    1912  -48.9160  -21.7380  -5.3660  6849
142887  -18.1210  70.6630  -0.7980  6850    1009  -47.0920  -4.1250  -15.5280  6850
142892  -28.9870  70.6650  -2.0440  6855    6551  -46.6830  -7.8970  28.4750  6855
142910  -23.2430  70.8800  -3.9510  6869    6478  -8.4080  58.5470  -38.4800  6869
142915  -34.5990  70.9700  -3.4130  6874    4153  -65.1450  -3.3980  -12.2940  6874
142938  -31.2330  70.9020  -7.0870  6890    5558  -40.5130  54.7050  0.7170  6890
142946  -22.4680  70.3300  -7.6300  6894    10340  2.4130  -23.4280  -8.0270  6894
142958  -20.4610  70.8660  -8.7500  6902    10382  -55.3480  -5.4860  -49.5680  6902
142976  -26.5520  70.6690  -11.4040  6914    3781  -18.7270  -33.5790  -15.5230  6914
142994  -37.3750  70.9370  -11.6170  6928    11474  -45.1330  48.7370  -9.7460  6928
143007  -19.7040  70.5050  -12.4790  6934    12693  -28.2820  67.7860  -16.2960  6934
143032  -33.0090  70.4730  -13.1820  6951    4834  -36.7290  -36.8180  -38.7310  6951
143044  -33.7680  70.7470  -15.7380  6960    4874  1.4940  20.9410  3.7600  6960
143064  -37.6450  71.2750  -18.5600  6978    194  -43.9410  48.8730  6.2260  6978
143093  -40.8640  71.1530  -20.7390  7002    7758  -32.6550  65.4590  -29.2770  7002
143112  -31.2060  69.6160  -22.7830  7017    3300  -18.5890  -55.3080  -23.6160  7017
143115  -33.7660  71.0010  -22.6000  7020    7757  -32.9650  67.3730  -30.7800  7020
143120  -29.0680  70.8660  -24.3410  7022    3301  -16.6690  -56.3920  -24.9220  7022
143126  -35.2490  70.9060  -23.7530  7028    13522  -9.8190  -5.7060  58.1860  7028
143140  -32.4370  70.4760  -24.6950  7035    3960  -31.5050  -34.9000  -25.9400  7035
143153  -33.7660  70.8490  -26.1220  7042    3961  -30.1660  -35.3860  -23.6800  7042
143156  -36.9330  70.3810  -25.5360  7045    13741  -60.0770  11.5750  -5.9080  7045
143175  -35.4760  70.4530  -28.1170  7058    5926  -44.1390  -37.8650  -24.5690  7058
143185  -27.5110  70.4760  -29.1090  7064    8267  -7.7620  28.4720  -34.5970  7064
143221  -33.5060  70.1970  -31.7110  7079    9850  -40.0620  -1.5470  -39.3980  7079
143301  -16.5080  71.0090  15.9390  7082    12053  -53.7050  -5.9580  -2.3650  7082
143358  -23.3650  71.4490  8.8770  7106    1664  -14.5970  -9.1980  43.0410  7106
143417  -18.6410  71.3400  2.7840  7136    10011  -11.0140  22.2950  22.9460  7136
143459  -30.3010  72.0490  -3.5450  7166    5559  -38.0420  53.6880  1.1520  7166
143531  -28.3660  71.5960  -10.8630  7215    13171  -4.9310  32.9440  10.8880  7215
143569  -28.2190  71.7770  -13.9810  7240    12775  -9.0990  57.4710  3.6820  7240
143586  -35.4790  72.6390  -16.5940  7254    6958  -39.6300  -32.6890  -39.7630  7254
143639  -22.2330  71.9970  -21.7640  7295    1789  -38.5080  -11.3270  -37.7270  7295
143652  -24.8450  71.8810  -22.6980  7305    1790  -22.7180  24.4060  -59.5100  7305
143670  -19.0370  72.2680  -24.3030  7316    8117  -7.8940  -81.4000  3.3970  7316
143673  -28.0680  71.9910  -24.1140  7319    9256  -2.3870  31.1180  -22.5960  7319
143680  -37.5410  71.6640  -23.5350  7326    7756  -3.9720  -80.3070  -17.0910  7326
143755  -27.0480  71.2780  -30.3310  7374    8269  -53.1100  11.8150  23.6030  7374
143866  -21.6890  71.8530  9.6030  7384    3  -3.2550  -11.2780  17.5410  7384
143880  -16.4270  72.7360  7.9350  7393    135  -52.6040  -0.6490  22.5350  7393
143888  -15.5710  72.3130  6.5080  7398    14088  -16.0880  -61.8150  24.5110  7398
143923  -19.6090  72.4950  3.8930  7409    5991  -2.2350  -19.8240  37.4270  7409
143934  -31.0180  72.5510  2.4490  7419    1911  -47.4390  -22.8030  -3.7260  7419
143976  -21.3990  72.9890  -2.9070  7449    7750  -3.7600  -42.9210  33.3510  7449
143980  -31.2690  73.0800  -3.2280  7453    8468  -34.2210  69.7020  -11.7020  7453
143981  -33.4700  72.1210  -1.8630  7454    11440  -44.9700  30.9600  21.8060  7454
144014  -31.9650  72.6960  -6.7260  7477    9614  -5.0280  29.4300  5.8460  7477
144015  -36.2370  72.6520  -6.5150  7478    4152  -63.6650  2.4000  -14.9210  7478
144025  -31.8570  72.7390  -7.7480  7484    5560  -18.8910  -33.8780  -21.5910  7484
144068  -19.6590  72.9150  -11.9410  7511    13528  -32.9790  -17.1680  -5.9340  7511
144072  -33.3980  72.9820  -11.5810  7515    11475  -31.4550  -15.5870  2.5390  7515
144082  -21.1550  73.0500  -13.7080  7523    12692  -5.4510  -77.5310  3.4620  7523
144105  -20.4990  73.0110  -15.8090  7543    13815  -34.0210  -19.7160  -23.9330  7543
144124  -17.4930  73.3280  -18.3810  7558    1929  -56.4880  -44.8140  -24.4160  7558
144126  -30.6460  72.6840  -16.7850  7560    14649  -12.4850  4.4350  43.6470  7560
144131  -38.8520  72.6320  -18.6720  7565    195  -48.5090  -34.4430  -34.9130  7565
144134  -17.5110  73.0490  -18.9400  7566    1930  -57.2220  -43.8920  -25.2410  7566
144145  -32.4410  72.8820  -19.1360  7575    3175  -3.6840  -52.9020  -11.1460  7575
144160  -34.0960  73.0610  -20.6640  7587    5100  -51.9070  7.1220  -3.5740  7587
144211  -21.0520  72.5320  -23.9190  7622    7732  -16.6100  64.2310  16.0010  7622
144228  -29.8160  72.8040  -25.1120  7637    3959  -10.8770  -52.4300  26.0030  7637
144248  -18.9690  72.9610  -25.9660  7650    11859  -29.2360  -55.0430  1.5770  7650
144252  -33.0890  73.0410  -26.7320  7654    5925  -59.3090  1.8790  -32.9800  7654
144264  -27.6760  72.4400  -29.4970  7660    8268  -8.5000  32.4130  -33.2080  7660
144268  -31.4290  72.7840  -29.6070  7664    8405  -43.0170  1.8420  20.3050  7664
144284  -22.1870  72.7280  -31.0080  7673    9247  -27.7810  -20.8980  23.6720  7673
144286  -24.3380  72.3840  -31.1240  7675    7788  -39.5060  -56.9050  5.8020  7675
144304  -20.4470  73.6490  -31.4840  7682    9170  -25.4260  12.6430  27.8680  7682
144408  -22.0800  73.3130  5.7780  7701    1663  -30.2390  22.6450  -59.0960  7701
144454  -19.0060  74.3210  -0.1850  7723    332  -22.1230  -63.8180  23.3100  7723
144537  -19.8920  73.5760  -9.1190  7790    12346  -24.0590  1.7030  -32.1330  7790
144551  -35.8170  74.1890  -9.4920  7800    12417  -5.5100  -77.1370  -34.0840  7800
144596  -33.2500  73.9840  -13.3230  7834    14179  -20.9860  56.9870  22.2590  7834
144675  -24.0630  73.7820  -21.9030  7894    1788  -49.5320  -59.9710  -8.7020  7894
144688  -16.5800  74.0810  -22.9830  7901    6963  -5.2940  16.6140  37.4200  7901
144706  -15.6750  74.3960  -24.2200  7916    4225  -14.3850  -18.1920  55.4050  7916
144767  -35.2350  73.9860  -29.7920  7962    4535  -43.7340  6.0050  -1.0450  7962
144771  -22.3190  74.4700  -30.5500  7964    12728  -6.1800  -46.6930  30.9500  7964
144800  -20.0230  74.1390  -31.5750  7980    12876  -25.0750  69.9470  -13.0330  7980
144890  -17.4100  75.1340  8.0460  7994    136  -34.7510  -18.0830  28.3760  7994
144891  -18.1620  75.4000  8.4370  7995    5974  -43.5670  -14.2930  32.6530  7995
144958  -24.5130  74.8180  -2.8990  8029    7284  -29.2820  -52.7300  -31.9440  8029
144966  -33.5370  73.9950  -5.2380  8035    12416  -3.0930  -78.3600  -32.1790  8035
144985  -22.2640  74.9040  -6.5670  8046    11830  -7.4300  -13.3360  8.9310  8046
144986  -22.9170  74.4630  -6.3760  8047    11485  -35.7820  25.7460  -24.8460  8047
145006  -32.1070  74.4160  -8.6880  8065    12415  -5.7400  -77.7370  -32.3260  8065
145031  -28.9570  74.1650  -11.2660  8081    14119  -18.2350  12.1610  -30.2350  8081
145046  -21.7050  75.0730  -13.2530  8093    10601  -44.8460  13.7110  27.2920  8093
145055  -29.8880  74.1390  -13.8280  8101    14118  -58.4470  19.4150  7.2470  8101
145104  -16.3320  74.8680  -19.5080  8139    1928  -59.4360  -41.4550  -23.1010  8139
145156  -23.0640  75.1490  -23.9890  8177    5179  -9.6930  -8.2790  -27.4450  8177
145162  -14.4130  75.0710  -25.0210  8180    4226  -54.8900  -20.6800  -36.2850  8180
145166  -28.8640  74.8990  -24.2040  8184    5314  -4.8640  33.0140  22.3000  8184
145173  -22.2280  74.4030  -25.6840  8188    5181  -14.5380  7.8640  48.3310  8188
145196  -16.2180  74.6600  -27.2850  8208    7297  -20.6270  -64.1930  -2.2940  8208
145329  -20.8960  75.7100  7.3110  8254    1662  -3.8580  -14.4580  35.4730  8254
145364  -19.8140  76.1530  3.9880  8271    331  -7.5600  49.3860  36.0640  8271
145390  -23.8870  76.2260  -1.8030  8281    7283  -33.2170  -54.5030  -32.7490  8281
145450  -30.3100  75.3590  -10.0250  8316    13331  -44.7110  34.4430  -43.9430  8316
145473  -32.9760  75.7410  -10.9990  8334    13332  -52.1760  -51.1430  9.5640  8334
145488  -31.3240  75.4810  -14.1310  8346    13584  -40.7670  59.6390  -18.8970  8346
145493  -22.4060  75.6780  -13.9680  8349    12329  -14.2230  -55.9840  17.7350  8349
145500  -19.7450  75.7760  -15.9460  8354    12072  -54.2720  -0.7630  -51.9220  8354
145513  -32.6000  75.9920  -17.2030  8366    193  -41.0230  48.8520  5.8480  8366
145514  -35.3460  75.9210  -16.4290  8367    14178  -44.0480  56.2120  1.3020  8367
145597  -12.6850  76.3300  -25.8400  8424    4227  -57.4860  -23.3770  -36.5520  8424
145602  -30.1970  75.9360  -24.8140  8429    4534  -43.5310  6.7460  -4.3860  8429
145619  -13.0190  75.9430  -27.0700  8442    2895  -31.2940  -57.4730  29.4070  8442
145640  -24.3060  76.8150  -28.4680  8461    10826  -53.1950  -16.0270  -32.1480  8461
145643  -33.4970  76.2670  -28.6610  8464    4536  -16.6210  -15.5360  40.1970  8464
145653  -27.6480  75.1410  -29.0430  8471    7786  -7.6980  -49.9480  -14.5570  8471
145681  -16.6870  75.7270  -31.7370  8488    3831  -47.1600  3.5340  -53.6350  8488
145810  -21.0870  76.8200  0.3820  8517    333  -21.5170  -61.8170  21.5090  8517
145856  -25.0750  76.6340  -4.6560  8531    4618  -8.0050  -18.3580  17.2780  8531
145892  -20.5840  76.7700  -9.0410  8542    10602  -18.7240  -20.6100  40.1460  8542
145960  -17.1480  77.0930  -16.6190  8591    1376  0.1530  -71.4800  -15.7340  8591
146004  -14.7770  77.1780  -22.4300  8621    1377  -19.4620  80.6650  -8.8980  8621
146009  -25.2110  76.7160  -21.8380  8626    8636  -38.5180  -9.3870  44.4000  8626
146038  -23.2340  76.7430  -25.8090  8649    5180  -5.9960  -5.9760  -29.9100  8649
146042  -11.7930  77.0730  -26.1060  8652    2893  -32.2980  -16.1300  -24.1570  8652
146055  -19.3290  76.6210  -28.2190  8664    9605  -24.6390  67.7070  -21.2840  8664
146064  -10.7390  77.3480  -28.4820  8671    5292  -44.1370  -2.8490  38.1980  8671
146065  -11.3460  77.0030  -28.1190  8672    2894  -31.3840  -16.9850  -22.7930  8672
146068  -14.4440  76.6510  -28.8340  8675    5940  -26.8750  39.6470  30.6170  8675
146077  -26.3470  76.4740  -27.8050  8684    7787  -30.7580  48.4830  -37.3960  8684
146105  -10.2440  77.0650  -30.1440  8707    9237  -41.8840  -2.1780  32.7600  8707
146107  -12.5410  77.3570  -30.5520  8709    9369  -34.2790  -18.2090  -42.2060  8709
146118  -19.9800  76.9990  -31.3480  8716    3830  -15.3520  -46.6890  -25.2400  8716
146140  -13.7930  76.5480  -33.5760  8732    13086  -47.1460  -59.1140  -19.6620  8732
146142  -15.0890  77.2370  -32.9470  8734    3832  -41.2320  39.9830  -31.8910  8734
146146  -8.5610  76.7940  -34.2970  8735    12872  -29.9160  49.1340  -33.6650  8735
146150  -13.3330  77.0250  -34.2010  8737    6355  -27.5670  44.9940  26.8810  8737
146155  -8.8710  76.0830  -35.0320  8738    7275  -12.8860  -69.0220  -18.3290  8738
146202  -18.3710  77.2270  4.8350  8740    12676  -43.1010  20.3840  -40.2410  8740
146274  -18.7080  78.0310  -2.6550  8761    1064  -14.8420  -29.9980  -25.6790  8761
146281  -18.7110  77.8490  -3.6270  8763    3058  -42.6740  -63.1890  -34.4270  8763
146300  -22.5010  77.8130  -6.5480  8770    8355  -22.1500  46.2160  16.7990  8770
146308  -18.3290  77.6590  -6.5580  8772    9282  -33.7340  2.0400  29.5270  8772
146336  -22.6370  78.1790  -12.1920  8786    8775  -6.5820  44.1820  41.0950  8786
146389  -14.0340  77.9930  -22.7450  8816    6856  -26.5450  11.5580  31.1730  8816
146396  -27.1430  77.7650  -22.6610  8823    5313  -60.5380  2.5710  2.5390  8823
146414  -24.2900  77.8700  -24.7310  8836    8635  -54.5600  24.2440  -16.2730  8836
146439  -25.2250  77.7350  -27.1250  8858    8637  -39.4370  -9.3990  45.4420  8858
146443  -29.2160  78.4060  -27.3400  8862    7971  -12.9430  55.3980  27.4220  8862
146536  -12.2120  77.9630  -35.0890  8925    6356  -26.1990  47.2470  25.1920  8925
146586  -19.1350  79.1080  2.9340  8933    12039  -26.6790  37.2410  26.7570  8933
146622  -23.3910  78.7720  -0.9340  8946    1066  -55.4190  1.7060  26.9400  8946
146657  -19.8080  78.9970  -4.7000  8966    1065  -14.9330  -27.1110  -26.8100  8966
146712  -21.7110  79.1410  -14.6660  8988    12139  -47.8490  59.1940  -23.5100  8988
146717  -17.4320  78.4270  -15.8520  8991    12071  -31.3290  21.5700  -57.3830  8991
146760  -11.8560  78.9840  -23.8900  9016    6855  -13.4000  -55.6120  -7.7030  9016
146820  -17.1080  78.7170  -29.1260  9064    12125  -39.6880  25.6250  33.2940  9064
146827  -23.0480  78.9810  -28.4210  9071    11519  -28.7300  -74.7190  2.3220  9071
146860  -18.3300  78.7680  -31.4960  9090    13466  -30.2360  75.4330  -9.8380  9090
147003  -21.4670  80.2780  -4.8580  9154    4384  -56.8250  18.5870  -44.3000  9154
147027  -19.2410  79.1290  -7.3370  9167    8277  -59.4350  13.9440  -20.5470  9167
147029  -20.9170  79.8620  -7.2860  9169    7003  -37.4640  36.2660  11.6580  9169
147040  -21.0280  79.8460  -7.9500  9174    7081  -50.9110  -27.7390  -7.0070  9174
147051  -21.2910  79.7010  -9.5910  9176    8032  -41.9730  -56.9670  22.7650  9176
147086  -15.2120  79.8000  -18.9600  9197    1375  -24.1560  -51.2810  6.8490  9197
147117  -10.4590  79.4900  -25.0050  9215    9781  -6.6780  22.4680  50.9700  9215
147143  -18.4300  79.3460  -28.9320  9225    12126  -39.3990  26.3000  35.7770  9225
147168  -14.0620  79.6180  -30.9830  9241    13416  -28.8830  -62.0910  25.7550  9241
147340  -20.3920  80.6630  -14.1850  9314    7695  -32.8220  18.0400  -12.6510  9314
147342  -22.1620  80.6730  -14.3130  9316    1426  -47.0370  50.1690  -15.2210  9316
147347  -17.8910  79.9520  -14.8390  9319    8609  -46.3610  48.5870  10.0600  9319
147522  -18.6050  81.2460  -9.8580  9378    6878  -29.7630  48.2780  24.8770  9378
147531  -22.4800  81.3450  -11.1460  9384    1425  -44.1920  39.4200  -29.3170  9384
147588  -14.8440  81.3980  -19.1800  9401    11459  -39.8820  -13.9840  27.2790  9401
147602  -11.7340  82.0680  -22.7070  9406    11985  -34.6880  -59.9230  -35.0670  9406
147604  -13.2620  81.6940  -22.2340  9408    11458  -47.6560  -36.6680  -27.0630  9408
147705  -19.2750  81.9480  -10.0720  9413    7002  -41.1150  39.1330  12.9920  9413
147786  -14.5240  82.0420  -18.8950  9434    8608  -23.6720  -37.0180  49.4910  9434
148049  -13.3600  84.3380  -20.3040  9463    11222  -17.5440  76.7770  -1.6450  9463
