9648  17.1560  -63.7970  16.2550  1    12326  21.5190  -67.7640  -1.1230  1
9658  19.6280  -63.6680  15.6970  3    13845  31.3040  -10.9250  51.8490  3
10332  16.6680  -63.0650  14.9270  12    7708  37.1500  11.0950  -26.3570  12
10346  18.4410  -63.0180  14.4800  16    13844  29.0710  -10.8170  50.5750  16
11055  22.9880  -61.9830  14.9040  22    1029  6.3270  31.0010  41.6010  22
11070  22.4720  -61.7500  14.1120  26    7652  52.0160  -55.9690  -22.6460  26
11103  19.7000  -61.9930  12.5040  38    874  25.8130  -1.8700  -29.9690  38
11135  17.6830  -62.2470  10.3200  45    873  22.5450  -3.3010  -31.1440  45
11894  7.9940  -60.6510  27.1580  47    9807  27.4930  -42.5930  2.5770  47
11895  7.3440  -60.3270  27.0000  48    13324  28.7070  -37.7110  45.6620  48
11912  7.7530  -60.3840  26.3160  50    14285  48.7850  -42.7970  32.2510  50
12068  20.6400  -60.8800  10.8370  64    4950  35.4380  -9.3580  30.4520  64
12092  19.4470  -60.9060  8.5920  69    2295  42.7350  -37.7580  11.2120  69
12105  19.0960  -60.6020  7.6360  71    7505  36.0950  40.3210  34.4390  71
12106  18.3640  -61.0870  7.9110  72    13016  18.8500  -49.9750  -1.1060  72
12754  7.3200  -58.5720  30.5950  77    3693  38.6210  -72.2050  -24.8690  77
12764  7.5970  -59.4750  29.5480  78    7705  54.4350  11.0740  30.0930  78
12802  9.7920  -59.8780  25.9650  84    11552  36.1440  62.8320  -12.7530  84
12805  6.1200  -58.8720  25.3330  87    11740  53.3430  37.1690  16.6180  87
12833  8.7030  -59.2460  24.6320  95    11551  24.5210  -82.0350  -6.9560  95
12913  23.2340  -59.5010  15.8040  102    1027  59.8200  -3.3750  17.3880  102
12929  23.2570  -59.6730  14.5500  104    7134  56.2020  -47.7980  -1.4850  104
12948  22.8100  -59.7190  12.6050  106    2294  45.4200  -18.0180  26.9330  106
13042  20.3890  -58.9090  6.0920  123    8510  28.4840  -79.7180  -32.2920  123
13639  6.7160  -58.1380  29.5860  131    3814  68.9790  -14.7080  -27.7460  131
13649  6.4260  -58.0410  28.6060  132    12770  27.0010  -6.9860  48.2510  132
13681  13.4250  -58.2330  25.3000  138    11550  59.3810  4.0230  15.7310  138
13697  15.1360  -57.8600  24.4180  144    4681  31.3290  -19.3040  27.0010  144
13718  15.0260  -57.3720  23.9470  153    11895  47.2620  -33.5620  5.8320  153
13721  8.7030  -58.0870  23.1800  156    9923  53.0310  -58.2770  -20.0540  156
13813  23.0130  -58.3490  13.4160  171    58  38.8240  -0.4310  -52.1840  171
13871  21.6020  -58.5210  7.9520  178    7506  37.7430  41.1880  33.0850  178
13934  19.3800  -58.4650  3.6260  190    8735  33.1640  -33.6060  42.7530  190
14430  7.2420  -57.4130  32.3550  191    3694  40.3590  -72.1340  -25.4180  191
14439  6.9290  -57.3360  31.3260  194    3692  2.0230  14.3880  -8.7630  194
14476  5.8430  -57.5640  26.6230  200    11739  45.8780  -19.5060  -42.0670  200
14503  10.6900  -57.3170  24.8500  208    9924  5.5070  -59.5820  13.7120  208
14521  5.6230  -57.4910  23.6930  218    11741  29.6710  17.1010  30.4920  218
14534  9.0360  -57.2530  22.6030  222    9925  5.8510  -62.2680  17.2680  222
14535  8.3320  -57.3550  22.1630  223    11329  33.1230  33.0910  11.0530  223
14538  6.0310  -57.3840  22.5890  226    12283  25.2330  29.7650  -36.2430  226
14648  22.7280  -57.7170  10.7230  242    2293  49.9260  -18.5800  26.7540  242
14681  21.6770  -57.5710  6.4580  246    1905  44.1170  -26.8720  -43.1210  246
14702  21.1410  -57.3940  4.0640  249    1904  35.6070  7.1610  -49.7580  249
14724  20.1490  -57.3060  2.2370  253    8385  36.8590  -49.5710  22.7500  253
15183  7.7040  -56.5310  33.9590  254    9020  4.9840  -70.1220  -12.9430  254
15235  6.4090  -56.5730  27.8610  262    7616  11.1300  77.3190  -31.2580  262
15301  16.6220  -55.6560  22.7290  283    11896  57.4240  -3.2130  -35.8040  283
15315  21.4000  -56.4530  21.3950  290    7040  26.4820  -46.7510  -1.4770  290
15330  7.9610  -55.8660  20.6750  296    4506  63.3450  -12.2180  -13.9550  296
15345  7.0560  -55.8780  20.3800  303    12933  8.7860  -36.0730  47.3280  303
15351  21.6670  -56.4140  18.8810  305    7041  25.6650  -48.6230  3.5330  305
15362  21.9830  -56.4270  16.7310  307    8152  31.8400  -69.8360  -24.7280  307
15495  22.1760  -55.9330  3.8230  325    8386  34.8130  -48.4520  21.2920  325
15978  7.7540  -55.6700  34.6040  333    9961  12.9390  58.1530  -44.7770  333
15985  7.3300  -55.6560  33.6830  334    1118  10.6920  75.8510  -23.9050  334
15997  6.9160  -55.3640  32.4030  337    7453  21.3170  -51.6160  31.0990  337
16020  6.7680  -55.7250  30.3050  339    4292  43.3560  25.3730  16.0960  339
16101  14.2920  -55.6600  23.1660  355    11894  15.1590  -78.7520  -9.8200  355
16126  16.9900  -54.8790  22.0930  370    14045  51.4380  20.1540  11.8170  370
16131  5.3760  -55.5210  21.7940  375    12282  15.2510  77.8550  -25.0130  375
16155  7.3610  -55.4140  19.8250  386    4507  17.4820  76.2210  5.9320  386
16168  7.7140  -55.0000  19.3700  391    4508  15.9050  77.8220  7.3190  391
16202  22.2740  -55.5300  13.3020  399    57  37.2990  1.7350  -54.2150  399
16221  22.5040  -55.3770  10.3430  402    8365  32.3400  -40.9390  -11.3180  402
16343  21.8780  -55.3630  1.5200  414    10893  8.4210  71.3950  18.1540  414
16357  21.0620  -55.4800  0.3950  417    14107  66.1210  -22.2400  -8.1970  417
16820  7.6510  -54.0390  35.7890  418    1119  10.5560  76.1560  -25.1910  418
16895  7.3340  -54.4990  29.4700  429    5826  5.1740  -6.0690  32.6560  429
16927  5.8980  -54.9410  25.3110  435    9233  58.2130  6.4040  -0.5490  435
16950  11.4170  -54.6750  23.5260  446    11330  28.6650  -39.8420  -31.2760  446
16952  5.3750  -54.7100  23.3630  448    13431  4.8870  42.4100  -22.7080  448
16976  19.9270  -53.8490  21.7220  462    14383  24.3960  -70.3530  -0.7350  462
17006  17.8570  -53.1060  20.8210  483    8229  37.9120  9.4840  42.9390  483
17011  5.1200  -54.1850  19.0660  488    3870  10.5200  3.0140  33.3360  488
17032  7.7150  -54.1740  17.5660  496    14878  35.8900  13.4660  -4.1580  496
17051  22.1840  -54.7690  15.7600  505    59  37.7490  0.2790  -51.9050  505
17099  22.7760  -54.4760  8.5930  514    1903  36.3930  3.9530  -47.3720  514
17131  23.4120  -54.0640  5.5920  516    8631  41.1920  67.8430  -2.3110  516
17694  7.0750  -52.9410  34.9360  533    1120  51.6630  28.7020  -19.2240  533
17747  7.1120  -53.6420  31.0060  540    4291  39.7880  24.9630  15.1740  540
17776  7.6860  -53.8420  27.7810  545    6444  54.4820  -51.4190  -24.7040  545
17850  11.3680  -53.1740  21.6300  572    14293  19.3820  59.9470  23.1780  572
17852  4.9100  -53.2230  20.8230  574    8713  53.7780  -32.0820  32.2450  574
17909  8.7720  -53.1850  18.1820  601    6301  7.9570  36.8710  1.1590  601
17921  7.9780  -53.5950  16.7810  607    7736  45.2840  -46.8280  -12.9430  607
17925  5.5310  -53.0320  16.4250  611    10218  55.8140  44.8180  -4.9450  611
17946  6.0230  -52.5810  14.8990  623    7136  53.3370  -15.1460  30.9340  623
17958  22.3410  -53.1560  12.5570  625    3281  8.9720  -11.8430  40.0060  625
18007  23.6730  -53.3400  5.9310  633    8630  42.4020  68.0940  0.0720  633
18094  23.4210  -53.4190  1.7580  640    12068  26.3090  1.9100  34.8230  640
18614  7.6050  -52.6000  36.7270  645    8841  41.4690  -6.7380  -14.0880  645
18615  7.1550  -52.1940  36.0940  646    9096  49.1060  23.4070  -34.8560  646
18633  6.7060  -52.5010  33.4600  650    12016  14.8030  -52.8030  -4.9200  650
18663  7.7260  -52.8580  30.5850  653    4293  42.9620  29.1850  15.9210  653
18712  8.1960  -52.2400  26.6300  661    1424  27.7220  -16.1000  34.8580  661
18713  7.8150  -52.5950  26.3910  662    10669  44.3370  15.2120  17.3250  662
18738  6.7110  -52.2260  24.7210  670    1425  49.9070  1.5550  23.3000  670
18748  13.5210  -52.8550  23.7480  673    8230  57.3070  -32.3310  -41.9310  673
18794  19.0990  -52.2360  19.4480  696    6139  34.2740  25.0370  41.6020  696
18804  21.2810  -52.9170  18.4500  702    6140  5.6940  6.0500  12.7930  702
18811  4.9350  -52.6850  18.1330  709    3868  14.1500  -51.6570  -25.6170  709
18842  8.4250  -52.0780  16.1130  718    10166  37.4980  74.2110  -25.4350  718
18864  8.2610  -51.4210  14.6940  730    7137  49.9920  -15.4480  29.8700  730
18888  6.8310  -51.8680  12.6000  744    7166  51.5980  -2.6760  -14.8270  744
18891  5.7170  -51.7590  13.2720  747    7135  51.7520  -14.9350  27.2330  747
18956  24.5010  -51.7190  3.9740  757    4017  66.3990  9.8630  -7.1220  757
19011  24.1200  -51.9590  1.6300  763    5195  30.6260  -35.2120  18.5740  763
19573  7.8100  -51.7190  37.0680  766    8842  43.2960  -2.8570  -12.0900  766
19590  6.4710  -51.2080  34.4220  770    1933  55.0740  18.1190  -10.0470  770
19648  9.3980  -51.1110  29.3540  781    9065  7.3830  -66.3260  18.3720  781
19715  6.1430  -51.6680  23.6620  794    8712  54.3010  -29.3510  30.7560  794
19752  12.9270  -50.9310  22.2460  805    8228  56.0600  -28.8650  -29.7260  805
19763  11.9600  -50.9790  20.8730  811    6303  52.9960  -6.2050  -16.9520  811
19766  5.2620  -51.0790  20.6860  814    3869  13.4140  -51.7410  -26.7280  814
19788  17.9540  -51.1400  18.8520  824    6138  52.1980  33.2210  -6.0130  824
19808  9.3630  -51.1650  17.7280  833    6302  9.7120  -58.1440  35.7350  833
19826  19.7700  -50.7520  17.1930  838    9632  67.0490  -2.6710  9.1160  838
19883  22.5220  -51.1240  11.3430  868    8364  30.9520  -40.9680  -10.6340  868
19884  7.6170  -51.1250  11.7720  869    14068  44.3530  60.7960  -18.7620  869
19925  23.8510  -50.9130  8.2090  882    4112  61.3140  13.4670  -9.3600  882
20018  24.2970  -51.3250  -0.2160  897    5196  29.1420  -35.7370  21.1840  897
20540  8.6880  -51.1330  37.5420  900    5344  52.3210  32.6420  -36.3360  900
20548  9.8700  -50.6270  37.6260  902    5302  34.3150  -60.0980  -30.2250  902
20549  9.1940  -50.6550  37.1870  903    13425  28.3460  2.7570  32.2900  903
20552  7.0540  -50.8520  36.0710  906    9097  6.2600  -61.6370  -8.8460  906
20572  5.9940  -50.0380  33.5980  911    1934  58.1390  3.5620  2.4220  911
20584  6.7980  -50.8940  32.0530  913    6576  9.6110  -32.4460  1.8870  913
20598  9.4560  -50.0820  30.1040  915    8794  12.7210  46.2170  34.1690  915
20600  7.8700  -50.5000  31.1810  917    8846  55.3110  -38.6800  9.9500  917
20764  5.2500  -50.7050  17.2510  965    10217  28.0870  -43.8790  -31.2150  965
20783  9.5990  -49.5020  16.6690  970    10192  54.3770  -30.3940  30.4390  970
20797  21.9100  -50.4560  15.4400  973    5068  6.1780  -16.6110  38.0460  973
20801  9.2470  -49.2170  15.5230  977    12998  47.3270  24.8650  -4.8080  977
20803  5.3780  -50.5460  15.1400  979    12665  5.4980  -17.6870  24.8040  979
20811  8.9420  -49.0650  14.6480  982    11075  25.3360  29.8470  45.6380  982
20842  8.7140  -48.9430  12.3870  1000    11074  57.1770  -36.9690  8.5780  1000
20851  22.4380  -50.1270  10.9040  1005    4058  25.0230  65.3030  -1.6200  1005
20853  7.6710  -50.1110  10.2010  1007    12525  31.0650  -77.8110  -13.6920  1007
20855  6.4460  -50.8990  10.1810  1009    688  46.2080  -0.5790  -27.5660  1009
20942  24.7800  -50.6640  0.1670  1033    607  30.5400  28.4320  -55.3660  1033
21536  11.2340  -49.5120  37.1530  1035    14847  12.8650  -27.7400  -16.0920  1035
21548  11.0510  -49.1160  36.2340  1037    13975  17.6900  -16.2640  -27.7590  1037
21561  8.4480  -49.6100  35.7780  1046    14005  24.5220  44.3200  18.2450  1046
21626  10.3130  -48.9330  29.2730  1059    8793  23.3630  -42.2980  -24.5190  1059
21667  10.4580  -49.3280  26.7030  1065    8254  5.1240  44.7310  -34.1100  1065
21678  10.0800  -49.5320  25.8840  1067    1423  26.2920  -16.7970  33.1720  1067
21694  7.5560  -49.7970  24.1650  1073    3092  10.4710  -79.7070  -6.1070  1073
21707  6.5050  -49.1630  23.2030  1076    5916  25.6320  -36.3010  40.4740  1076
21748  15.8730  -49.0020  21.6920  1085    10825  65.6810  2.0410  -39.7580  1085
21761  11.9880  -49.1900  19.6280  1094    11504  66.9680  -28.9250  -11.8220  1094
21822  20.5760  -48.6460  14.3230  1118    5067  41.6870  56.5970  -14.2680  1118
21884  5.7450  -49.9300  8.9660  1154    9786  22.4120  64.9580  17.6130  1154
21899  23.9570  -49.4260  8.4770  1156    7841  49.6980  -10.7780  37.7350  1156
21901  8.6210  -48.5170  8.6800  1158    8095  7.5300  -27.2330  12.7600  1158
21924  8.0330  -48.7780  7.6850  1165    5404  19.8300  4.5250  48.6910  1165
21976  25.5150  -48.9920  3.5610  1177    4016  57.3860  -33.4550  -10.0050  1177
22017  25.4220  -49.2610  -0.8880  1187    608  46.5520  2.1080  -30.9780  1187
22564  11.9840  -48.9380  37.6030  1191    11276  6.1060  -73.8640  0.1580  1191
22584  12.2430  -47.9200  36.3080  1194    5305  13.9960  -10.9260  -23.4500  1194
22590  7.2530  -49.0370  35.2550  1200    14016  38.6420  -24.3850  45.2140  1200
22601  6.4330  -48.6950  34.3480  1208    1932  54.7000  18.4170  -11.7480  1208
22626  6.0160  -48.3090  31.8790  1211    5549  27.3020  -54.9020  19.2200  1211
22639  7.5130  -48.5190  30.8810  1214    5550  17.6160  -66.3580  3.7960  1214
22658  9.7150  -48.4260  29.9760  1218    8792  22.4030  -42.3940  -25.7630  1218
22759  5.6240  -48.6020  21.7470  1234    13601  29.9330  12.6080  24.3060  1234
22775  5.4650  -48.5470  20.8130  1239    11864  35.4750  39.6860  -36.7010  1239
22783  15.9220  -47.8510  20.5330  1242    11034  41.2580  -49.4970  3.0230  1242
22826  19.2580  -47.9940  16.0650  1264    2687  18.4350  -72.2120  4.5240  1264
22859  5.3770  -48.7780  13.1720  1276    686  17.3440  -42.6640  50.3610  1276
22873  9.3710  -47.7410  12.9320  1280    3469  34.5390  73.1020  -21.4460  1280
22897  9.4510  -47.2680  10.3910  1292    8096  10.2750  -23.8030  12.0170  1292
22955  24.7470  -48.7810  7.1770  1319    4018  8.2720  -67.1980  12.8580  1319
22980  7.0610  -48.0060  6.3280  1327    5405  31.5930  -9.7580  -1.1480  1327
23017  25.7930  -48.3830  1.4590  1336    606  29.4900  32.3470  -57.1340  1336
23053  25.3790  -48.2510  -2.3700  1341    8246  48.6050  -58.2240  -28.4160  1341
23570  12.9140  -47.5450  37.7230  1344    11277  8.0470  5.3090  10.0330  1344
23576  13.2690  -46.7520  37.5480  1345    2655  9.3800  50.8760  -8.9980  1345
23596  12.2970  -46.7210  34.5180  1349    2653  36.4480  -57.9280  -36.1060  1349
23597  11.4720  -47.0760  34.0890  1350    5425  59.9000  -43.1080  -6.1550  1350
23599  8.8150  -48.0550  34.2470  1352    5426  60.1240  -41.8010  -9.3690  1352
23616  5.9460  -47.5270  33.1770  1362    10670  45.8430  15.6760  19.9980  1362
23708  11.5580  -47.3050  26.1720  1379    3093  4.8380  56.1370  -31.2140  1379
23731  9.2580  -47.5210  23.3960  1387    5915  29.2900  -34.6250  42.6890  1387
23773  5.4050  -47.1990  19.3040  1400    6339  17.6010  -18.9590  -21.9880  1400
23780  13.7280  -47.1270  18.7590  1402    2536  7.7150  29.7990  47.9510  1402
23790  18.3780  -47.5880  18.1780  1407    2537  9.0320  30.9580  47.9210  1407
23793  5.6450  -47.3300  17.2640  1410    6340  39.8190  -22.0030  39.2540  1410
23826  10.4410  -46.9190  15.0730  1421    13958  7.9480  -79.0270  -5.6290  1421
23827  5.7870  -47.5720  14.6400  1422    13969  12.6810  -70.9830  -17.1560  1422
23895  5.5140  -47.5130  10.0110  1445    4418  11.0400  -81.6080  -17.6990  1445
23904  12.3740  -46.4120  8.2160  1449    9592  28.7230  -68.5710  -7.0160  1449
23933  11.9880  -46.8790  7.2400  1465    11482  52.4780  -46.3190  -11.0810  1465
23939  5.4930  -47.2990  6.4020  1471    5403  11.6000  23.0010  29.8810  1471
23950  7.9850  -47.0100  6.2210  1475    8201  54.5320  27.0060  11.6660  1475
23952  6.3000  -47.3300  5.4430  1477    6074  16.7640  59.4420  -13.6820  1477
23968  6.5680  -46.7510  4.9580  1482    9987  62.7450  -6.4720  -27.5760  1482
24018  26.3750  -46.9850  0.2480  1493    8245  39.6010  74.4140  -21.7040  1493
24586  6.7130  -46.2040  35.3920  1504    9517  7.0950  55.9860  -7.7280  1504
24615  5.7840  -46.5790  32.8230  1511    52  30.6570  46.1280  -23.5130  1511
24639  6.4230  -46.5890  31.2550  1517    53  30.2750  48.3210  -19.4100  1517
24727  8.7020  -46.1460  22.2980  1534    11985  66.3740  -8.0210  -4.7910  1534
24782  14.8540  -45.6440  17.9050  1554    2538  14.6900  6.3340  21.2690  1554
24809  19.7830  -46.1780  14.7920  1568    14078  28.4880  53.1270  26.6470  1568
24828  20.4360  -45.9690  12.4790  1574    4057  25.1300  63.9000  -1.2440  1574
24845  5.8570  -47.1350  11.9190  1581    687  16.6690  -41.6810  50.2950  1581
24859  20.9780  -46.1750  11.1770  1583    4059  19.0900  25.1340  41.6040  1583
24875  12.5420  -45.6830  8.7110  1588    195  15.4440  -38.0810  32.6600  1588
24877  5.6980  -46.7140  9.4250  1590    3902  36.4110  65.2380  -1.1210  1590
24906  15.1310  -45.8140  6.6600  1600    12225  68.0940  -7.3490  -6.4280  1600
24944  15.5260  -45.8160  4.7930  1631    9707  5.7180  6.3150  34.3900  1631
24965  6.5440  -45.4690  3.4400  1641    6397  51.6480  47.8190  10.2210  1641
25033  26.2940  -46.6410  -1.6850  1655    8244  35.4440  -68.2980  -23.7680  1655
25165  29.8450  -46.2430  -11.3230  1659    4091  18.3410  22.6170  45.3380  1659
25184  30.2280  -46.5530  -11.7730  1660    2033  39.2310  3.2760  15.8210  1660
25211  30.6570  -46.5300  -12.4770  1661    5197  29.5160  -34.3240  20.3090  1661
25251  31.3180  -46.0470  -13.8970  1664    5198  2.9730  6.5130  -4.8810  1664
25630  5.2990  -45.4020  36.8660  1667    6145  31.8620  -58.3960  23.8840  1667
25669  10.8270  -45.1160  32.1540  1673    5456  6.7120  35.0760  10.6270  1673
25692  9.8660  -45.3990  30.0260  1676    4777  18.4890  -49.5850  44.1150  1676
25695  7.4950  -45.7180  30.6450  1679    2011  42.5900  -32.3810  1.6250  1679
25738  12.3710  -44.9720  27.2200  1686    6314  32.8340  24.2720  -48.8960  1686
25739  12.0970  -45.2780  27.6680  1687    8149  47.6730  12.2360  -38.6380  1687
25813  7.3820  -45.5070  21.4860  1706    9799  30.8900  -15.8080  -40.7900  1706
25859  5.6810  -45.3670  17.3520  1721    6338  17.7490  -19.9350  -20.0310  1721
25869  15.1490  -44.6380  16.9260  1724    15006  36.6410  2.5860  -3.1590  1724
25890  12.5760  -44.7140  14.5200  1735    764  23.0580  -39.3820  34.9420  1735
25925  11.4740  -45.1120  11.1810  1751    763  58.9850  -36.3700  -0.0580  1751
25989  5.8560  -45.6880  7.7660  1776    3901  34.5170  63.6450  -2.0080  1776
25996  25.4130  -44.9970  6.2930  1777    11951  37.3830  62.1260  -15.6180  1777
26004  25.6740  -45.4340  5.7200  1783    10770  2.2580  18.4060  -20.4360  1783
26018  26.5220  -44.9930  3.9840  1796    10769  2.8500  17.4500  -18.4940  1796
26020  17.2380  -44.8360  5.2440  1798    7614  46.5520  -23.2150  -1.8410  1798
26060  6.4930  -44.6440  2.0320  1818    6398  10.7670  -29.6600  -14.0090  1818
26123  25.5730  -45.9440  -3.0560  1826    4728  26.9740  -11.7020  41.4110  1826
26162  24.6600  -45.3990  -4.7880  1831    4727  29.4030  -11.4250  41.9320  1831
26195  24.4850  -45.4480  -7.3060  1835    9354  22.3240  -48.4600  -24.8030  1835
26207  24.4310  -45.5530  -8.2820  1836    11319  35.5380  49.9190  -20.2140  1836
26274  28.2360  -45.3670  -11.8360  1843    11062  49.8010  -14.3530  11.6300  1843
26276  24.0620  -45.4750  -11.6500  1844    13295  43.0010  -21.9910  -44.3000  1844
26301  28.0200  -44.8870  -12.3550  1847    6402  62.4090  -28.0300  -0.3540  1847
26303  25.0550  -45.1890  -12.2840  1848    12760  40.7340  -45.0110  -18.5470  1848
26333  31.5450  -45.4410  -14.0880  1851    7187  55.7400  0.5050  7.2600  1851
26731  5.8720  -44.4070  39.2030  1852    14495  5.4040  -46.4280  6.8660  1852
26734  13.2500  -44.8970  37.2730  1853    13278  12.5730  -60.9930  33.1850  1853
26767  13.4250  -44.6200  35.0380  1862    2654  7.9130  51.3660  -7.1680  1862
26785  9.2600  -43.8220  34.9220  1867    5044  17.7150  56.6240  18.2190  1867
26799  12.5050  -44.7220  32.8800  1870    7385  47.1540  29.4750  -13.1370  1870
26801  10.8500  -44.4640  31.8560  1872    5614  11.7310  17.0310  -32.7360  1872
26804  5.1620  -43.7580  32.5780  1875    51  31.9210  47.9700  -22.1690  1875
26937  11.4470  -44.4170  22.6140  1904    4970  14.9090  -46.7750  19.0720  1904
26975  5.5650  -44.6940  19.6100  1919    9865  15.9590  -42.0010  12.1180  1919
27026  6.7420  -43.9950  14.8090  1938    12473  2.2850  -1.1230  -26.3240  1938
27059  6.9890  -44.9240  12.1490  1955    906  1.7640  2.9500  -29.2220  1955
27083  21.9510  -44.9040  10.6760  1962    7840  34.7770  66.2510  -30.4940  1962
27113  15.2490  -44.3250  7.8700  1976    3811  5.1930  52.2890  -33.2250  1976
27141  17.4630  -44.4250  5.8940  1990    5445  53.4840  19.5330  -13.0690  1990
27158  10.6510  -44.4370  5.9580  2000    9708  8.1480  -57.7350  -19.8740  2000
27188  15.5300  -44.2720  3.5990  2021    216  17.7580  -25.0490  34.4140  2021
27196  27.3250  -43.6500  2.2160  2026    12422  49.9480  -50.2330  -35.4490  2026
27198  7.4630  -44.1120  2.7550  2028    9771  11.3350  15.8090  30.3930  2028
27207  6.7000  -44.2140  1.5220  2033    9199  47.6530  -25.2750  -14.7690  2033
27232  27.4180  -43.6340  -0.0120  2043    11711  7.7920  -25.2210  6.3440  2043
27242  26.3770  -44.8360  -1.9960  2045    4726  33.0550  -66.8490  -36.9430  2045
27386  24.8160  -44.6830  -10.0490  2061    1015  22.7500  -51.2100  -29.4560  2061
27438  26.6720  -44.4340  -12.8950  2077    6446  13.5050  38.8810  18.2790  2077
27855  13.1100  -42.8400  35.9130  2086    7744  17.1600  -75.7540  -32.6880  2086
27952  7.0920  -43.4680  29.6620  2112    4778  17.2600  -48.5430  44.4650  2112
28026  12.9370  -44.0110  24.9010  2123    2678  14.2130  24.7370  47.9380  2123
28072  10.8520  -43.5880  21.2910  2129    4971  11.2880  -47.9360  18.1530  2129
28106  5.5960  -43.5380  18.1820  2141    11465  37.0570  -60.9920  -8.1830  2141
28149  17.8470  -43.0820  14.9560  2155    765  24.8910  -38.7050  33.7520  2155
28153  7.0990  -43.2200  13.8380  2159    905  2.4460  0.8520  -29.9340  2159
28198  14.0410  -42.8910  10.5750  2181    196  13.0850  -74.4980  -0.7520  2181
28201  7.6640  -44.1110  10.5460  2184    3270  59.6440  -25.8630  13.2710  2184
28208  15.0260  -42.9620  8.8070  2188    197  13.6670  -76.0970  1.2510  2188
28231  24.0630  -43.8690  8.5090  2201    5092  7.0780  -18.0370  9.1260  2201
28236  6.5900  -43.6760  7.1570  2206    8354  42.1140  -62.4320  15.7520  2206
28329  6.5290  -43.4120  0.0290  2259    7679  4.4270  -65.3770  -24.7470  2259
28340  6.4750  -42.9520  -1.1190  2265    5599  14.4510  61.9330  20.5530  2265
28456  25.1780  -43.8130  -8.3810  2282    1014  10.3500  -28.7080  23.4850  2282
28461  31.0180  -43.9240  -11.3720  2285    4090  16.1270  60.7400  -6.4410  2285
28910  5.9170  -42.7880  38.5360  2309    6144  15.8360  5.0870  53.5510  2309
28930  5.5680  -42.1380  36.2590  2313    6146  57.2180  -21.4060  29.1590  2313
28936  9.7730  -41.8120  35.0790  2317    1101  12.4780  -43.5340  5.6350  2317
29005  5.5230  -42.2910  30.4840  2340    5130  10.3620  -47.0990  15.5930  2340
29069  7.6540  -41.8710  28.2550  2357    3256  27.4750  54.4180  24.2230  2357
29179  8.0730  -43.4350  19.8420  2374    9701  31.4340  11.9170  -57.6790  2374
29251  18.1010  -42.2490  13.7440  2400    11011  23.0360  2.9050  36.0610  2400
29271  21.0590  -42.8720  11.9530  2414    11012  13.9310  -26.7150  55.7670  2414
29311  16.8930  -42.6020  7.6470  2442    3810  38.1320  -0.2580  -44.7260  2442
29321  19.9850  -41.9420  5.8140  2447    5172  54.9020  -21.4360  19.6800  2447
29336  12.8230  -42.5690  5.4680  2456    215  18.4090  -23.4020  31.7730  2456
29340  5.9000  -42.4470  5.2490  2460    8353  14.1320  -44.7360  -25.5850  2460
29358  5.6740  -42.1560  4.2730  2472    6396  50.7920  51.0090  9.2080  2472
29373  9.5930  -41.6930  3.8040  2481    9200  42.5280  -8.6700  39.2260  2481
29430  26.8910  -42.2520  -1.3700  2507    7573  44.2710  61.8450  4.2840  2507
29437  26.0380  -42.3150  -2.8310  2512    7574  56.0270  19.1560  -43.5060  2512
29438  6.8100  -42.0750  -2.4260  2513    5598  60.6220  -14.1500  18.9440  2513
29450  6.3010  -41.6820  -3.3400  2519    13372  26.0630  52.7420  30.0760  2519
29494  25.0520  -43.0550  -6.7560  2523    9070  32.1080  -22.3330  17.6330  2523
29517  25.4760  -42.7370  -8.7010  2525    1013  17.7820  -24.2770  -27.9960  2525
29528  29.8970  -42.7850  -10.8660  2530    4089  13.8790  63.3230  -4.8700  2530
29529  25.7890  -42.8350  -10.6240  2531    6445  54.4990  -50.5730  -22.7920  2531
29547  28.1130  -42.3740  -12.6520  2540    6401  44.9100  -18.4140  -36.3240  2540
29562  32.6800  -42.5950  -13.7990  2544    6370  37.3730  -5.7350  35.9210  2544
30002  9.3960  -42.4830  36.4030  2551    1099  4.9640  -56.2270  -12.4200  2551
30016  9.3020  -41.7120  35.8930  2557    1100  64.5340  13.4090  -5.5010  2557
30025  13.5430  -41.4290  34.9680  2561    7745  46.5420  -47.5000  29.6710  2561
30036  13.1210  -41.3700  32.7840  2567    5612  6.7880  37.0720  5.3590  2567
30050  11.5330  -41.5190  32.4020  2574    5613  6.0580  32.9800  7.3510  2574
30137  8.7630  -41.3270  27.7410  2597    3258  29.4780  -73.0480  -12.5140  2597
30156  12.5720  -41.7780  26.6570  2602    2679  50.0810  -4.0290  42.0090  2602
30212  13.4850  -41.4430  22.4010  2609    4969  12.4860  -46.6920  17.3320  2609
30220  13.4290  -41.2690  21.5130  2611    8127  56.2520  47.7140  -4.0800  2611
30236  12.6420  -41.5950  20.4490  2614    9700  32.5280  -37.3700  26.1690  2614
30264  11.9440  -40.8030  18.6320  2623    12476  51.1950  -58.8270  -8.5420  2623
30266  10.3840  -41.1240  18.3500  2625    14913  6.8880  -4.7140  40.3210  2625
30294  6.2640  -41.6920  16.5900  2637    12472  2.5040  -1.6530  -24.5790  2637
30354  17.6090  -40.7460  11.2680  2659    5094  53.6800  40.6130  14.1660  2659
30384  7.4980  -41.7300  9.3350  2680    3271  5.5020  64.9230  -38.4290  2680
30399  24.3070  -42.2720  7.7640  2690    8418  24.5360  0.8200  -31.4160  2690
30402  20.0170  -41.0780  6.8330  2693    8419  44.0360  40.2060  -7.1550  2693
30413  24.3860  -41.6040  7.2920  2700    9166  55.4490  -51.9790  -13.0030  2700
30424  25.5900  -41.5000  5.7190  2707    10564  53.9750  -3.3070  -49.2150  2707
30440  21.0300  -40.6000  4.7610  2718    5173  29.6550  64.9130  -11.5240  2718
30442  16.2090  -41.3230  3.6700  2720    217  19.3210  -23.6310  28.4830  2720
30478  5.5110  -41.2380  2.7020  2746    4680  54.4440  -0.3400  30.8260  2746
30486  8.9910  -40.9990  1.3310  2749    5600  38.0050  -15.3570  -4.2470  2749
30488  5.3720  -41.4310  1.6060  2751    4828  30.2790  -20.2420  29.9890  2751
30527  5.4570  -41.6240  -1.4630  2766    7713  27.5360  72.1860  6.2380  2766
30547  6.3220  -40.6690  -4.6810  2780    13751  14.7190  75.7970  -30.2920  2780
31136  13.6540  -40.7480  33.6880  2822    7891  5.3550  -71.9340  -13.1820  2822
31167  10.2850  -40.5660  32.7450  2840    14763  59.2200  -4.6280  19.4840  2840
31168  5.7760  -40.4870  32.1140  2841    5131  52.5260  -25.0600  9.2370  2841
31324  13.5590  -40.2400  19.4830  2877    9584  57.3280  6.4650  -5.9620  2877
31364  10.2010  -40.0490  16.7770  2891    12994  49.7010  57.5780  -30.2990  2891
31378  6.1350  -40.5770  15.7030  2897    12938  26.5710  -41.2330  24.1660  2897
31404  6.0710  -40.6820  12.1950  2902    12402  38.7000  58.5980  3.4010  2902
31441  20.5900  -39.9970  9.4780  2915    5093  53.1540  44.5260  9.7090  2915
31480  22.6050  -39.7380  6.4840  2942    9960  39.7590  56.7180  16.9230  2942
31497  13.2050  -40.3800  4.8080  2956    2193  27.5890  14.5520  -52.2100  2956
31513  10.8720  -40.3320  3.3480  2968    2357  16.4210  -57.6580  -12.8570  2968
31519  26.8040  -40.3840  3.0560  2970    5526  48.5450  45.1610  -20.2240  2970
31541  10.1160  -39.7900  0.6330  2982    6451  64.6460  12.1950  2.0840  2982
31552  27.0360  -40.4130  0.5140  2986    10148  30.0160  -27.2830  43.6320  2986
31553  8.9760  -40.0760  -0.8160  2987    10351  26.3560  19.4920  25.7630  2987
31579  25.8990  -40.2450  -2.0670  2995    7572  50.4000  -53.7170  -19.6410  2995
31580  8.5300  -39.8790  -2.6360  2996    11611  50.3530  52.5460  5.2460  2996
31588  25.0730  -40.4270  -3.8180  3001    9047  45.6600  50.9370  -8.6400  3001
31603  24.7490  -40.8000  -5.7950  3009    9105  19.0160  -57.1520  26.5340  3009
31619  6.9870  -39.9530  -6.0540  3015    14067  55.9400  -0.8350  -46.2410  3015
31645  25.4760  -40.5780  -9.2000  3019    13603  33.2430  14.6730  24.0630  3019
31658  25.7210  -40.3750  -10.1630  3021    13731  21.0630  28.9350  45.4480  3021
31675  30.7550  -41.1540  -10.5570  3024    14478  14.5790  15.8560  23.5200  3024
31703  28.6690  -40.8220  -12.2750  3033    3748  41.5060  -63.4280  14.7810  3033
32189  15.3600  -39.0940  36.1640  3039    12589  26.4330  -31.1530  -24.0250  3039
32210  6.7750  -40.6370  35.8880  3048    14050  33.3250  22.6800  -59.6420  3048
32225  7.9630  -40.1840  33.8930  3052    14049  42.2560  38.0510  0.5940  3052
32256  6.1400  -40.0990  32.4160  3068    1827  15.7630  79.1820  -12.3630  3068
32295  5.5350  -39.5680  28.3220  3077    5132  33.2910  -7.5250  34.5800  3077
32405  13.5390  -39.5220  18.2790  3108    12268  51.6910  41.8720  10.7930  3108
32414  13.3310  -39.0530  17.3870  3110    12475  15.8690  -83.9520  -27.2950  3110
32490  5.8600  -39.8440  11.4200  3133    3269  58.0350  -25.5370  15.6700  3133
32509  8.3250  -39.2070  8.9350  3136    8972  5.9320  49.8310  -16.2690  3136
32526  8.3720  -39.3180  7.5640  3144    10401  9.7860  74.1420  14.6030  3144
32549  21.8250  -38.9450  5.1480  3161    131  14.6600  -10.3540  50.5900  3161
32596  5.6380  -39.8990  0.5560  3195    7678  4.5300  -67.3440  -29.2230  3195
32640  5.7550  -39.6620  -2.1960  3212    11483  53.0220  33.1100  21.4350  3212
32649  8.6470  -38.9500  -4.0880  3216    12368  8.0850  85.6740  -20.2570  3216
32674  23.9200  -38.6560  -6.3520  3230    13177  10.5200  -69.4540  20.2040  3230
32701  32.1810  -39.0450  -10.2920  3240    9198  47.0490  -25.4230  -13.1480  3240
32725  29.3630  -39.1810  -11.1890  3251    3749  43.1290  -62.4920  13.6780  3251
32777  25.7330  -38.8460  -11.0880  3268    861  50.1970  34.9170  7.4990  3268
33246  7.5060  -37.7910  45.2680  3274    5834  46.2220  30.7410  -11.8850  3274
33263  8.2710  -38.1290  44.2130  3277    315  20.7610  66.4000  -31.1010  3277
33305  16.2400  -38.2850  37.2700  3283    11305  4.1740  -59.5800  -21.4940  3283
33381  7.6640  -39.5170  32.3790  3307    1237  5.8180  -9.1480  43.1170  3307
33391  13.5790  -38.1500  30.7160  3311    12245  56.5120  26.7340  -29.0670  3311
33461  10.3670  -38.5660  24.6450  3334    2677  13.8790  24.1550  49.9960  3334
33463  8.2190  -38.4910  24.3760  3336    3257  27.1880  -75.0580  -13.7120  3336
33474  12.3270  -38.4360  24.0740  3341    5663  25.6990  42.1390  34.1730  3341
33537  14.3850  -38.5630  17.5430  3355    12534  5.9210  8.1300  13.2860  3355
33550  13.2360  -37.8700  15.8560  3361    12544  10.9070  -14.1090  -8.3310  3361
33552  11.6630  -38.3950  15.6830  3363    12951  26.6480  19.1580  -63.2390  3363
33598  9.0230  -38.2470  10.9930  3375    14678  33.9960  -0.6450  -0.9480  3375
33612  10.2020  -38.3970  9.8100  3380    14677  35.5970  1.9640  -1.9090  3380
33627  10.4290  -38.4900  8.8260  3386    14910  2.8470  11.1440  -32.8530  3386
33652  10.4510  -38.3270  6.9470  3394    10316  35.1570  -10.8970  -44.5630  3394
33664  9.3780  -38.5010  5.8860  3402    6916  7.1070  23.2040  -23.3560  3402
33666  7.7860  -38.9920  5.3740  3404    4678  59.9510  22.9120  -24.2500  3404
33671  25.5170  -38.8980  4.6260  3407    129  10.9250  -13.3860  51.5100  3407
33677  20.1240  -38.5350  4.5880  3413    130  11.4020  -13.3690  48.7600  3413
33680  16.1110  -39.1770  4.5380  3416    2194  29.3320  -17.7690  -20.1540  3416
33702  7.6110  -38.6410  3.6670  3436    4679  58.6570  24.9590  -24.0920  3436
33709  13.1680  -38.1700  2.9700  3441    2081  33.5100  35.9470  -15.7950  3441
33740  11.1770  -38.0800  -0.2160  3462    3212  17.4760  -52.8880  1.3490  3462
33770  23.9280  -37.8510  -2.6880  3474    13169  54.7680  6.0620  31.2810  3474
33771  10.1850  -37.7910  -2.1650  3475    12348  6.9640  59.7370  -14.1010  3475
33790  5.9160  -38.7070  -4.6140  3485    13371  7.1280  -63.7030  0.7850  3485
33803  23.4530  -37.8420  -6.5880  3490    6192  45.2610  -52.2490  10.0390  3490
33806  6.1600  -38.8660  -6.1920  3493    13722  29.2110  -62.0160  25.3030  3493
33815  7.5910  -38.0770  -8.0070  3496    14344  48.8920  -63.5030  -22.4040  3496
33829  22.9580  -37.1660  -8.3210  3505    6193  2.9730  1.5380  -7.6820  3505
33846  30.6420  -38.6950  -9.7650  3513    4046  55.2790  -25.3390  11.3110  3513
33867  29.0620  -38.2890  -11.1810  3519    859  45.1570  -13.4100  45.7030  3519
34405  8.7310  -37.9320  43.6230  3547    5491  5.7630  -40.0190  -3.9050  3547
34407  6.1420  -36.9670  43.4960  3549    7595  63.2520  -13.5860  -42.5230  3549
34418  6.6970  -37.3610  42.7130  3553    7596  62.7940  -16.6160  -40.8850  3553
34419  6.1330  -36.7740  42.5320  3554    7954  10.9320  -58.6970  13.2640  3554
34438  6.0850  -36.3570  40.6710  3563    2327  16.5610  77.2180  8.6400  3563
34549  15.0120  -37.5470  31.4070  3589    12178  25.1200  64.9500  -6.6240  3589
34552  11.8860  -37.6810  30.6650  3592    1236  5.5390  -7.1090  47.2170  3592
34629  5.6380  -37.1300  24.3540  3615    1610  28.0720  -23.4280  -34.7940  3615
34649  13.9640  -38.2250  22.3400  3625    8126  32.1570  -35.9060  18.1840  3625
34663  14.1440  -37.6740  21.7430  3631    8621  2.0770  -2.0910  -14.6350  3631
34728  13.0720  -37.0150  14.6770  3652    13593  40.8110  -54.6430  27.9190  3652
34730  11.3260  -37.1120  14.5980  3654    14261  16.6520  -19.8470  -28.8250  3654
34756  9.3190  -37.2880  12.2700  3665    14835  22.4490  -65.2010  19.7090  3665
34781  11.5940  -37.7230  9.9870  3676    14352  35.5880  -59.0920  -7.0840  3676
34860  23.7740  -37.0330  3.7500  3709    5525  45.2830  10.6610  -32.7010  3709
34862  19.2950  -36.8340  4.5000  3711    5857  22.6090  -49.7110  -12.9540  3711
34884  8.6310  -37.6270  2.4660  3728    8616  50.9310  -52.3690  -33.9200  3728
34893  24.7140  -37.0740  1.5340  3732    10243  24.6110  -40.1800  -4.5240  3732
34896  8.2650  -37.4810  1.5430  3735    3345  46.6530  5.6640  -26.2510  3735
34903  24.0090  -36.7700  -0.0490  3740    5314  19.4480  -80.6260  1.0420  3740
34908  7.5740  -37.5640  0.2600  3745    10402  10.2880  71.8960  17.4410  3745
34943  6.5220  -37.5300  -3.0200  3765    12077  36.5430  46.8250  29.9100  3765
34980  8.6170  -37.6800  -5.8900  3781    10927  37.2110  -75.7520  -22.0730  3781
34990  16.9990  -36.6520  -7.2570  3786    8816  22.9930  10.0330  37.3170  3786
35006  19.2300  -36.3040  -7.7810  3795    199  6.3800  -58.6890  27.9320  3795
35009  16.3610  -36.9430  -7.7470  3798    198  12.4710  -76.7030  -0.7200  3798
35033  7.7940  -37.4090  -8.5770  3815    10928  39.0050  -73.9060  -17.7700  3815
35041  22.1040  -36.6320  -9.0160  3822    860  41.1560  -14.6720  48.1620  3822
35062  20.6750  -36.1240  -9.1720  3837    200  23.4350  79.4560  -30.9150  3837
35064  15.9310  -36.6000  -9.4830  3839    5257  2.3630  -16.1150  4.9090  3839
35538  7.2440  -36.4740  46.2490  3855    5364  16.3740  57.4350  -6.9570  3855
35591  9.2100  -36.9940  41.4840  3864    12930  12.0310  31.7420  46.4800  3864
35625  5.8720  -35.5760  38.5570  3883    2329  51.9640  -7.1750  -30.1720  3883
35629  7.7250  -36.1790  37.8420  3885    1336  21.2800  8.6490  -45.4310  3885
35643  16.6230  -36.2660  35.9510  3889    10156  32.8550  -15.4090  20.7770  3889
35741  11.6630  -35.8370  30.1960  3920    1235  20.8680  4.8280  50.9670  3920
35753  8.0520  -37.1000  29.4610  3928    6600  17.5630  -15.9350  44.5820  3928
35764  6.8130  -36.9980  28.5550  3933    6725  6.4900  0.0290  11.5590  3933
35793  5.9100  -36.4550  26.7190  3940    9948  31.0680  -39.0090  -22.7350  3940
35862  10.7560  -36.2160  21.6370  3962    8706  44.2320  44.9530  -2.9310  3962
35872  15.0870  -36.4540  20.1860  3965    8622  47.2070  -42.2510  3.8810  3965
35903  16.3770  -36.0530  16.6670  3971    11804  53.3530  55.6040  -22.8360  3971
35917  15.5550  -36.3430  15.2120  3976    13326  14.6540  -52.9110  29.8170  3976
35931  11.7300  -36.6580  13.3210  3987    13968  29.1130  -5.6300  29.0110  3987
35953  12.7280  -37.1160  10.9400  3997    14190  38.1710  37.8230  1.2280  3997
35999  12.8000  -36.4500  7.8790  4006    10315  60.9280  -3.9050  -34.8140  4006
36031  11.2650  -36.3110  5.1690  4016    3354  0.8000  0.3990  1.5450  4016
36046  16.8430  -36.3270  3.9860  4025    234  43.0330  10.5000  -60.8600  4025
36050  10.4780  -36.3790  3.7940  4029    3356  1.7800  5.9840  -18.5690  4029
36063  21.3270  -35.4840  2.3330  4034    233  61.4650  -12.7570  27.4190  4034
36112  22.0520  -35.7650  -1.3000  4062    5313  17.7300  -80.7500  0.3930  4062
36117  8.2080  -36.3700  -0.8680  4067    10403  11.3220  71.5140  15.4250  4067
36124  21.7450  -35.7150  -2.0630  4072    11545  9.0620  -65.0860  -30.9990  4072
36148  21.9390  -36.1670  -4.0150  4084    13080  22.7080  -40.1130  6.6350  4084
36151  10.2490  -36.4030  -3.2910  4087    12629  39.4680  5.2200  45.1520  4087
36166  18.8170  -35.3270  -5.1330  4093    6191  44.2740  -53.1390  9.6820  4093
36168  17.4320  -35.4130  -5.2340  4095    13761  23.4480  35.1510  38.8130  4095
36183  18.1780  -35.6650  -5.8780  4103    6292  45.8990  14.6360  -55.7160  4103
36207  6.2630  -36.7100  -6.7240  4121    4264  53.6760  41.1960  2.0630  4121
36240  14.1920  -36.1770  -8.6760  4137    8845  53.4910  -37.9410  9.9990  4137
36266  18.7090  -35.6790  -9.0520  4155    5258  19.4160  -30.8180  -12.5930  4155
36278  28.5420  -36.8500  -11.5860  4160    61  31.0040  3.9560  42.6700  4160
36281  26.1230  -36.4790  -11.6010  4163    698  12.3380  26.2610  50.2130  4163
36809  13.1630  -35.7350  40.3570  4184    12144  44.4570  -61.7470  -4.1270  4184
36819  15.9650  -35.4990  38.3820  4190    11837  21.3070  -33.1840  -10.7140  4190
36838  10.8840  -35.3500  38.2620  4206    1337  20.9630  10.5860  -44.7290  4206
36883  10.6180  -35.2020  35.5670  4232    1335  49.4280  44.6380  -27.7730  4232
36903  8.9880  -35.3870  34.8440  4241    5643  29.1310  -60.2750  -2.6760  4241
36941  12.9460  -34.9970  31.6460  4252    12246  11.8550  78.7760  8.7180  4252
36971  12.3440  -34.8100  29.5760  4259    13813  27.8280  16.6850  25.7380  4259
37002  12.8110  -34.9230  27.4570  4271    12698  23.0230  -58.3250  13.8810  4271
37022  10.0610  -35.6280  26.6040  4282    14713  30.3530  51.7800  5.6040  4282
37039  12.7140  -34.9870  26.4440  4287    2873  5.3740  -51.3890  15.2500  4287
37040  12.0480  -35.1230  25.9570  4288    1366  14.1770  -49.5560  -1.9040  4288
37062  9.1410  -34.8190  24.9870  4299    1426  46.2840  -0.1240  19.7610  4299
37091  8.1170  -35.9010  21.4160  4305    9492  40.4250  54.9810  -28.5750  4305
37144  16.0790  -35.1030  18.7570  4329    10291  23.5350  84.3230  -17.8060  4329
37196  12.7700  -36.7200  13.6340  4344    13600  14.6210  -35.0530  -11.3840  4344
37198  14.7020  -35.9800  13.4530  4345    13592  62.5080  -22.3150  -18.1310  4345
37211  14.0680  -36.1260  11.6970  4354    13967  32.6410  49.8460  -29.2260  4354
37228  14.1020  -35.7570  9.7060  4359    14204  8.4520  -67.9010  -33.0040  4359
37267  12.5830  -35.6900  6.8350  4364    10314  39.3560  7.5820  -17.0420  4364
37327  10.3810  -35.4230  2.3030  4384    3343  47.8130  9.6890  -28.0550  4384
37342  19.0510  -34.6250  1.3750  4389    235  44.0310  9.5110  -61.2290  4389
37344  16.8210  -34.7470  1.9080  4391    1872  31.9350  68.8830  -7.9490  4391
37350  9.8520  -35.4000  1.1300  4397    3344  48.9990  7.1750  -24.7970  4397
37389  19.6680  -34.5640  -0.6610  4411    9872  41.3090  -14.2920  34.4350  4411
37390  13.6950  -35.1140  0.0220  4412    7268  5.5460  3.3950  22.9720  4412
37411  18.5910  -34.6090  -2.9410  4429    12900  24.8580  -23.6380  -18.3060  4429
37430  7.5290  -35.2650  -3.5040  4445    4263  52.0310  44.8340  -0.7040  4445
37471  9.3350  -35.7540  -6.0200  4468    13418  11.5420  -66.8040  -8.9550  4468
37482  14.1290  -35.4200  -7.9890  4472    8815  15.1640  7.0680  22.7080  4472
37504  9.0760  -35.5390  -7.7960  4481    10929  38.5160  -73.1320  -18.0380  4481
37506  7.0240  -35.3190  -9.1300  4483    5642  31.6130  -56.6110  -2.0370  4483
37534  20.4130  -35.1390  -9.5380  4489    2199  66.3910  -16.6790  -12.9060  4489
37538  16.1930  -35.4660  -10.0240  4493    5558  47.5090  14.7840  -38.5430  4493
37915  9.4640  -33.4720  51.5130  4503    12165  25.1780  -51.3670  27.8400  4503
37917  8.6330  -34.0160  50.3500  4505    2198  37.6220  -16.8120  24.0110  4505
37928  8.4590  -33.4710  50.0190  4506    14368  44.9380  27.0790  19.7660  4506
37962  6.9610  -33.5900  47.4350  4518    1618  21.3670  -25.9990  -29.4280  4518
38002  5.7610  -34.3680  43.2430  4529    6581  38.6490  26.3140  34.5400  4529
38033  5.3550  -34.2440  40.0240  4532    2328  16.9040  73.7220  7.7750  4532
38051  5.5340  -34.0770  38.2870  4539    5744  14.3340  56.5370  5.7220  4539
38132  11.4680  -34.8100  33.2590  4583    10711  46.5620  -55.2950  -20.1280  4583
38169  12.0430  -34.7070  30.9210  4595    9994  21.9870  52.1910  -37.4460  4595
38189  12.2970  -34.2600  30.2500  4599    13234  50.8540  5.7820  -3.2490  4599
38240  14.0240  -34.2420  26.0070  4611    401  67.5720  -11.2440  1.2840  4611
38252  14.0150  -34.1900  24.7440  4614    1365  12.9850  -47.7860  -3.0230  4614
38272  14.2300  -33.8820  23.9810  4624    4161  56.7270  8.4790  -5.4140  4624
38277  9.1670  -33.7890  23.5600  4629    1367  13.6370  -73.9650  -0.8410  4629
38313  5.6840  -34.2630  21.0160  4644    5763  59.5730  14.3280  -46.7200  4644
38325  13.4410  -34.7860  19.9500  4647    8623  37.7790  -3.1970  28.0660  4647
38341  16.0620  -34.5450  18.7610  4656    10292  35.2840  44.9840  31.5550  4656
38346  11.7540  -34.1590  19.3540  4661    5280  11.6290  -37.5460  11.0700  4661
38348  9.5140  -34.2350  19.5570  4663    10448  27.3680  -5.3370  -44.8570  4663
38376  16.9530  -34.6100  17.7140  4668    8102  57.5690  45.7150  -13.7070  4668
38389  17.4660  -33.9250  16.2800  4669    8103  14.3500  11.0200  49.2620  4669
38406  16.7770  -34.7430  14.8040  4674    8911  38.7080  21.5730  41.1870  4674
38418  15.5020  -34.9460  12.1580  4681    10962  31.5070  45.4480  10.0850  4681
38568  16.2910  -34.2790  -0.5490  4717    12070  11.1060  -60.0800  -20.9070  4717
38593  9.1620  -33.8780  -1.1080  4731    7862  47.1790  -12.4700  -15.3320  4731
38613  14.7410  -33.9730  -3.3950  4747    13661  25.9500  27.4120  24.4610  4747
38627  13.6800  -33.7930  -4.4770  4758    13410  61.0120  -20.0250  12.1840  4758
38655  7.0230  -34.1370  -7.0930  4777    5641  36.4640  8.2540  37.3740  4777
38656  6.8260  -34.8280  -6.8830  4778    4321  50.8310  10.7000  32.2250  4778
38664  9.9840  -34.4440  -6.7520  4781    13411  38.4060  -60.8010  -2.8060  4781
38699  9.1340  -34.5680  -9.2070  4793    13970  64.0110  11.1890  13.4810  4793
38700  8.3700  -34.8390  -9.6040  4794    8581  36.7970  68.7020  -22.0470  4794
38728  26.8020  -34.8710  -11.8220  4805    467  5.9460  -36.7040  43.7780  4805
39091  8.4340  -32.6050  49.4960  4817    1619  23.1910  -23.0190  -27.4420  4817
39210  6.6940  -34.4810  35.3360  4837    6715  20.7330  3.8380  -45.3250  4837
39225  6.6090  -32.4180  35.7370  4843    7991  41.3480  0.4220  -48.7600  4843
39239  6.9540  -31.8010  35.4510  4849    8024  11.8560  -5.1500  -35.5230  4849
39365  14.7390  -33.4360  25.3130  4875    8970  59.9710  10.4540  -9.0810  4875
39374  15.2230  -32.9370  24.4120  4876    10680  1.3030  11.3360  4.5010  4876
39410  14.8870  -33.0770  22.6470  4888    4163  54.5270  -37.8530  -4.0890  4888
39437  11.8320  -32.8140  21.7270  4902    4162  54.0160  -36.5990  -6.7180  4902
39468  15.2510  -33.9970  19.1030  4914    12700  7.2500  -52.2900  31.8990  4914
39573  15.3540  -33.7190  10.3050  4951    11884  24.8220  23.7300  25.4860  4951
39589  13.5520  -32.8030  7.7130  4956    14745  25.3130  -65.4390  6.0730  4956
39612  12.4650  -33.6480  6.2440  4959    13621  38.6050  -63.6770  0.6850  4959
39643  11.3230  -33.1250  4.2760  4963    3355  1.5850  7.7160  -16.0420  4963
39644  10.8290  -32.8960  3.5900  4964    3410  35.1070  67.2990  6.5390  4964
39673  9.5800  -33.0350  0.6570  4969    7493  23.1830  34.8420  27.0640  4969
39718  8.6780  -33.3870  -2.1130  4973    4077  46.1490  -33.6580  -36.9780  4973
39746  13.4440  -33.8750  -6.3150  4987    13412  29.3680  -10.8850  52.2350  4987
39771  11.3340  -33.4410  -8.7800  4999    13964  33.6760  67.7280  -11.2250  4999
39796  8.0440  -33.0740  -9.5390  5007    8580  36.4520  66.0560  -21.7580  5007
39809  20.3500  -33.7840  -10.0860  5009    2216  11.9450  58.8200  -37.6880  5009
40386  9.0460  -31.5940  33.1750  5059    4481  1.2560  4.7700  7.7970  5059
40414  12.3000  -32.0340  29.6940  5069    400  49.2390  30.8870  -3.4160  5069
40481  15.7920  -31.9890  22.9490  5078    11456  51.5300  -6.7160  -0.4340  5078
40502  16.0040  -32.1780  21.3070  5086    11816  18.1270  -21.1300  -13.6770  5086
40527  16.0690  -32.3770  20.5270  5098    11882  36.8710  24.8810  -29.1200  5098
40532  11.6940  -31.6910  20.4180  5103    5279  1.5270  17.1990  5.8410  5103
40555  14.6340  -32.4260  19.8920  5112    5281  62.2050  -34.9080  -34.6730  5112
40572  16.7810  -32.8970  19.0000  5117    11967  40.2480  -18.1290  16.9980  5117
40621  17.6490  -32.2200  13.4780  5133    10961  57.3280  8.3240  -18.7140  5133
40634  16.5950  -32.1700  11.5980  5138    10986  35.9710  -47.4090  9.1610  5138
40648  14.8630  -32.4740  9.2690  5143    14739  32.6270  -74.1260  -3.5400  5143
40710  10.0690  -32.6560  2.4660  5157    762  60.3470  -37.5270  1.7130  5157
40874  25.3080  -32.9730  -11.4830  5165    12334  33.3770  -16.8390  33.4130  5165
40880  19.0330  -32.2790  -10.6560  5171    11377  64.0120  -3.7130  1.3470  5171
41215  10.9140  -31.4170  53.6000  5174    5707  40.7790  -34.6940  4.8000  5174
41227  10.2350  -31.6870  52.3430  5177    5705  45.3890  46.6350  -26.5240  5177
41267  8.7900  -31.4900  47.1500  5185    1617  21.0830  -24.8200  -29.8130  5185
41288  8.0920  -31.3870  44.6070  5192    1382  64.2060  -7.0110  6.3050  5192
41352  5.1050  -30.3080  39.5750  5205    6714  20.6310  6.3270  -45.7640  5205
41440  6.7710  -30.1290  32.5210  5221    10964  47.7600  12.4260  -47.3400  5221
41586  17.8620  -31.4710  18.3590  5272    12777  14.5120  -78.5560  4.8300  5272
41605  18.2490  -31.2320  17.0670  5282    8101  18.8350  4.9940  38.8780  5282
41634  17.2940  -31.3820  12.3280  5287    6324  9.5370  4.3040  33.8210  5287
41659  13.7780  -31.3430  8.5510  5295    11848  13.5970  26.8490  23.0060  5295
41661  12.0680  -30.4550  8.1760  5297    14946  22.9760  12.4860  43.9590  5297
41923  20.7840  -32.0120  -11.4500  5306    12333  31.0140  -16.5260  32.3270  5306
42280  12.0290  -30.3230  54.9820  5308    5706  8.4430  -16.7140  50.8560  5308
42341  10.7000  -30.9760  49.6820  5318    8754  39.6910  32.9910  -53.7110  5318
42361  11.1290  -30.7230  47.7670  5324    11311  27.8990  -38.2060  49.0970  5324
42382  11.6490  -30.3830  46.0030  5330    1381  62.6900  -7.6180  8.4550  5330
42406  11.4050  -30.5860  44.1520  5338    1294  53.4410  9.4370  27.3800  5338
42420  8.3480  -31.0760  42.3840  5345    6009  50.2400  -31.8590  34.6670  5345
42423  6.0130  -30.9150  41.4710  5348    6942  36.6370  29.4330  -4.8950  5348
42435  11.2290  -30.5930  41.9930  5349    1293  55.4100  11.3570  27.8110  5349
42436  10.2300  -30.9200  41.6950  5350    5849  45.3260  14.7070  -35.5290  5350
42459  7.9440  -30.2430  40.5180  5359    8825  15.7170  -35.4100  38.4220  5359
42479  10.7590  -30.5030  39.7440  5363    10881  39.7210  -1.3330  23.5710  5363
42544  5.5970  -30.0450  35.5260  5376    4480  14.1720  -80.1430  -17.4400  5376
42620  7.3540  -29.3580  30.2930  5394    1433  48.3430  29.0280  -37.5510  5394
42639  10.6300  -29.8620  28.6090  5398    399  52.1710  31.3980  1.0200  5398
42657  11.2350  -29.8060  27.7630  5403    8530  61.8630  9.7900  1.0360  5403
42690  13.3140  -29.8690  25.9860  5411    8984  7.9590  -13.2590  18.7350  5411
42726  16.0640  -30.5470  22.4880  5417    11815  34.3280  13.4530  -39.2370  5417
42734  16.7260  -30.5140  21.5170  5419    11842  39.1380  -12.0060  41.9880  5419
42737  17.2240  -30.4600  20.6150  5421    11893  46.7250  -50.3830  15.0950  5421
42754  18.4490  -30.4570  15.2480  5428    2062  9.2280  -5.4800  -33.8140  5428
42781  15.5880  -30.7820  10.2150  5435    9000  21.7370  82.7970  -4.2380  5435
43343  12.0280  -29.8760  51.5290  5453    7093  47.0210  59.2400  -21.7360  5453
43354  12.9310  -29.6990  50.1090  5457    1759  56.7330  -34.1380  15.5500  5457
43389  13.6800  -29.1660  47.7880  5469    1757  57.4980  -34.1840  13.6680  5469
43400  12.8660  -29.4660  46.0720  5472    6277  45.1540  -52.3650  -15.1570  5472
43409  12.8320  -29.4180  45.0780  5474    1295  67.1210  -0.7070  -29.0780  5474
43447  12.1600  -30.2100  41.2860  5485    8332  48.1670  -8.4560  0.4700  5485
43476  13.4940  -29.4730  39.5750  5496    13925  11.7870  53.6660  -45.1090  5496
43497  12.4950  -29.9740  38.6350  5507    12725  27.4600  55.4190  7.1380  5507
43500  9.0260  -29.6430  38.4660  5510    14869  32.9630  43.3200  -7.8390  5510
43516  10.9600  -29.9640  37.5650  5519    14970  18.6040  -42.0150  -21.8600  5519
43519  8.2480  -28.7490  37.5740  5522    13517  37.2070  -9.0350  -7.6190  5522
43532  13.6920  -29.3450  36.4890  5525    13926  8.1570  53.4000  -23.2090  5525
43536  9.5950  -29.1210  36.5490  5529    3876  11.1280  2.8570  -39.4230  5529
43551  13.1830  -29.4080  35.4860  5534    14783  67.9340  7.3910  2.8530  5534
43553  11.3060  -29.3410  35.5120  5536    3877  38.3460  14.9890  -55.3030  5536
43572  5.4510  -29.2850  34.8250  5543    4479  36.0380  -6.5620  2.4620  5543
43644  7.0060  -28.7970  28.7750  5558    7972  15.7970  50.6210  34.2260  5558
43665  6.3840  -28.6450  28.1110  5566    10857  23.5460  63.0790  15.8760  5566
43684  8.3440  -29.1420  26.4010  5572    14172  26.2560  -73.5030  4.5910  5572
43709  6.7020  -29.1340  25.4210  5583    13166  32.1360  -46.1260  31.3830  5583
43727  13.6140  -29.5340  24.6970  5586    12934  8.6870  -38.1910  45.3410  5586
43731  9.5720  -28.9220  24.6310  5590    14908  25.9370  -70.3370  18.1350  5590
43755  10.8760  -28.8220  23.8780  5599    13421  45.3320  -52.8080  -27.1510  5599
43758  7.3950  -28.7370  23.7620  5602    10579  57.7270  -10.4800  29.0820  5602
43790  17.4170  -29.5100  20.2880  5609    14234  22.7170  -3.1590  -39.7890  5609
43818  18.2370  -29.4480  13.7520  5621    2063  43.0050  -16.1620  25.6550  5621
43830  16.1600  -29.9790  10.7300  5625    6391  56.1020  47.3130  -2.3220  5625
43842  12.4860  -28.9690  9.4100  5630    9160  32.6880  44.6440  13.1520  5630
44416  13.0840  -28.9650  52.9680  5635    5784  62.2370  24.2250  -4.4380  5635
44424  14.0960  -28.7910  50.7180  5641    14952  56.6850  -9.3210  -43.7740  5641
44446  14.4560  -28.4580  48.9070  5648    1758  60.5040  -34.5550  12.2590  5648
44490  13.8220  -28.5090  43.8840  5660    8460  51.0420  33.2790  6.6570  5660
44507  13.7900  -28.8440  42.2070  5664    10361  19.1610  -1.9870  -34.1730  5664
44524  14.3940  -28.6810  40.3010  5668    12691  57.3870  -39.9790  -18.2900  5668
44555  15.1030  -28.3990  37.4270  5679    13664  25.7250  58.4290  25.9110  5679
44588  8.5850  -28.0340  35.4130  5698    3878  53.4210  -25.7540  26.2540  5698
44606  9.9020  -28.3300  34.3430  5707    12028  22.5360  -67.1760  -27.2960  5707
44623  15.0630  -28.5790  33.4680  5710    13561  45.0440  -48.6850  -36.6510  5710
44624  14.1720  -28.8420  33.5170  5711    8375  51.3460  0.7210  38.5440  5711
44626  12.0030  -28.5630  33.2400  5713    8374  23.5330  9.6140  30.5090  5713
44666  5.5480  -28.5940  32.0670  5724    10963  10.5270  22.1260  17.6880  5724
44773  13.2300  -28.9010  23.4380  5737    13422  32.5580  23.4420  -56.7390  5737
44803  11.0380  -28.2370  22.7080  5750    13438  24.7150  27.5590  24.2810  5750
44806  7.9070  -28.0790  22.4720  5753    10580  62.4040  -21.2670  -3.9230  5753
44824  13.7760  -28.0630  22.1190  5758    14339  43.4800  -48.9880  -24.5200  5758
44844  15.6280  -27.7300  21.1170  5766    14340  45.2760  68.0340  -28.9100  5766
44872  18.3950  -28.5570  17.5130  5770    8122  62.4840  -7.4840  24.2520  5770
44923  13.8890  -27.8450  10.0910  5782    7771  17.8660  50.3640  33.7750  5782
45526  14.3330  -26.2700  56.8780  5788    7249  17.9930  -57.7500  -32.5790  5788
45527  13.9730  -26.6370  56.4860  5789    7250  26.9200  78.2730  -1.3690  5789
45538  14.6730  -26.9090  54.4140  5798    8387  9.7240  -56.3270  -2.3090  5798
45547  15.3700  -27.2750  51.5340  5805    8888  0.4990  41.0010  -15.7270  5805
45583  15.2190  -27.2130  47.0920  5814    3883  31.5410  8.9330  -46.9080  5814
45601  15.5440  -26.4920  45.0630  5819    7443  49.2870  46.9630  -20.3750  5819
45629  15.3340  -26.5600  42.6300  5831    7028  40.0310  4.9850  22.0310  5831
45646  15.3600  -26.9490  40.7360  5839    7072  32.1330  -41.5800  39.1740  5839
45668  15.7080  -27.4380  38.5120  5846    8504  32.9790  19.1320  -64.9380  5846
45704  16.1190  -27.7670  34.9890  5867    10947  21.0110  61.9910  12.7680  5867
45738  13.8630  -28.3500  31.9930  5886    8376  21.8470  -39.3270  5.2640  5886
45758  16.5920  -27.5940  32.0640  5892    12765  55.7810  -48.0890  8.0670  5892
45831  5.3020  -26.4510  27.6650  5910    13167  23.3650  -11.4660  33.9250  5910
45925  11.2270  -27.2930  21.6400  5924    10627  6.1410  -53.5810  -8.6510  5924
45958  12.7370  -26.7430  21.0270  5934    2343  38.1130  -57.7850  -15.1260  5934
45980  17.0860  -27.4890  19.8510  5939    12063  32.8010  -62.7160  19.1980  5939
46025  18.3550  -27.3130  15.3750  5949    2061  9.5960  -5.5310  -30.3090  5949
46051  17.5420  -27.5570  12.7230  5953    6323  9.0590  5.9620  35.2320  5953
46742  15.6400  -25.9710  42.8230  5989    7027  37.2660  -7.4330  3.8690  5989
46779  16.4270  -26.5090  37.4280  5996    9673  50.1020  -44.5200  -3.2800  5996
46801  17.2840  -26.5720  33.5740  6007    2957  44.9730  -5.9010  44.1260  6007
46805  7.7120  -26.8770  33.3920  6011    12371  41.0970  17.0170  -16.4310  6011
46815  9.7570  -27.2190  32.1490  6018    7971  15.0760  49.3260  34.8410  6018
46827  12.7250  -27.4110  30.7210  6026    13746  7.9200  -67.2280  -30.9530  6026
46830  10.0190  -26.7970  31.3460  6029    7970  8.6790  -75.0840  -31.2090  6029
46842  17.7390  -26.4020  30.7270  6032    7923  39.2640  34.8750  -55.3610  6032
46844  15.7000  -27.4020  30.2980  6034    14160  4.0690  -25.2820  -3.2310  6034
46866  16.2700  -26.9650  29.6070  6042    14154  54.2080  -33.1870  15.5780  6042
46869  13.0060  -26.6780  29.5710  6045    13086  55.3880  -32.1610  -15.7420  6045
46893  14.8960  -26.4430  28.5220  6051    13087  33.8160  21.8110  -10.3260  6051
46944  5.8380  -26.4680  23.9340  6057    230  55.9790  -11.1290  16.8350  6057
46974  8.5410  -26.8970  21.4050  6061    10626  49.7680  54.4960  -30.2700  6061
46978  6.5400  -26.0880  22.1170  6065    8634  37.2220  -10.5130  35.7730  6065
46998  14.7730  -26.3620  20.2830  6066    2344  40.6830  -56.2510  -13.9200  6066
47003  10.0480  -26.1340  21.1130  6071    10628  5.8450  -57.3880  -9.8020  6071
47089  18.1120  -26.7030  16.5530  6085    5754  1.0120  46.1830  -19.3410  6085
47128  15.5000  -26.2000  11.4690  6093    287  50.0310  57.6940  -9.8520  6093
47129  14.2940  -25.5990  11.3010  6094    9847  48.7760  -49.7080  25.2930  6094
47682  16.0930  -24.4620  55.1550  6103    7248  17.5350  -60.4090  -31.9630  6103
47692  16.6510  -25.0260  53.5860  6110    8388  41.2510  40.8840  16.4280  6110
47719  16.5320  -25.2430  50.7070  6118    10855  53.7590  21.1400  25.9670  6118
47765  16.1690  -25.1410  48.1290  6126    12903  51.7620  22.4690  -7.5140  6126
47822  15.9430  -25.2280  41.1570  6138    7029  42.9960  4.3900  19.9480  6138
47839  16.4300  -25.2000  38.7670  6142    8503  33.9390  -60.1300  -32.1800  6142
47956  11.2260  -25.8560  29.4350  6171    13131  16.8840  29.6070  38.0920  6171
47972  12.9650  -25.8540  28.3720  6177    13085  26.6530  -10.9130  32.7710  6177
47987  17.2360  -25.7690  27.3490  6182    12842  56.6820  -39.3360  11.5830  6182
47988  15.9930  -25.7770  27.0270  6183    4624  31.0310  29.6970  -33.0050  6183
47989  14.8900  -25.6980  27.2410  6184    11148  45.3390  -25.9370  5.7570  6184
47991  7.5960  -25.1490  27.5380  6186    232  60.9740  -14.5140  26.2830  6186
48009  9.2600  -25.3400  25.9460  6192    231  60.0630  -13.8600  27.5720  6192
48075  12.9910  -25.4540  20.0360  6215    2345  49.2800  11.0880  -45.7450  6215
48089  15.2160  -25.5260  19.4040  6222    2404  39.9690  48.0690  -22.7630  6222
48177  17.3410  -25.5300  13.9280  6235    286  52.3400  56.3160  -11.2420  6235
48840  15.8440  -24.6990  57.3580  6242    5981  17.6160  -57.2290  -7.2230  6242
48844  15.5820  -24.1860  57.0050  6243    12648  29.5710  -17.6100  28.9040  6243
48873  16.8500  -24.3890  51.7690  6249    9576  55.8410  28.2080  -28.3920  6249
48977  16.1960  -24.1510  46.3940  6263    6860  28.9390  -42.9520  13.4280  6263
49013  16.0600  -24.2520  43.9040  6267    6861  58.7850  -38.2640  -22.6220  6267
49044  16.1910  -24.9200  39.7380  6272    10547  26.7850  1.5060  36.8760  6272
49221  15.5990  -24.8670  25.8790  6313    4626  53.2240  40.8850  -21.2980  6313
49223  11.2080  -25.0110  25.1920  6315    5889  38.8640  19.2480  -55.6360  6315
49241  17.1140  -24.5950  25.6200  6320    4625  33.7190  -63.6960  -33.2250  6320
49256  11.3280  -24.2040  23.6620  6325    5887  30.4600  58.5120  18.6750  6325
49283  9.3460  -23.5260  22.8180  6336    9541  5.0560  -21.1210  44.3150  6336
49295  8.2840  -24.1050  21.2820  6341    12267  52.3850  39.4380  13.0890  6341
49320  13.1230  -24.1370  19.3310  6352    2403  45.5320  -48.1230  5.7350  6352
49332  14.9070  -24.4480  18.7680  6357    5753  0.5330  45.2860  -17.8600  6357
49345  16.1410  -24.0000  17.5110  6361    7351  39.9490  -13.6480  18.0280  6361
49407  14.9650  -24.1480  12.4930  6370    3644  3.0480  -2.3950  -16.9380  6370
50036  15.4470  -23.0480  57.1250  6374    13948  32.6740  21.1440  -33.0610  6374
50045  15.9240  -23.1930  55.5980  6376    4497  26.4490  15.8300  -52.9790  6376
50067  16.5160  -22.7370  53.2450  6381    6784  11.8540  9.2360  49.2460  6381
50428  14.4510  -24.4890  25.6940  6411    11147  20.6210  29.5090  -39.8600  6411
50460  17.1280  -23.5170  24.5180  6420    731  40.8960  -40.4370  -7.2700  6420
50511  10.1620  -23.7590  20.4390  6436    13029  45.4520  -56.4330  -21.5440  6436
50588  15.7660  -23.3380  13.8120  6456    285  45.3660  19.2330  31.2870  6456
51262  15.1700  -22.6580  56.2240  6458    1169  7.9490  -16.0450  -6.6340  6458
51299  15.4910  -21.8710  51.9320  6467    8472  6.7100  -74.2580  2.1600  6467
51618  13.6080  -23.8190  24.5880  6471    5888  43.0710  16.7280  -54.2800  6471
51704  8.8510  -22.3570  21.8370  6492    7163  57.9800  23.8430  -27.2430  6492
51716  10.0520  -22.8060  20.5560  6493    7164  29.7350  62.3970  17.1070  6493
51730  12.5010  -22.2280  19.0550  6496    11412  53.5780  -29.2540  -4.2780  6496
51731  11.6880  -22.3850  19.5790  6497    8280  16.8460  -73.2040  -31.8820  6497
51743  14.1910  -22.3650  18.0260  6500    7352  29.2030  -21.2620  -39.3530  6500
51770  15.5560  -22.3500  16.4980  6505    7353  16.2990  -26.4390  11.7050  6505
52542  14.0220  -22.0160  55.2420  6511    4496  37.3090  -46.0300  24.2870  6511
52872  14.6900  -22.0580  23.6310  6526    2003  34.5470  -22.2660  15.7430  6526
52873  13.9490  -21.3700  23.4510  6527    11946  25.5890  -39.6160  49.0140  6527
52903  16.4010  -21.2030  22.5400  6534    1950  26.4960  -46.1030  -13.1940  6534
52919  9.2530  -21.3260  21.2090  6541    6857  38.1310  -58.4720  12.9710  6541
53878  9.7300  -19.6910  23.9440  6562    11945  25.7830  -63.1220  4.7260  6562
53879  9.0200  -19.4740  24.3550  6563    7162  56.9720  21.7610  -27.0470  6563
53903  14.1730  -20.0810  23.0710  6572    6113  25.9340  -45.7080  15.9470  6572
53965  11.0710  -20.1710  20.1730  6598    9713  50.7090  33.0770  26.0170  6598
53989  13.0690  -19.9200  18.0990  6603    12463  35.1310  8.8880  32.9390  6603
54015  14.0990  -20.3410  15.8680  6607    10186  8.5680  18.4290  -36.6710  6607
54916  6.2420  -19.2220  24.4220  6621    6229  36.3950  37.3960  -20.0950  6621
54976  9.2350  -19.2200  21.0240  6641    6230  33.7040  27.7570  -11.4170  6641
56025  8.2940  -18.6040  25.0250  6655    13293  24.0880  -58.4580  33.1810  6655
56039  10.2910  -18.1070  24.0880  6660    13292  23.1390  -59.4440  31.4930  6660
56052  12.9690  -18.7190  23.1150  6665    14227  48.0020  28.5940  22.2000  6665
56161  12.4080  -18.7000  18.0230  6683    11953  37.9660  32.2140  -50.8000  6683
57299  5.7490  -17.6590  24.8640  6698    13310  25.5120  -56.3360  31.2470  6698
57366  7.3610  -17.8280  21.3740  6701    3395  23.3770  -54.3980  3.5900  6701
57416  10.8560  -17.8320  19.2460  6708    3396  23.1830  -52.3470  -1.7060  6708
57440  11.4820  -17.0640  17.6280  6716    7852  36.7810  2.5320  -22.9090  6716
57442  12.3780  -17.8480  16.3970  6717    14280  8.9810  8.6520  50.2150  6717
58743  8.5880  -16.7080  24.1800  6719    13294  24.4610  -58.5990  30.1520  6719
58842  8.1600  -16.0560  20.3990  6732    2631  38.5250  48.2650  -21.9530  6732
58851  9.4840  -15.7220  19.1950  6736    2633  37.9510  49.9540  -21.0770  6736
58858  11.0720  -16.1930  16.2270  6741    8058  39.0920  10.7000  37.8170  6741
60154  5.4140  -15.6440  23.7030  6743    9090  9.3110  -18.8100  -13.0540  6743
60165  5.6070  -15.6560  22.7230  6744    3613  25.6180  -45.0920  -3.2350  6744
60179  6.5440  -15.5170  21.0860  6745    3614  5.2170  -67.5540  -12.4060  6745
150326  13.3150  -45.1930  37.9760  6749    12806  34.1250  33.1060  -5.7950  6749
150339  8.3540  -46.1050  33.6540  6755    5427  60.8400  -40.8970  -7.7660  6755
