#!ascii label  , from subject FreeSurferMNI152 vox2ras=TkReg
2379
103995  45.619  20.554  2.143 1
103996  45.066  20.627  2.567 2
104004  46.633  20.518  1.241 3
104005  45.961  20.694  1.494 4
104013  47.114  20.632  0.613 5
105086  41.468  21.554  4.634 6
105087  40.820  21.737  4.959 7
105094  44.008  20.869  3.050 8
105095  43.399  21.006  3.466 9
105096  42.509  21.372  3.574 10
105097  41.872  21.551  3.943 11
105104  44.969  21.007  1.931 12
105105  44.373  21.057  2.352 13
105106  43.490  21.421  2.473 14
105107  42.883  21.505  2.872 15
105114  45.964  21.070  0.874 16
105115  45.288  21.345  1.153 17
105116  44.529  21.588  1.498 18
105117  43.889  21.730  1.765 19
105125  47.177  21.008  -0.040 20
105126  46.357  21.325  0.145 21
105127  45.658  21.622  0.428 22
105136  48.575  20.885  -0.811 23
105137  47.712  21.090  -0.616 24
105138  46.830  21.630  -0.741 25
105148  48.786  21.148  -1.590 26
105149  47.911  21.575  -1.595 27
105150  47.254  21.761  -1.310 28
105161  48.938  21.390  -2.383 29
105162  48.301  21.699  -2.229 30
106190  37.181  22.181  7.171 31
106191  36.168  22.596  7.174 32
106192  35.374  22.926  7.389 33
106213  38.124  22.295  6.380 34
106214  37.120  22.644  6.288 35
106215  36.339  22.963  6.466 36
106225  39.035  22.320  5.602 37
106226  38.065  22.746  5.474 38
106227  37.283  23.037  5.573 39
106234  40.879  21.849  4.456 40
106235  40.098  22.201  4.680 41
106236  38.940  22.745  4.736 42
106237  38.239  23.145  4.723 43
106243  41.918  21.739  3.403 44
106244  41.153  22.080  3.597 45
106245  40.247  22.687  3.593 46
106251  42.912  21.828  2.374 47
106252  42.193  22.155  2.582 48
106253  41.345  22.755  2.584 49
106260  44.679  22.103  0.862 50
106261  44.050  22.485  1.060 51
106262  43.131  22.391  1.674 52
106263  42.417  22.995  1.693 53
106270  45.688  22.078  -0.130 54
106271  45.066  22.412  0.182 55
106272  44.487  22.773  0.478 56
106278  46.010  22.392  -0.832 57
106279  45.413  22.730  -0.499 58
106286  47.280  22.194  -1.867 59
106287  46.659  22.461  -1.589 60
106295  48.949  21.700  -3.124 61
106296  48.355  22.032  -2.913 62
106297  47.631  22.447  -2.564 63
106298  47.002  22.762  -2.209 64
106307  49.402  21.809  -3.719 65
106308  48.549  22.457  -3.685 66
106309  47.991  22.693  -3.300 67
106320  49.571  22.246  -4.646 68
106321  48.924  22.540  -4.313 69
107439  35.764  23.071  6.845 70
107440  35.006  23.479  7.090 71
107441  34.365  24.158  7.147 72
107451  36.703  23.127  5.920 73
107452  35.941  23.592  6.160 74
107453  35.052  24.144  6.455 75
107454  34.537  24.619  6.661 76
107464  37.650  23.234  5.038 77
107465  36.866  23.658  5.215 78
107466  36.126  24.149  5.443 79
107473  39.496  22.967  3.899 80
107474  38.722  23.382  4.127 81
107475  37.840  23.879  4.356 82
107476  37.045  24.323  4.587 83
107482  40.661  22.974  2.853 84
107483  39.916  23.491  3.067 85
107484  39.200  23.718  3.428 86
107485  38.604  24.039  3.693 87
107490  41.757  23.328  1.912 88
107491  41.090  23.524  2.235 89
107492  40.494  23.780  2.479 90
107498  43.514  23.426  0.817 91
107499  42.839  23.553  1.149 92
107500  42.268  23.750  1.412 93
107506  44.550  23.452  -0.062 94
107507  44.102  23.468  0.391 95
107512  45.428  23.426  -1.069 96
107513  44.976  23.439  -0.540 97
107518  45.964  23.366  -1.674 98
107524  46.945  23.344  -2.754 99
107525  46.496  23.338  -2.249 100
107530  47.992  23.092  -3.837 101
107531  47.455  23.409  -3.459 102
107536  48.893  22.901  -4.918 103
107537  48.290  23.315  -4.514 104
107538  47.778  23.638  -4.121 105
107546  49.838  22.661  -5.933 106
107547  49.263  22.934  -5.560 107
107548  48.577  23.576  -5.437 108
107562  49.347  23.372  -6.466 109
107563  48.860  23.611  -6.073 110
107578  49.707  23.537  -7.324 111
107594  50.052  23.600  -8.018 112
108526  33.880  24.344  7.591 113
108527  33.344  24.719  8.021 114
108536  33.921  24.881  7.191 115
108537  33.456  25.162  7.588 116
108547  35.583  24.331  5.834 117
108548  34.996  24.949  6.006 118
108549  34.380  25.107  6.562 119
108559  36.479  24.383  4.945 120
108560  35.821  24.986  5.184 121
108561  35.276  25.329  5.534 122
108566  37.436  24.844  4.064 123
108567  36.635  25.035  4.500 124
108568  36.204  25.406  4.685 125
108574  39.515  24.066  2.975 126
108575  39.053  24.621  3.025 127
108576  38.217  24.733  3.620 128
108582  41.374  23.928  1.827 129
108583  40.928  24.492  1.890 130
108584  39.946  24.551  2.530 131
108585  39.476  25.052  2.629 132
108592  43.237  24.436  0.619 133
108593  42.563  24.485  0.997 134
108594  41.764  24.453  1.436 135
108595  41.358  24.943  1.510 136
108601  44.261  24.382  -0.101 137
108602  43.816  24.375  0.278 138
108608  45.067  24.397  -0.977 139
108609  44.663  24.391  -0.516 140
108616  45.468  24.416  -1.598 141
108624  46.520  23.836  -2.684 142
108625  46.052  24.373  -2.410 143
108631  46.660  24.329  -3.244 144
108632  46.216  24.897  -2.927 145
108638  47.808  23.931  -4.527 146
108639  47.307  24.385  -4.255 147
108645  47.844  24.365  -5.188 148
108646  47.331  24.906  -4.894 149
108658  48.854  23.893  -6.515 150
108659  48.404  24.370  -6.277 151
108670  48.902  24.278  -7.162 152
108671  48.416  24.799  -6.968 153
108682  49.991  23.931  -8.677 154
108683  49.373  24.406  -8.198 155
108695  50.371  23.948  -9.395 156
108696  49.636  24.570  -9.252 157
108709  50.430  24.344  -10.401 158
108710  49.880  24.580  -9.954 159
108725  50.810  24.446  -11.399 160
108741  51.935  24.305  -12.554 161
108742  51.207  24.478  -12.165 162
108758  52.518  24.480  -13.257 163
109540  33.059  25.553  7.860 164
109541  32.673  25.827  8.374 165
109547  33.965  25.572  6.744 166
109548  33.506  25.574  7.278 167
109556  34.887  25.676  5.707 168
109557  34.448  25.605  6.206 169
109568  35.903  25.835  4.775 170
109569  35.366  25.775  5.253 171
109578  37.822  25.592  3.552 172
109579  37.085  25.669  3.929 173
109580  36.462  25.849  4.351 174
109586  39.157  25.535  2.663 175
109587  38.530  25.530  3.090 176
109592  41.122  25.443  1.565 177
109593  40.447  25.463  1.955 178
109594  39.748  25.538  2.360 179
109601  44.395  25.810  0.077 180
109602  43.814  25.468  0.291 181
109603  43.034  25.397  0.640 182
109604  42.277  25.385  0.989 183
109605  41.645  25.413  1.297 184
109611  45.100  25.967  -0.567 185
109612  44.639  25.509  -0.284 186
109613  44.161  25.126  0.009 187
109619  45.304  25.554  -1.134 188
109620  44.935  25.177  -0.710 189
109627  45.590  25.483  -1.940 190
109634  45.949  25.476  -2.637 191
109639  46.718  25.059  -3.904 192
109640  46.280  25.435  -3.349 193
109646  46.890  25.451  -4.602 194
109647  46.487  25.717  -3.996 195
109654  47.842  25.068  -5.987 196
109655  47.327  25.453  -5.453 197
109667  47.997  25.398  -6.787 198
109668  47.578  25.737  -6.193 199
109679  48.881  24.783  -7.805 200
109680  48.451  25.216  -7.566 201
109689  48.801  25.232  -8.259 202
109690  48.416  25.835  -8.179 203
109698  49.050  25.295  -9.031 204
109708  49.878  24.860  -10.431 205
109709  49.412  25.425  -10.124 206
109720  50.002  25.228  -11.120 207
109721  49.514  26.067  -10.971 208
109730  51.290  24.772  -12.734 209
109731  50.587  25.300  -12.476 210
109744  52.864  24.821  -14.044 211
109745  51.577  25.119  -13.680 212
109746  50.672  25.924  -13.532 213
109760  52.517  25.463  -14.861 214
109761  51.599  25.949  -14.824 215
109774  53.254  26.059  -15.907 216
109775  52.160  26.127  -15.600 217
109776  51.608  26.410  -15.352 218
109787  53.452  26.378  -16.525 219
109809  51.444  26.077  -19.083 220
109810  50.830  26.231  -19.128 221
109811  50.408  26.393  -19.076 222
110516  32.748  26.066  8.005 223
110517  32.397  26.580  8.485 224
110523  33.607  25.973  6.926 225
110524  33.052  26.414  7.380 226
110525  32.548  27.172  7.864 227
110533  34.512  26.034  5.917 228
110534  33.965  26.418  6.368 229
110535  33.348  27.118  6.761 230
110544  35.529  26.422  4.949 231
110545  34.821  26.522  5.503 232
110546  34.319  27.142  5.859 233
110557  37.502  26.327  3.617 234
110558  36.877  26.543  3.950 235
110559  36.169  26.707  4.499 236
110565  38.864  26.248  2.763 237
110566  38.249  26.552  3.225 238
110572  41.640  26.990  1.366 239
110573  41.006  26.451  1.616 240
110574  40.073  26.353  2.091 241
110575  39.432  26.310  2.447 242
110581  46.354  27.253  1.267 243
110582  45.712  27.113  0.892 244
110583  44.633  26.604  0.429 245
110584  43.612  26.360  0.583 246
110585  42.774  26.233  0.804 247
110586  41.945  26.351  1.134 248
110587  41.429  25.917  1.379 249
110593  46.393  27.170  0.799 250
110594  45.382  26.634  0.081 251
110595  44.752  26.191  0.035 252
110601  46.378  27.102  0.053 253
110602  45.630  26.624  -0.600 254
110608  46.332  27.161  -0.656 255
110609  45.806  26.638  -1.366 256
110615  45.818  26.371  -2.169 257
110621  45.990  26.318  -2.910 258
110627  46.488  26.369  -4.351 259
110628  46.238  26.325  -3.638 260
110633  46.785  26.365  -5.160 261
110634  38.173  26.972  -5.925 262
110635  37.675  26.484  -5.818 263
110636  36.560  26.482  -5.446 264
110640  47.537  26.406  -6.711 265
110641  47.190  26.386  -5.950 266
110642  39.444  26.384  -6.898 267
110643  38.615  26.439  -6.329 268
110644  38.164  25.941  -6.270 269
110648  47.959  26.329  -7.638 270
110653  48.643  25.868  -8.727 271
110654  48.387  26.626  -8.589 272
110659  48.748  26.446  -9.472 273
110660  48.521  26.963  -9.080 274
110666  49.123  26.619  -10.501 275
110673  49.740  26.363  -11.862 276
110674  49.396  26.754  -11.194 277
110681  50.106  26.569  -13.006 278
110687  50.952  26.045  -14.290 279
110688  50.563  26.882  -14.042 280
110694  51.045  26.863  -14.971 281
110695  50.728  27.033  -14.520 282
110705  53.059  26.509  -16.595 283
110706  52.489  26.570  -16.302 284
110707  51.791  26.876  -15.892 285
110708  47.288  26.480  -15.338 286
110717  53.397  26.446  -17.060 287
110718  52.477  27.072  -17.021 288
110719  52.167  27.027  -16.480 289
110720  47.733  26.423  -16.170 290
110728  52.616  26.892  -17.770 291
110729  48.446  26.583  -17.443 292
110730  48.105  26.311  -16.786 293
110736  52.418  26.615  -18.589 294
110737  51.855  26.282  -19.021 295
110738  49.471  26.728  -18.683 296
110739  48.881  26.421  -18.131 297
110743  51.848  27.286  -19.052 298
110744  51.420  26.852  -19.184 299
110745  50.580  26.870  -19.233 300
110746  50.103  26.649  -19.047 301
111416  31.927  27.446  9.297 302
111426  32.201  27.624  8.433 303
111431  32.851  27.537  7.277 304
111432  32.471  27.770  7.850 305
111439  33.815  27.539  6.274 306
111440  33.279  27.759  6.736 307
111449  35.480  27.334  4.925 308
111450  34.751  27.517  5.448 309
111451  34.304  27.749  5.829 310
111464  37.576  27.298  3.685 311
111465  36.761  27.413  4.157 312
111466  36.202  27.583  4.543 313
111475  39.785  27.968  2.666 314
111476  39.193  27.295  2.775 315
111477  38.393  27.547  3.338 316
111484  46.949  27.988  2.128 317
111485  46.402  27.927  2.022 318
111486  45.576  27.995  1.745 319
111487  44.641  28.049  1.393 320
111488  43.564  27.982  1.127 321
111489  42.333  27.545  1.193 322
111490  41.312  27.562  1.677 323
111491  40.264  27.451  2.205 324
111492  39.723  26.865  2.349 325
111499  48.843  27.918  0.900 326
111500  48.060  27.687  1.190 327
111501  47.043  27.593  1.580 328
111502  46.074  27.460  1.531 329
111503  45.181  27.410  1.155 330
111504  44.174  27.267  0.876 331
111505  43.187  27.048  0.867 332
111506  42.567  26.805  0.957 333
111512  48.863  27.983  0.482 334
111513  48.205  27.817  0.322 335
111514  47.246  27.439  0.658 336
111519  47.733  28.055  -0.591 337
111520  47.120  27.565  -0.216 338
111523  47.520  28.202  -1.104 339
111524  46.732  27.739  -1.350 340
111525  46.002  27.044  -1.783 341
111528  46.579  27.858  -2.573 342
111529  46.085  27.147  -2.325 343
111531  46.501  27.769  -3.588 344
111532  46.191  27.106  -3.171 345
111534  46.560  27.385  -4.610 346
111535  46.349  27.004  -3.890 347
111537  46.851  27.273  -5.643 348
111538  37.910  27.645  -5.527 349
111539  36.901  27.503  -5.281 350
111540  35.861  27.461  -5.231 351
111545  47.540  27.551  -7.133 352
111546  47.206  27.131  -6.367 353
111547  39.961  27.872  -6.663 354
111548  39.225  27.353  -6.343 355
111549  38.532  27.288  -5.954 356
111553  48.003  27.491  -8.140 357
111554  41.203  27.729  -7.675 358
111555  40.477  27.228  -7.383 359
111556  39.848  27.030  -6.923 360
111560  48.622  28.143  -9.320 361
111561  48.416  27.486  -8.849 362
111562  42.235  27.592  -8.703 363
111568  48.838  27.639  -10.085 364
111569  48.597  27.328  -9.375 365
111570  43.187  27.494  -9.639 366
111576  49.229  27.501  -10.976 367
111577  44.115  27.494  -10.613 368
111583  49.723  27.600  -12.410 369
111584  49.473  27.262  -11.620 370
111585  45.080  27.508  -11.541 371
111591  50.136  27.633  -13.406 372
111597  50.462  27.726  -14.042 373
111598  46.289  27.344  -13.284 374
111603  50.898  27.889  -15.079 375
111604  50.679  27.418  -14.528 376
111605  46.537  26.995  -13.864 377
111611  51.380  27.692  -15.724 378
111612  47.338  27.279  -15.083 379
111613  46.928  26.953  -14.538 380
111618  51.967  27.938  -17.229 381
111619  51.858  27.653  -16.536 382
111620  47.631  27.269  -15.782 383
111626  52.127  27.812  -17.739 384
111627  48.419  27.450  -17.349 385
111628  48.055  27.158  -16.684 386
111632  52.139  27.754  -18.327 387
111633  49.430  27.692  -18.621 388
111634  48.872  27.357  -18.048 389
111639  51.937  27.833  -18.871 390
111640  51.450  27.851  -19.190 391
111641  50.796  27.717  -19.293 392
111642  50.024  27.518  -19.084 393
112301  31.916  28.477  9.035 394
112312  32.281  28.344  8.147 395
112322  32.989  28.405  7.013 396
112323  32.607  28.184  7.578 397
112329  34.010  28.399  5.969 398
112330  33.500  28.209  6.478 399
112337  37.707  29.042  4.372 400
112338  36.837  28.796  4.548 401
112339  35.977  28.370  4.777 402
112340  35.128  28.224  5.218 403
112341  34.567  28.148  5.589 404
112350  39.936  29.150  3.577 405
112351  39.086  28.852  3.714 406
112352  38.180  28.385  3.779 407
112353  37.271  28.186  4.143 408
112354  36.619  28.074  4.439 409
112361  42.312  29.294  2.474 410
112362  41.315  29.028  2.639 411
112363  40.315  28.614  2.746 412
112364  39.475  28.397  3.071 413
112365  38.835  28.130  3.302 414
112367  49.254  28.443  2.091 415
112368  48.438  28.334  2.276 416
112369  47.508  28.250  2.302 417
112370  46.735  28.460  2.379 418
112371  45.935  28.585  2.239 419
112372  45.039  28.720  1.982 420
112373  44.020  28.792  1.751 421
112374  42.887  28.707  1.663 422
112375  41.809  28.492  1.858 423
112376  40.962  28.285  2.157 424
112378  50.100  28.562  0.960 425
112379  49.449  28.223  1.314 426
112380  48.716  28.015  1.635 427
112381  47.989  27.915  1.832 428
112383  50.064  28.625  0.474 429
112384  49.424  28.302  0.331 430
112385  48.822  28.029  0.232 431
112387  49.102  28.620  -0.703 432
112388  48.622  28.184  -0.267 433
112390  48.896  28.803  -1.232 434
112391  48.206  28.527  -1.261 435
112392  47.455  28.289  -1.397 436
112395  47.990  28.715  -1.871 437
112396  47.424  28.470  -2.018 438
112399  47.011  28.515  -3.081 439
112402  47.354  29.171  -4.684 440
112403  46.854  28.452  -4.143 441
112406  47.398  29.071  -5.750 442
112407  46.913  28.286  -5.211 443
112408  38.758  29.042  -5.661 444
112409  38.053  28.763  -5.369 445
112410  37.165  28.563  -5.130 446
112411  36.172  28.464  -5.042 447
112412  35.189  28.431  -5.202 448
112416  47.597  28.840  -6.768 449
112417  47.117  28.060  -6.214 450
112418  40.082  28.913  -6.388 451
112419  39.369  28.470  -6.068 452
112420  38.673  28.078  -5.759 453
112424  48.454  29.479  -8.205 454
112425  47.920  28.599  -7.731 455
112426  41.416  28.735  -7.353 456
112427  40.701  28.298  -6.973 457
112431  48.737  29.190  -9.079 458
112432  48.327  28.401  -8.575 459
112433  43.124  28.605  -8.701 460
112434  42.556  28.443  -8.391 461
112435  41.883  28.132  -8.026 462
112438  48.967  28.824  -9.884 463
112439  44.106  28.523  -9.613 464
112440  43.562  28.345  -9.222 465
112441  42.885  27.896  -8.974 466
112444  49.661  29.009  -11.481 467
112445  49.273  28.629  -10.780 468
112446  45.020  28.494  -10.593 469
112447  44.499  28.316  -10.180 470
112448  43.823  27.858  -9.930 471
112452  49.825  28.746  -12.170 472
112453  49.511  28.125  -11.578 473
112454  45.347  28.277  -11.130 474
112455  44.751  27.846  -10.890 475
112459  50.075  28.522  -12.961 476
112460  46.154  28.262  -12.348 477
112461  45.700  28.042  -11.886 478
112465  50.789  28.926  -14.342 479
112466  50.452  28.529  -13.763 480
112467  46.478  28.132  -12.939 481
112468  45.950  27.627  -12.618 482
112473  50.952  28.739  -14.952 483
112474  50.662  28.205  -14.455 484
112475  47.308  28.222  -14.387 485
112476  46.875  27.848  -13.856 486
112481  51.249  28.482  -15.549 487
112482  47.560  28.095  -15.112 488
112483  47.225  27.663  -14.600 489
112487  51.799  28.650  -16.870 490
112488  51.563  28.475  -16.152 491
112489  48.291  28.574  -16.808 492
112490  47.977  28.212  -16.143 493
112497  51.941  28.739  -17.581 494
112498  48.617  28.288  -17.465 495
112499  48.245  27.927  -16.921 496
112503  52.031  28.735  -18.156 497
112504  49.710  28.519  -18.800 498
112505  49.198  28.432  -18.167 499
112509  51.980  28.740  -18.690 500
112510  51.645  28.752  -19.140 501
112511  51.026  28.726  -19.367 502
112512  50.339  28.594  -19.179 503
113156  31.958  29.981  9.314 504
113157  31.967  29.496  9.175 505
113160  32.504  29.678  7.845 506
113161  32.207  29.135  8.412 507
113167  32.922  29.341  7.091 508
113168  32.554  28.855  7.665 509
113170  33.974  29.369  5.893 510
113171  33.444  28.936  6.464 511
113174  42.903  30.431  4.822 512
113175  41.969  30.292  4.883 513
113176  41.055  30.128  4.949 514
113177  40.116  30.088  4.927 515
113178  39.133  30.029  4.806 516
113179  38.135  29.869  4.700 517
113180  37.168  29.672  4.684 518
113181  36.234  29.411  4.816 519
113182  35.367  29.127  5.127 520
113183  34.608  28.843  5.502 521
113188  44.309  30.399  3.921 522
113189  43.329  30.281  4.019 523
113190  42.363  30.096  4.121 524
113191  41.427  29.849  4.229 525
113192  40.494  29.665  4.295 526
113193  39.564  29.516  4.304 527
113194  38.628  29.311  4.277 528
113202  50.137  29.655  2.932 529
113203  49.337  29.576  3.069 530
113204  48.500  29.575  3.159 531
113205  47.637  29.672  3.161 532
113206  46.753  29.837  3.110 533
113207  45.828  29.969  3.095 534
113208  44.855  30.041  3.100 535
113209  43.845  29.996  3.160 536
113210  42.817  29.893  3.233 537
113211  41.831  29.635  3.371 538
113212  40.869  29.365  3.485 539
113218  51.113  29.608  1.909 540
113219  50.474  29.214  2.260 541
113220  49.720  29.017  2.516 542
113221  48.910  28.922  2.690 543
113222  48.049  28.875  2.822 544
113223  47.181  29.013  2.770 545
113224  46.330  29.208  2.660 546
113225  45.429  29.371  2.522 547
113226  44.442  29.459  2.427 548
113227  43.382  29.461  2.381 549
113229  51.132  29.583  1.028 550
113230  50.632  29.042  1.404 551
113231  49.988  28.678  1.790 552
113233  51.021  29.672  0.539 553
113234  50.525  29.179  0.350 554
113235  50.015  28.681  0.204 555
113237  50.183  29.538  -0.766 556
113238  49.830  28.873  -0.348 557
113240  49.996  29.720  -1.344 558
113241  49.366  29.334  -1.421 559
113242  48.745  28.904  -1.506 560
113244  48.882  29.887  -2.548 561
113245  48.365  29.100  -2.051 562
113246  47.886  28.803  -2.153 563
113248  48.622  30.298  -3.588 564
113249  48.083  29.634  -3.051 565
113250  47.687  28.976  -2.648 566
113254  48.519  30.522  -4.645 567
113255  47.944  29.837  -4.124 568
113256  47.446  29.149  -3.615 569
113260  48.543  30.585  -5.692 570
113261  47.910  29.895  -5.199 571
113262  38.755  29.604  -5.674 572
113263  38.237  29.703  -5.476 573
113264  37.397  29.577  -5.173 574
113265  36.464  29.463  -4.981 575
113266  35.503  29.393  -5.024 576
113267  34.593  29.376  -5.272 577
113270  48.637  30.550  -6.708 578
113271  47.994  29.821  -6.246 579
113272  40.074  29.791  -6.381 580
113273  39.312  29.646  -5.946 581
113274  38.692  30.013  -5.690 582
113278  48.792  30.460  -7.693 583
113279  48.179  29.667  -7.250 584
113280  41.476  29.652  -7.286 585
113281  40.794  29.472  -6.793 586
113285  49.650  30.653  -9.459 587
113286  49.122  30.370  -8.724 588
113287  43.514  29.144  -8.832 589
113288  42.923  29.280  -8.384 590
113289  42.153  29.234  -7.798 591
113293  49.734  30.276  -10.191 592
113294  49.235  29.814  -9.620 593
113295  44.516  29.066  -9.657 594
113296  44.005  29.099  -9.239 595
113300  49.781  29.738  -10.973 596
113301  49.375  29.467  -10.300 597
113302  45.438  29.000  -10.680 598
113303  44.995  29.041  -10.141 599
113307  50.592  30.069  -12.412 600
113308  50.139  29.726  -11.824 601
113309  46.243  29.142  -11.764 602
113310  45.880  28.896  -11.335 603
113314  50.742  29.822  -13.092 604
113315  50.282  29.356  -12.623 605
113316  46.469  28.890  -12.347 606
113317  46.122  28.638  -11.925 607
113321  50.857  29.476  -13.847 608
113322  50.466  29.151  -13.253 609
113323  47.368  29.189  -13.761 610
113324  46.989  28.897  -13.191 611
113328  51.587  29.964  -14.801 612
113329  51.265  29.587  -14.664 613
113330  47.522  28.952  -14.416 614
113331  47.252  28.609  -13.918 615
113336  51.676  29.861  -15.215 616
113337  51.404  29.180  -15.399 617
113338  47.856  29.127  -15.289 618
113341  51.773  29.483  -16.170 619
113342  51.506  28.904  -15.827 620
113343  48.480  29.088  -17.085 621
113344  48.247  29.387  -16.276 622
113350  52.054  29.618  -17.180 623
113351  48.897  29.272  -17.639 624
113355  52.198  29.663  -17.905 625
113356  49.970  29.370  -18.970 626
113357  49.444  29.599  -18.364 627
113361  52.207  29.670  -18.512 628
113362  52.006  29.666  -19.107 629
113363  51.373  29.717  -19.406 630
113364  50.565  29.797  -19.283 631
114018  32.097  30.515  9.168 632
114019  32.017  29.988  9.071 633
114022  32.455  30.514  8.117 634
114023  32.189  29.900  8.631 635
114029  32.848  30.258  7.221 636
114033  44.909  31.430  5.650 637
114034  43.997  31.349  5.692 638
114035  43.064  31.231  5.781 639
114036  42.133  31.132  5.796 640
114037  41.276  31.093  5.758 641
114038  40.558  31.179  5.580 642
114039  40.171  31.327  5.450 643
114040  33.972  30.370  5.870 644
114041  33.382  29.864  6.483 645
114043  46.215  31.164  5.168 646
114044  45.294  31.105  5.211 647
114045  44.365  30.987  5.280 648
114046  43.439  30.833  5.376 649
114047  42.510  30.709  5.433 650
114048  41.602  30.625  5.445 651
114049  40.716  30.629  5.397 652
114050  39.763  30.873  5.236 653
114051  38.599  30.706  4.876 654
114052  37.543  30.557  4.736 655
114053  36.509  30.372  4.770 656
114054  35.532  30.116  5.004 657
114055  34.681  29.782  5.412 658
114059  50.085  30.969  3.911 659
114060  49.275  30.938  4.006 660
114061  48.428  30.944  4.121 661
114062  47.564  30.945  4.264 662
114063  46.671  30.919  4.401 663
114064  45.740  30.870  4.508 664
114065  44.787  30.773  4.609 665
114066  43.843  30.602  4.725 666
114071  51.875  30.990  2.927 667
114072  51.213  30.593  3.160 668
114073  50.496  30.364  3.337 669
114074  49.722  30.270  3.454 670
114075  48.900  30.270  3.532 671
114076  48.051  30.334  3.591 672
114077  47.171  30.465  3.616 673
114078  46.243  30.515  3.708 674
114079  45.284  30.494  3.811 675
114086  52.119  30.863  2.070 676
114087  51.542  30.254  2.416 677
114088  50.880  29.862  2.716 678
114090  52.012  31.077  1.084 679
114091  51.686  30.161  1.495 680
114093  51.667  31.588  0.112 681
114094  51.376  30.330  0.425 682
114095  50.962  29.756  0.262 683
114097  51.425  31.965  -0.424 684
114098  51.049  31.305  -0.696 685
114099  50.797  30.028  -0.330 686
114101  50.437  31.698  -1.885 687
114102  50.247  30.420  -1.419 688
114103  49.888  29.850  -1.642 689
114105  50.126  32.100  -3.021 690
114106  49.888  31.112  -2.533 691
114107  49.630  30.184  -2.144 692
114109  50.180  32.273  -4.145 693
114110  49.670  31.525  -3.591 694
114111  49.288  30.689  -3.087 695
114115  50.380  32.313  -5.182 696
114116  49.699  31.720  -4.649 697
114117  49.143  31.016  -4.120 698
114121  50.535  32.376  -6.164 699
114122  49.811  31.810  -5.664 700
114123  49.132  31.197  -5.157 701
114124  38.282  30.362  -5.655 702
114125  37.621  30.488  -5.458 703
114126  36.735  30.399  -5.161 704
114127  35.821  30.326  -5.017 705
114128  34.925  30.276  -5.062 706
114129  34.086  30.299  -5.376 707
114131  50.668  32.359  -7.142 708
114132  49.889  31.870  -6.655 709
114133  49.221  31.234  -6.170 710
114134  40.369  30.282  -6.686 711
114135  39.674  30.577  -6.400 712
114136  38.775  30.664  -5.972 713
114137  38.079  30.877  -5.798 714
114142  50.766  32.221  -8.139 715
114143  49.969  31.805  -7.654 716
114144  49.283  31.238  -7.152 717
114145  41.809  30.160  -7.636 718
114146  40.987  30.580  -7.233 719
114147  40.207  30.873  -6.870 720
114151  50.811  32.095  -8.814 721
114152  50.071  31.478  -8.786 722
114153  49.406  31.130  -8.014 723
114154  43.795  29.558  -9.066 724
114155  43.406  29.956  -8.796 725
114156  42.537  30.250  -8.212 726
114157  41.725  30.928  -7.961 727
114160  50.874  31.924  -9.504 728
114161  50.246  31.166  -9.914 729
114162  44.754  29.520  -9.886 730
114163  44.236  29.955  -9.476 731
114164  43.572  30.587  -9.195 732
114167  51.562  31.882  -10.955 733
114168  51.134  31.671  -10.633 734
114169  50.308  30.664  -10.798 735
114170  45.671  29.439  -10.928 736
114171  45.180  29.928  -10.393 737
114172  44.540  30.697  -10.001 738
114175  51.571  31.672  -11.424 739
114176  50.821  30.766  -11.707 740
114177  50.260  30.230  -11.324 741
114178  46.392  29.423  -11.961 742
114179  46.031  29.861  -11.429 743
114180  45.489  30.631  -10.984 744
114183  51.675  31.306  -12.404 745
114184  51.122  30.552  -12.785 746
114185  46.650  29.750  -12.388 747
114186  46.331  30.503  -11.999 748
114190  51.847  30.931  -13.410 749
114191  51.269  30.205  -13.634 750
114192  47.494  29.521  -13.990 751
114193  47.226  29.991  -13.399 752
114197  51.832  30.420  -14.541 753
114198  51.288  29.940  -14.167 754
114199  47.616  29.925  -14.433 755
114200  47.295  30.751  -13.984 756
114205  52.258  30.452  -15.678 757
114206  47.949  30.224  -15.367 758
114210  52.452  30.437  -16.674 759
114211  48.552  29.929  -17.008 760
114212  48.257  30.603  -16.233 761
114217  52.567  30.499  -17.527 762
114218  48.956  30.361  -17.634 763
114222  52.607  30.556  -18.236 764
114223  49.905  30.376  -18.873 765
114224  49.377  30.917  -18.240 766
114228  52.394  30.608  -18.888 767
114229  51.848  30.656  -19.404 768
114230  51.069  30.775  -19.524 769
114231  50.378  31.054  -19.222 770
114849  32.500  31.427  8.480 771
114852  46.753  32.336  6.394 772
114853  45.947  32.239  6.211 773
114854  45.155  32.158  6.018 774
114855  44.430  32.117  5.941 775
114856  44.061  32.131  5.954 776
114857  32.815  31.214  7.433 777
114862  48.870  32.336  6.034 778
114863  47.991  32.144  6.116 779
114864  47.143  31.939  6.188 780
114865  46.303  31.861  6.103 781
114866  45.460  31.828  5.950 782
114867  44.599  31.792  5.875 783
114868  43.718  31.841  5.946 784
114869  42.673  31.691  5.958 785
114870  41.762  31.626  5.860 786
114871  41.017  31.592  5.747 787
114872  40.488  31.644  5.545 788
114873  33.940  31.461  5.856 789
114874  33.322  30.858  6.551 790
114876  50.084  32.195  5.153 791
114877  49.242  32.065  5.311 792
114878  48.383  31.878  5.489 793
114879  47.535  31.665  5.651 794
114880  46.685  31.508  5.734 795
114881  45.809  31.471  5.694 796
114882  39.905  31.642  5.270 797
114883  39.028  31.524  4.947 798
114884  37.972  31.424  4.668 799
114885  36.856  31.325  4.635 800
114886  35.727  31.159  4.800 801
114887  34.756  30.842  5.309 802
114890  52.535  32.506  3.915 803
114891  51.866  32.127  4.107 804
114892  51.167  31.877  4.246 805
114893  50.440  31.711  4.385 806
114894  49.649  31.617  4.526 807
114895  48.808  31.527  4.700 808
114896  47.955  31.401  4.898 809
114897  47.103  31.244  5.078 810
114902  52.789  32.306  3.170 811
114903  52.163  31.767  3.413 812
114904  51.510  31.375  3.605 813
114905  50.827  31.111  3.772 814
114914  52.987  32.351  2.305 815
114915  52.459  31.588  2.637 816
114921  52.819  32.773  1.346 817
114922  52.557  31.715  1.694 818
114924  52.449  33.238  0.347 819
114925  52.262  32.165  0.688 820
114927  52.169  33.482  -0.215 821
114928  51.665  32.828  -0.429 822
114929  51.273  32.133  -0.703 823
114931  51.193  33.384  -1.741 824
114932  50.953  32.388  -1.272 825
114934  51.230  33.487  -3.061 826
114935  50.602  32.747  -2.408 827
114937  51.497  33.329  -4.227 828
114938  50.672  32.856  -3.621 829
114940  51.766  33.208  -5.233 830
114941  50.925  32.808  -4.709 831
114944  52.027  33.153  -6.130 832
114945  51.168  32.791  -5.690 833
114946  37.603  31.197  -5.751 834
114947  36.981  31.165  -5.476 835
114948  36.111  31.221  -5.312 836
114949  35.269  31.072  -5.143 837
114950  34.550  31.120  -5.257 838
114952  53.174  33.144  -7.678 839
114953  52.443  33.051  -7.057 840
114954  51.397  32.774  -6.636 841
114955  39.742  31.244  -6.805 842
114956  39.103  31.339  -6.523 843
114957  38.135  31.595  -6.236 844
114958  37.222  31.765  -5.886 845
114959  36.585  31.722  -5.628 846
114960  33.733  31.255  -5.542 847
114964  53.283  33.060  -8.413 848
114965  52.493  32.825  -8.048 849
114966  51.584  32.613  -7.620 850
114967  41.021  31.388  -7.806 851
114968  40.205  31.536  -7.406 852
114969  39.462  31.712  -7.037 853
114970  38.787  32.030  -6.935 854
114973  53.305  32.983  -8.943 855
114974  52.724  32.823  -8.890 856
114975  51.658  32.431  -8.823 857
114976  43.027  30.691  -8.822 858
114977  42.362  31.171  -8.686 859
114978  41.440  31.676  -8.560 860
114979  40.608  31.887  -8.170 861
114983  53.268  32.869  -9.515 862
114984  52.400  32.567  -9.735 863
114985  51.585  32.211  -9.996 864
114986  43.948  30.860  -9.636 865
114987  43.153  31.262  -9.451 866
114988  42.137  31.834  -9.433 867
114989  41.368  32.127  -9.216 868
114993  53.176  32.669  -10.471 869
114994  52.052  32.161  -10.798 870
114995  51.563  32.069  -10.482 871
114996  44.925  30.887  -10.560 872
114997  44.061  31.473  -10.382 873
114998  42.927  31.905  -10.194 874
114999  42.156  32.199  -10.208 875
115003  53.210  32.437  -11.542 876
115004  52.392  31.933  -11.970 877
115005  45.859  30.793  -11.549 878
115006  45.110  31.376  -11.321 879
115007  44.205  32.040  -11.417 880
115011  53.375  32.186  -12.614 881
115012  52.566  31.641  -13.027 882
115013  46.670  30.572  -12.628 883
115014  45.995  31.263  -12.306 884
115015  44.988  32.036  -12.331 885
115016  44.115  32.368  -12.154 886
115019  53.512  31.984  -13.669 887
115020  52.687  31.366  -14.092 888
115021  46.722  31.089  -13.289 889
115022  45.866  31.906  -13.328 890
115023  45.035  32.337  -13.174 891
115027  53.641  31.834  -14.717 892
115028  52.842  31.213  -15.172 893
115029  47.527  30.818  -14.689 894
115030  46.815  31.618  -14.342 895
115031  45.949  32.184  -14.187 896
115036  53.762  31.767  -15.737 897
115037  53.046  31.159  -16.189 898
115038  47.607  31.372  -15.427 899
115039  46.918  32.103  -15.188 900
115043  53.808  31.782  -16.670 901
115044  53.112  31.207  -17.088 902
115045  48.574  30.855  -16.960 903
115046  48.070  31.726  -16.464 904
115052  53.709  31.870  -17.455 905
115053  53.077  31.315  -17.837 906
115054  48.760  31.576  -17.447 907
115055  48.180  32.392  -16.999 908
115061  53.513  31.997  -18.021 909
115062  52.964  31.597  -18.544 910
115063  49.809  31.517  -18.791 911
115064  49.297  32.034  -18.153 912
115069  52.318  31.593  -19.181 913
115070  51.553  31.651  -19.483 914
115071  50.785  31.802  -19.406 915
115072  50.220  32.040  -19.109 916
115685  32.731  32.407  8.878 917
115687  50.741  33.440  6.875 918
115688  49.903  33.287  6.960 919
115689  49.002  33.199  6.829 920
115690  48.083  33.046  6.721 921
115691  47.184  32.896  6.599 922
115692  46.342  32.731  6.426 923
115693  45.569  32.561  6.169 924
115694  44.861  32.430  5.976 925
115695  44.299  32.386  5.957 926
115696  33.299  32.943  6.973 927
115697  32.894  32.204  7.736 928
115702  52.534  33.710  5.825 929
115703  51.802  33.395  6.077 930
115704  51.064  33.121  6.322 931
115705  50.259  32.927  6.488 932
115706  49.387  32.814  6.514 933
115707  48.483  32.675  6.479 934
115708  47.596  32.492  6.455 935
115709  43.861  32.277  5.965 936
115710  43.222  32.250  5.967 937
115711  42.259  32.169  5.870 938
115712  41.329  32.135  5.650 939
115713  40.830  31.900  5.606 940
115714  33.832  32.608  5.963 941
115715  33.297  31.898  6.715 942
115719  53.520  33.729  4.741 943
115720  52.918  33.559  5.167 944
115721  52.086  33.151  5.391 945
115722  51.349  32.849  5.613 946
115723  50.577  32.645  5.800 947
115724  49.748  32.487  5.941 948
115725  41.120  32.430  5.377 949
115726  40.558  32.226  5.276 950
115727  39.504  32.259  4.864 951
115728  38.457  32.247  4.538 952
115729  37.313  32.250  4.399 953
115730  36.100  32.212  4.544 954
115731  34.817  32.133  5.102 955
115733  53.679  33.600  4.128 956
115734  52.998  33.202  4.391 957
115735  52.314  32.847  4.640 958
115736  51.601  32.533  4.834 959
115737  50.875  32.309  5.010 960
115740  53.872  33.533  3.375 961
115741  53.178  33.000  3.664 962
115747  53.979  33.725  2.512 963
115748  53.394  32.967  2.868 964
115756  53.881  34.201  1.627 965
115757  53.416  33.282  1.944 966
115762  53.803  34.541  1.060 967
115763  53.227  34.015  0.852 968
115765  52.599  34.144  -0.412 969
115766  52.056  33.623  -0.517 970
115768  53.731  34.586  -2.836 971
115769  52.888  34.515  -1.848 972
115770  51.921  33.906  -1.170 973
115772  53.911  34.270  -3.862 974
115773  52.942  34.283  -3.217 975
115774  51.987  34.000  -2.471 976
115776  54.052  33.935  -4.834 977
115777  53.121  34.004  -4.331 978
115778  52.161  33.848  -3.726 979
115780  54.171  33.751  -5.656 980
115781  53.315  33.736  -5.257 981
115782  52.401  33.630  -4.786 982
115785  55.196  33.728  -6.904 983
115786  54.484  33.680  -6.426 984
115787  53.517  33.511  -6.059 985
115788  52.645  33.429  -5.664 986
115789  36.060  31.936  -5.611 987
115790  35.419  31.753  -5.429 988
115791  34.932  31.539  -5.319 989
115793  55.371  33.667  -7.440 990
115794  54.632  33.551  -7.272 991
115795  53.593  33.371  -6.971 992
115796  52.852  33.282  -6.374 993
115797  38.080  32.332  -6.827 994
115798  37.431  32.332  -6.433 995
115799  36.600  32.393  -6.005 996
115800  35.680  32.512  -5.741 997
115801  34.600  32.144  -5.541 998
115802  33.405  32.256  -5.725 999
115805  56.397  33.670  -8.007 1000
115806  56.005  33.656  -7.872 1001
115807  55.130  33.503  -7.980 1002
115808  54.093  33.310  -8.004 1003
115809  40.091  32.052  -7.932 1004
115810  39.461  32.239  -7.667 1005
115811  38.454  32.710  -7.540 1006
115812  37.620  32.858  -7.100 1007
115816  56.458  33.620  -8.368 1008
115817  55.817  33.480  -8.599 1009
115818  54.957  33.294  -8.794 1010
115819  53.991  33.045  -9.048 1011
115820  40.865  32.160  -8.795 1012
115821  40.115  32.443  -8.547 1013
115822  39.129  32.962  -8.418 1014
115823  38.378  33.270  -8.122 1015
115827  56.581  33.525  -9.176 1016
115828  55.818  33.332  -9.476 1017
115829  54.958  33.129  -9.766 1018
115830  54.086  32.926  -10.111 1019
115831  41.603  32.285  -9.810 1020
115832  40.849  32.566  -9.526 1021
115833  39.888  33.124  -9.368 1022
115834  39.151  33.497  -9.019 1023
115837  56.682  33.486  -10.109 1024
115838  55.889  33.231  -10.447 1025
115839  55.033  33.004  -10.789 1026
115840  54.142  32.764  -11.154 1027
115841  43.450  32.098  -10.878 1028
115842  42.647  32.340  -10.897 1029
115843  41.607  32.677  -10.652 1030
115844  40.637  33.133  -10.277 1031
115845  40.096  33.620  -10.056 1032
115848  56.763  33.417  -11.064 1033
115849  55.972  33.164  -11.442 1034
115850  55.128  32.879  -11.817 1035
115851  54.246  32.579  -12.208 1036
115852  43.400  32.412  -11.624 1037
115853  42.502  32.796  -11.756 1038
115854  41.666  33.099  -11.517 1039
115858  56.806  33.394  -12.010 1040
115859  56.042  33.143  -12.434 1041
115860  55.242  32.760  -12.842 1042
115861  54.389  32.384  -13.249 1043
115862  44.432  32.443  -12.791 1044
115863  43.603  32.742  -12.617 1045
115864  42.821  33.268  -12.656 1046
115867  56.832  33.429  -12.944 1047
115868  56.128  33.110  -13.417 1048
115869  55.379  32.652  -13.870 1049
115870  54.507  32.270  -14.288 1050
115871  45.328  32.323  -13.815 1051
115872  44.530  32.688  -13.631 1052
115873  43.647  33.295  -13.566 1053
115874  42.989  33.697  -13.181 1054
115877  56.811  33.486  -13.777 1055
115878  56.340  33.116  -14.473 1056
115879  55.460  32.593  -14.891 1057
115880  54.604  32.198  -15.305 1058
115881  46.285  32.261  -14.815 1059
115882  45.428  32.614  -14.641 1060
115883  44.537  33.256  -14.586 1061
115884  43.938  33.685  -14.261 1062
115889  56.208  33.079  -15.474 1063
115890  55.472  32.611  -15.868 1064
115891  54.657  32.199  -16.289 1065
115892  47.324  32.214  -15.808 1066
115893  46.381  32.717  -15.633 1067
115894  45.396  33.212  -15.432 1068
115895  44.891  33.659  -15.307 1069
115899  56.052  33.226  -16.242 1070
115900  55.399  32.939  -16.862 1071
115901  54.470  32.361  -17.152 1072
115902  47.360  32.725  -16.453 1073
115903  46.622  33.234  -16.308 1074
115908  54.745  33.095  -17.605 1075
115909  54.090  32.508  -17.803 1076
115910  48.700  32.606  -17.544 1077
115911  47.889  33.107  -17.077 1078
115917  54.185  33.127  -18.004 1079
115918  53.556  32.664  -18.323 1080
115919  52.770  32.557  -18.881 1081
115920  50.128  32.970  -18.945 1082
115921  49.849  32.615  -18.735 1083
115922  49.237  32.878  -17.991 1084
115929  51.954  32.506  -19.241 1085
115930  51.178  32.498  -19.321 1086
115931  50.424  32.700  -19.105 1087
115932  50.137  32.480  -19.065 1088
116561  51.502  34.369  7.149 1089
116562  50.941  34.224  7.345 1090
116563  50.545  34.198  7.435 1091
116567  53.269  34.573  6.293 1092
116568  52.612  34.301  6.439 1093
116569  51.970  34.180  6.827 1094
116570  51.198  33.931  7.100 1095
116571  50.425  33.846  7.278 1096
116572  49.499  33.708  7.187 1097
116573  48.569  33.596  6.967 1098
116574  47.651  33.484  6.758 1099
116575  46.703  33.380  6.552 1100
116576  45.854  33.022  6.320 1101
116577  45.069  32.779  6.042 1102
116578  44.583  32.609  5.959 1103
116579  33.528  33.894  7.352 1104
116580  33.143  33.168  8.103 1105
116583  54.429  34.694  5.529 1106
116584  53.773  34.505  5.882 1107
116585  53.033  34.100  5.984 1108
116586  52.236  33.893  6.357 1109
116587  51.508  33.656  6.647 1110
116588  46.525  33.631  6.466 1111
116589  46.109  33.474  6.277 1112
116590  45.264  33.212  6.019 1113
116591  44.097  32.884  5.891 1114
116592  42.835  32.726  5.733 1115
116593  41.881  32.593  5.537 1116
116594  41.381  32.505  5.434 1117
116595  33.756  33.687  6.270 1118
116600  54.695  34.620  5.030 1119
116601  53.844  34.163  5.287 1120
116602  53.209  34.032  5.681 1121
116603  43.873  33.374  5.644 1122
116604  43.325  33.313  5.501 1123
116605  42.338  33.166  5.235 1124
116606  41.246  32.889  5.034 1125
116607  40.091  32.956  4.674 1126
116608  39.012  32.959  4.371 1127
116609  37.887  33.137  4.126 1128
116610  36.648  33.238  4.227 1129
116611  35.435  33.219  4.635 1130
116612  34.448  33.428  5.339 1131
116614  55.705  34.808  3.804 1132
116615  55.094  34.606  4.315 1133
116616  54.213  34.124  4.595 1134
116617  37.775  33.626  3.916 1135
116618  37.365  33.660  3.936 1136
116620  55.836  34.810  3.148 1137
116621  55.187  34.471  3.499 1138
116622  54.436  34.054  3.854 1139
116626  55.852  34.915  2.703 1140
116627  55.362  34.728  2.625 1141
116628  54.622  34.082  3.011 1142
116634  55.215  34.995  2.003 1143
116635  54.632  34.600  2.058 1144
116642  55.119  35.465  1.313 1145
116643  54.398  35.063  0.937 1146
116644  53.821  34.829  0.513 1147
116646  56.375  35.695  -0.840 1148
116647  55.661  35.677  -0.272 1149
116648  54.504  35.226  -0.389 1150
116649  53.520  34.816  -0.314 1151
116651  57.369  35.259  -1.847 1152
116652  56.790  35.407  -1.469 1153
116653  55.633  35.179  -1.554 1154
116654  54.234  34.920  -1.782 1155
116655  53.261  34.721  -1.059 1156
116657  57.541  35.065  -2.298 1157
116658  56.812  34.876  -2.514 1158
116659  55.710  34.746  -2.819 1159
116660  54.725  34.538  -3.319 1160
116662  58.547  34.672  -3.605 1161
116663  58.054  34.694  -3.323 1162
116664  56.904  34.483  -3.608 1163
116665  55.834  34.299  -3.991 1164
116666  54.876  34.125  -4.420 1165
116668  58.591  34.598  -3.972 1166
116669  57.909  34.392  -4.291 1167
116670  56.883  34.202  -4.676 1168
116671  55.817  34.042  -5.074 1169
116672  54.877  33.915  -5.365 1170
116675  59.100  34.601  -5.082 1171
116676  58.794  34.534  -4.879 1172
116677  57.860  34.214  -5.315 1173
116678  56.803  34.041  -5.740 1174
116679  55.586  33.853  -6.183 1175
116680  54.771  33.819  -5.920 1176
116682  59.070  34.611  -5.378 1177
116683  58.678  34.409  -5.944 1178
116684  57.770  34.111  -6.354 1179
116685  56.784  33.905  -6.780 1180
116686  55.980  33.770  -7.226 1181
116687  36.988  32.929  -6.641 1182
116688  36.254  33.344  -6.359 1183
116689  35.186  33.312  -5.874 1184
116690  34.095  33.263  -5.747 1185
116691  33.002  33.279  -5.785 1186
116694  58.504  34.323  -6.945 1187
116695  57.735  34.018  -7.353 1188
116696  56.749  33.751  -7.809 1189
116697  56.235  33.729  -7.627 1190
116698  37.872  33.277  -7.691 1191
116699  37.151  33.708  -7.291 1192
116700  36.400  34.160  -6.917 1193
116704  58.501  34.329  -7.864 1194
116705  57.841  33.984  -8.320 1195
116706  57.206  33.726  -8.783 1196
116707  38.647  33.544  -8.589 1197
116708  37.981  33.967  -8.247 1198
116709  37.384  34.470  -7.882 1199
116712  58.515  34.378  -8.767 1200
116713  57.986  34.040  -9.252 1201
116714  57.391  33.749  -9.722 1202
116715  39.507  33.848  -9.575 1203
116716  38.779  34.138  -9.014 1204
116717  38.269  34.643  -8.716 1205
116720  58.421  34.464  -9.522 1206
116721  58.064  34.207  -10.192 1207
116722  57.448  33.767  -10.662 1208
116723  41.099  33.243  -11.055 1209
116724  40.622  33.852  -10.782 1210
116725  39.989  34.253  -10.172 1211
116728  57.868  34.239  -11.087 1212
116729  57.420  33.767  -11.564 1213
116730  42.062  33.303  -12.120 1214
116731  41.438  33.828  -11.694 1215
116732  40.926  34.395  -11.267 1216
116736  57.750  34.280  -11.908 1217
116737  57.378  33.822  -12.444 1218
116738  42.304  33.876  -12.571 1219
116739  41.812  34.374  -12.227 1220
116742  57.615  34.351  -12.635 1221
116743  57.340  34.060  -13.380 1222
116744  43.440  33.912  -13.755 1223
116745  42.914  34.225  -13.192 1224
116748  57.087  33.980  -14.484 1225
116749  56.755  33.583  -15.188 1226
116750  44.386  33.877  -14.838 1227
116751  43.948  34.165  -14.294 1228
116756  56.939  34.227  -15.277 1229
116757  56.646  33.927  -15.968 1230
116758  46.020  33.373  -16.024 1231
116759  45.595  33.865  -15.842 1232
116760  44.962  34.150  -15.352 1233
116765  56.027  33.955  -16.758 1234
116766  55.265  33.912  -17.360 1235
116767  47.098  33.380  -16.712 1236
116768  46.447  33.856  -16.439 1237
116769  46.044  34.231  -16.111 1238
116775  54.424  33.890  -17.887 1239
116776  53.632  34.015  -18.153 1240
116777  52.901  34.007  -18.326 1241
116778  50.005  33.765  -18.261 1242
116779  49.611  33.703  -18.035 1243
116780  48.701  33.472  -17.611 1244
116781  47.375  33.839  -16.980 1245
116782  46.792  34.224  -16.634 1246
116788  53.844  33.436  -18.210 1247
116789  53.193  33.389  -18.505 1248
116790  52.179  33.492  -18.790 1249
116791  51.180  33.525  -18.789 1250
116792  50.263  33.425  -18.638 1251
116793  49.490  33.233  -18.150 1252
116794  49.156  33.216  -17.904 1253
116799  51.480  33.048  -19.083 1254
116800  50.840  33.092  -19.054 1255
116801  50.499  33.115  -19.002 1256
117394  53.130  35.201  6.585 1257
117395  52.309  34.783  7.015 1258
117396  51.744  34.775  7.109 1259
117397  51.211  34.585  7.291 1260
117398  50.722  34.483  7.419 1261
117401  55.007  35.695  5.957 1262
117402  54.344  35.115  6.009 1263
117403  53.657  34.796  6.383 1264
117404  52.681  34.687  6.632 1265
117405  51.894  34.636  7.040 1266
117406  50.018  34.311  7.382 1267
117407  48.987  34.163  7.160 1268
117408  48.100  33.996  6.951 1269
117409  47.230  33.981  6.671 1270
117410  46.742  33.732  6.548 1271
117413  55.380  35.565  5.552 1272
117414  54.609  35.083  5.861 1273
117415  53.918  34.894  6.155 1274
117416  46.967  34.314  6.311 1275
117417  46.487  33.964  6.252 1276
117418  45.608  33.792  5.828 1277
117419  44.676  33.536  5.701 1278
117420  44.144  33.417  5.682 1279
117421  33.840  34.604  6.679 1280
117426  56.297  35.769  4.479 1281
117427  55.799  35.532  4.990 1282
117428  55.106  35.061  5.359 1283
117429  45.540  34.248  5.501 1284
117430  44.959  34.168  5.386 1285
117431  43.957  33.886  5.312 1286
117432  42.904  33.833  4.904 1287
117433  41.869  33.720  4.569 1288
117434  40.705  33.768  4.245 1289
117435  39.566  33.615  4.159 1290
117436  38.567  33.596  3.992 1291
117437  38.024  33.606  3.914 1292
117438  35.857  33.927  4.230 1293
117439  34.997  34.372  4.731 1294
117440  34.208  34.483  5.700 1295
117444  56.511  35.770  3.879 1296
117445  55.945  35.189  4.322 1297
117446  55.373  34.993  4.849 1298
117447  40.543  34.171  3.892 1299
117448  40.023  34.172  3.849 1300
117449  39.046  34.185  3.731 1301
117450  37.905  34.071  3.662 1302
117451  36.689  34.242  3.833 1303
117452  35.752  34.624  4.100 1304
117454  56.489  36.044  3.043 1305
117455  56.231  35.261  3.504 1306
117458  56.371  36.485  2.059 1307
117459  56.079  35.506  2.591 1308
117460  55.781  35.080  2.464 1309
117465  56.593  36.648  1.091 1310
117466  56.105  36.196  1.495 1311
117467  55.623  35.451  1.943 1312
117475  57.154  36.651  0.373 1313
117476  56.671  36.363  0.337 1314
117477  55.885  36.039  0.584 1315
117483  58.283  36.160  -1.176 1316
117484  57.733  36.244  -0.715 1317
117485  56.672  35.862  -0.650 1318
117486  56.057  35.965  -0.145 1319
117488  58.417  35.907  -1.568 1320
117489  57.679  35.483  -1.720 1321
117490  57.093  35.527  -1.275 1322
117492  59.296  35.419  -2.936 1323
117493  58.907  35.419  -2.570 1324
117494  58.291  34.982  -2.804 1325
117496  59.317  35.245  -3.257 1326
117497  58.794  34.800  -3.462 1327
117498  58.452  34.774  -3.223 1328
117500  59.358  34.993  -4.052 1329
117501  59.032  34.674  -4.328 1330
117504  59.282  34.785  -4.977 1331
117505  59.082  34.646  -4.696 1332
117508  59.297  34.816  -6.039 1333
117509  59.018  34.599  -6.671 1334
117510  35.699  34.191  -6.400 1335
117511  34.767  34.248  -5.975 1336
117512  33.722  34.282  -5.785 1337
117513  32.665  34.308  -5.850 1338
117517  59.334  34.963  -6.953 1339
117518  59.014  34.646  -7.408 1340
117519  36.850  34.672  -7.478 1341
117520  36.242  34.945  -6.918 1342
117525  59.342  35.022  -7.627 1343
117526  59.048  34.824  -8.263 1344
117527  37.764  34.881  -8.357 1345
117528  37.313  35.172  -7.955 1346
117532  58.838  34.858  -9.168 1347
117533  39.375  34.597  -9.646 1348
117534  38.724  34.976  -9.177 1349
117535  38.190  35.295  -8.732 1350
117538  58.497  34.834  -10.045 1351
117539  58.211  34.591  -10.707 1352
117540  40.458  34.653  -10.745 1353
117541  39.929  35.008  -10.221 1354
117544  58.376  34.951  -10.720 1355
117545  58.110  34.776  -11.338 1356
117546  41.345  34.662  -11.758 1357
117547  40.906  35.042  -11.240 1358
117551  57.845  34.851  -12.218 1359
117552  42.378  34.580  -12.651 1360
117553  41.856  34.977  -12.190 1361
117556  57.594  34.829  -13.067 1362
117557  57.409  34.866  -13.940 1363
117558  43.519  34.483  -13.718 1364
117559  43.005  34.832  -13.106 1365
117562  57.014  35.013  -14.854 1366
117563  56.518  35.392  -15.379 1367
117564  44.494  34.373  -14.755 1368
117565  44.079  34.652  -14.213 1369
117570  56.745  34.752  -15.606 1370
117571  56.116  35.113  -16.182 1371
117572  55.103  35.356  -16.532 1372
117573  54.266  35.412  -16.632 1373
117574  46.117  34.563  -15.910 1374
117575  45.741  34.433  -15.752 1375
117576  45.017  34.535  -15.135 1376
117581  55.521  34.680  -16.909 1377
117582  54.677  34.813  -17.303 1378
117583  53.566  35.122  -17.142 1379
117584  52.523  34.921  -17.297 1380
117585  51.496  34.767  -17.317 1381
117586  50.441  34.631  -17.255 1382
117587  49.361  34.610  -17.125 1383
117588  48.299  34.646  -16.895 1384
117589  47.358  34.589  -16.593 1385
117590  46.484  34.448  -16.226 1386
117591  46.091  34.438  -16.048 1387
117596  53.954  34.555  -17.756 1388
117597  53.160  34.532  -17.823 1389
117598  52.147  34.368  -18.070 1390
117599  51.092  34.322  -17.954 1391
117600  50.114  34.059  -17.978 1392
117601  48.993  34.164  -17.506 1393
117602  47.934  34.234  -17.123 1394
117603  47.096  34.325  -16.705 1395
117604  46.760  34.424  -16.515 1396
117609  51.490  33.966  -18.454 1397
117610  50.769  33.875  -18.393 1398
117611  50.395  33.805  -18.363 1399
118212  54.162  36.025  6.410 1400
118213  53.518  35.688  6.484 1401
118214  52.760  35.402  6.650 1402
118215  52.092  35.173  6.945 1403
118216  51.399  35.036  7.192 1404
118217  50.980  34.746  7.365 1405
118222  55.787  36.630  5.697 1406
118223  55.232  36.292  5.962 1407
118224  54.585  35.893  6.244 1408
118225  53.893  35.520  6.418 1409
118226  51.044  35.289  7.091 1410
118227  50.528  34.979  7.280 1411
118228  49.336  34.953  7.023 1412
118229  48.359  34.519  6.871 1413
118230  47.803  34.281  6.789 1414
118234  56.088  36.457  5.338 1415
118235  55.605  36.093  5.658 1416
118236  48.939  35.377  6.526 1417
118237  48.373  35.124  6.498 1418
118238  47.517  34.665  6.364 1419
118239  46.576  34.732  5.745 1420
118240  45.988  34.277  5.682 1421
118245  56.318  36.199  4.822 1422
118246  55.874  35.966  5.296 1423
118247  46.127  35.215  5.171 1424
118248  45.520  34.823  5.157 1425
118249  44.384  34.800  4.889 1426
118250  43.377  34.630  4.632 1427
118251  42.460  34.416  4.296 1428
118252  41.473  34.463  3.936 1429
118253  40.838  34.229  3.906 1430
118254  34.547  35.496  5.362 1431
118255  34.139  35.203  6.199 1432
118260  56.742  36.795  3.642 1433
118261  56.625  36.249  4.151 1434
118262  41.129  34.956  3.605 1435
118263  40.605  34.593  3.690 1436
118264  39.681  34.757  3.461 1437
118265  38.568  34.876  3.207 1438
118266  37.304  35.038  3.275 1439
118267  36.151  35.204  3.668 1440
118268  35.313  35.406  4.370 1441
118270  56.696  36.966  2.806 1442
118271  56.645  36.456  3.412 1443
118272  38.493  35.290  2.936 1444
118273  38.055  35.324  2.902 1445
118275  56.757  37.235  2.507 1446
118276  56.647  36.908  2.447 1447
118280  56.924  37.001  1.175 1448
118285  58.294  36.735  -0.510 1449
118286  57.722  36.829  0.026 1450
118293  59.086  36.324  -1.671 1451
118294  58.562  36.362  -1.140 1452
118295  58.125  36.538  -0.616 1453
118300  59.304  36.095  -2.211 1454
118301  59.017  35.917  -1.916 1455
118303  59.445  35.724  -2.857 1456
118304  59.247  35.756  -2.400 1457
118306  59.591  35.610  -3.725 1458
118308  59.608  35.492  -4.673 1459
118310  59.587  35.442  -5.711 1460
118312  59.543  35.362  -6.550 1461
118313  35.447  35.130  -6.358 1462
118314  34.481  35.260  -5.923 1463
118315  33.397  35.304  -5.730 1464
118316  32.359  35.333  -5.903 1465
118319  59.490  35.486  -7.300 1466
118320  37.315  36.002  -7.895 1467
118321  36.968  35.670  -7.590 1468
118322  36.146  35.853  -6.801 1469
118326  59.407  35.382  -8.058 1470
118327  59.216  35.373  -8.718 1471
118328  38.196  36.023  -8.716 1472
118329  37.750  35.820  -8.328 1473
118330  37.335  35.550  -7.960 1474
118334  58.883  35.454  -9.467 1475
118335  39.385  35.404  -9.699 1476
118336  38.578  35.831  -9.033 1477
118337  38.157  35.647  -8.711 1478
118341  58.480  35.469  -10.312 1479
118342  58.208  35.687  -10.826 1480
118343  40.473  35.410  -10.713 1481
118344  40.045  35.741  -10.217 1482
118348  58.290  35.262  -10.986 1483
118349  57.956  35.463  -11.537 1484
118350  51.637  35.525  -12.235 1485
118351  51.176  35.423  -12.212 1486
118352  50.188  35.329  -12.199 1487
118353  49.166  35.277  -12.223 1488
118354  48.287  35.392  -12.278 1489
118355  41.407  35.376  -11.664 1490
118356  40.983  35.731  -11.144 1491
118361  57.518  35.471  -12.534 1492
118362  57.160  35.830  -13.076 1493
118363  54.547  36.393  -13.464 1494
118364  54.124  36.210  -13.387 1495
118365  53.195  35.837  -13.185 1496
118366  52.013  35.554  -12.761 1497
118367  50.968  35.365  -13.007 1498
118368  49.915  35.273  -13.058 1499
118369  48.858  35.273  -13.063 1500
118370  47.722  35.467  -12.942 1501
118371  46.853  35.588  -13.175 1502
118372  42.458  35.198  -12.526 1503
118373  41.957  35.586  -12.036 1504
118378  57.377  35.392  -13.359 1505
118379  56.912  35.857  -13.905 1506
118380  55.982  36.279  -14.184 1507
118381  54.879  36.447  -13.966 1508
118382  53.909  36.063  -14.101 1509
118383  52.885  35.689  -13.987 1510
118384  51.798  35.406  -13.915 1511
118385  50.703  35.288  -13.941 1512
118386  49.610  35.258  -13.952 1513
118387  48.515  35.320  -13.938 1514
118388  47.459  35.425  -13.937 1515
118389  46.367  35.522  -13.822 1516
118390  45.479  35.475  -13.969 1517
118391  44.671  35.361  -13.882 1518
118392  43.809  35.097  -13.614 1519
118393  43.028  35.350  -12.810 1520
118398  56.511  35.780  -14.754 1521
118399  55.768  36.002  -15.130 1522
118400  54.652  36.129  -15.031 1523
118401  53.639  35.892  -15.018 1524
118402  52.580  35.595  -14.952 1525
118403  51.495  35.321  -14.877 1526
118404  50.391  35.215  -14.855 1527
118405  49.286  35.234  -14.847 1528
118406  48.209  35.286  -14.835 1529
118407  47.179  35.300  -14.803 1530
118408  46.240  35.247  -14.798 1531
118409  45.409  35.088  -14.692 1532
118410  44.662  34.828  -14.524 1533
118411  44.163  34.883  -14.156 1534
118418  55.256  35.785  -15.819 1535
118419  54.408  35.759  -15.877 1536
118420  53.365  35.590  -16.044 1537
118421  52.214  35.410  -15.823 1538
118422  51.144  35.253  -15.755 1539
118423  50.051  35.144  -15.718 1540
118424  48.961  35.159  -15.689 1541
118425  47.920  35.151  -15.639 1542
118426  46.979  35.042  -15.583 1543
118427  46.155  34.804  -15.638 1544
118428  45.319  34.745  -15.153 1545
118429  44.995  34.709  -14.962 1546
118436  52.732  35.294  -16.611 1547
118437  51.839  35.162  -16.591 1548
118438  50.792  35.018  -16.550 1549
118439  49.707  34.946  -16.486 1550
118440  48.636  34.962  -16.398 1551
118441  47.651  34.895  -16.250 1552
118442  46.842  34.727  -16.079 1553
118443  46.481  34.659  -16.015 1554
119043  54.263  36.305  6.365 1555
119044  54.078  36.194  6.880 1556
119045  53.087  36.025  6.514 1557
119046  52.404  35.656  6.695 1558
119047  51.875  35.324  6.953 1559
119052  55.907  36.939  5.720 1560
119053  55.525  36.972  5.905 1561
119054  54.679  36.492  6.208 1562
119055  54.353  36.510  6.332 1563
119056  52.052  36.171  6.559 1564
119057  51.562  35.588  6.863 1565
119058  50.611  35.645  6.774 1566
119059  49.999  35.357  7.016 1567
119064  56.233  37.087  5.508 1568
119065  56.176  37.065  5.628 1569
119066  50.161  35.934  6.294 1570
119067  49.540  35.660  6.466 1571
119068  48.481  35.777  5.936 1572
119069  47.617  35.385  5.881 1573
119070  47.107  35.101  5.812 1574
119074  56.863  37.182  4.440 1575
119075  56.573  36.821  4.941 1576
119076  48.065  36.215  5.421 1577
119077  47.510  36.037  5.406 1578
119078  46.631  35.652  5.273 1579
119079  45.592  35.703  4.857 1580
119080  44.705  35.598  4.655 1581
119081  43.680  35.648  4.375 1582
119082  42.785  35.135  4.097 1583
119083  42.176  34.833  3.935 1584
119089  56.851  37.197  3.788 1585
119090  56.724  36.696  4.334 1586
119091  43.407  36.098  4.166 1587
119092  42.984  35.869  3.935 1588
119093  41.871  35.358  3.622 1589
119094  40.531  35.404  3.217 1590
119095  39.316  35.309  3.048 1591
119096  38.747  35.281  2.958 1592
119097  36.542  35.772  3.240 1593
119098  35.704  36.296  3.797 1594
119099  34.934  36.412  4.804 1595
119104  56.847  37.348  2.982 1596
119105  40.373  35.896  2.823 1597
119106  39.758  35.831  2.715 1598
119107  38.611  35.672  2.627 1599
119108  37.356  35.956  2.752 1600
119109  36.430  36.494  3.102 1601
119111  57.028  37.509  2.089 1602
119112  56.811  37.300  2.225 1603
119115  57.612  37.467  1.004 1604
119116  57.010  37.336  1.613 1605
119121  58.750  37.108  -0.575 1606
119122  58.195  37.164  0.019 1607
119123  57.510  37.192  0.754 1608
119129  58.988  36.779  -1.178 1609
119130  58.620  36.814  -0.693 1610
119137  59.221  36.616  -1.860 1611
119139  59.388  36.469  -2.542 1612
119141  59.610  36.347  -3.349 1613
119143  59.705  36.257  -4.277 1614
119145  59.656  36.208  -5.298 1615
119147  59.477  36.291  -6.600 1616
119148  59.101  36.955  -6.870 1617
119149  35.349  36.265  -6.279 1618
119150  34.180  36.309  -5.770 1619
119151  33.047  36.335  -5.650 1620
119152  32.028  36.347  -5.968 1621
119155  59.383  35.994  -7.818 1622
119156  58.893  36.834  -7.634 1623
119157  58.350  37.202  -7.901 1624
119158  37.257  36.520  -7.756 1625
119159  36.604  36.515  -7.188 1626
119160  36.131  36.596  -6.735 1627
119164  59.358  35.721  -8.365 1628
119165  59.068  36.122  -8.677 1629
119166  58.237  36.941  -8.660 1630
119167  57.227  37.007  -9.083 1631
119168  56.311  36.791  -9.253 1632
119169  55.590  36.584  -9.430 1633
119170  54.706  36.437  -9.162 1634
119171  53.637  36.309  -8.946 1635
119172  52.580  36.254  -8.788 1636
119173  51.665  36.226  -8.685 1637
119174  38.324  36.407  -8.724 1638
119175  37.911  36.833  -8.232 1639
119179  58.579  36.147  -9.595 1640
119180  57.928  36.550  -9.790 1641
119181  57.115  36.620  -10.040 1642
119182  56.256  36.548  -10.161 1643
119183  55.360  36.421  -10.136 1644
119184  54.375  36.242  -9.987 1645
119185  53.326  36.087  -9.818 1646
119186  52.255  36.022  -9.645 1647
119187  51.039  35.986  -9.314 1648
119188  49.920  35.855  -9.456 1649
119189  48.880  35.809  -9.516 1650
119190  47.859  35.825  -9.618 1651
119191  46.877  35.885  -9.740 1652
119192  46.045  36.022  -9.862 1653
119193  40.281  36.455  -10.098 1654
119194  39.758  36.248  -9.808 1655
119195  38.965  36.611  -9.118 1656
119199  58.270  36.042  -10.313 1657
119200  57.763  36.144  -10.791 1658
119201  56.925  36.292  -10.958 1659
119202  56.062  36.310  -11.025 1660
119203  55.110  36.267  -10.991 1661
119204  54.086  36.130  -10.874 1662
119205  53.025  35.975  -10.720 1663
119206  51.931  35.809  -10.581 1664
119207  50.790  35.719  -10.488 1665
119208  49.680  35.616  -10.444 1666
119209  48.624  35.562  -10.487 1667
119210  47.596  35.640  -10.616 1668
119211  46.589  35.837  -10.707 1669
119212  45.519  36.107  -10.621 1670
119213  44.731  36.345  -10.915 1671
119214  41.168  36.363  -10.895 1672
119215  40.659  36.210  -10.558 1673
119216  40.145  36.085  -10.209 1674
119219  57.390  35.953  -11.739 1675
119220  56.693  36.208  -11.870 1676
119221  55.836  36.329  -11.940 1677
119222  54.856  36.264  -11.920 1678
119223  53.814  36.102  -11.789 1679
119224  52.756  35.883  -11.624 1680
119225  51.715  35.632  -11.762 1681
119226  50.491  35.498  -11.400 1682
119227  49.416  35.404  -11.355 1683
119228  48.390  35.416  -11.441 1684
119229  47.361  35.597  -11.728 1685
119230  46.241  35.848  -11.651 1686
119231  45.284  36.127  -11.679 1687
119232  44.271  36.366  -11.583 1688
119233  43.419  36.407  -11.764 1689
119234  42.601  36.312  -11.708 1690
119235  41.600  36.111  -11.369 1691
119236  41.048  36.063  -11.072 1692
119240  57.123  35.981  -12.466 1693
119241  56.556  36.242  -12.846 1694
119242  55.587  36.389  -12.820 1695
119243  54.642  36.316  -13.012 1696
119244  53.520  36.019  -12.559 1697
119245  52.552  35.755  -12.355 1698
119246  52.094  35.645  -12.284 1699
119247  46.814  35.657  -12.441 1700
119248  45.989  35.805  -12.664 1701
119249  44.979  36.020  -12.499 1702
119250  44.121  36.089  -12.444 1703
119251  43.330  36.005  -12.356 1704
119252  42.575  35.771  -12.264 1705
119253  42.020  35.871  -11.933 1706
119259  56.136  36.383  -13.501 1707
119260  55.382  36.469  -13.524 1708
119261  54.972  36.480  -13.516 1709
119262  45.501  35.734  -13.253 1710
119263  44.779  35.750  -13.205 1711
119264  43.997  35.667  -13.059 1712
119265  43.296  35.580  -12.776 1713
119266  42.970  35.585  -12.619 1714
119931  53.820  36.323  6.331 1715
119932  53.375  36.126  6.372 1716
119933  52.894  36.043  6.363 1717
119938  55.488  37.651  5.989 1718
119939  54.945  37.172  6.090 1719
119940  54.227  36.675  6.205 1720
119941  53.524  36.501  6.189 1721
119942  52.647  36.322  6.318 1722
119943  51.700  36.121  6.507 1723
119944  51.179  35.915  6.584 1724
119949  56.366  37.867  5.529 1725
119950  55.961  37.500  5.810 1726
119951  52.339  36.726  6.008 1727
119952  51.805  36.564  6.126 1728
119953  50.763  36.360  5.984 1729
119954  49.667  36.167  5.856 1730
119955  49.097  35.997  5.899 1731
119959  56.914  37.447  4.477 1732
119960  56.756  37.560  4.882 1733
119961  50.389  36.808  5.342 1734
119962  49.701  36.805  5.180 1735
119963  48.675  36.460  5.337 1736
119964  47.594  36.638  5.098 1737
119965  46.664  36.553  4.943 1738
119966  45.711  36.425  4.688 1739
119967  44.755  36.308  4.542 1740
119968  44.178  36.104  4.447 1741
119972  56.946  37.742  4.117 1742
119973  56.919  37.686  4.425 1743
119974  49.421  37.086  4.732 1744
119975  48.927  37.067  4.705 1745
119976  47.897  37.141  4.650 1746
119977  46.839  37.171  4.549 1747
119978  45.822  37.120  4.445 1748
119979  44.803  36.980  4.318 1749
119980  43.618  36.570  4.009 1750
119981  42.412  36.207  3.430 1751
119982  41.317  35.959  3.028 1752
119983  40.690  35.910  2.870 1753
119984  35.128  37.482  4.479 1754
119990  57.028  37.750  3.139 1755
119991  43.377  36.931  3.467 1756
119992  42.839  36.742  3.170 1757
119993  41.777  36.536  2.745 1758
119994  40.505  36.369  2.375 1759
119995  39.186  36.337  2.144 1760
119996  37.984  36.540  2.166 1761
119997  36.800  37.138  2.504 1762
119998  35.866  37.348  3.401 1763
120001  57.303  37.888  2.199 1764
120002  40.307  36.818  1.844 1765
120003  39.680  36.871  1.726 1766
120004  38.548  37.114  1.682 1767
120005  37.607  37.406  1.926 1768
120007  58.343  37.828  0.484 1769
120008  57.822  37.828  1.190 1770
120011  58.609  37.560  -0.133 1771
120012  58.159  37.558  0.504 1772
120017  58.957  37.330  -0.873 1773
120025  59.123  37.082  -1.461 1774
120031  59.220  37.097  -2.043 1775
120033  59.353  37.134  -2.900 1776
120034  59.244  37.534  -3.419 1777
120036  59.575  37.013  -3.829 1778
120037  59.158  37.601  -4.167 1779
120038  58.690  37.817  -4.602 1780
120040  59.575  36.948  -4.761 1781
120041  59.111  37.424  -5.153 1782
120042  58.355  37.700  -5.321 1783
120043  57.606  37.753  -5.644 1784
120044  56.906  37.741  -5.717 1785
120046  59.435  36.852  -5.632 1786
120047  59.014  37.231  -6.169 1787
120048  58.248  37.485  -6.321 1788
120049  57.469  37.558  -6.445 1789
120050  56.438  37.508  -6.279 1790
120051  55.447  37.375  -6.421 1791
120052  54.462  37.308  -6.377 1792
120053  53.461  37.284  -6.232 1793
120054  52.581  37.315  -6.130 1794
120055  36.528  37.692  -6.931 1795
120056  36.074  37.363  -6.632 1796
120057  34.933  37.331  -6.008 1797
120058  33.787  37.355  -5.653 1798
120059  32.669  37.370  -5.713 1799
120060  31.699  37.356  -6.138 1800
120062  58.724  37.226  -6.888 1801
120063  58.171  37.385  -7.239 1802
120064  57.297  37.341  -7.238 1803
120065  56.368  37.243  -7.302 1804
120066  55.361  37.052  -7.340 1805
120067  54.282  36.927  -7.241 1806
120068  53.194  36.853  -7.018 1807
120069  52.007  36.973  -6.708 1808
120070  50.950  36.957  -6.857 1809
120071  50.054  36.991  -6.862 1810
120072  37.537  37.332  -7.724 1811
120073  36.828  37.449  -7.241 1812
120074  36.408  36.984  -6.939 1813
120078  57.899  37.342  -7.888 1814
120079  57.247  37.253  -8.122 1815
120080  56.308  37.040  -8.276 1816
120081  55.228  36.765  -8.409 1817
120082  53.977  36.642  -8.116 1818
120083  52.858  36.547  -7.883 1819
120084  51.786  36.522  -7.790 1820
120085  50.701  36.446  -7.910 1821
120086  49.420  36.676  -7.508 1822
120087  48.399  36.691  -7.745 1823
120088  47.449  36.696  -7.858 1824
120089  46.475  36.685  -7.968 1825
120090  45.471  36.663  -8.107 1826
120091  44.458  36.736  -8.266 1827
120092  43.489  36.897  -8.416 1828
120093  42.597  37.095  -8.594 1829
120094  41.743  37.300  -8.779 1830
120095  40.837  37.402  -8.911 1831
120096  39.852  37.415  -8.850 1832
120097  38.795  37.208  -8.616 1833
120098  38.082  37.561  -7.909 1834
120101  50.035  36.166  -8.523 1835
120102  49.122  36.188  -8.549 1836
120103  48.131  36.178  -8.652 1837
120104  47.142  36.151  -8.758 1838
120105  46.167  36.165  -8.922 1839
120106  45.174  36.268  -9.311 1840
120107  44.119  36.497  -9.340 1841
120108  43.203  36.691  -9.468 1842
120109  42.337  36.893  -9.583 1843
120110  41.472  36.973  -9.722 1844
120111  40.477  36.804  -9.844 1845
120112  39.465  36.903  -9.247 1846
120113  39.047  36.937  -9.035 1847
120116  44.670  36.314  -10.141 1848
120117  43.901  36.482  -10.442 1849
120118  42.961  36.694  -10.390 1850
120119  42.136  36.755  -10.455 1851
120120  41.321  36.564  -10.622 1852
120121  40.798  36.574  -10.385 1853
120124  43.460  36.559  -11.092 1854
120125  42.759  36.621  -11.126 1855
120126  41.991  36.560  -11.111 1856
120127  41.616  36.473  -11.080 1857
120783  55.418  38.073  6.002 1858
120784  54.882  37.905  6.038 1859
120785  54.483  37.387  5.947 1860
120786  53.736  37.019  5.962 1861
120787  52.984  36.889  5.879 1862
120794  56.312  38.313  5.533 1863
120795  55.863  38.344  5.794 1864
120796  55.208  38.239  5.794 1865
120797  54.697  37.948  5.721 1866
120798  53.929  37.742  5.470 1867
120799  52.851  37.160  5.746 1868
120800  51.884  36.990  5.694 1869
120801  51.352  36.750  5.778 1870
120807  56.533  38.430  5.032 1871
120808  56.250  38.572  5.454 1872
120809  53.673  38.108  5.023 1873
120810  52.957  38.068  4.912 1874
120811  51.915  37.630  5.060 1875
120812  50.896  37.090  5.157 1876
120813  50.165  37.003  4.996 1877
120817  57.026  38.083  3.777 1878
120818  56.877  38.206  4.207 1879
120819  52.534  38.427  4.331 1880
120820  51.976  38.216  4.382 1881
120821  50.947  37.960  4.036 1882
120822  49.648  37.383  4.317 1883
120823  48.272  37.462  3.956 1884
120824  47.131  37.500  3.885 1885
120825  46.064  37.547  3.881 1886
120826  45.039  37.522  3.860 1887
120827  44.124  37.210  3.690 1888
120828  43.623  37.038  3.581 1889
120829  35.434  39.295  4.179 1890
120834  57.106  38.110  3.325 1891
120835  57.079  38.441  3.476 1892
120836  50.629  38.220  3.251 1893
120837  49.916  38.039  2.956 1894
120838  48.656  37.809  3.059 1895
120839  47.463  37.703  3.055 1896
120840  46.372  37.707  3.089 1897
120841  45.349  37.684  3.104 1898
120842  44.400  37.437  3.025 1899
120843  43.419  37.116  2.923 1900
120844  42.281  36.997  2.375 1901
120845  41.212  36.880  2.046 1902
120846  40.616  36.823  1.911 1903
120847  35.982  38.452  2.916 1904
120848  35.445  38.262  3.934 1905
120853  57.478  38.468  2.544 1906
120854  57.245  38.449  3.063 1907
120855  49.685  38.203  2.176 1908
120856  48.974  38.038  1.869 1909
120857  47.788  37.896  2.093 1910
120858  46.705  37.856  2.178 1911
120859  45.689  37.791  2.237 1912
120860  44.736  37.613  2.188 1913
120861  43.789  37.363  2.028 1914
120862  42.737  37.332  1.779 1915
120863  41.608  37.369  1.507 1916
120864  40.393  37.276  1.410 1917
120865  39.108  37.560  1.147 1918
120866  37.816  38.218  1.339 1919
120867  36.934  38.073  2.051 1920
120869  58.297  38.119  0.777 1921
120870  58.048  38.402  1.445 1922
120871  48.635  38.299  1.139 1923
120872  48.030  38.020  1.224 1924
120873  47.042  38.030  1.101 1925
120874  46.046  37.955  1.331 1926
120875  45.096  37.838  1.307 1927
120876  44.146  37.710  1.179 1928
120877  43.144  37.696  1.017 1929
120878  42.087  37.845  0.885 1930
120879  40.859  38.086  0.679 1931
120880  39.673  38.098  0.735 1932
120881  38.706  38.373  0.808 1933
120883  58.606  38.119  0.150 1934
120884  58.446  38.472  0.663 1935
120885  46.843  38.311  0.633 1936
120886  46.399  38.315  0.610 1937
120887  45.486  38.268  0.518 1938
120888  44.517  38.246  0.422 1939
120889  43.529  38.300  0.355 1940
120890  42.528  38.411  0.320 1941
120891  41.608  38.511  0.300 1942
120895  58.826  37.874  -0.553 1943
120896  58.789  38.237  -0.786 1944
120902  59.006  37.660  -1.324 1945
120903  58.708  38.364  -1.388 1946
120911  59.025  37.717  -2.142 1947
120912  58.600  38.375  -2.269 1948
120913  58.223  38.619  -2.618 1949
120918  59.016  37.741  -2.825 1950
120919  58.740  38.054  -3.233 1951
120920  58.002  38.503  -3.241 1952
120921  57.390  38.582  -3.480 1953
120923  58.566  38.024  -3.925 1954
120924  57.977  38.099  -4.228 1955
120925  56.997  38.328  -4.047 1956
120926  56.207  38.314  -4.267 1957
120927  55.346  38.416  -4.215 1958
120929  57.594  37.940  -4.864 1959
120930  56.907  37.980  -4.964 1960
120931  56.009  37.889  -5.096 1961
120932  54.756  38.143  -4.685 1962
120933  53.855  38.228  -4.799 1963
120934  53.080  38.415  -4.849 1964
120936  55.447  37.676  -5.612 1965
120937  54.593  37.686  -5.550 1966
120938  53.662  37.740  -5.482 1967
120939  52.618  37.956  -5.337 1968
120940  51.680  37.870  -5.609 1969
120941  50.748  38.281  -5.627 1970
120942  37.143  38.599  -7.202 1971
120943  36.686  38.249  -6.952 1972
120944  35.610  38.316  -6.280 1973
120945  34.502  38.357  -5.828 1974
120946  33.364  38.391  -5.699 1975
120947  32.295  38.387  -5.887 1976
120950  51.083  37.514  -6.111 1977
120951  50.156  37.803  -6.105 1978
120952  49.202  37.741  -6.482 1979
120953  48.215  38.210  -6.590 1980
120954  47.270  38.347  -6.697 1981
120955  46.320  38.382  -6.761 1982
120956  45.354  38.391  -6.841 1983
120957  44.389  38.406  -6.932 1984
120958  43.454  38.437  -7.038 1985
120959  42.547  38.463  -7.134 1986
120960  41.639  38.480  -7.234 1987
120961  40.717  38.513  -7.376 1988
120962  39.773  38.550  -7.521 1989
120963  38.804  38.538  -7.615 1990
120964  37.647  38.270  -7.463 1991
120965  37.013  38.012  -7.276 1992
120969  48.569  37.258  -6.979 1993
120970  47.773  37.389  -7.100 1994
120971  46.847  37.433  -7.193 1995
120972  45.873  37.432  -7.277 1996
120973  44.873  37.424  -7.356 1997
120974  43.891  37.481  -7.486 1998
120975  42.968  37.593  -7.658 1999
120976  42.079  37.690  -7.819 2000
120977  41.198  37.799  -7.985 2001
120978  40.282  37.885  -8.089 2002
120979  39.329  37.913  -8.089 2003
120980  38.458  37.893  -7.883 2004
120981  38.064  37.906  -7.733 2005
121588  55.652  38.827  5.415 2006
121589  55.297  38.653  5.435 2007
121590  54.781  38.405  5.416 2008
121591  54.433  38.116  5.406 2009
121598  56.391  38.944  4.725 2010
121599  56.018  38.948  5.079 2011
121600  55.392  39.010  4.918 2012
121601  54.825  38.824  4.793 2013
121602  54.114  38.398  4.848 2014
121603  53.499  38.329  4.756 2015
121608  56.559  38.847  4.285 2016
121609  56.127  39.244  4.181 2017
121610  55.579  39.263  4.316 2018
121611  55.019  39.209  4.153 2019
121612  54.219  39.239  3.748 2020
121613  53.128  38.722  4.064 2021
121614  52.072  38.598  3.842 2022
121615  51.523  38.356  3.869 2023
121619  56.849  39.091  3.553 2024
121620  56.470  39.222  3.877 2025
121621  53.953  39.759  3.016 2026
121622  53.280  39.621  2.849 2027
121623  52.203  39.101  3.067 2028
121624  51.187  38.510  3.154 2029
121625  50.514  38.290  2.860 2030
121626  35.806  39.902  3.317 2031
121631  57.701  39.317  2.546 2032
121632  57.331  38.921  3.014 2033
121633  52.970  40.054  2.240 2034
121634  52.313  39.831  2.101 2035
121635  51.359  39.140  2.205 2036
121636  50.299  38.517  2.141 2037
121637  49.587  38.340  1.750 2038
121638  37.418  39.054  1.272 2039
121639  36.707  39.257  1.902 2040
121643  58.090  39.169  1.861 2041
121644  51.954  40.179  1.563 2042
121645  51.487  39.804  1.507 2043
121646  50.633  39.297  1.337 2044
121647  49.354  38.878  0.904 2045
121648  48.171  38.503  0.676 2046
121649  47.576  38.249  0.769 2047
121650  39.951  38.705  0.373 2048
121651  39.080  38.864  0.468 2049
121652  38.003  39.310  0.740 2050
121653  37.278  39.485  1.264 2051
121655  58.601  38.617  0.185 2052
121656  58.408  39.107  0.799 2053
121657  48.921  39.573  0.096 2054
121658  48.278  39.221  0.092 2055
121659  47.133  38.746  0.287 2056
121660  45.977  38.913  -0.020 2057
121661  44.952  38.943  -0.162 2058
121662  43.942  39.027  -0.172 2059
121663  42.930  39.129  -0.162 2060
121664  41.877  39.212  -0.137 2061
121665  40.684  39.123  -0.026 2062
121666  39.489  39.394  0.123 2063
121667  38.776  39.431  0.332 2064
121669  58.727  38.368  -0.280 2065
121670  58.501  38.997  -0.374 2066
121674  58.051  39.265  -1.388 2067
121675  57.537  39.829  -1.453 2068
121681  58.117  38.884  -2.127 2069
121682  57.452  39.358  -2.190 2070
121683  56.680  39.769  -2.176 2071
121690  57.363  38.896  -2.956 2072
121691  56.454  39.194  -2.903 2073
121692  55.122  39.728  -3.007 2074
121693  54.456  40.110  -3.105 2075
121695  56.330  38.669  -3.715 2076
121696  55.608  38.893  -3.608 2077
121697  54.235  39.338  -3.697 2078
121698  53.401  39.764  -3.936 2079
121700  53.999  38.702  -4.355 2080
121701  53.264  39.242  -4.315 2081
121702  52.192  39.252  -4.747 2082
121703  51.545  39.876  -4.895 2083
121705  51.883  38.553  -5.154 2084
121706  51.137  39.225  -5.174 2085
121707  49.915  39.214  -5.699 2086
121708  49.289  39.859  -5.879 2087
121709  37.989  39.723  -7.182 2088
121710  37.213  39.219  -7.034 2089
121711  36.207  39.254  -6.520 2090
121712  35.160  39.312  -6.095 2091
121713  34.058  39.371  -5.870 2092
121714  32.944  39.406  -5.913 2093
121715  31.983  39.325  -6.215 2094
121718  49.507  38.497  -6.078 2095
121719  48.847  39.228  -6.168 2096
121720  47.749  39.351  -6.484 2097
121721  46.798  39.408  -6.641 2098
121725  43.104  39.439  -6.937 2099
121726  42.187  39.434  -6.958 2100
121727  41.234  39.410  -6.997 2101
121728  40.248  39.360  -7.079 2102
121729  39.274  39.278  -7.192 2103
121730  38.371  39.163  -7.316 2104
121731  37.791  39.108  -7.269 2105
122311  56.026  39.518  3.815 2106
122312  55.773  39.529  3.767 2107
122313  55.282  39.534  3.619 2108
122314  54.796  39.594  3.463 2109
122318  56.822  39.609  3.328 2110
122319  56.326  39.733  3.447 2111
122320  55.605  40.022  3.247 2112
122321  55.055  40.117  3.032 2113
122322  54.403  40.133  2.870 2114
122323  53.819  40.133  2.665 2115
122327  57.650  39.697  2.561 2116
122328  57.217  39.884  2.809 2117
122329  56.514  40.542  2.776 2118
122330  53.995  40.638  2.444 2119
122331  53.411  40.519  2.177 2120
122332  52.819  40.345  1.938 2121
122333  36.156  40.686  2.551 2122
122338  57.844  39.817  2.207 2123
122339  57.617  40.591  1.866 2124
122340  52.958  40.807  1.752 2125
122341  52.392  40.591  1.535 2126
122342  51.674  40.495  1.077 2127
122343  50.987  40.011  0.824 2128
122344  50.213  39.721  0.630 2129
122345  37.775  40.117  0.568 2130
122346  37.041  40.334  1.210 2131
122350  58.115  39.971  1.356 2132
122351  57.747  40.819  0.940 2133
122352  51.159  40.642  0.577 2134
122353  50.493  40.482  0.314 2135
122354  49.522  40.124  0.032 2136
122355  48.466  40.208  -0.313 2137
122356  47.522  39.842  -0.340 2138
122357  46.503  39.737  -0.388 2139
122358  45.452  39.769  -0.492 2140
122359  44.419  39.820  -0.543 2141
122360  43.398  39.914  -0.506 2142
122361  42.359  40.032  -0.437 2143
122362  41.174  40.186  -0.418 2144
122363  39.932  40.126  -0.294 2145
122364  38.593  40.189  0.093 2146
122367  58.141  39.972  0.376 2147
122368  57.639  40.799  0.066 2148
122369  47.778  40.612  -0.571 2149
122370  47.003  40.600  -0.668 2150
122371  45.995  40.589  -0.774 2151
122372  44.951  40.583  -0.906 2152
122373  43.913  40.663  -0.848 2153
122374  42.898  40.769  -0.751 2154
122375  41.904  40.901  -0.639 2155
122376  41.074  41.052  -0.656 2156
122380  57.975  39.921  -0.440 2157
122381  57.402  40.538  -0.831 2158
122382  56.892  40.957  -1.165 2159
122387  57.166  40.212  -1.429 2160
122388  56.569  40.572  -1.681 2161
122389  55.893  40.897  -1.923 2162
122398  56.208  40.142  -2.156 2163
122399  55.475  40.495  -2.363 2164
122400  54.667  40.704  -2.742 2165
122406  53.950  40.843  -3.154 2166
122407  53.225  40.600  -3.776 2167
122408  52.788  41.097  -4.078 2168
122411  53.055  39.988  -4.041 2169
122412  52.568  40.469  -4.287 2170
122413  51.782  40.514  -4.724 2171
122415  51.098  40.487  -4.998 2172
122416  50.359  40.374  -5.393 2173
122417  49.590  40.463  -5.758 2174
122418  38.303  40.464  -7.066 2175
122419  37.611  40.266  -6.944 2176
122420  36.759  40.182  -6.654 2177
122421  35.776  40.206  -6.373 2178
122422  34.736  40.283  -6.169 2179
122423  33.652  40.336  -6.123 2180
122424  32.491  40.433  -6.387 2181
122427  48.931  40.480  -6.080 2182
122428  48.166  40.406  -6.387 2183
122435  41.823  40.380  -7.060 2184
122436  40.792  40.326  -7.027 2185
122437  39.719  40.201  -7.040 2186
122438  38.761  39.982  -7.083 2187
123082  55.981  40.507  2.930 2188
123083  55.470  40.776  2.744 2189
123084  54.875  40.884  2.567 2190
123085  54.385  40.935  2.396 2191
123088  56.959  41.089  2.257 2192
123089  56.128  41.415  2.489 2193
123090  55.317  41.703  2.421 2194
123091  54.626  41.631  2.264 2195
123092  53.948  41.361  2.077 2196
123093  53.329  41.297  1.728 2197
123097  57.309  41.605  1.458 2198
123098  52.821  41.272  1.420 2199
123099  52.178  41.269  0.977 2200
123100  51.554  41.033  0.652 2201
123101  37.650  40.722  0.453 2202
123107  57.405  41.797  0.581 2203
123108  51.700  41.525  0.523 2204
123109  51.036  41.265  0.214 2205
123110  50.036  41.173  -0.189 2206
123111  49.009  41.091  -0.524 2207
123112  48.267  40.956  -0.625 2208
123113  40.393  40.837  -0.546 2209
123114  39.371  41.166  -0.478 2210
123115  38.051  41.450  -0.079 2211
123119  57.243  41.742  -0.219 2212
123120  48.446  41.453  -0.760 2213
123121  47.680  41.332  -0.850 2214
123122  46.592  41.366  -1.013 2215
123123  45.527  41.353  -1.163 2216
123124  44.462  41.375  -1.204 2217
123125  43.430  41.464  -1.080 2218
123126  42.440  41.578  -0.910 2219
123127  41.468  41.653  -0.851 2220
123128  40.413  41.637  -0.792 2221
123129  39.559  41.972  -0.745 2222
123132  56.918  41.757  -0.819 2223
123133  56.473  41.777  -1.288 2224
123137  55.941  41.772  -1.744 2225
123138  55.435  41.643  -2.147 2226
123144  54.929  41.579  -2.496 2227
123145  54.381  41.686  -2.872 2228
123152  53.966  41.923  -3.192 2229
123153  53.489  41.783  -3.567 2230
123154  52.938  41.698  -3.962 2231
123160  52.549  41.621  -4.302 2232
123161  52.019  41.512  -4.615 2233
123163  51.343  41.459  -4.956 2234
123164  50.646  41.420  -5.321 2235
123165  49.944  41.364  -5.691 2236
123166  38.448  40.812  -7.062 2237
123167  38.113  40.888  -7.032 2238
123168  37.317  41.075  -6.862 2239
123169  36.372  41.023  -6.619 2240
123170  35.423  41.103  -6.489 2241
123171  34.363  41.237  -6.458 2242
123172  33.410  41.095  -6.432 2243
123174  49.294  41.376  -6.078 2244
123184  40.283  41.145  -7.210 2245
123185  38.962  41.064  -7.092 2246
123186  38.115  41.599  -7.135 2247
123187  37.437  41.834  -7.062 2248
123874  56.707  42.189  1.904 2249
123875  55.887  42.770  2.063 2250
123876  54.951  42.495  2.181 2251
123877  54.259  42.238  1.985 2252
123878  53.567  42.129  1.602 2253
123879  53.161  41.673  1.456 2254
123882  57.020  42.877  1.094 2255
123883  56.510  42.990  1.632 2256
123884  53.235  42.548  1.183 2257
123885  52.864  41.972  1.107 2258
123886  52.182  42.028  0.619 2259
123892  57.218  42.769  0.162 2260
123893  51.551  42.028  0.185 2261
123894  50.642  42.070  -0.199 2262
123895  49.459  42.042  -0.613 2263
123896  48.842  41.688  -0.745 2264
123897  38.771  42.044  -0.537 2265
123904  57.092  42.739  -0.578 2266
123905  49.106  42.463  -0.870 2267
123906  48.470  42.118  -0.995 2268
123907  47.237  42.112  -1.207 2269
123908  46.120  42.100  -1.352 2270
123909  45.036  42.088  -1.455 2271
123910  43.971  42.135  -1.395 2272
123911  42.956  42.235  -1.210 2273
123912  41.963  42.313  -1.093 2274
123913  40.974  42.339  -1.091 2275
123914  40.027  42.429  -1.028 2276
123915  39.206  42.567  -0.807 2277
123919  56.757  42.743  -1.201 2278
123920  56.256  42.793  -1.813 2279
123959  36.840  41.644  -6.886 2280
124705  55.721  43.588  1.832 2281
124706  55.174  43.344  1.976 2282
124707  54.441  42.988  1.882 2283
124708  53.992  42.656  1.757 2284
124712  56.770  43.649  0.842 2285
124713  56.251  43.922  1.309 2286
124714  55.393  44.108  1.701 2287
124715  54.589  43.779  1.603 2288
124716  53.744  43.139  1.339 2289
124717  52.713  42.932  0.638 2290
124718  52.032  42.460  0.303 2291
124722  57.013  43.552  0.401 2292
124723  56.727  44.140  0.510 2293
124724  52.340  43.496  0.054 2294
124725  51.596  42.908  -0.147 2295
124726  50.215  42.957  -0.684 2296
124727  49.446  42.637  -0.784 2297
124734  57.121  43.710  -0.341 2298
124735  57.060  43.959  0.002 2299
124736  49.828  43.457  -1.054 2300
124737  49.071  43.011  -1.075 2301
124738  47.842  42.869  -1.377 2302
124739  46.699  42.814  -1.542 2303
124740  45.599  42.780  -1.660 2304
124741  44.512  42.780  -1.693 2305
124742  43.459  42.861  -1.538 2306
124743  42.441  42.943  -1.385 2307
124744  41.444  42.980  -1.340 2308
124745  40.471  43.015  -1.301 2309
124753  57.038  43.570  -1.021 2310
124754  56.676  43.664  -1.741 2311
125533  55.914  44.763  1.066 2312
125534  55.574  44.838  1.144 2313
125535  54.825  44.564  1.357 2314
125536  53.962  44.320  1.039 2315
125537  53.369  43.644  0.843 2316
125542  56.250  44.909  0.554 2317
125543  55.925  45.055  0.869 2318
125544  53.594  44.816  0.570 2319
125545  52.990  44.165  0.312 2320
125546  51.901  44.062  -0.437 2321
125547  51.093  43.476  -0.593 2322
125552  57.016  44.222  -0.669 2323
125553  56.763  44.581  -0.267 2324
125554  51.512  44.593  -0.980 2325
125555  50.637  44.003  -1.079 2326
125556  49.411  43.862  -1.369 2327
125557  48.334  43.636  -1.578 2328
125558  47.235  43.493  -1.789 2329
125559  46.138  43.437  -1.898 2330
125560  45.040  43.393  -2.016 2331
125561  43.939  43.449  -1.926 2332
125562  42.887  43.541  -1.730 2333
125563  41.869  43.592  -1.617 2334
125564  40.880  43.623  -1.552 2335
125573  57.084  44.013  -0.831 2336
125574  56.827  44.455  -1.243 2337
126362  55.343  45.291  0.862 2338
126363  54.936  45.144  1.050 2339
126364  54.487  44.875  1.090 2340
126368  56.070  45.452  0.316 2341
126369  55.723  45.513  0.543 2342
126370  55.068  45.610  0.704 2343
126371  54.229  45.327  0.711 2344
126372  53.195  45.370  0.105 2345
126373  52.592  44.714  -0.175 2346
126377  56.238  45.561  -0.117 2347
126378  55.994  45.704  0.210 2348
126379  52.810  45.868  -0.358 2349
126380  52.251  45.225  -0.711 2350
126381  51.127  45.176  -1.521 2351
126382  49.917  44.596  -1.753 2352
126383  48.785  44.372  -1.876 2353
126384  47.720  44.174  -2.061 2354
126385  46.654  44.058  -2.202 2355
126386  45.567  44.018  -2.288 2356
126387  44.425  44.061  -2.308 2357
126388  43.287  44.115  -2.186 2358
126389  42.241  44.139  -2.008 2359
126397  56.535  45.417  -0.957 2360
126403  46.090  44.636  -2.564 2361
126404  44.998  44.621  -2.677 2362
127151  55.641  45.892  0.291 2363
127152  55.367  45.996  0.355 2364
127153  54.698  46.094  0.420 2365
127154  53.940  46.073  0.308 2366
127158  56.107  45.969  -0.237 2367
127159  55.815  46.115  -0.017 2368
127160  55.166  46.573  0.107 2369
127161  54.360  46.755  0.093 2370
127162  53.347  46.554  -0.239 2371
127163  52.597  46.197  -0.798 2372
127164  52.005  45.878  -1.324 2373
127169  56.181  46.108  -0.635 2374
127170  55.874  46.593  -0.610 2375
127188  56.288  46.174  -1.520 2376
127947  55.510  46.751  -0.377 2377
127948  54.965  47.140  -0.425 2378
127954  56.087  46.648  -1.091 2379
