#!ascii label  , from subject FreeSurferMNI152_0.1 vox2ras=TkReg
410
11338  22.751  -15.198  51.582 1.0000000000
2109  21.476  73.355  -33.486 7.0000000000
2108  10.141  -69.054  -20.034 20.0000000000
4839  35.842  -46.389  -31.494 44.0000000000
7060  11.948  -22.915  56.238 46.0000000000
2110  24.987  71.454  -33.767 56.0000000000
6884  26.861  68.959  0.825 64.0000000000
6195  14.952  -31.750  25.877 76.0000000000
4837  16.674  -23.436  54.265 92.0000000000
6194  18.590  -65.747  21.599 108.0000000000
3341  35.964  44.822  3.740 125.0000000000
7061  41.777  70.835  -10.916 134.0000000000
10139  24.864  73.929  -15.394 138.0000000000
10151  31.520  -66.389  -13.830 141.0000000000
10152  44.562  15.816  13.490 150.0000000000
4838  12.201  75.429  11.057 178.0000000000
9565  43.869  30.682  -9.280 194.0000000000
10548  9.281  -11.016  36.188 202.0000000000
931  27.825  -28.003  21.228 212.0000000000
9137  31.549  -61.102  6.728 226.0000000000
9138  51.798  15.337  -46.828 231.0000000000
1854  5.129  21.177  -22.914 245.0000000000
1361  55.219  -37.066  -28.723 264.0000000000
10140  22.681  73.001  -13.794 268.0000000000
3342  32.016  -12.457  -22.638 271.0000000000
1853  48.049  15.688  19.440 279.0000000000
3626  29.209  -35.908  -14.282 296.0000000000
5992  5.997  39.966  23.505 299.0000000000
3598  33.364  47.518  -23.669 308.0000000000
10379  39.869  -0.006  -52.223 319.0000000000
3599  42.602  50.330  -18.915 351.0000000000
6778  58.728  14.192  -46.974 363.0000000000
13855  40.764  -17.555  -1.775 366.0000000000
5863  7.938  16.290  36.309 375.0000000000
1852  51.468  17.092  20.372 379.0000000000
13259  49.958  -47.675  -31.199 381.0000000000
2710  16.290  65.982  -10.274 393.0000000000
2820  34.449  29.832  13.314 395.0000000000
5991  16.561  59.243  16.668 396.0000000000
9111  18.111  -8.527  48.818 418.0000000000
932  29.051  -25.159  19.714 420.0000000000
14420  42.654  39.544  -31.623 423.0000000000
5577  16.798  -73.684  15.896 439.0000000000
7568  5.026  -70.164  -30.682 445.0000000000
7697  47.278  35.791  -9.486 455.0000000000
3625  31.325  -37.123  -14.440 464.0000000000
12261  28.544  -29.786  21.721 481.0000000000
933  28.059  -26.102  21.776 494.0000000000
10141  24.329  72.672  -15.929 504.0000000000
3627  31.209  -36.330  -12.864 513.0000000000
5862  15.367  41.152  32.776 517.0000000000
5369  5.527  30.301  10.912 537.0000000000
5370  5.395  31.541  9.132 544.0000000000
11685  43.393  38.846  24.178 554.0000000000
2709  17.238  63.283  -8.870 572.0000000000
2510  20.393  -33.108  -27.931 602.0000000000
14934  9.978  -65.123  -26.280 604.0000000000
9139  53.701  13.909  -46.001 606.0000000000
9858  14.969  -42.914  45.110 651.0000000000
5274  36.255  5.178  -51.265 661.0000000000
10387  4.656  -57.771  -21.123 726.0000000000
14209  27.051  24.352  -31.665 739.0000000000
13846  65.546  -5.294  15.371 741.0000000000
2979  23.996  -17.995  -18.298 754.0000000000
5273  7.697  47.876  17.937 756.0000000000
2430  38.850  27.443  37.869 764.0000000000
10386  21.960  42.921  38.216 765.0000000000
552  11.920  -59.170  -30.860 771.0000000000
12743  22.589  14.531  -51.415 793.0000000000
3603  10.681  -46.203  -13.240 806.0000000000
3604  11.210  -48.316  -13.398 813.0000000000
14718  23.533  -63.796  19.190 866.0000000000
1090  26.927  -43.617  22.824 872.0000000000
1830  53.066  31.896  -13.150 896.0000000000
6840  40.874  10.057  -47.449 916.0000000000
14319  6.364  40.718  5.071 936.0000000000
1089  27.922  -43.967  20.235 943.0000000000
14768  12.810  -17.918  53.173 950.0000000000
1895  24.069  64.760  1.153 965.0000000000
551  27.482  60.609  9.129 976.0000000000
1829  5.835  -3.614  40.920 1000.0000000000
7240  15.034  33.789  -41.161 1031.0000000000
1484  16.428  65.420  -13.708 1054.0000000000
6172  19.666  -49.329  -11.862 1055.0000000000
1894  25.882  64.664  -0.435 1070.0000000000
14300  9.556  6.853  29.549 1074.0000000000
553  8.999  -60.474  -30.570 1090.0000000000
13712  14.759  -58.938  32.327 1116.0000000000
3493  58.682  16.380  2.771 1135.0000000000
14710  38.695  21.017  -39.176 1141.0000000000
13161  23.239  -59.613  16.122 1146.0000000000
1828  14.504  80.902  -13.224 1157.0000000000
7534  51.830  -2.338  -0.868 1159.0000000000
5438  34.726  -13.173  0.122 1166.0000000000
6238  29.228  69.578  -29.538 1176.0000000000
4731  39.702  27.955  14.605 1191.0000000000
10312  65.210  -20.105  15.926 1192.0000000000
4730  44.918  -7.092  -8.885 1201.0000000000
9881  66.566  -5.612  -35.949 1203.0000000000
3605  5.217  49.244  -13.584 1213.0000000000
11736  31.014  60.597  2.899 1232.0000000000
13160  17.140  -32.332  40.361 1245.0000000000
6239  32.452  71.906  -29.657 1278.0000000000
8431  16.109  -37.210  -7.914 1295.0000000000
8897  43.656  -20.802  16.948 1354.0000000000
14589  31.378  41.555  -39.096 1361.0000000000
4006  10.773  -35.019  -3.644 1374.0000000000
495  30.310  60.688  -1.171 1389.0000000000
4792  29.650  -75.474  -26.427 1416.0000000000
1485  17.364  62.756  -14.658 1439.0000000000
1486  17.241  62.880  -17.823 1451.0000000000
3494  53.703  19.740  -23.792 1474.0000000000
8926  14.760  -48.181  -8.149 1486.0000000000
14367  45.678  28.125  20.679 1492.0000000000
11046  19.303  -48.157  34.653 1493.0000000000
7535  50.805  -42.262  26.137 1525.0000000000
4794  4.403  -3.470  -7.736 1529.0000000000
496  28.313  58.872  -1.166 1530.0000000000
12645  35.421  -62.671  1.254 1549.0000000000
8550  43.843  36.983  29.426 1589.0000000000
3492  36.980  33.578  -59.719 1591.0000000000
8898  25.949  56.746  4.740 1594.0000000000
8899  12.471  -76.532  -26.517 1598.0000000000
563  15.013  -29.461  23.031 1622.0000000000
7536  7.933  29.428  34.645 1627.0000000000
564  14.739  -27.829  21.616 1629.0000000000
3060  11.025  57.136  -11.505 1678.0000000000
6047  3.501  -4.593  -12.475 1680.0000000000
9880  63.080  10.618  -2.171 1685.0000000000
8548  9.287  -50.490  -22.555 1709.0000000000
562  13.093  -28.702  23.070 1754.0000000000
4552  7.199  44.626  31.366 1759.0000000000
4928  48.199  -29.832  8.345 1764.0000000000
494  30.433  60.478  -2.562 1772.0000000000
4793  47.580  -16.888  8.670 1777.0000000000
9882  63.862  -4.509  -34.946 1796.0000000000
11268  38.091  -66.638  -6.522 1807.0000000000
8549  45.455  33.423  30.030 1813.0000000000
5234  37.423  22.786  -18.562 1831.0000000000
6654  7.756  44.034  -27.792 1845.0000000000
12242  36.478  44.956  -36.617 1856.0000000000
10287  0.799  9.426  -31.793 1868.0000000000
5539  47.975  -19.571  -33.694 1874.0000000000
2901  62.316  -7.948  -34.780 1878.0000000000
2101  57.320  17.819  -21.390 1919.0000000000
10453  41.514  21.226  -4.363 1920.0000000000
6653  38.802  -61.081  13.620 1929.0000000000
2574  60.594  -32.925  -39.293 1953.0000000000
9796  37.498  -11.544  3.690 1954.0000000000
2575  53.709  -1.241  32.906 1955.0000000000
9184  39.014  -68.495  -17.431 1957.0000000000
2896  36.916  -7.762  -14.169 1972.0000000000
2895  36.320  -8.458  -11.943 1973.0000000000
2573  6.576  -42.193  6.529 1979.0000000000
8578  32.673  17.760  -53.964 2049.0000000000
6652  53.973  52.953  -5.605 2074.0000000000
12093  49.403  37.796  3.155 2102.0000000000
4553  62.369  -11.304  -14.280 2105.0000000000
5077  51.688  -38.204  30.392 2116.0000000000
5738  10.939  -37.727  -17.934 2117.0000000000
6045  22.303  3.912  35.752 2159.0000000000
10015  15.645  -55.015  -10.598 2176.0000000000
15066  50.044  -12.318  -38.359 2186.0000000000
5777  27.806  44.626  -34.929 2194.0000000000
556  6.831  -69.719  12.313 2195.0000000000
2784  69.052  -11.862  -15.136 2201.0000000000
4131  51.250  -29.271  -0.654 2209.0000000000
4132  11.539  44.528  18.438 2210.0000000000
9797  64.220  -34.705  -9.268 2221.0000000000
5949  38.477  -40.662  38.949 2236.0000000000
6046  2.413  -2.439  -12.018 2260.0000000000
14152  40.612  -42.984  21.702 2263.0000000000
11425  33.129  -23.122  48.681 2286.0000000000
10261  57.942  -21.046  -0.023 2307.0000000000
555  36.788  48.832  -31.448 2321.0000000000
554  9.625  -58.588  -28.759 2323.0000000000
9149  8.318  45.738  39.422 2346.0000000000
12917  39.602  51.388  -28.895 2370.0000000000
5948  37.519  -39.227  37.049 2374.0000000000
10603  13.458  -31.849  -21.982 2381.0000000000
10492  9.921  69.950  2.236 2389.0000000000
10605  15.957  -44.283  -5.827 2393.0000000000
10604  27.919  69.236  11.720 2412.0000000000
4467  56.669  -49.288  -11.614 2419.0000000000
2102  22.371  69.091  9.398 2430.0000000000
2048  6.008  21.360  -39.845 2437.0000000000
2100  7.855  65.386  0.162 2441.0000000000
2783  10.995  63.598  -43.682 2462.0000000000
2515  22.351  -58.325  25.766 2469.0000000000
4228  2.537  5.537  8.779 2473.0000000000
9798  6.656  13.668  32.343 2477.0000000000
9934  27.529  -36.069  -33.914 2482.0000000000
10037  55.100  23.364  -17.123 2491.0000000000
10208  10.806  -16.250  -18.044 2550.0000000000
5198  2.973  6.513  -4.881 2566.0000000000
7187  55.740  0.505  7.260 2575.0000000000
8864  34.326  19.125  17.355 2577.0000000000
7920  33.407  68.255  -3.161 2584.0000000000
10289  1.144  7.277  -29.489 2591.0000000000
801  8.841  30.139  -35.300 2601.0000000000
9953  18.985  -66.037  -28.419 2608.0000000000
14302  38.176  -16.524  -2.063 2614.0000000000
6284  24.960  -60.885  -31.358 2622.0000000000
10494  39.049  47.370  -35.836 2625.0000000000
12841  35.519  -67.018  -6.697 2628.0000000000
10493  13.067  61.110  -41.320 2643.0000000000
5947  38.484  -40.311  35.950 2646.0000000000
7921  6.970  -13.718  9.589 2690.0000000000
8314  6.546  -27.221  12.094 2713.0000000000
301  38.233  25.868  -6.236 2728.0000000000
11934  5.732  -9.397  22.243 2753.0000000000
4465  13.228  -60.814  -25.653 2825.0000000000
6813  27.713  31.611  -58.657 2830.0000000000
10583  9.695  -42.938  5.219 2839.0000000000
5490  6.356  -36.295  -8.097 2844.0000000000
8863  56.418  -22.145  21.689 2855.0000000000
9396  15.976  -48.598  21.371 2865.0000000000
1211  44.800  1.174  -41.687 2882.0000000000
5830  45.557  61.175  4.895 2893.0000000000
3990  46.934  -34.327  34.689 2899.0000000000
12839  66.941  -17.110  14.316 2912.0000000000
12323  11.933  -78.300  4.580 2927.0000000000
14316  16.983  34.402  -35.775 2936.0000000000
7579  44.970  -45.282  -12.865 2953.0000000000
10584  50.056  50.465  -30.637 2976.0000000000
2187  10.601  54.231  35.428 3004.0000000000
6646  28.488  65.431  -18.137 3008.0000000000
5665  56.921  -20.816  -36.956 3011.0000000000
299  41.619  28.890  -7.325 3021.0000000000
300  38.358  28.317  -5.492 3022.0000000000
3989  40.354  54.385  -11.656 3028.0000000000
5829  7.500  -10.110  -16.518 3038.0000000000
12840  6.541  55.636  -30.600 3040.0000000000
2210  61.576  0.167  -36.513 3059.0000000000
12922  62.716  6.523  -5.011 3065.0000000000
4466  55.819  -51.511  -11.166 3092.0000000000
6814  42.325  57.967  -34.229 3097.0000000000
2490  46.051  -34.638  -6.039 3107.0000000000
6633  9.164  -52.546  -17.914 3110.0000000000
12403  35.645  59.139  2.167 3179.0000000000
4598  12.945  -56.103  39.278 3191.0000000000
2188  9.061  56.961  32.863 3223.0000000000
6634  21.147  48.431  35.650 3248.0000000000
2189  11.308  54.283  33.974 3250.0000000000
6647  34.931  -33.644  45.982 3256.0000000000
8499  9.810  68.236  2.209 3259.0000000000
10576  51.364  -55.120  -21.753 3273.0000000000
13546  16.577  -76.459  1.065 3277.0000000000
6313  35.791  24.039  16.666 3300.0000000000
2212  20.211  -59.229  6.129 3308.0000000000
6348  12.574  -50.224  -13.014 3323.0000000000
6370  37.373  -5.735  35.921 3336.0000000000
6635  22.015  46.574  36.782 3344.0000000000
11485  30.602  -16.769  45.901 3353.0000000000
2491  42.644  -34.835  -3.939 3367.0000000000
5664  26.441  40.680  34.509 3377.0000000000
2489  46.566  -32.883  -7.981 3379.0000000000
6645  50.285  14.706  -33.659 3388.0000000000
6681  34.015  37.414  34.005 3396.0000000000
8498  12.503  76.023  -39.471 3402.0000000000
8497  12.095  69.978  -42.868 3403.0000000000
10575  48.535  -56.032  -21.405 3407.0000000000
13790  3.000  48.783  -13.156 3416.0000000000
1678  4.643  20.530  -24.007 3442.0000000000
6804  49.796  -45.992  25.226 3452.0000000000
13608  43.754  52.987  -0.076 3465.0000000000
13778  18.749  46.695  23.468 3510.0000000000
13791  11.980  -73.764  -18.415 3511.0000000000
9964  35.451  73.524  -1.656 3532.0000000000
5453  18.080  77.930  -22.793 3549.0000000000
5452  35.734  -8.296  -45.694 3560.0000000000
9198  47.049  -25.423  -13.148 3580.0000000000
6369  11.372  -19.189  19.767 3595.0000000000
7376  48.608  32.414  -37.289 3598.0000000000
11484  28.464  -15.918  47.171 3609.0000000000
13224  17.625  -32.935  17.968 3619.0000000000
14246  49.022  -59.413  -10.733 3621.0000000000
11486  5.904  -62.800  3.568 3631.0000000000
11294  24.812  35.331  40.348 3661.0000000000
2211  61.383  0.177  -37.770 3694.0000000000
4349  24.843  -51.003  -16.558 3711.0000000000
7567  6.290  -72.967  -32.184 3722.0000000000
10816  51.541  -50.871  -13.894 3739.0000000000
11293  4.766  4.230  45.493 3750.0000000000
13223  12.069  78.664  -16.759 3757.0000000000
4337  22.322  -40.545  -17.430 3759.0000000000
4339  56.800  -10.678  -15.671 3777.0000000000
14469  53.770  13.671  -29.817 3778.0000000000
464  62.455  -20.736  -20.626 3782.0000000000
2191  30.481  11.102  -48.783 3788.0000000000
8747  35.602  67.294  4.229 3813.0000000000
8644  39.908  63.800  -24.643 3849.0000000000
9857  62.696  0.927  -37.293 3865.0000000000
465  60.799  -19.669  -21.662 3890.0000000000
14464  34.757  37.903  17.773 3893.0000000000
2269  42.917  20.066  37.075 3898.0000000000
11786  43.300  21.109  38.254 3906.0000000000
7576  23.424  70.122  -16.021 3909.0000000000
8748  39.922  -60.799  -34.375 3914.0000000000
1677  57.421  37.684  -6.221 3922.0000000000
5451  24.100  14.758  -49.347 3931.0000000000
62  33.120  6.990  43.570 3946.0000000000
254  3.280  -0.993  -22.670 3947.0000000000
3988  36.818  12.984  -25.501 3955.0000000000
3643  32.788  29.262  38.389 3960.0000000000
4338  61.065  -8.288  -15.411 3964.0000000000
12072  50.101  -24.286  7.877 3982.0000000000
463  64.055  -18.364  -21.062 3987.0000000000
8749  41.401  15.161  -0.381 4007.0000000000
1679  19.063  4.886  52.787 4019.0000000000
14365  20.214  49.083  22.530 4037.0000000000
61  31.004  3.956  42.670 4049.0000000000
3641  31.927  30.125  35.372 4058.0000000000
2190  18.739  20.032  51.244 4066.0000000000
12071  62.989  -8.363  -26.914 4075.0000000000
2192  27.963  11.305  -51.025 4087.0000000000
7578  42.883  -45.403  -12.796 4092.0000000000
8170  24.707  48.178  17.825 4093.0000000000
63  19.133  -77.065  -19.569 4132.0000000000
467  5.946  -36.704  43.778 4134.0000000000
339  31.455  -69.369  -21.428 4138.0000000000
5869  3.884  -9.679  48.636 4147.0000000000
9969  41.451  37.056  -9.410 4153.0000000000
3983  39.627  -40.758  18.756 4170.0000000000
8688  33.546  43.494  31.762 4176.0000000000
11226  19.802  49.251  -39.705 4178.0000000000
12227  48.576  29.033  -17.252 4189.0000000000
14332  33.659  51.692  -26.778 4194.0000000000
13093  12.292  54.692  -44.363 4200.0000000000
14390  9.511  8.830  28.854 4202.0000000000
2735  13.555  67.527  19.911 4207.0000000000
4883  27.200  13.833  40.613 4241.0000000000
12499  60.391  12.706  -44.873 4248.0000000000
3985  55.364  5.145  22.887 4252.0000000000
11787  50.785  2.919  19.639 4277.0000000000
2734  13.728  69.128  18.245 4295.0000000000
12334  33.377  -16.839  33.413 4319.0000000000
3642  31.860  28.302  35.327 4330.0000000000
8687  34.243  40.541  33.286 4341.0000000000
3984  37.203  -48.087  29.921 4348.0000000000
5547  26.448  -51.714  17.804 4352.0000000000
6211  31.232  -58.084  21.541 4355.0000000000
3691  21.930  -70.457  13.716 4365.0000000000
3690  23.205  -68.570  10.991 4366.0000000000
7080  35.138  30.437  -4.948 4373.0000000000
2736  58.125  -34.267  -29.497 4376.0000000000
8796  48.060  45.698  -27.229 4383.0000000000
14400  46.899  -10.716  17.296 4392.0000000000
14675  21.226  45.630  20.073 4395.0000000000
3987  37.015  13.866  -24.500 4405.0000000000
4041  30.946  19.929  31.172 4406.0000000000
6124  16.377  -24.548  39.357 4412.0000000000
5546  56.444  12.170  -24.400 4438.0000000000
8795  34.307  -31.545  18.757 4460.0000000000
12333  31.014  -16.526  32.327 4479.0000000000
8297  17.391  -35.272  40.387 4485.0000000000
14696  6.995  81.065  -27.116 4495.0000000000
13499  20.587  50.029  24.040 4509.0000000000
4461  43.160  50.470  -8.127 4524.0000000000
152  6.142  43.323  6.229 4538.0000000000
3107  6.547  15.003  51.391 4544.0000000000
5920  27.675  59.923  -29.817 4549.0000000000
14186  6.057  -75.640  -24.605 4551.0000000000
13442  39.434  4.961  -36.937 4560.0000000000
73  6.522  -28.661  29.362 4567.0000000000
5659  13.060  -73.178  14.718 4569.0000000000
14619  47.617  -12.507  -40.323 4571.0000000000
3689  54.166  8.751  -56.888 4574.0000000000
4462  14.217  -83.758  -4.280 4576.0000000000
5545  7.962  -18.190  51.125 4582.0000000000
7081  35.846  -34.524  25.528 4593.0000000000
3105  7.097  17.837  50.415 4605.0000000000
151  34.551  -74.159  -15.389 4615.0000000000
13443  12.542  -7.732  17.106 4630.0000000000
74  5.759  -27.804  29.653 4640.0000000000
10470  4.673  -54.793  -2.658 4655.0000000000
8391  48.286  -25.103  8.377 4662.0000000000
9905  20.239  39.636  26.321 4665.0000000000
3164  42.234  13.149  -58.385 4681.0000000000
8392  10.733  23.097  39.788 4703.0000000000
11911  26.696  -24.240  -35.463 4711.0000000000
10865  63.966  11.293  -37.577 4714.0000000000
941  42.393  65.078  -15.442 4728.0000000000
150  34.137  -77.137  -16.119 4733.0000000000
3106  8.537  17.525  52.308 4740.0000000000
5921  26.998  76.187  5.572 4743.0000000000
75  57.966  -19.726  -27.210 4753.0000000000
6419  43.529  63.384  -31.536 4761.0000000000
6469  15.162  -54.877  37.901 4763.0000000000
9904  50.067  -56.721  2.943 4769.0000000000
942  40.474  63.674  -15.739 4779.0000000000
12294  12.954  85.287  -18.953 4791.0000000000
2967  16.111  65.207  10.617 4794.0000000000
2148  37.103  -42.466  -29.597 4812.0000000000
2408  33.183  -68.732  3.488 4837.0000000000
6983  54.241  43.470  -3.997 4859.0000000000
11820  32.008  -34.141  -23.297 4870.0000000000
13146  36.777  -51.871  11.606 4877.0000000000
321  28.363  41.537  -30.845 4883.0000000000
4545  29.775  9.211  -46.878 4901.0000000000
6359  46.553  30.084  3.312 4906.0000000000
11183  8.513  -45.107  38.167 4919.0000000000
322  26.665  37.937  -33.702 4927.0000000000
459  17.897  80.474  -31.845 4941.0000000000
83  8.097  -14.579  32.027 4944.0000000000
2969  16.848  33.508  -32.944 4947.0000000000
84  44.509  66.726  -20.067 4952.0000000000
2968  34.798  -34.991  31.809 4953.0000000000
940  11.538  -76.461  -28.555 4969.0000000000
2777  55.412  19.300  23.304 4971.0000000000
