21241  55.3900  -52.5550  -21.7220  1    11206  43.3920  -42.1650  34.5660  1
21242  54.8200  -52.5060  -21.7520  2    11266  56.6180  10.8340  -60.7050  2
21285  56.5630  -52.8260  -23.0650  12    3311  52.6600  -24.7970  38.9920  12
21327  56.3390  -53.1920  -25.3230  19    4639  55.3410  11.8220  -11.0560  19
21343  58.3360  -50.7420  -26.8210  20    3312  72.0580  -2.8690  -29.9640  20
21344  57.6390  -51.6960  -27.1260  21    3310  54.0010  -26.2040  37.1050  21
22277  49.2480  -50.8370  -20.4160  23    13635  22.2390  -66.3340  -37.3490  23
22406  58.9360  -48.0280  -29.1790  44    6844  34.4660  33.6010  -8.3280  44
23285  56.3900  -51.3860  -20.2070  45    11207  42.8190  -39.5880  32.0370  45
23305  58.0260  -51.2220  -21.7660  52    11205  4.3730  -22.9390  1.7620  52
24279  50.1160  -49.5910  -19.4500  82    7639  3.7280  -47.0370  -3.8610  82
24327  59.4170  -48.0100  -25.6930  92    6650  5.1520  69.0050  -46.5330  92
24328  58.9600  -47.1780  -26.6970  93    6283  17.2640  -57.9260  11.9490  93
24354  55.9730  -44.8550  -28.4940  101    7210  29.1250  75.1250  -10.4250  101
24356  53.0400  -43.8130  -28.2690  103    9887  64.1890  -31.1540  20.9130  103
25298  59.1190  -49.2610  -18.1600  108    6667  23.7810  74.5740  -21.5120  108
25308  60.0850  -48.9960  -20.2930  110    12937  19.7340  22.6420  -42.4530  110
25417  50.4670  -43.2850  -27.6340  150    11045  25.0560  -18.5190  -39.4420  150
26384  61.6990  -46.9480  -18.7490  154    6665  57.8020  -36.4120  -5.8930  154
26390  55.9170  -47.9810  -16.8630  160    6666  2.7150  -14.8280  16.1290  160
26421  47.2140  -47.2510  -18.1220  181    10671  35.1770  24.3980  44.8500  181
26490  54.8040  -44.3520  -27.3560  205    9628  46.5350  -1.9790  35.2720  205
26527  48.8680  -42.4830  -26.6530  219    13923  16.4030  -50.7250  5.6190  219
27490  61.6070  -46.4440  -17.2900  221    9408  38.2680  35.3780  6.8680  221
27493  54.1680  -45.5970  -16.4000  224    6755  2.3020  59.5850  -44.8160  224
27497  49.9240  -45.5420  -16.0760  228    8017  36.8750  -47.2670  35.2720  228
27560  59.9100  -48.4420  -24.9210  258    13426  37.4880  -50.3040  -31.4060  258
28557  62.1360  -45.8030  -16.9630  288    11193  29.0230  -40.1580  -14.6780  288
28570  46.6260  -44.7050  -16.1550  301    9041  46.9920  -58.8930  -35.6460  301
28605  62.6720  -45.6740  -20.5740  320    9409  69.7300  7.9960  -31.2990  320
28623  57.9540  -46.2370  -26.8490  326    6601  53.2610  50.1320  -24.5090  326
28628  51.4640  -42.1750  -26.6590  331    10091  65.7190  0.3940  -46.1270  331
28630  49.3470  -41.7180  -26.5180  333    11371  50.8660  11.0970  8.0140  333
28633  47.6230  -41.4590  -25.7270  336    11372  29.1730  77.1510  -5.6020  336
28653  47.2100  -41.4870  -25.4480  349    11766  26.8290  32.8540  29.2830  349
29607  51.0900  -43.0970  -14.9560  361    6754  39.1180  13.7070  32.1800  361
29611  47.4600  -43.2840  -15.0670  365    11872  10.2510  37.0490  48.3510  365
29697  54.4590  -43.3510  -26.6010  402    267  16.4450  79.8490  -25.8850  402
29719  63.5340  -43.7020  -24.3980  412    2179  14.8880  -36.7010  52.6520  412
29762  62.3320  -44.5130  -28.1590  426    8917  36.3230  37.3430  -13.6770  426
29765  58.2160  -46.3790  -29.3620  429    6602  31.1500  16.7890  38.0820  429
30703  46.8790  -42.2230  -14.3210  435    10530  37.5580  36.0030  -63.2730  435
30723  52.0140  -42.3290  -14.8480  436    6753  23.2820  26.5510  31.1740  436
30749  62.2040  -45.1980  -15.5100  445    7838  48.5720  -19.6770  -18.3870  445
30780  49.9270  -40.6900  -26.0910  461    3496  50.9030  -41.2560  12.8810  461
30803  52.5380  -41.6110  -26.1970  472    268  18.1920  80.0610  -25.3450  472
30835  55.8070  -43.5290  -27.3510  483    352  30.8040  23.8120  -36.3500  483
30884  61.8760  -43.9660  -30.9040  497    9220  14.2330  51.7270  -38.8440  497
31802  64.3650  -42.8410  -17.8450  511    13675  46.6410  -14.7760  -18.6660  511
31813  64.8460  -41.7180  -19.3010  518    4103  31.1270  50.8930  -34.5470  518
31832  47.6760  -40.0230  -25.8290  527    9817  13.0220  -78.1610  -25.1760  527
31835  46.5060  -40.0230  -25.1430  530    11393  29.7510  -41.8270  -24.6950  530
31955  58.7640  -45.0610  -32.2100  566    7694  42.2170  20.7410  -59.4720  566
31990  57.6130  -43.9130  -34.6490  575    9704  39.6550  38.5230  -38.7790  575
32003  58.5940  -44.1890  -36.9150  577    5839  50.0520  -48.2310  -18.6910  577
32019  57.5960  -43.8630  -37.5470  581    12322  58.8710  41.3470  -14.0350  581
32826  47.5190  -40.9630  -14.7440  587    10529  50.4750  -60.8750  -5.3230  587
32885  55.4930  -42.1690  -14.5660  594    7837  22.1950  -44.7890  40.9740  594
32886  54.6380  -41.9100  -14.5640  595    14023  2.4580  27.7460  4.8710  595
32935  65.3210  -39.5280  -21.5750  604    4104  10.5640  -67.4010  -16.3600  604
32992  54.5610  -41.0840  -27.2050  628    269  18.1140  78.4870  -25.8230  628
33086  62.1950  -41.9390  -33.6610  653    10581  20.1740  -44.2800  8.1280  653
33141  54.9220  -40.7630  -37.4620  669    14527  56.4620  -42.5030  9.8850  669
34172  65.5980  -38.4280  -27.7260  740    7263  35.1880  35.3920  -27.6620  740
34185  54.6840  -40.1510  -30.0740  747    3497  13.0450  -79.0000  -21.6290  747
34258  61.8450  -41.2230  -36.0910  765    5840  35.1420  -59.7740  27.7840  765
34261  54.1760  -39.9850  -35.3540  768    12360  6.0450  -67.8130  -15.1060  768
35222  64.1060  -38.4350  -21.4220  798    4171  17.6070  -62.3840  -13.6500  798
35256  46.7410  -38.2420  -25.7200  820    14218  4.9350  3.0660  33.7000  820
35276  65.1380  -36.7760  -23.9460  825    2180  40.4070  -70.8690  -21.1420  825
35296  50.8880  -38.7620  -27.3520  837    6161  12.5990  -24.5280  -26.0600  837
35304  64.7440  -36.0330  -25.4000  840    2178  17.4470  -34.9680  54.8010  840
35416  53.1190  -38.7800  -36.5780  880    14526  11.8980  -39.2100  23.5810  880
35430  60.1910  -40.1790  -40.4310  884    10023  64.8580  -38.5490  0.7510  884
36371  50.0940  -38.9590  -14.7590  896    6509  22.1680  -46.6350  -14.1980  896
36442  48.4060  -37.8290  -26.7090  914    9816  36.6670  30.9110  -42.7050  914
36447  46.0180  -37.7690  -25.7330  919    10036  34.5710  54.1080  22.5240  919
36523  50.7400  -37.7530  -29.8360  950    12561  5.6030  72.8610  -27.1640  950
36546  66.1350  -34.8160  -28.1800  959    11451  39.8890  -63.1400  -36.8740  959
36616  63.4490  -37.2740  -37.2720  983    5841  36.7030  -60.1300  27.8120  983
36633  53.0050  -39.2860  -40.3360  992    10108  31.7680  70.6730  3.2710  992
37661  59.9110  -34.3870  -23.3390  1003    4105  48.3110  -45.7930  19.2090  1003
37709  48.3160  -36.7260  -27.7780  1023    13264  20.0240  74.2430  3.7150  1023
37742  63.6430  -33.9220  -27.0570  1036    14179  34.0980  63.6370  -36.6790  1036
37771  50.0100  -35.7190  -31.3330  1050    11350  31.0790  -32.7970  -28.6320  1050
37786  66.1680  -35.0950  -30.9030  1056    12162  54.6180  4.4960  -30.8400  1056
37807  52.3850  -35.9160  -35.1750  1065    10084  6.0390  -41.1170  -9.5490  1065
37864  58.2000  -36.4350  -43.5290  1085    6817  26.8520  9.5320  29.1070  1085
38833  59.8690  -33.8650  -24.5290  1094    11823  26.4240  19.7520  -38.6580  1094
38847  46.4870  -36.0960  -27.1230  1101    12624  9.6670  57.0530  4.9790  1101
38895  60.4170  -32.5530  -26.6950  1115    5879  13.1040  52.0030  -37.8050  1115
39004  63.4050  -35.4690  -38.7330  1157    6163  5.0510  30.2440  49.2530  1157
39037  56.4710  -34.1840  -44.9640  1171    7973  50.9190  9.5090  -36.6960  1171
39944  57.2210  -31.4820  -24.0350  1177    8492  25.0690  24.1020  51.0320  1177
39956  45.8740  -35.2210  -27.0300  1183    12623  5.6100  56.6660  8.1870  1183
40094  51.9350  -34.1040  -36.6580  1225    10085  42.5910  -6.9710  40.7220  1225
40112  52.2640  -34.6320  -39.6950  1232    10086  62.1330  -32.9060  -5.1860  1232
41039  47.1360  -33.3410  -27.9990  1262    13552  7.6420  -4.0180  -37.9520  1262
41079  49.6230  -33.4730  -30.9620  1277    13325  34.9530  15.8320  41.4030  1277
41086  63.1120  -31.4610  -27.5320  1279    3408  4.0160  -65.0440  -6.1330  1279
41115  67.3090  -32.4090  -31.0860  1293    11728  68.3860  -12.3600  -17.6530  1293
41165  52.1230  -31.8970  -41.6180  1312    10796  60.8500  -28.8520  11.0620  1312
41173  61.5640  -32.7830  -42.6310  1315    6816  36.4440  -8.5820  41.1690  1315
42089  57.6000  -30.5040  -25.5420  1337    5877  45.9570  -31.9500  -28.2230  1337
42095  45.7750  -32.5240  -28.0860  1343    4298  6.3580  -71.1240  13.0260  1343
42154  67.1380  -31.8060  -29.0320  1369    8678  55.4160  7.2720  22.2650  1369
42174  51.0470  -31.8930  -35.9890  1379    12997  7.3470  -20.4200  28.5750  1379
42185  66.9550  -31.6290  -33.9040  1381    6162  12.3080  -23.5730  -24.4680  1381
42250  56.2700  -28.9760  -46.8350  1406    11069  14.4400  61.7050  -13.4620  1406
43135  46.9940  -31.9310  -28.4460  1416    4299  5.1830  -72.4740  7.9390  1416
43186  48.9370  -31.1200  -32.1580  1443    6562  26.4880  35.9610  -51.0430  1443
43247  65.7390  -30.6600  -37.5090  1466    6164  25.8190  -39.0210  35.6640  1466
43281  60.1070  -28.6910  -44.8800  1483    14093  21.4360  78.2740  -27.5530  1483
43284  52.1020  -29.1160  -43.2860  1486    10797  4.5500  44.0590  27.1230  1486
44242  46.9360  -30.6960  -30.1760  1510    477  70.0650  5.3070  -18.8900  1510
44254  59.3820  -28.8290  -27.0370  1514    5878  13.3610  48.8030  -37.4560  1514
44256  48.0720  -30.3030  -31.4520  1516    6060  43.8640  70.4420  -5.1490  1516
44321  50.4540  -29.5420  -36.5600  1540    9410  68.6960  9.6420  -29.6330  1540
44334  51.3640  -29.7750  -37.9490  1543    13578  3.2840  -61.6960  -19.4230  1543
44346  63.8490  -28.9420  -40.7620  1548    10180  30.4110  68.1460  1.0010  1548
45392  66.6280  -29.1270  -28.7030  1599    10834  1.6100  -8.9040  1.0350  1599
45467  61.2960  -25.9850  -43.2810  1629    13492  58.6530  -45.6200  -11.5200  1629
46489  47.4000  -28.8310  -31.8960  1657    478  70.7640  0.5820  -18.0070  1657
46492  47.0020  -28.7280  -31.9140  1660    476  70.1310  5.6350  -15.6100  1660
46500  62.0540  -27.4560  -28.0150  1661    3407  3.5250  4.6760  11.2340  1661
46524  68.3960  -27.9640  -30.9490  1674    10833  53.6040  5.5860  -44.0970  1674
46527  48.6800  -28.4220  -34.2170  1677    6515  27.5310  24.6560  49.8110  1677
46585  64.0820  -26.4070  -41.1280  1696    7290  13.2800  -52.6170  15.9230  1696
46586  51.9350  -27.3260  -40.1240  1697    10859  4.0530  -28.1330  -1.4240  1697
46594  53.8300  -26.2450  -41.3850  1702    7729  29.1890  4.3220  -42.7260  1702
46599  62.6310  -26.3020  -42.2220  1704    4286  57.6770  -8.0890  -49.8690  1704
46609  56.5400  -25.9980  -42.6140  1711    7730  48.8800  -50.2660  -19.5850  1711
47488  58.0150  -26.7680  -26.9860  1720    2692  7.2310  -73.8400  10.0350  1720
47525  59.7860  -26.6570  -27.7600  1734    3406  3.0260  7.5790  11.7350  1734
47570  49.0160  -27.5110  -36.2320  1760    8828  27.1200  -34.8050  -14.9040  1760
47623  61.4770  -25.0800  -41.3780  1778    4285  23.7200  -84.1230  -6.4590  1778
48712  47.2920  -26.7320  -34.0560  1819    10571  30.5250  80.2850  -15.4890  1819
48733  68.4820  -25.3560  -35.2470  1826    10181  22.1640  62.8740  -37.5790  1826
48790  55.5080  -25.6690  -41.2350  1851    7728  30.1700  5.3850  -41.1010  1851
49855  58.5830  -25.1330  -27.6400  1862    2693  19.3290  56.4980  30.7210  1862
49872  63.7200  -25.1310  -29.4250  1868    11170  3.1350  42.9130  19.1940  1868
49873  62.9790  -25.3990  -29.3570  1869    10621  4.1110  50.2210  24.0970  1869
49878  46.8610  -26.1990  -33.5580  1874    9898  35.8980  11.1150  -45.0150  1874
49880  46.5330  -25.7000  -33.6260  1876    6729  35.1080  59.3960  23.5560  1876
49904  49.0210  -25.3490  -35.4220  1886    11764  33.0350  -49.5700  39.3580  1886
49925  62.4240  -22.5770  -39.2420  1893    7289  11.4120  -54.7540  16.9630  1893
49927  51.3850  -25.3740  -38.0630  1895    636  17.6770  25.8200  45.4170  1895
49937  61.8070  -23.1590  -39.3160  1903    7392  3.4890  -48.4410  35.8210  1903
49948  61.0610  -24.1520  -39.6970  1909    4287  57.3180  -11.1330  -48.4220  1909
49963  59.3750  -25.0660  -39.9620  1914    8360  14.7840  -18.8490  -22.5410  1914
51164  60.4610  -24.6570  -40.1440  1982    8837  45.1720  -36.6030  8.4970  1982
51185  56.3620  -25.4130  -41.8580  1991    12029  2.7860  -19.0600  4.0760  1991
51186  54.0560  -26.2350  -42.6660  1992    14421  63.3250  29.9740  4.1270  1992
51206  60.3390  -25.0920  -42.3880  1998    11701  24.7670  61.8920  3.7160  1998
51210  54.2830  -26.8690  -45.4220  2002    9353  59.9530  -3.4740  -20.1500  2002
52352  47.7250  -23.8510  -34.0570  2028    10572  47.2040  -1.2110  -45.2080  2028
52392  64.9500  -21.3740  -39.8090  2047    13485  47.7290  -54.6710  -4.6180  2047
52413  51.1210  -23.9480  -38.9430  2060    635  19.7580  25.9490  48.9170  2060
52418  60.4950  -22.2780  -37.8020  2063    8838  46.0870  -70.1450  -23.6290  2063
52420  51.7960  -24.4120  -40.2070  2065    637  2.5230  -7.9490  50.9620  2065
52492  59.6980  -25.5120  -44.8520  2093    2729  24.1930  20.9150  -67.0700  2093
53407  68.7690  -23.2350  -29.6620  2104    11171  1.0780  28.5080  -14.9780  2104
53410  63.4650  -23.0320  -29.1980  2107    10620  41.5320  7.5100  -65.7650  2107
53419  46.8020  -23.0380  -34.2370  2115    9897  32.0590  4.9760  -52.9630  2115
53424  69.2450  -22.1540  -34.6450  2116    11683  23.5900  20.4550  -38.0860  2116
53425  60.3030  -19.5900  -36.2180  2117    12552  2.8710  7.1040  20.8030  2117
53430  47.3180  -22.1250  -34.5280  2122    13596  25.9900  -47.0280  18.9150  2122
53445  59.1210  -19.6950  -35.6820  2132    6617  26.5450  -32.8640  31.1580  2132
53446  49.1850  -22.7320  -35.7290  2133    5422  58.4740  -25.5460  -41.7680  2133
53511  62.0660  -23.2770  -39.5660  2159    8836  43.5190  -36.8040  7.9130  2159
54465  62.0300  -18.6680  -37.0050  2194    13454  62.7420  30.0870  8.1050  2194
54498  48.6320  -20.6480  -36.6660  2218    5420  19.5170  -59.4820  15.5960  2218
54531  50.0900  -21.5430  -40.0630  2229    5421  47.0390  43.5870  4.7090  2229
54557  63.6500  -23.1860  -40.5450  2235    11702  12.3510  61.7590  -14.4410  2235
54583  51.5750  -22.9540  -45.3580  2244    3069  5.0330  -65.1950  -4.7770  2244
54598  56.5730  -22.7330  -46.6800  2253    2728  21.5240  21.8820  -66.1050  2253
55491  65.6610  -17.7230  -36.8900  2256    12960  52.7840  32.2950  -53.2340  2256
56682  58.5730  -16.9890  -34.6170  2334    5684  43.6630  3.9200  46.9040  2334
56687  47.1620  -19.9840  -35.6590  2338    3804  39.9950  -15.7750  23.7940  2338
56707  59.0970  -17.8650  -35.0570  2346    7615  40.8830  -56.4360  -8.1920  2346
56718  49.9720  -18.8990  -39.1450  2352    5071  62.8590  -4.9800  -23.2340  2352
56751  63.4580  -19.9500  -38.4190  2359    3102  28.0740  9.0000  -56.1280  2359
56763  66.2090  -19.8930  -39.4070  2364    3101  57.7790  -7.9580  -36.8200  2364
56780  50.6010  -19.6900  -44.4280  2371    3068  7.1370  -64.7540  -3.3590  2371
56793  66.2600  -19.8730  -41.0830  2372    2727  34.6480  42.5810  -15.9160  2372
58089  48.0530  -18.8110  -37.1710  2394    11005  4.1890  55.1940  20.0810  2394
58126  61.1600  -17.9450  -36.2600  2408    8944  4.0000  -72.8560  -11.7270  2408
58128  50.4230  -17.7250  -40.6260  2410    5070  52.0130  -11.9790  4.8730  2410
58170  67.6290  -18.0750  -40.2440  2424    8756  4.0780  -63.6560  -1.0770  2424
58207  57.5850  -18.5620  -47.0330  2438    9711  17.3030  -14.8070  42.8230  2438
59518  58.1470  -15.5790  -34.3220  2444    6514  27.5800  27.6150  48.6430  2444
59527  47.8330  -18.2270  -37.7940  2452    2418  41.7690  -14.8840  -46.6080  2452
59530  58.5240  -16.0950  -34.6480  2454    6616  59.1860  -20.7780  -15.1380  2454
59531  49.4980  -17.5120  -38.5970  2455    1151  49.5100  -57.0780  -5.0790  2455
59625  66.8250  -16.4690  -42.5990  2484    8757  63.1140  4.4950  -47.4920  2484
59628  50.9160  -17.2800  -46.2300  2487    11639  34.9390  42.9170  -54.1860  2487
59630  50.0980  -16.3720  -45.9180  2489    1152  48.3850  -60.7650  -7.3560  2489
59650  50.2170  -16.1760  -46.0150  2500    13732  45.4380  -49.1310  -15.7400  2500
60863  49.3160  -16.1100  -39.3390  2521    1150  9.0250  -22.0880  -13.8440  2521
60964  50.0060  -14.2760  -46.3120  2561    10419  46.4010  11.9270  -19.1770  2561
62112  60.2670  -13.7330  -35.2310  2573    3409  3.6460  -64.6720  -7.5180  2573
62133  65.8140  -14.9820  -36.5090  2584    2598  61.3230  -20.7310  19.9950  2584
62188  62.4560  -14.8560  -46.4520  2607    6245  46.6070  -11.6790  46.8080  2607
62191  58.1420  -14.9380  -47.2490  2610    8358  58.8120  42.5710  -9.8170  2610
63314  59.2770  -13.4090  -35.0530  2636    12233  21.5490  -19.5920  -16.0210  2636
63334  49.8540  -14.8730  -41.0250  2648    13318  51.0720  36.9320  -47.2160  2648
63341  67.0990  -13.1200  -37.9030  2651    650  27.8680  59.6660  2.8800  2651
63363  68.5440  -12.5790  -40.1820  2660    9551  15.5390  -87.3280  -10.6990  2660
63380  54.4140  -13.9510  -47.3760  2669    5128  7.3160  21.3460  24.8980  2669
64489  57.7900  -12.9040  -34.7290  2683    11285  50.8240  -58.1240  -3.5160  2683
64533  44.9140  -11.2470  -41.1780  2692    11641  25.7610  -49.7890  19.2050  2692
64545  44.8210  -11.1320  -42.2270  2696    8734  51.0560  26.4960  7.2390  2696
64546  45.2760  -11.0820  -41.6960  2697    6129  29.7310  82.8480  -23.9740  2697
64599  48.6420  -12.8140  -46.3130  2728    8894  11.1070  38.2460  17.5480  2728
64600  48.3910  -12.9180  -46.2060  2729    8733  42.2030  45.3310  25.4690  2729
65804  45.4400  -11.1340  -40.1290  2746    6127  31.6820  81.7620  -21.9980  2746
65817  60.0860  -10.9680  -36.4440  2748    5996  14.2480  87.2560  -27.5640  2748
65838  63.8490  -10.6920  -38.4080  2758    2597  6.7420  63.1080  -17.4270  2758
65875  57.5050  -12.5110  -47.9880  2778    5129  4.6300  20.5150  25.8660  2778
67055  57.6760  -10.1170  -36.1310  2796    5922  1.3240  32.7010  -6.1780  2796
67100  58.3410  -9.1720  -37.0640  2804    10932  44.3620  64.3640  8.2840  2804
67148  47.0060  -12.3390  -44.8790  2823    8496  33.0000  -9.7500  -48.8570  2823
67153  68.0850  -9.8270  -43.6960  2824    6246  48.9270  -8.8420  45.2440  2824
67174  61.5830  -11.3050  -47.6710  2839    6954  24.9120  -34.0140  52.9160  2839
68217  68.1830  -7.9590  -41.4090  2879    651  20.1800  -42.6330  1.2490  2879
68247  63.5460  -10.1170  -47.6230  2897    6247  57.8140  -10.7140  -35.8080  2897
68253  54.6490  -10.9150  -48.1300  2903    5127  19.4540  -47.2630  46.9560  2903
68268  48.4260  -10.7340  -46.8190  2914    8895  29.7560  -77.7410  -36.0990  2914
69389  61.1460  -7.7570  -38.9460  2926    5994  3.8730  9.7630  48.0930  2926
69403  64.2680  -6.9800  -40.2310  2931    652  23.5730  -42.2140  2.7160  2931
69407  45.1270  -9.9970  -45.4500  2935    8605  46.0180  67.8470  -23.2690  2935
69475  51.1660  -9.2220  -48.1020  2971    14249  4.8100  -19.0590  32.5460  2971
70751  45.8380  -7.9470  -39.5910  2980    4602  42.4010  27.1150  4.3140  2980
70765  58.5980  -6.4470  -38.4760  2982    5995  14.1940  86.3130  -28.5030  2982
70768  46.4550  -8.2400  -40.8150  2985    6128  28.6840  81.3000  -22.3130  2985
70769  46.2320  -7.9890  -40.0770  2986    11121  10.7660  -15.8050  50.0180  2986
70842  67.9400  -5.4000  -45.0570  3013    13061  48.3060  -4.7760  -51.0550  3013
70848  58.2680  -9.7460  -48.9180  3019    12684  26.4300  -34.9290  -13.7670  3019
70862  59.9240  -8.9960  -49.1670  3029    13853  13.4190  5.5980  -37.5130  3029
70876  52.7480  -8.6310  -48.7520  3038    14477  17.1520  -46.5050  8.1950  3038
72126  61.5380  -4.7060  -40.3690  3057    10704  25.8380  -17.9190  -25.2590  3057
72146  45.4900  -8.5010  -45.6640  3069    13627  20.3490  86.4990  -5.0190  3069
72188  45.9190  -8.0360  -47.5150  3084    13755  42.1710  24.5760  -61.8720  3084
72195  63.5900  -7.0130  -49.2550  3088    14823  18.9110  88.5690  -14.6410  3088
73505  57.4610  -5.1380  -38.5090  3116    4635  16.6420  -75.0710  -27.0470  3116
73507  45.3860  -6.2730  -39.8520  3118    4604  49.2820  3.9820  38.6790  3118
73575  65.1740  -2.4060  -41.2340  3146    12180  23.2810  11.7230  -65.7410  3146
73590  68.3000  -2.9660  -43.3160  3152    14262  4.7150  83.4450  -13.9870  3152
73624  56.5250  -7.8120  -50.0060  3171    2937  35.6840  -8.5030  43.4670  3171
73635  58.9330  -6.5920  -50.7830  3178    2936  36.1380  -7.5190  47.4510  3178
73641  51.3480  -6.8100  -49.7600  3184    3525  40.6140  -4.6010  27.6870  3184
74701  57.8530  -3.5820  -39.7110  3198    8475  64.6830  1.1880  -45.4450  3198
74717  59.3570  -3.0040  -40.2310  3202    12469  9.2100  -33.0920  9.8330  3202
74720  46.9920  -6.4130  -43.3110  3205    12974  19.1790  -40.5800  -8.0710  3205
74803  63.9760  -4.0450  -50.4270  3237    13266  48.6860  -65.9130  -7.8240  3237
75818  46.6990  -4.1270  -42.3450  3276    1380  68.4400  -20.0880  -14.3900  3276
75850  46.6340  -5.7740  -45.6220  3290    2916  64.3510  29.1150  -0.8630  3290
75863  61.2280  -0.6420  -43.1820  3296    2746  52.5680  -53.8250  -24.4610  3296
75893  65.7190  0.3940  -46.1270  3310    9237  44.0490  -46.2030  -3.6970  3310
75905  65.4470  -1.5130  -48.5600  3314    9235  2.6880  45.1210  -7.2810  3314
75906  46.6250  -5.1210  -49.2930  3315    2917  27.3800  73.6440  -15.0580  3315
75923  55.2330  -4.9650  -51.8560  3325    2938  53.3270  5.4120  -45.2720  3325
75936  59.4430  -3.7440  -52.6740  3333    12404  25.3190  1.2010  -38.2750  3333
75940  49.5490  -4.3080  -51.5790  3337    11724  44.7860  24.6200  -28.8540  3337
76968  57.4410  -0.7950  -41.7010  3350    2747  68.8420  7.1300  -27.5310  3350
77020  62.1740  0.7290  -45.4780  3372    2860  4.8000  -33.5460  16.8470  3372
78160  45.5980  -2.5660  -41.7860  3400    1379  28.9380  -57.9450  24.4660  3400
78162  44.7770  -2.6100  -41.6740  3402    4795  13.7200  -22.9170  -21.8920  3402
78181  56.7760  -0.6950  -41.6930  3403    3568  33.7990  -20.5200  43.6830  3403
78216  47.4050  -2.7720  -44.4440  3412    2915  63.1580  30.1990  -0.3290  3412
78240  58.6570  0.3490  -44.7760  3421    2745  33.5230  -61.2160  12.8360  3421
78287  46.3620  -3.6000  -51.1440  3438    11725  52.3190  -55.1710  8.0350  3438
78291  62.5840  -1.0500  -52.6190  3440    10686  50.4480  35.9800  9.4360  3440
78318  47.2640  -2.9180  -52.8330  3462    11726  53.1510  -54.0530  6.3360  3462
79379  46.6250  -1.0120  -44.2240  3476    1378  38.6250  4.0040  -0.8480  3476
79456  64.3730  0.9370  -49.8600  3505    9236  58.7360  -50.2420  -0.4610  3505
79479  56.0700  -2.2140  -54.1500  3522    1000  17.9660  -34.3330  -13.7930  3522
79481  52.5660  -2.0600  -53.4400  3524    12560  56.6070  30.3680  -4.1770  3524
79494  58.5690  -1.1610  -54.9020  3532    999  31.7560  29.3440  -60.9840  3532
80535  44.3690  -0.8920  -42.1380  3538    6114  22.0220  25.1640  -42.0080  3538
80582  55.7170  1.7020  -43.2320  3545    3015  2.6670  59.5980  -4.4200  3545
80608  55.8830  2.1510  -44.6950  3554    3014  4.5440  61.4660  -4.7790  3554
80635  60.5820  3.0410  -46.7600  3563    10327  21.5470  34.8080  47.9130  3563
80640  46.8470  -0.1860  -48.5270  3568    1899  57.7990  0.7080  21.1750  3568
81745  44.7050  0.1870  -42.8150  3609    5926  47.8070  -27.8820  -33.2340  3609
81859  63.2960  5.6010  -48.8930  3641    5294  40.5460  -10.7700  49.3750  3641
81876  44.9710  -1.1950  -52.7640  3648    1900  61.1260  1.3360  25.0180  3648
81899  54.1820  -0.1140  -56.2550  3665    998  35.0740  24.3600  -57.9270  3665
81903  48.8100  -0.2020  -55.2760  3669    13739  3.3260  -65.7970  -9.4500  3669
83029  54.0930  4.2500  -44.5270  3688    3016  57.0650  -19.7600  21.6160  3688
83085  55.5840  4.5480  -46.9430  3706    1661  6.3370  76.8240  17.0420  3706
83098  56.8910  4.9080  -47.7150  3712    1660  68.5310  -16.6870  -36.2390  3712
83123  62.3720  3.7010  -53.4700  3721    7585  6.3660  59.2880  -21.0450  3721
84479  43.8570  2.2060  -44.0170  3748    5592  1.4880  31.0800  -9.3190  3748
84492  44.1230  2.9420  -44.2120  3750    5594  1.6250  24.9070  -9.0640  3750
84525  45.2810  2.9810  -45.3890  3758    6499  61.8600  5.1100  -47.3980  3758
84566  46.1340  3.3380  -48.6570  3772    1898  15.6270  -14.5890  -30.6660  3772
84621  45.3380  0.3440  -55.4580  3795    13738  5.2780  73.2160  -7.0800  3795
84626  59.2240  3.4800  -57.1490  3797    10868  25.2540  -20.9400  -14.4710  3797
84630  52.2710  1.2390  -57.7350  3801    14362  63.3800  0.3560  9.2830  3801
85979  53.2760  6.0130  -45.7750  3820    9818  39.6460  -0.3480  1.3780  3820
86040  45.7560  3.9500  -48.5780  3839    1002  17.2450  63.5510  16.1580  3839
86050  54.8320  6.6660  -48.5220  3841    1362  9.6260  39.5530  -40.1090  3841
86078  59.9770  8.4050  -49.7000  3853    4475  2.0250  57.6800  -31.0170  3853
86127  50.1780  2.1790  -58.9130  3882    12357  24.3520  -61.3850  -36.2400  3882
87421  43.1150  5.2440  -46.2530  3893    5593  1.5310  23.1910  -7.2310  3893
87437  43.6440  5.6250  -46.6000  3897    10073  52.9980  -26.6550  -1.8900  3897
87504  45.3280  4.5320  -51.9740  3919    3491  55.3060  -57.9680  -10.5710  3919
87529  61.0100  7.4340  -54.6890  3929    7905  21.4690  -4.1610  -45.5720  3929
87546  57.1950  5.0950  -59.8920  3939    8753  64.9800  -39.3540  -29.4370  3939
87559  54.6690  4.6710  -61.1190  3948    11947  2.6220  -15.5020  52.2200  3948
88700  53.3960  7.7050  -47.7900  3963    1363  21.9940  -72.1330  5.2690  3963
88741  44.8740  6.0110  -51.0910  3978    1003  16.9180  64.9600  17.8920  3978
88790  43.8070  2.9610  -56.7450  4001    10157  65.7460  -40.0550  -11.5820  4001
88811  49.2700  3.5050  -60.5410  4014    12264  64.0270  -29.6540  -5.0290  4014
89822  52.9370  8.8290  -47.5580  4025    5414  34.2950  -11.1540  39.1450  4025
89851  43.9390  6.8370  -49.3940  4035    1001  15.8350  -32.6170  -15.4430  4035
89900  55.1880  9.3910  -50.7670  4051    1364  19.7570  -74.7190  7.9750  4051
89919  58.4680  11.4370  -52.3870  4062    4474  8.0220  -44.5980  48.3500  4062
89920  44.6800  5.4170  -54.6150  4063    7046  5.7080  -14.6850  7.9480  4063
89947  44.2990  3.7030  -59.6820  4078    11535  43.4950  40.1280  5.1110  4078
89965  52.2810  6.5440  -62.2940  4087    10381  18.6380  -62.7430  -35.3280  4087
90942  42.4280  7.4000  -48.1620  4096    7756  3.8130  46.7120  39.5180  4096
91047  44.4210  7.1930  -54.2470  4136    8075  16.2150  69.8900  9.5570  4136
91070  43.0540  4.3080  -58.5240  4148    8822  24.6060  -22.3850  -30.5490  4148
91087  50.8930  7.0080  -62.7320  4156    11534  7.4740  -54.7230  39.9260  4156
91099  47.4250  6.3010  -63.1460  4163    11533  26.1570  -45.2300  -27.5320  4163
91102  43.9030  5.1710  -62.8050  4166    11852  53.9900  40.8970  -24.3040  4166
92134  41.9520  7.8900  -48.7950  4171    8781  66.3470  -36.8910  -7.3380  4171
92146  51.2670  10.4080  -48.2530  4173    5323  15.4240  84.6760  -28.2770  4173
92181  51.6350  10.2910  -49.5540  4184    5322  20.3680  80.8880  -24.5510  4184
92206  43.2740  8.6680  -52.0930  4195    9277  39.6040  45.8010  -19.8620  4195
92216  54.1260  11.9520  -52.3540  4197    10120  33.8140  77.1530  -2.0070  4197
92252  42.7280  6.5330  -57.7650  4219    13211  22.0000  -39.7820  -12.5830  4219
92257  56.8700  10.2070  -60.4380  4220    10382  16.3760  -61.2660  -34.2150  4220
92282  41.6310  5.3540  -62.1780  4239    14058  6.8090  -41.8010  41.8480  4239
92292  38.6880  5.9440  -62.8780  4246    1109  54.0510  36.6860  -35.0670  4246
93326  50.7840  11.2060  -47.8510  4255    5413  56.6470  34.1510  9.6340  4255
93376  42.2110  9.1680  -50.5990  4269    7757  4.4660  44.0960  41.9730  4269
93398  50.7970  12.5520  -51.5500  4276    12780  35.9370  -35.7740  23.7370  4276
93425  56.3230  14.6300  -54.6850  4290    11939  46.8200  6.3720  37.4610  4290
93450  41.8200  6.3160  -59.1370  4305    13221  9.8640  -2.3470  26.2730  4305
93464  53.1880  11.1860  -63.5320  4311    14834  14.1690  61.1310  -20.2130  4311
93466  50.0270  9.2360  -64.0240  4313    4231  66.6650  -38.4330  -15.9570  4313
93482  37.4450  7.1680  -62.4310  4325    1108  55.2280  35.4970  -34.3300  4325
94511  41.6410  8.6810  -50.0130  4341    8782  65.5130  -36.7320  -5.6180  4341
94525  49.4700  12.8120  -49.7240  4343    10884  8.1230  -46.7200  41.0980  4343
94569  49.0260  13.6440  -52.0670  4357    13287  18.8160  25.8540  -42.3270  4357
94588  41.8050  10.7940  -54.9490  4368    14417  33.5390  78.2530  -10.7660  4368
94595  52.3900  15.3050  -54.7770  4371    13580  20.8830  -45.0310  -29.1660  4371
94654  45.1300  9.9420  -66.3720  4407    4230  67.1730  -35.8020  -14.4160  4407
94657  36.4760  8.2570  -63.1910  4410    1154  49.3750  -26.4920  6.8080  4410
94675  40.9770  10.5420  -67.4710  4420    1110  14.0630  -34.4110  -15.2900  4420
95724  47.8210  14.3800  -51.3820  4433    13511  5.5720  -32.5640  29.3170  4433
95740  41.2400  10.8420  -53.4660  4437    13867  58.2550  31.4420  -32.6390  4437
95769  40.9690  11.8890  -55.4080  4449    14842  66.1060  -8.6270  15.5530  4449
95775  54.0800  16.2220  -56.1590  4452    12803  50.4350  -47.9440  -3.7790  4452
95795  55.7100  14.8650  -60.2150  4465    12802  29.3140  39.2630  -58.5040  4465
95797  40.9860  10.4320  -58.8950  4467    14708  48.3290  -6.5240  19.2840  4467
95818  51.9620  13.4280  -64.6900  4477    4232  66.5670  -37.0620  -13.3070  4477
95847  36.0170  9.1980  -66.1720  4497    2456  10.2910  -33.1700  7.5670  4497
96841  49.1050  13.7930  -49.2660  4505    12590  3.9390  -46.8110  41.0720  4505
96986  36.6180  9.1360  -63.4500  4558    1155  51.2690  -28.6630  7.6570  4558
96992  48.0460  14.2940  -66.7310  4560    2044  58.8050  -11.4190  -2.2880  4560
97008  38.8940  11.9980  -67.6600  4569    5241  66.9910  -12.4610  -38.3750  4569
97012  35.7340  10.5600  -67.6300  4573    3507  3.8230  85.4820  -26.5530  4573
97978  47.3480  16.7040  -52.8080  4583    13286  12.0800  20.3550  -32.8990  4583
97994  47.8940  17.5510  -54.0210  4588    5609  24.6270  -47.3950  -14.6140  4588
98031  51.3890  17.8650  -57.4180  4600    5608  19.9970  -68.9390  26.3840  4600
98051  53.4740  18.0160  -60.7040  4608    12293  12.2600  55.8940  4.3050  4608
98053  38.6220  12.1030  -60.2810  4610    1153  48.6670  -55.5760  -5.3900  4610
99064  47.4340  18.8190  -54.3070  4644    14772  39.2360  39.6840  -22.9780  4644
99087  48.1040  18.7560  -57.1990  4654    5607  55.3280  29.3460  -39.8660  4654
99162  45.8380  16.9620  -67.2680  4677    2043  54.7920  -9.9780  -4.6560  4677
99174  42.6690  16.6000  -67.4510  4682    5240  64.7070  -12.3050  -37.5630  4682
100166  46.1220  19.1850  -55.8700  4699    14868  3.4600  -38.0910  44.3010  4699
100183  45.6940  19.7080  -58.9710  4711    15032  51.5020  9.1390  7.5710  4711
100199  49.5730  20.9420  -61.4240  4719    2042  37.6390  -7.7750  -33.8800  4719
100239  37.4400  16.1800  -67.8490  4741    6183  52.4460  -48.8360  19.1100  4741
100243  36.4870  15.7050  -68.2100  4742    3432  47.3230  -24.8220  -5.1280  4742
101258  46.0450  19.4080  -54.9360  4747    3318  44.2360  -4.8210  43.9540  4747
101266  44.6190  19.7920  -55.6480  4750    3948  29.5800  68.8240  -10.3390  4750
101293  43.8640  19.6000  -57.0980  4759    13697  33.3380  -69.4610  9.7720  4759
101307  43.2620  20.6630  -59.8000  4768    14346  9.3690  -39.0600  47.0550  4768
101319  45.4230  22.2760  -62.1960  4776    14481  14.6320  -83.8200  -29.5100  4776
101346  40.2730  18.9280  -66.9780  4793    5239  66.8410  -13.8940  -36.8490  4793
102369  41.5340  21.3910  -56.5330  4811    1542  51.3820  -42.6580  15.5060  4811
102377  41.5380  21.3960  -56.8080  4814    7257  28.2170  39.6460  42.5440  4814
102401  43.3890  22.6750  -62.0410  4830    11445  7.5420  -61.8940  -11.5900  4830
103422  43.0140  20.4620  -55.9340  4853    3906  3.3900  -4.6000  -15.4770  4853
103455  39.3610  22.9950  -57.3830  4867    8843  50.9870  0.5790  -56.3830  4867
103474  38.7870  23.2750  -59.0010  4881    10251  60.4880  -8.9520  -19.2150  4881
103501  39.4500  23.3340  -65.6730  4899    9781  52.7910  -38.9080  -40.0630  4899
103506  36.4100  21.3770  -67.6170  4903    9780  27.6770  -30.4240  30.0800  4903
103507  35.2280  21.1610  -68.0110  4904    3430  18.6830  -56.4090  4.7370  4904
104573  39.2510  22.7720  -56.8420  4912    1541  50.9360  -43.7980  17.6380  4912
104593  37.2510  23.1110  -57.3490  4919    8574  47.8020  -16.2750  40.3130  4919
104607  37.2820  23.8840  -59.7670  4926    5025  3.6670  55.6810  4.1330  4926
105696  38.8280  22.8620  -56.7080  4955    1543  54.4300  2.8420  -7.4690  4955
105727  35.9040  24.6710  -59.7790  4970    5024  29.0100  -53.0660  23.9670  4970
105749  35.7610  26.1270  -65.2920  4984    10447  44.7270  57.8460  -16.2130  4984
105757  33.6880  24.5760  -67.0250  4990    11056  62.6670  -45.8900  -19.6160  4990
106874  35.2880  24.3920  -56.8520  5000    5897  31.6460  76.6560  5.4570  5000
106922  29.8960  24.4910  -67.5140  5023    6998  25.9890  14.3330  -40.8440  5023
108033  36.9170  24.1460  -56.0670  5026    3973  65.2740  10.1780  -26.2440  5026
108054  34.2740  25.2870  -57.6680  5032    5023  38.8860  79.3320  -29.0000  5032
108058  33.7550  25.9490  -58.4830  5035    4523  59.3040  -3.4170  -38.2240  5035
108072  34.1400  27.4780  -61.9660  5043    4522  28.7290  -46.7320  -12.4640  5043
110115  32.2210  27.5670  -58.5530  5090    164  60.4100  41.3050  -5.5490  5090
110124  32.0590  28.7250  -60.2570  5092    5409  47.2230  -16.3530  42.2930  5092
110135  31.1830  29.5890  -63.7960  5098    5236  8.4070  -37.5300  -16.1140  5098
110999  35.7020  25.9990  -56.1060  5104    5898  9.6030  -57.6120  -21.6610  5104
111014  32.5490  27.6610  -57.1300  5110    7174  5.1340  64.3560  -47.4060  5110
111060  29.4240  30.4850  -64.3410  5120    5237  59.2320  -44.7680  -33.3780  5120
111889  34.0360  27.7660  -56.5500  5124    7160  49.8710  27.5660  17.3830  5124
111902  31.8520  29.8850  -60.7440  5130    165  36.6730  11.5120  46.4170  5130
112772  31.9240  29.5220  -59.7600  5142    166  37.6620  10.3210  47.6060  5142
114506  32.9850  30.1160  -59.2280  5161    7159  12.5580  -17.0690  46.8990  5161
150552  48.7500  -15.1030  -40.8150  5163    12209  11.9990  -85.7710  -21.9170  5163
150593  49.5630  -13.7740  -42.8330  5190    8517  23.7520  4.6000  -42.3490  5190
