#!ascii label  , from subject FreeSurferMNI152_0.1 vox2ras=TkReg
445
8046  -65.280  -9.825  17.648 1.0000000000
9689  -21.760  -49.999  34.612 5.0000000000
8047  -23.795  -9.508  49.129 13.0000000000
8045  -1.426  10.350  11.375 15.0000000000
7918  -0.488  66.619  -22.462 20.0000000000
8051  -22.256  45.110  31.298 36.0000000000
9688  -37.209  71.184  -0.013 41.0000000000
7916  -0.009  64.165  -23.517 66.0000000000
9687  -51.678  -3.936  -2.959 71.0000000000
9984  -52.972  25.039  -4.164 76.0000000000
6370  -8.680  34.970  10.165 83.0000000000
6371  -0.772  60.545  -32.037 87.0000000000
7917  0.292  66.914  -19.421 89.0000000000
8696  -49.651  40.927  -10.854 91.0000000000
2278  -57.893  12.202  15.270 110.0000000000
13126  -22.263  21.003  41.805 117.0000000000
11800  -41.532  -52.572  3.660 127.0000000000
2105  -1.438  24.139  8.273 136.0000000000
7827  -62.577  13.874  -20.579 152.0000000000
13670  -58.455  -20.732  10.715 153.0000000000
7826  -4.255  -54.785  -27.051 160.0000000000
3584  -61.254  -32.940  21.186 172.0000000000
12938  -61.892  23.486  -7.054 177.0000000000
2106  -56.239  42.073  -15.407 181.0000000000
4257  -17.681  -31.412  42.141 203.0000000000
4817  -32.744  -11.933  41.848 208.0000000000
7742  -59.214  17.744  -31.925 217.0000000000
3583  -17.485  56.215  -41.144 223.0000000000
2277  -1.044  65.056  -14.377 233.0000000000
201  -6.755  -54.420  27.421 252.0000000000
9665  -44.432  -52.930  26.660 256.0000000000
8436  -37.864  76.590  -26.069 281.0000000000
1216  0.597  -12.144  -3.190 288.0000000000
13091  -41.763  -35.417  2.665 289.0000000000
4128  -57.547  26.580  -17.042 299.0000000000
6369  -37.463  50.551  22.340 308.0000000000
2279  -59.283  14.003  17.331 311.0000000000
11305  -49.518  38.520  21.149 320.0000000000
4818  -59.850  -34.742  -25.489 329.0000000000
3955  -55.890  4.723  28.307 330.0000000000
4816  -31.876  -14.088  44.065 333.0000000000
7417  -42.546  -35.160  -27.220 336.0000000000
10683  -41.674  -37.177  6.933 347.0000000000
13259  -37.736  -8.359  29.340 355.0000000000
12210  -65.886  -20.072  -35.299 358.0000000000
4524  -30.202  56.836  18.827 377.0000000000
14380  -3.456  -77.522  -36.373 388.0000000000
9664  -2.118  6.980  11.091 389.0000000000
3592  -25.337  28.104  -65.326 406.0000000000
2917  -54.698  1.640  -11.621 427.0000000000
10897  -51.536  -48.556  21.500 428.0000000000
1214  -58.212  36.272  -7.679 435.0000000000
13092  -1.335  22.634  21.898 437.0000000000
3189  -62.245  16.588  2.839 443.0000000000
3582  -19.151  55.138  -40.567 464.0000000000
4129  -58.003  24.077  -17.286 467.0000000000
4525  -53.832  -53.069  -0.591 474.0000000000
9663  -15.948  -40.848  -0.387 487.0000000000
13832  -24.914  62.322  -0.299 495.0000000000
6991  -0.445  -1.859  -19.164 512.0000000000
3323  -0.187  24.715  40.110 517.0000000000
6805  -11.187  1.428  25.445 536.0000000000
1215  -15.550  76.660  9.521 543.0000000000
4523  -45.649  26.779  22.479 564.0000000000
12094  -60.987  10.214  -28.457 596.0000000000
12232  -29.460  -33.090  51.117 602.0000000000
12458  -15.181  -21.967  59.188 603.0000000000
2916  -58.155  4.223  -11.968 621.0000000000
2915  0.316  -28.513  2.599 636.0000000000
9065  -0.260  47.210  -10.491 682.0000000000
7304  -0.277  64.931  -8.945 688.0000000000
6773  -0.726  78.595  -23.664 689.0000000000
12462  -43.333  -68.170  -1.863 694.0000000000
12231  -28.155  -30.697  51.195 697.0000000000
12457  -4.718  55.633  -5.085 699.0000000000
2671  -48.705  -44.727  -37.057 703.0000000000
13831  0.073  9.364  -9.852 711.0000000000
2669  -27.858  74.075  2.109 714.0000000000
5595  -19.319  -60.195  -11.479 719.0000000000
6107  -9.542  14.621  -35.140 724.0000000000
10900  -15.735  87.292  -15.728 727.0000000000
1960  -33.890  27.894  8.733 732.0000000000
5781  -0.585  -49.942  -9.096 738.0000000000
7622  -21.615  52.311  10.361 747.0000000000
6771  -36.099  -17.120  -6.878 756.0000000000
6772  -0.704  75.387  -26.073 762.0000000000
7743  -22.853  -44.440  -14.985 778.0000000000
1370  -6.382  -65.093  -12.365 781.0000000000
6717  -55.805  -6.056  -5.496 802.0000000000
10942  -4.068  63.881  -44.974 827.0000000000
1420  -36.442  27.160  -34.287 842.0000000000
1371  -4.874  -64.597  -13.412 845.0000000000
841  -43.680  -64.387  -38.739 852.0000000000
1961  -59.099  -9.800  -37.916 853.0000000000
5780  -1.849  -51.500  -9.047 862.0000000000
12277  -48.801  30.453  -56.444 896.0000000000
13550  -64.332  -6.269  -20.704 908.0000000000
1485  -67.387  -29.791  -15.305 923.0000000000
8294  -52.223  -46.318  17.171 948.0000000000
5784  -2.008  58.492  -17.353 970.0000000000
9705  -14.752  -28.760  -30.965 973.0000000000
3009  -60.611  -42.059  0.105 996.0000000000
842  -39.838  -68.783  -39.168 998.0000000000
840  -20.133  -39.486  -17.576 1006.0000000000
1245  -7.659  46.816  -44.666 1008.0000000000
9  -50.271  -39.944  -0.654 1034.0000000000
1484  -66.243  -33.783  -13.122 1044.0000000000
144  -5.655  18.799  26.732 1046.0000000000
1244  -8.306  43.569  -44.363 1052.0000000000
12278  -48.490  -47.612  20.535 1059.0000000000
12276  -22.564  -50.471  -25.306 1061.0000000000
10  -49.957  -41.647  0.686 1078.0000000000
13377  -26.325  11.058  45.999 1093.0000000000
11421  -35.738  21.180  18.509 1112.0000000000
11  -46.724  -39.441  -0.872 1118.0000000000
14075  -13.845  -88.644  -14.422 1125.0000000000
14080  -37.391  75.605  -4.911 1126.0000000000
145  -4.796  18.101  28.585 1127.0000000000
1246  -8.590  46.810  -43.218 1128.0000000000
6372  -0.338  61.350  -32.947 1138.0000000000
8638  -27.939  50.374  13.112 1152.0000000000
12104  -39.872  13.041  -34.095 1163.0000000000
9272  -35.302  -39.538  44.949 1176.0000000000
10193  -47.336  -14.153  28.739 1186.0000000000
7408  -17.939  -39.935  41.943 1196.0000000000
12106  -0.961  -35.140  4.037 1226.0000000000
12591  -30.886  -16.674  -22.741 1229.0000000000
13948  0.571  -50.661  -6.480 1233.0000000000
5835  0.598  -63.640  1.549 1250.0000000000
12105  -54.959  32.331  -17.023 1268.0000000000
8377  -28.480  37.765  -59.811 1275.0000000000
5080  -38.311  -17.343  18.089 1287.0000000000
7859  -0.156  78.394  -32.647 1300.0000000000
10291  -27.050  73.798  -3.744 1313.0000000000
13714  -27.756  0.170  -31.115 1318.0000000000
14334  -52.397  26.692  -42.438 1333.0000000000
5082  -16.493  -59.424  -30.279 1337.0000000000
9845  -11.626  -9.094  -27.758 1355.0000000000
13476  -22.619  -82.042  -3.466 1362.0000000000
5836  1.345  -63.638  5.642 1387.0000000000
5081  -41.162  -18.709  18.667 1420.0000000000
7015  -17.490  74.271  13.974 1423.0000000000
4605  -5.019  34.644  32.564 1442.0000000000
8378  -26.190  37.158  -59.215 1453.0000000000
7014  -12.148  -16.649  46.872 1472.0000000000
5247  -31.314  -8.778  -49.277 1483.0000000000
13475  -29.100  -53.401  37.834 1494.0000000000
13674  -15.816  84.553  -5.876 1496.0000000000
8376  -14.009  24.876  -39.044 1501.0000000000
4607  -18.430  61.801  13.323 1507.0000000000
9262  -0.863  -45.830  -11.816 1509.0000000000
5248  -31.598  -44.573  -36.390 1514.0000000000
2450  -40.736  21.751  39.219 1522.0000000000
7483  -21.321  26.567  50.513 1528.0000000000
7424  -2.626  -18.562  6.645 1537.0000000000
4606  -2.493  35.271  33.175 1569.0000000000
9208  -13.822  -33.180  -18.644 1579.0000000000
9209  -19.579  -52.868  -14.779 1618.0000000000
8789  -28.724  73.694  -2.370 1623.0000000000
13873  -14.639  -57.017  13.989 1633.0000000000
13881  -13.585  -56.688  15.885 1635.0000000000
4659  -3.535  70.317  -3.103 1640.0000000000
4318  -30.353  77.362  -19.667 1647.0000000000
2603  -24.014  -4.390  55.835 1649.0000000000
12110  -11.222  -38.437  -14.298 1656.0000000000
11620  -47.515  -49.547  -22.298 1664.0000000000
12032  -1.418  79.543  -40.248 1668.0000000000
13800  -36.799  21.040  43.486 1673.0000000000
10679  -42.134  -53.897  -16.869 1680.0000000000
4317  -29.423  76.233  -18.527 1702.0000000000
3083  -64.576  11.821  1.117 1711.0000000000
3082  -65.214  10.055  4.127 1712.0000000000
9546  0.382  -79.321  -25.310 1742.0000000000
11562  -63.997  -16.273  20.003 1747.0000000000
9545  -59.471  -10.749  -18.000 1757.0000000000
12776  -44.310  -37.565  4.264 1761.0000000000
4658  -24.440  -2.867  -30.186 1789.0000000000
2604  -24.299  -18.419  -41.142 1799.0000000000
2602  -19.086  -4.452  57.225 1805.0000000000
3084  -12.707  -3.889  19.934 1809.0000000000
8288  -52.409  32.723  19.961 1826.0000000000
11619  -47.772  3.281  28.647 1844.0000000000
12031  -45.822  -47.492  -21.732 1852.0000000000
10668  -36.800  14.584  31.256 1864.0000000000
6793  -14.860  -71.206  8.800 1872.0000000000
10457  -16.811  -46.618  -8.959 1897.0000000000
10456  -16.590  -47.189  -7.982 1898.0000000000
9956  -3.856  -15.854  26.814 1915.0000000000
13755  -27.826  38.689  -44.404 1922.0000000000
13756  -20.342  -56.748  37.568 1923.0000000000
14394  -57.649  -13.837  -0.318 1944.0000000000
12691  -40.769  -59.813  -33.214 1950.0000000000
8546  -3.327  -44.304  -8.915 1971.0000000000
7189  -37.116  1.501  26.610 1979.0000000000
8453  -33.221  -2.336  20.870 1983.0000000000
8655  -64.690  -31.176  6.075 1988.0000000000
10458  -20.085  -77.826  -5.398 2006.0000000000
13754  -29.638  38.318  -44.790 2031.0000000000
13793  -54.180  28.799  13.316 2034.0000000000
14503  -0.419  58.371  -0.846 2042.0000000000
14402  -11.075  23.750  -38.942 2049.0000000000
6792  -20.659  -52.780  28.566 2057.0000000000
9433  -61.280  -1.726  3.826 2060.0000000000
7771  -9.026  -46.435  -21.825 2062.0000000000
10680  -67.950  -26.840  -19.397 2078.0000000000
12628  -48.006  23.535  -24.517 2087.0000000000
12030  -3.891  71.173  -46.292 2093.0000000000
1921  -47.466  -11.243  44.222 2112.0000000000
9053  -41.484  -30.612  -36.011 2127.0000000000
5834  -15.845  -21.286  51.024 2130.0000000000
8996  -53.748  0.467  -42.308 2144.0000000000
13094  -14.310  60.545  27.241 2151.0000000000
4718  -57.254  -41.612  21.932 2176.0000000000
1922  -46.555  -14.220  44.764 2182.0000000000
4717  -23.513  -68.300  -38.846 2188.0000000000
1920  -24.337  6.401  -58.874 2197.0000000000
9434  -58.387  10.062  -2.646 2222.0000000000
9334  -51.586  -50.908  21.628 2235.0000000000
11039  -53.851  -42.263  -12.330 2238.0000000000
10992  -24.882  15.379  -41.221 2245.0000000000
5833  -20.631  43.695  19.755 2278.0000000000
9385  -6.710  60.392  -40.141 2297.0000000000
8722  -28.243  10.490  -45.408 2300.0000000000
4716  -25.118  -67.276  -39.257 2326.0000000000
3488  -0.097  -43.018  10.595 2329.0000000000
8975  0.505  29.506  0.585 2332.0000000000
11414  -30.052  -10.251  40.460 2347.0000000000
10657  -37.404  74.278  -3.389 2349.0000000000
6689  -37.313  62.252  9.127 2374.0000000000
8339  0.597  -0.166  36.135 2386.0000000000
4750  -16.646  -70.995  8.754 2395.0000000000
3607  -7.824  -37.561  52.638 2403.0000000000
10075  -55.823  -20.681  15.103 2408.0000000000
10231  -45.450  32.458  -57.216 2411.0000000000
9409  -9.979  38.748  -41.849 2425.0000000000
5898  -1.439  78.470  -12.000 2427.0000000000
5897  -3.188  77.716  -12.877 2443.0000000000
10022  -50.090  50.281  3.183 2455.0000000000
11415  -62.149  -32.267  -24.922 2471.0000000000
11600  -6.101  -58.433  15.954 2480.0000000000
5636  -25.048  -52.439  32.863 2497.0000000000
1986  -62.238  -8.269  -3.001 2505.0000000000
2300  -63.303  -11.337  -46.388 2509.0000000000
9386  -2.665  66.338  -11.659 2521.0000000000
9387  -38.458  -50.712  1.019 2525.0000000000
10232  -13.389  -15.851  -33.438 2530.0000000000
10678  -28.926  -5.190  -49.679 2541.0000000000
11744  -7.513  -16.092  59.832 2544.0000000000
14720  -41.679  2.687  45.482 2546.0000000000
3415  -32.084  18.611  -8.141 2564.0000000000
10233  -39.815  -53.621  31.724 2586.0000000000
10005  -39.225  -0.017  -54.776 2596.0000000000
1985  -56.461  -8.216  -5.122 2611.0000000000
4999  -1.856  28.093  -20.829 2619.0000000000
1821  -34.768  31.473  11.363 2620.0000000000
10131  -15.313  -43.319  39.380 2649.0000000000
10028  -29.993  58.512  20.439 2657.0000000000
410  -48.243  -33.173  -8.561 2660.0000000000
411  -14.130  -19.937  21.530 2661.0000000000
1984  -57.780  -6.692  -5.050 2678.0000000000
2140  -15.926  -57.733  -11.288 2680.0000000000
10133  -49.986  23.219  -0.316 2705.0000000000
5203  -16.509  82.694  0.750 2707.0000000000
10737  -62.819  4.106  -44.791 2714.0000000000
10132  -39.038  2.434  -44.190 2720.0000000000
2694  -24.529  -17.407  -25.530 2750.0000000000
3270  -38.172  2.507  -24.801 2757.0000000000
8327  -9.138  -56.560  19.225 2763.0000000000
4017  -26.973  -59.893  12.049 2769.0000000000
1822  -32.404  31.758  10.418 2774.0000000000
297  -5.570  12.575  -33.612 2775.0000000000
686  -54.971  -52.405  -22.335 2804.0000000000
5912  -32.245  -6.722  -50.497 2810.0000000000
2829  -29.931  54.824  17.821 2813.0000000000
412  -13.935  -21.482  23.985 2817.0000000000
4016  -27.909  -60.767  10.750 2850.0000000000
12672  -25.640  -68.069  16.687 2863.0000000000
3271  -37.887  -1.529  -23.617 2875.0000000000
2693  -26.444  -18.708  -25.742 2881.0000000000
3269  -37.232  -1.102  -22.859 2907.0000000000
298  -40.322  -43.474  -22.540 2913.0000000000
12673  -43.324  16.991  32.402 2919.0000000000
10086  -28.919  -73.541  5.844 2920.0000000000
11456  -13.728  68.707  -40.597 2937.0000000000
8326  -1.542  -16.353  27.684 2955.0000000000
8349  -11.043  35.576  44.391 2956.0000000000
138  -0.460  65.110  20.897 2960.0000000000
1417  -48.358  -48.097  -30.886 2980.0000000000
10087  -3.090  33.591  48.957 2982.0000000000
8274  -22.710  9.408  48.516 3001.0000000000
11026  -54.021  -13.123  -17.089 3004.0000000000
11024  -32.087  -14.758  -0.096 3014.0000000000
296  -2.505  12.913  -34.957 3015.0000000000
137  -5.884  55.055  -42.427 3031.0000000000
758  -23.672  3.627  -31.455 3042.0000000000
2828  -28.491  54.029  15.012 3051.0000000000
139  0.175  60.911  20.809 3074.0000000000
10855  -17.448  29.014  -45.187 3081.0000000000
12715  -10.251  16.506  22.998 3093.0000000000
9793  -0.320  -63.516  -1.436 3110.0000000000
11025  -50.521  -49.645  -34.978 3131.0000000000
4012  -34.078  -72.728  -39.324 3146.0000000000
3731  -26.116  81.805  -9.033 3164.0000000000
2827  -44.261  39.708  -10.677 3182.0000000000
8273  -20.313  9.751  49.329 3184.0000000000
1418  -38.202  29.291  -32.807 3192.0000000000
8275  -21.564  8.763  47.232 3197.0000000000
11044  -29.009  -9.314  -48.149 3201.0000000000
12843  -64.713  -0.902  -3.860 3208.0000000000
757  -25.099  3.731  -31.798 3218.0000000000
3402  -27.784  -68.852  -38.970 3228.0000000000
3075  -20.949  -21.228  -18.407 3247.0000000000
4251  -14.804  -60.134  16.603 3256.0000000000
4107  -36.641  19.180  42.047 3279.0000000000
3761  -61.143  -44.885  -15.636 3295.0000000000
3403  -29.399  -67.941  -38.099 3300.0000000000
8939  -13.690  43.464  42.801 3331.0000000000
11873  -41.675  23.655  -61.912 3335.0000000000
14241  -47.016  58.149  -2.393 3337.0000000000
13506  -0.286  -43.336  20.315 3345.0000000000
13822  -41.226  41.444  -48.886 3348.0000000000
3401  -30.363  -68.059  -38.970 3362.0000000000
1419  -39.207  27.040  -31.432 3374.0000000000
3547  -59.852  6.735  -48.830 3376.0000000000
949  -7.567  -25.802  -19.405 3396.0000000000
13507  -56.274  -0.610  13.485 3418.0000000000
3760  -39.667  -45.849  -27.270 3434.0000000000
3971  -18.649  -20.642  43.232 3439.0000000000
7230  -28.198  -38.936  34.984 3443.0000000000
4398  -66.088  7.868  -35.244 3454.0000000000
8089  -36.683  16.713  -3.113 3455.0000000000
5395  -24.692  62.335  -34.560 3481.0000000000
950  -26.712  -44.989  -17.408 3535.0000000000
2553  -19.040  83.032  -32.483 3546.0000000000
13508  -59.089  -2.149  11.770 3560.0000000000
14325  -46.078  65.311  -19.319 3569.0000000000
14307  -44.950  10.022  40.009 3581.0000000000
14642  -23.592  63.635  24.029 3586.0000000000
14753  -38.045  8.008  -56.517 3593.0000000000
581  -38.070  -73.502  -6.541 3613.0000000000
3920  -47.110  27.604  28.211 3626.0000000000
2554  -26.720  33.638  -36.594 3631.0000000000
5396  -21.504  -50.708  -33.431 3634.0000000000
107  -59.338  -44.211  5.054 3653.0000000000
105  -61.762  -41.328  1.570 3659.0000000000
514  -11.046  -17.227  -27.980 3668.0000000000
1630  -53.971  -3.467  -41.185 3670.0000000000
5323  -37.330  78.512  -19.532 3675.0000000000
7915  -11.034  84.393  3.072 3677.0000000000
580  -35.742  -71.141  -7.945 3683.0000000000
13821  -5.245  56.432  0.763 3708.0000000000
1631  -56.638  -4.644  -41.677 3737.0000000000
582  -34.975  -73.461  -7.588 3759.0000000000
2552  -33.749  -4.389  0.014 3764.0000000000
513  -10.653  -18.836  -29.284 3785.0000000000
106  -59.878  -43.731  7.660 3799.0000000000
1632  -56.554  -4.868  -40.318 3810.0000000000
9223  -54.247  -37.837  -18.679 3826.0000000000
8465  -1.995  9.444  25.251 3834.0000000000
12135  -24.562  -66.295  9.648 3852.0000000000
186  -26.645  -56.790  34.479 3859.0000000000
515  -54.379  -50.382  -20.346 3865.0000000000
5324  -32.001  34.469  -13.138 3877.0000000000
7914  -11.314  85.578  0.114 3882.0000000000
12897  -1.935  6.273  -33.742 3901.0000000000
11177  -11.506  -31.197  16.660 3911.0000000000
9426  -35.571  2.961  -1.805 3944.0000000000
12404  -26.629  10.822  -46.152 3964.0000000000
12403  -1.104  7.261  46.851 3982.0000000000
3756  -18.694  -51.050  -14.387 4003.0000000000
10020  -41.017  18.862  -37.443 4014.0000000000
9881  -27.571  -15.405  41.108 4017.0000000000
9224  -0.118  -60.876  -11.854 4019.0000000000
13084  -22.358  -67.299  -30.941 4045.0000000000
11683  -55.534  -50.186  12.489 4056.0000000000
9945  -9.542  16.696  25.825 4064.0000000000
3757  -22.661  -10.803  35.867 4066.0000000000
8121  -56.729  8.081  -27.124 4090.0000000000
9222  -56.625  -38.883  -17.615 4092.0000000000
12405  -31.556  1.715  -35.374 4103.0000000000
14138  -56.712  28.371  12.350 4112.0000000000
11423  -5.807  36.346  -44.483 4144.0000000000
10019  -6.968  16.490  -32.695 4147.0000000000
13284  -28.582  6.665  50.843 4149.0000000000
11176  -44.393  6.568  38.066 4157.0000000000
13085  -25.902  -67.873  -30.661 4169.0000000000
13328  -25.192  -16.033  45.234 4173.0000000000
11425  -30.943  76.232  -2.045 4202.0000000000
12886  -63.677  -18.951  9.232 4217.0000000000
11492  -28.209  -25.429  36.725 4223.0000000000
13923  -22.045  27.893  -45.674 4237.0000000000
14161  -52.592  -1.873  -5.865 4239.0000000000
14211  -27.004  -75.715  -5.462 4242.0000000000
12480  -45.530  -34.517  -43.181 4279.0000000000
11424  -3.311  39.833  -46.267 4281.0000000000
14057  2.372  -18.262  -9.944 4305.0000000000
14223  -24.723  59.685  0.420 4313.0000000000
13929  -26.687  81.998  -11.946 4315.0000000000
12646  -54.757  -1.665  -54.928 4338.0000000000
12481  -46.513  -33.923  -44.828 4349.0000000000
12528  -61.305  -44.110  -5.753 4353.0000000000
14056  -24.016  68.314  1.369 4359.0000000000
14212  -62.530  -16.348  22.831 4373.0000000000
12482  -49.044  -32.326  -45.746 4395.0000000000
1183  -4.162  24.610  -26.877 4407.0000000000
6486  -5.101  -47.179  40.071 4417.0000000000
5831  0.898  -61.674  -2.069 4419.0000000000
9775  -53.475  14.954  -13.321 4424.0000000000
1184  -2.165  24.929  -26.469 4454.0000000000
6399  -42.433  9.556  -22.056 4473.0000000000
9814  -47.375  38.253  -39.043 4488.0000000000
6487  -6.616  -45.168  36.068 4491.0000000000
1185  -14.321  -75.195  11.380 4498.0000000000
2286  1.632  18.357  -12.603 4503.0000000000
7457  -51.600  -48.132  23.401 4520.0000000000
5830  0.685  -57.031  -0.993 4530.0000000000
5829  -59.265  -29.058  -33.873 4533.0000000000
2285  1.842  21.243  -10.553 4578.0000000000
7456  -40.021  -23.838  -40.097 4579.0000000000
9774  -32.081  32.529  -41.486 4592.0000000000
1955  -7.111  -46.998  -24.790 4609.0000000000
1954  -10.660  -45.111  -27.126 4616.0000000000
4815  -10.173  -47.625  15.297 4619.0000000000
8723  -26.976  9.408  -45.954 4640.0000000000
13877  -16.076  74.913  16.127 4644.0000000000
9005  -26.645  -36.602  52.477 4657.0000000000
6746  -59.184  -40.312  18.537 4670.0000000000
8141  -26.415  -28.706  50.143 4690.0000000000
8228  -22.233  18.898  -66.588 4692.0000000000
9567  -2.766  -48.416  39.212 4698.0000000000
6932  -53.272  3.057  -59.759 4708.0000000000
5115  -0.387  57.751  -39.448 4735.0000000000
9006  -26.512  -39.573  51.302 4737.0000000000
750  -12.135  -25.912  47.995 4771.0000000000
8139  -9.236  -35.778  22.042 4788.0000000000
748  -54.360  -55.649  -6.936 4791.0000000000
10164  -1.583  22.152  -18.333 4816.0000000000
8140  -9.267  -37.074  25.725 4829.0000000000
4105  -4.975  -35.798  14.495 4840.0000000000
749  -59.483  27.760  2.743 4841.0000000000
14591  -1.784  18.572  -28.442 4870.0000000000
13395  -63.998  -3.837  -6.814 4872.0000000000
2878  -40.302  22.869  -57.003 4905.0000000000
13103  -16.601  -29.092  -22.249 4906.0000000000
11727  -53.477  -27.579  -14.820 4921.0000000000
