#!ascii label  , from subject FreeSurferMNI152 vox2ras=TkReg
1770
55190  -5.957  -19.308  27.258 1
55191  -7.209  -19.123  26.549 2
55192  -8.589  -18.990  25.831 3
55193  -9.979  -18.878  25.195 4
55194  -10.929  -18.980  24.793 5
55203  -10.685  -18.550  24.486 6
55204  -11.483  -18.812  24.001 7
55205  -12.221  -19.172  23.518 8
55215  -12.012  -18.617  23.077 9
55216  -12.679  -19.132  22.666 10
55229  -13.142  -19.033  21.803 11
55230  -13.609  -19.303  21.435 12
55231  -14.137  -19.490  21.232 13
56392  -3.983  -18.718  28.065 14
56393  -5.227  -18.882  27.377 15
56403  -5.012  -18.299  27.214 16
56404  -6.239  -18.426  26.588 17
56405  -7.882  -18.173  25.667 18
56406  -9.222  -18.264  25.070 19
56407  -10.092  -18.279  24.561 20
56416  -8.813  -17.587  24.791 21
56417  -9.750  -17.747  24.291 22
56418  -10.727  -17.975  23.758 23
56419  -11.470  -18.221  23.282 24
56429  -11.233  -17.759  22.976 25
56430  -11.774  -17.977  22.567 26
56431  -12.272  -18.428  22.394 27
56442  -12.152  -17.985  21.934 28
56443  -12.657  -18.425  21.706 29
56444  -13.272  -18.617  21.046 30
56445  -13.790  -18.987  20.895 31
56458  -13.699  -18.454  20.549 32
56459  -14.168  -18.725  20.575 33
57584  -2.652  -17.966  28.221 34
57585  -4.116  -17.747  27.526 35
57597  -5.381  -17.577  26.639 36
57598  -6.845  -17.377  25.728 37
57599  -7.985  -17.380  25.174 38
57611  -7.678  -16.859  25.058 39
57612  -8.447  -16.952  24.548 40
57613  -9.353  -17.052  23.937 41
57614  -10.132  -17.360  23.601 42
57627  -9.990  -16.855  23.225 43
57628  -10.724  -17.182  22.805 44
57629  -11.362  -17.476  22.438 45
57640  -11.230  -17.075  22.014 46
57641  -11.728  -17.450  21.773 47
57642  -12.271  -17.642  21.207 48
57643  -12.780  -18.032  20.940 49
57654  -12.595  -17.529  20.588 50
57655  -13.191  -17.771  20.299 51
57656  -13.882  -17.995  20.101 52
57657  -14.369  -18.023  20.107 53
57666  -2.760  -20.123  17.511 54
57669  -13.582  -17.384  19.702 55
57670  -14.084  -17.417  19.637 56
57671  -14.503  -17.295  19.758 57
58840  -0.045  -16.861  27.036 58
58841  -0.307  -17.325  27.261 59
58842  -1.678  -17.108  27.882 60
58843  -3.122  -17.187  27.747 61
58856  0.305  -17.140  26.425 62
58857  0.184  -17.635  26.622 63
58858  -2.859  -16.500  27.534 64
58859  -4.275  -16.785  26.956 65
58860  -5.707  -16.639  26.039 66
58873  0.594  -17.126  25.068 67
58874  -6.891  -16.401  25.257 68
58875  -7.947  -16.232  24.509 69
58876  -8.779  -16.510  23.960 70
58888  0.676  -17.387  23.394 71
58889  0.521  -17.706  21.617 72
58890  -8.629  -15.934  23.701 73
58891  -9.422  -16.307  23.220 74
58892  -10.182  -16.411  22.542 75
58905  0.243  -18.386  20.079 76
58906  -0.388  -19.062  18.703 77
58907  -1.345  -19.711  18.063 78
58908  -10.812  -16.549  21.885 79
58909  -11.449  -16.742  21.153 80
58910  -11.870  -17.191  21.118 81
58922  -0.531  -18.878  18.326 82
58923  -1.347  -19.521  17.879 83
58924  -11.631  -16.516  20.620 84
58925  -12.069  -16.870  20.394 85
58926  -12.679  -17.255  20.168 86
58937  -2.459  -19.926  17.380 87
58938  -3.664  -20.032  17.266 88
58939  -12.284  -16.461  19.736 89
58940  -12.898  -16.737  19.515 90
58941  -13.720  -16.856  19.206 91
58942  -14.244  -16.771  19.261 92
58943  -14.660  -16.599  19.329 93
58954  -2.650  -19.904  17.164 94
58955  -3.519  -19.918  17.062 95
58957  -13.015  -16.234  18.949 96
58958  -13.407  -16.255  18.829 97
58959  -14.003  -16.252  18.771 98
58960  -14.376  -16.220  18.938 99
60078  0.053  -16.516  26.883 100
60079  -0.425  -16.521  27.370 101
60080  -0.917  -16.697  27.679 102
60097  0.342  -16.216  26.142 103
60098  -0.236  -15.895  27.156 104
60099  -1.561  -15.969  27.528 105
60100  -3.745  -15.652  26.795 106
60101  -4.916  -16.129  26.333 107
60116  0.673  -16.290  24.555 108
60117  -4.449  -15.061  26.175 109
60118  -5.804  -15.437  25.473 110
60119  -7.127  -15.825  24.829 111
60131  0.692  -16.544  22.541 112
60132  0.557  -17.101  21.584 113
60133  -6.667  -14.784  24.522 114
60134  -7.660  -15.250  24.067 115
60135  -9.134  -15.404  22.741 116
60136  -9.771  -15.938  22.522 117
60146  0.630  -16.168  21.786 118
60147  0.474  -17.070  20.685 119
60148  0.188  -18.143  19.523 120
60149  -9.566  -15.087  21.932 121
60150  -10.280  -15.625  21.609 122
60151  -10.979  -16.220  21.232 123
60162  0.423  -16.965  19.689 124
60163  0.078  -17.972  18.827 125
60164  -0.610  -18.820  18.122 126
60165  -10.699  -15.331  20.685 127
60166  -11.363  -15.922  20.335 128
60167  -11.985  -16.287  19.913 129
60178  -0.021  -17.893  18.222 130
60179  -0.647  -18.834  17.867 131
60180  -11.680  -15.466  19.532 132
60181  -12.226  -15.860  19.244 133
60182  -12.772  -16.162  19.027 134
60183  -14.872  -16.185  19.208 135
60195  -1.378  -19.501  17.421 136
60196  -2.459  -19.815  17.196 137
60197  -12.553  -15.395  18.693 138
60198  -12.960  -15.699  18.587 139
60199  -13.780  -15.554  18.285 140
60200  -14.277  -15.668  18.507 141
60201  -14.636  -15.851  18.842 142
60202  -14.889  -15.702  18.997 143
60213  -1.090  -19.390  17.387 144
60214  -2.238  -19.744  17.143 145
60215  -14.066  -15.124  18.028 146
60216  -14.142  -15.341  18.218 147
61432  0.024  -15.403  26.675 148
61433  -0.777  -15.082  27.217 149
61434  -2.286  -14.792  27.037 150
61435  -3.663  -14.798  26.537 151
61450  0.405  -15.289  25.750 152
61451  -3.206  -14.238  26.542 153
61452  -4.502  -14.369  25.824 154
61453  -5.937  -14.280  24.814 155
61471  0.711  -15.276  24.242 156
61472  -7.094  -14.164  23.802 157
61473  -8.349  -14.396  22.792 158
61474  -9.158  -14.729  22.125 159
61490  0.736  -15.388  22.670 160
61491  0.587  -15.687  21.405 161
61492  -8.971  -14.194  21.907 162
61493  -9.673  -14.562  21.335 163
61494  -10.338  -14.945  20.829 164
61511  0.523  -16.030  20.183 165
61512  0.443  -16.755  19.241 166
61513  -10.210  -14.381  20.546 167
61514  -10.809  -14.791  20.030 168
61515  -11.375  -15.146  19.626 169
61529  0.508  -15.909  19.316 170
61530  0.318  -16.848  18.449 171
61531  -0.027  -17.811  17.935 172
61532  -11.266  -14.606  19.325 173
61533  -11.773  -14.892  18.999 174
61534  -12.292  -15.127  18.709 175
61547  0.229  -17.126  17.735 176
61548  -0.231  -18.234  17.582 177
61549  -12.202  -14.573  18.417 178
61550  -12.705  -14.868  18.301 179
61551  -13.328  -14.869  18.013 180
61552  -13.807  -14.956  17.949 181
61553  -14.516  -15.407  18.518 182
61554  -14.734  -15.128  18.593 183
61566  0.128  -17.375  17.345 184
61567  -0.262  -18.336  17.284 185
61568  -13.676  -14.472  17.863 186
61569  -14.014  -14.623  17.954 187
61570  -14.359  -14.967  18.230 188
61571  -14.600  -14.722  18.325 189
61580  -0.256  -18.535  17.102 190
62718  -0.200  -14.764  26.567 191
62719  -1.020  -14.174  27.015 192
62720  -2.236  -13.945  26.784 193
62738  0.141  -14.011  25.863 194
62739  -1.479  -13.283  26.740 195
62740  -3.293  -13.405  26.233 196
62741  -5.056  -13.332  25.112 197
62742  -6.206  -13.596  24.228 198
62760  0.799  -14.228  23.965 199
62761  -5.908  -12.976  24.184 200
62762  -6.834  -13.193  23.421 201
62763  -7.691  -13.656  22.908 202
62781  0.698  -14.458  22.307 203
62782  0.536  -15.033  21.059 204
62783  -7.600  -13.053  22.640 205
62784  -8.430  -13.438  22.030 206
62785  -9.187  -13.803  21.388 207
62803  0.547  -14.229  21.393 208
62804  0.501  -14.784  20.222 209
62805  -9.053  -13.187  21.195 210
62806  -9.755  -13.588  20.570 211
62807  -10.440  -13.986  20.016 212
62824  0.524  -15.107  18.749 213
62825  0.397  -16.158  17.977 214
62826  -10.356  -13.365  19.782 215
62827  -11.004  -13.781  19.171 216
62828  -11.445  -14.314  18.950 217
62848  0.485  -15.462  17.808 218
62849  0.356  -16.249  17.416 219
62850  -11.412  -13.341  18.488 220
62851  -11.763  -13.915  18.412 221
62852  -12.556  -13.943  17.933 222
62853  -12.980  -14.407  17.958 223
62854  -14.715  -14.350  18.387 224
62855  -14.922  -14.696  18.710 225
62874  0.256  -16.839  16.906 226
62875  0.002  -17.844  17.011 227
62876  -12.876  -13.435  17.629 228
62877  -13.265  -13.907  17.726 229
62878  -13.819  -13.945  17.817 230
62879  -14.213  -14.184  18.009 231
62880  -14.487  -14.409  18.201 232
62893  0.307  -16.442  16.266 233
62894  0.139  -17.537  16.706 234
62902  0.368  -16.360  15.681 235
62903  0.266  -17.185  16.278 236
62911  0.448  -15.281  13.928 237
62912  0.440  -15.788  14.839 238
63988  0.464  -13.067  25.027 239
63989  -0.517  -12.635  26.198 240
63990  -2.351  -12.294  26.376 241
63991  -3.955  -12.597  25.670 242
64001  0.683  -13.324  23.598 243
64002  -3.625  -11.882  25.647 244
64003  -5.046  -12.198  24.666 245
64004  -6.174  -12.524  23.695 246
64013  0.640  -13.403  22.367 247
64014  -5.937  -11.922  23.632 248
64015  -6.992  -12.267  22.833 249
64016  -7.917  -12.657  22.181 250
64026  0.546  -13.501  21.197 251
64027  0.509  -13.705  19.965 252
64028  -7.815  -12.040  22.017 253
64029  -8.515  -12.479  21.429 254
64030  -9.274  -12.595  20.619 255
64040  0.521  -13.566  18.948 256
64041  -9.932  -12.691  19.908 257
64042  -10.546  -12.772  19.242 258
64058  0.527  -14.409  17.735 259
64059  0.477  -15.386  17.447 260
64060  -11.115  -12.771  18.572 261
64061  -11.747  -12.840  17.922 262
64062  -12.134  -13.417  17.895 263
64063  -14.677  -13.492  18.409 264
64078  0.468  -14.283  16.715 265
64079  0.431  -15.428  17.052 266
64080  -12.112  -12.380  17.477 267
64081  -12.495  -12.887  17.558 268
64082  -13.104  -12.965  17.506 269
64083  -13.570  -13.105  17.609 270
64084  -14.004  -13.323  17.861 271
64085  -14.411  -13.759  18.135 272
64100  0.431  -14.269  15.868 273
64101  0.402  -15.429  16.385 274
64114  0.407  -14.304  15.074 275
64115  0.372  -15.335  15.712 276
64122  0.421  -14.481  14.251 277
64123  0.390  -15.245  15.105 278
64129  0.466  -14.219  13.183 279
64131  0.583  -13.490  11.074 280
64132  0.523  -14.133  12.324 281
64135  0.350  -13.304  9.565 282
64138  -0.288  -13.209  8.429 283
64139  -1.218  -13.225  7.837 284
64140  -2.288  -13.401  8.077 285
64141  -3.220  -13.655  7.967 286
64142  -3.849  -13.939  7.837 287
65183  0.546  -12.406  24.474 288
65184  0.077  -12.064  25.495 289
65185  -1.037  -11.624  26.142 290
65195  0.673  -12.511  23.475 291
65196  -2.537  -11.268  25.990 292
65197  -4.002  -11.185  25.224 293
65205  0.655  -12.472  22.377 294
65206  -5.210  -11.226  24.175 295
65207  -6.223  -11.290  23.158 296
65216  0.590  -12.473  21.033 297
65217  0.489  -12.845  19.872 298
65218  -7.235  -11.340  22.296 299
65219  -8.199  -11.432  21.418 300
65220  -8.872  -11.893  20.790 301
65230  0.521  -12.081  20.261 302
65231  0.480  -12.446  19.328 303
65232  -8.830  -11.219  20.656 304
65233  -9.521  -11.653  19.991 305
65234  -10.175  -12.092  19.397 306
65244  0.512  -12.917  18.301 307
65245  -10.153  -11.429  19.203 308
65246  -10.640  -11.893  18.688 309
65247  -11.248  -11.968  18.010 310
65260  0.526  -13.128  17.264 311
65261  -11.815  -11.871  17.518 312
65262  -12.400  -11.862  17.241 313
65263  -12.913  -12.204  17.218 314
65264  -13.326  -12.284  17.417 315
65265  -13.710  -12.203  17.616 316
65266  -14.212  -12.709  18.034 317
65281  0.524  -13.051  16.233 318
65282  -12.822  -11.559  17.067 319
65283  -13.150  -11.650  17.192 320
65284  -13.438  -11.683  17.365 321
65285  -13.611  -11.586  17.481 322
65302  0.472  -13.226  15.269 323
65309  0.444  -13.295  14.338 324
65313  0.566  -12.238  12.410 325
65314  0.466  -13.286  13.323 326
65317  0.622  -12.250  11.154 327
65318  0.549  -13.263  12.234 328
65321  0.442  -12.235  9.847 329
65323  -0.115  -12.194  8.701 330
65324  -0.996  -12.222  7.985 331
65325  -1.956  -12.348  7.825 332
65326  -2.981  -12.623  8.151 333
65327  -3.829  -13.076  7.936 334
65328  -4.127  -13.695  7.884 335
65330  -4.338  -13.118  8.056 336
65331  -4.368  -13.650  7.859 337
65333  -4.563  -13.009  8.031 338
65334  -4.640  -13.457  7.946 339
65335  -4.610  -13.743  7.883 340
66356  0.628  -12.006  24.173 341
66357  0.443  -11.631  24.842 342
66358  -0.173  -11.264  25.647 343
66368  0.670  -11.583  23.771 344
66369  0.243  -10.659  25.062 345
66370  -1.196  -10.558  26.021 346
66371  -2.906  -10.356  25.680 347
66381  0.699  -11.458  22.460 348
66382  -4.291  -10.355  24.750 349
66383  -5.416  -10.427  23.686 350
66392  0.646  -11.351  21.243 351
66393  -6.454  -10.458  22.692 352
66394  -7.488  -10.504  21.810 353
66402  0.501  -11.354  19.964 354
66403  0.459  -11.960  18.843 355
66404  -8.370  -10.496  21.006 356
66405  -9.146  -10.535  20.228 357
66415  0.432  -11.093  18.868 358
66416  0.490  -12.019  17.936 359
66417  -9.854  -10.642  19.419 360
66418  -10.502  -10.821  18.600 361
66419  -10.934  -11.286  18.138 362
66420  -14.182  -11.828  18.164 363
66432  0.468  -10.933  17.655 364
66433  0.551  -12.095  16.902 365
66434  -10.936  -10.661  17.973 366
66435  -11.385  -11.047  17.623 367
66436  -12.004  -11.067  17.251 368
66437  -13.651  -11.320  17.554 369
66438  -13.877  -11.693  17.821 370
66447  0.566  -11.277  16.287 371
66448  0.584  -12.157  16.229 372
66449  -12.530  -11.031  17.089 373
66450  -12.964  -11.043  17.091 374
66451  -13.267  -11.151  17.275 375
66452  -13.484  -11.289  17.377 376
66467  0.585  -11.231  15.113 377
66468  0.587  -12.199  15.604 378
66476  0.528  -11.229  13.975 379
66477  0.549  -12.239  14.629 380
66484  0.594  -11.214  12.773 381
66485  0.518  -12.250  13.565 382
66488  0.657  -11.178  11.473 383
66490  0.554  -11.120  10.117 384
66492  0.018  -11.111  8.969 385
66493  -0.801  -11.182  8.211 386
66494  -1.708  -11.325  7.937 387
66495  -2.570  -11.562  8.061 388
66496  -3.371  -11.877  8.303 389
66498  -3.954  -12.191  8.193 390
66500  -3.992  -11.684  8.371 391
66501  -4.224  -12.013  8.311 392
66502  -4.351  -12.539  8.153 393
66506  -2.872  -11.401  8.133 394
66507  -2.947  -11.619  8.184 395
66508  -3.194  -11.924  8.006 396
66509  -3.646  -12.385  8.107 397
66510  -4.033  -12.386  8.141 398
66511  -4.280  -12.444  8.160 399
67533  0.641  -10.555  23.760 400
67534  0.322  -9.846  24.693 401
67535  -0.622  -9.625  25.527 402
67536  -1.921  -9.744  25.800 403
67547  0.723  -10.462  22.523 404
67548  -1.713  -9.130  25.668 405
67549  -3.230  -9.365  25.249 406
67550  -4.617  -9.728  24.268 407
67561  0.667  -10.390  21.296 408
67562  -4.364  -9.103  24.295 409
67563  -5.489  -9.504  23.297 410
67564  -6.718  -9.622  22.197 411
67575  0.540  -10.244  20.086 412
67576  -7.724  -9.628  21.380 413
67577  -8.632  -9.599  20.620 414
67587  0.402  -10.076  18.905 415
67588  -9.514  -9.528  19.759 416
67589  -10.267  -9.803  18.908 417
67590  -13.709  -10.504  17.914 418
67591  -13.864  -10.962  17.991 419
67601  0.410  -9.872  17.972 420
67602  -10.784  -9.960  18.176 421
67603  -11.245  -10.146  17.703 422
67604  -11.693  -10.278  17.381 423
67605  -13.593  -10.643  17.735 424
67606  -13.759  -11.148  17.733 425
67615  0.490  -10.103  16.936 426
67616  -12.192  -10.299  17.225 427
67617  -12.660  -10.374  17.256 428
67618  -13.045  -10.535  17.335 429
67619  -13.351  -10.708  17.484 430
67632  0.550  -10.210  15.741 431
67637  0.543  -10.221  14.536 432
67644  0.616  -10.209  13.293 433
67647  0.726  -10.166  11.964 434
67649  0.642  -10.078  10.574 435
67651  0.138  -9.905  9.240 436
67652  -0.630  -10.112  8.399 437
67653  -1.494  -10.279  8.212 438
67654  -2.404  -10.516  8.573 439
67655  -3.125  -10.729  8.401 440
67657  -3.632  -11.021  8.320 441
67659  -3.784  -10.701  8.433 442
67660  -3.948  -11.006  8.494 443
67661  -3.944  -11.508  8.426 444
67665  -2.554  -10.099  8.572 445
67666  -2.795  -10.495  8.298 446
67667  -3.078  -10.757  8.239 447
67668  -3.428  -11.140  8.320 448
67669  -3.768  -11.458  8.259 449
68712  0.561  -9.547  23.771 450
68713  0.083  -9.123  24.862 451
68714  -0.815  -8.747  25.457 452
68727  0.711  -9.651  22.518 453
68728  -2.092  -8.505  25.470 454
68729  -3.538  -8.453  24.890 455
68742  0.741  -9.396  21.507 456
68743  -4.788  -8.533  23.847 457
68744  -6.024  -8.620  22.621 458
68745  -7.052  -8.953  21.749 459
68760  0.582  -9.226  20.142 460
68761  -6.843  -8.299  21.795 461
68762  -7.885  -8.541  21.043 462
68763  -8.886  -8.816  20.292 463
68765  -13.840  -10.408  18.321 464
68779  0.369  -9.118  18.862 465
68780  -8.719  -7.947  20.283 466
68781  -9.461  -8.430  19.731 467
68782  -10.076  -8.795  19.123 468
68783  -13.531  -9.919  18.207 469
68784  -13.801  -10.414  18.110 470
68797  0.365  -9.126  17.656 471
68798  -10.682  -9.010  18.468 472
68799  -11.195  -9.264  17.877 473
68800  -11.511  -9.655  17.554 474
68801  -12.823  -9.258  17.824 475
68802  -13.147  -9.774  17.833 476
68816  0.437  -9.196  16.450 477
68817  -11.531  -9.130  17.627 478
68818  -11.846  -9.485  17.480 479
68819  -12.292  -9.615  17.468 480
68820  -12.749  -9.693  17.568 481
68821  -13.102  -10.192  17.505 482
68833  0.519  -9.224  15.215 483
68839  0.633  -9.213  13.939 484
68844  0.761  -9.176  12.591 485
68847  0.746  -9.105  11.178 486
68849  0.432  -9.005  9.868 487
68851  -0.075  -8.881  9.049 488
68852  -0.529  -9.116  8.534 489
68853  -1.321  -9.225  8.363 490
68854  -2.179  -9.371  8.679 491
68855  -2.952  -9.556  8.560 492
68857  -3.422  -9.822  8.450 493
68861  -3.358  -9.105  8.431 494
68862  -3.563  -9.636  8.494 495
68863  -3.800  -9.903  8.501 496
68864  -3.749  -10.162  8.508 497
68871  -2.194  -9.149  8.683 498
68872  -2.437  -9.448  8.449 499
68873  -2.819  -9.667  8.421 500
68874  -3.233  -9.766  8.406 501
68875  -3.577  -10.527  8.360 502
70001  0.354  -8.888  24.269 503
70002  -0.037  -8.455  24.820 504
70003  -1.009  -8.101  25.389 505
70012  0.609  -8.620  23.421 506
70013  -0.234  -7.711  24.808 507
70014  -2.311  -7.588  25.379 508
70015  -3.986  -7.886  24.515 509
70025  0.810  -8.341  21.669 510
70026  -3.766  -7.307  24.623 511
70027  -5.030  -7.665  23.618 512
70028  -6.213  -7.698  22.422 513
70039  0.648  -8.226  20.041 514
70040  -7.074  -7.623  21.563 515
70041  -7.901  -7.388  20.850 516
70042  -13.350  -8.868  18.721 517
70054  0.374  -8.210  18.604 518
70055  -8.628  -7.014  20.226 519
70056  -9.408  -7.435  19.656 520
70057  -9.928  -8.007  19.273 521
70058  -13.119  -8.886  18.383 522
70070  0.313  -8.243  17.277 523
70071  -10.027  -7.401  19.139 524
70072  -10.462  -7.948  18.739 525
70073  -11.063  -8.259  18.143 526
70074  -11.394  -8.176  17.918 527
70075  -12.501  -8.763  17.918 528
70076  -12.806  -8.755  18.129 529
70085  0.360  -8.257  15.991 530
70086  -11.391  -8.683  17.808 531
70087  -11.637  -8.604  17.742 532
70088  -11.952  -8.863  17.661 533
70089  -12.234  -8.924  17.716 534
70093  0.515  -8.234  14.683 535
70096  0.710  -8.191  13.319 536
70098  0.795  -8.134  11.888 537
70101  0.587  -8.068  10.475 538
70103  -0.003  -8.032  9.257 539
70104  -0.618  -7.810  8.675 540
70105  -2.466  -7.671  8.476 541
70106  -2.505  -7.808  8.486 542
70113  -0.441  -8.409  8.713 543
70114  -1.133  -8.288  8.667 544
70115  -2.095  -8.133  8.770 545
70116  -2.738  -8.324  8.608 546
70117  -3.264  -8.663  8.484 547
70127  -3.619  -8.907  8.564 548
70138  -3.110  -8.474  8.472 549
70139  -3.452  -8.588  8.480 550
70140  -3.708  -8.896  8.555 551
70141  -3.933  -9.051  8.532 552
70155  -1.817  -8.626  8.382 553
70156  -2.426  -8.685  8.519 554
70157  -2.848  -8.881  8.430 555
71320  0.589  -7.395  23.439 556
71321  -0.703  -6.769  24.988 557
71322  -2.806  -6.658  25.218 558
71330  0.905  -7.220  21.551 559
71331  -4.356  -6.762  24.266 560
71332  -5.632  -6.824  23.147 561
71333  -6.496  -7.068  22.159 562
71342  0.642  -7.241  19.712 563
71343  -6.312  -6.461  22.396 564
71344  -7.095  -6.657  21.538 565
71345  -7.961  -6.464  20.742 566
71346  -13.030  -7.957  18.838 567
71359  0.350  -7.316  18.212 568
71360  -8.566  -6.276  20.232 569
71361  -9.142  -6.500  19.776 570
71362  -12.763  -7.942  18.560 571
71375  0.273  -7.337  16.877 572
71376  -9.773  -6.690  19.261 573
71377  -10.342  -6.923  18.813 574
71378  -10.835  -7.240  18.415 575
71379  -11.235  -7.512  18.144 576
71380  -11.768  -7.814  18.041 577
71381  -12.006  -8.043  18.045 578
71382  -12.393  -7.836  18.334 579
71390  0.312  -7.283  15.535 580
71391  -11.497  -7.829  17.993 581
71392  -11.730  -8.045  17.942 582
71393  -11.962  -8.479  17.804 583
71396  0.521  -7.219  14.124 584
71398  0.737  -7.155  12.674 585
71400  0.702  -7.100  11.211 586
71403  0.250  -7.070  9.909 587
71413  -0.414  -7.073  8.980 588
71414  -1.322  -7.331  8.917 589
71415  -2.177  -7.373  8.572 590
71416  -2.682  -7.377  8.677 591
71428  -1.892  -7.708  8.655 592
71429  -2.232  -7.654  8.484 593
71430  -3.128  -7.601  8.730 594
71431  -3.459  -7.828  8.642 595
71442  -3.707  -7.399  8.708 596
71443  -3.864  -7.923  8.725 597
71452  -2.915  -7.546  8.681 598
71453  -3.233  -7.649  8.552 599
71454  -3.603  -7.826  8.661 600
71455  -3.801  -8.419  8.636 601
71466  -1.786  -7.644  8.648 602
71467  -2.037  -7.685  8.431 603
71468  -2.648  -7.830  8.425 604
72585  0.459  -5.989  23.528 605
72586  -1.509  -5.803  25.255 606
72587  -3.556  -5.913  24.849 607
72598  0.912  -6.152  21.010 608
72599  -4.813  -6.126  23.988 609
72600  -5.648  -5.905  23.174 610
72601  -12.902  -7.023  19.199 611
72609  0.530  -6.318  19.134 612
72610  -6.493  -5.780  22.177 613
72611  -7.343  -5.718  21.276 614
72612  -8.148  -5.649  20.553 615
72613  -12.736  -7.095  18.922 616
72626  0.293  -6.553  17.766 617
72627  -8.853  -5.691  19.965 618
72628  -9.501  -5.837  19.426 619
72629  -12.268  -6.857  18.551 620
72630  -12.455  -7.072  18.658 621
72643  0.240  -6.355  16.563 622
72644  -10.094  -6.022  18.943 623
72645  -10.617  -6.261  18.582 624
72646  -11.037  -6.562  18.352 625
72647  -11.376  -6.978  18.220 626
72648  -11.684  -7.306  18.186 627
72649  -12.057  -7.003  18.418 628
72650  -12.277  -7.192  18.507 629
72662  0.255  -6.254  15.035 630
72663  -11.569  -7.586  18.077 631
72664  -11.756  -7.742  18.029 632
72672  0.525  -6.177  13.511 633
72674  0.688  -6.119  12.012 634
72676  0.441  -6.094  10.612 635
72686  -0.179  -6.113  9.545 636
72699  -0.910  -6.184  8.855 637
72700  -1.754  -6.325  8.900 638
72701  -2.340  -6.446  8.851 639
72702  -2.908  -6.601  8.847 640
72712  -3.279  -6.848  8.676 641
72713  -3.547  -7.060  8.690 642
72720  -3.584  -6.964  8.696 643
72721  -3.781  -6.827  8.750 644
72726  -2.610  -6.957  8.680 645
72727  -2.913  -6.783  8.658 646
72728  -3.307  -6.731  8.665 647
72734  -1.595  -6.707  8.904 648
72735  -1.562  -6.738  8.688 649
72736  -2.130  -6.711  8.763 650
73828  0.228  -4.769  23.594 651
73829  -0.718  -5.019  24.659 652
73830  -2.556  -5.043  25.072 653
73843  0.704  -5.090  22.118 654
73844  -4.445  -5.198  24.234 655
73845  -5.707  -5.002  23.007 656
73861  0.614  -5.250  20.183 657
73862  -6.655  -4.871  21.890 658
73863  -7.574  -4.819  20.965 659
73864  -8.434  -4.862  20.245 660
73865  -12.701  -6.196  19.168 661
73879  0.314  -5.435  18.081 662
73880  -9.170  -4.967  19.635 663
73881  -9.814  -5.119  19.116 664
73882  -12.257  -6.210  18.660 665
73883  -12.541  -6.387  18.897 666
73896  0.156  -5.245  16.128 667
73897  -10.353  -5.308  18.723 668
73898  -10.796  -5.547  18.504 669
73899  -11.151  -5.837  18.406 670
73900  -11.470  -6.125  18.370 671
73901  -11.788  -6.276  18.419 672
73902  -12.026  -6.267  18.481 673
73912  0.259  -5.180  14.408 674
73923  0.525  -5.123  12.836 675
73931  0.527  -5.100  11.366 676
73941  0.117  -5.106  10.072 677
73952  -0.576  -5.152  9.203 678
73959  -1.363  -5.250  8.957 679
73960  -2.030  -5.375  8.849 680
73961  -2.558  -5.531  8.860 681
73962  -3.005  -5.799  8.895 682
73966  -3.353  -6.204  8.878 683
73967  -3.590  -6.663  8.769 684
73970  -3.176  -5.602  8.875 685
73971  -3.499  -6.007  8.877 686
73972  -3.591  -6.432  8.817 687
73975  -1.991  -5.564  8.830 688
73976  -2.370  -5.977  8.797 689
73977  -2.935  -5.900  8.858 690
73978  -3.247  -6.052  8.868 691
73984  -1.531  -5.725  8.850 692
73985  -1.724  -5.804  8.610 693
73986  -2.053  -6.021  8.860 694
75102  0.333  -4.140  23.725 695
75103  -0.201  -4.186  24.445 696
75104  -1.624  -4.253  25.000 697
75121  0.547  -4.199  22.845 698
75122  -3.303  -4.297  24.715 699
75123  -4.728  -4.240  23.816 700
75143  0.618  -4.274  21.298 701
75144  -5.819  -4.060  22.648 702
75145  -6.866  -3.816  21.495 703
75146  -7.918  -3.949  20.554 704
75147  -12.677  -5.262  19.376 705
75163  0.437  -4.257  19.432 706
75164  -8.775  -4.059  19.877 707
75165  -9.490  -4.204  19.309 708
75166  -12.181  -5.127  18.798 709
75167  -12.475  -5.430  19.019 710
75184  0.194  -4.058  17.352 711
75185  -10.054  -4.375  18.847 712
75186  -10.525  -4.567  18.643 713
75187  -10.902  -4.789  18.552 714
75188  -11.274  -5.020  18.528 715
75189  -11.655  -5.322  18.537 716
75190  -11.986  -5.651  18.547 717
75203  0.152  -4.138  15.355 718
75213  0.321  -4.084  13.661 719
75224  0.521  -4.072  12.129 720
75238  0.272  -4.107  10.782 721
75244  -0.319  -4.144  9.724 722
75248  -0.985  -4.243  9.090 723
75249  -1.713  -4.386  8.981 724
75250  -2.288  -4.530  8.886 725
75251  -2.761  -4.711  8.807 726
75254  -3.071  -4.971  8.883 727
75257  -3.117  -4.861  8.853 728
75258  -3.280  -5.211  8.891 729
75261  -2.007  -4.805  8.713 730
75262  -2.507  -5.000  8.815 731
75263  -2.927  -5.108  8.746 732
75269  -1.515  -4.488  8.992 733
75270  -1.462  -4.898  8.800 734
75271  -1.750  -5.097  8.728 735
76367  0.309  -3.388  23.713 736
76368  -0.863  -3.452  24.869 737
76369  -2.457  -3.502  24.913 738
76378  0.638  -3.523  22.261 739
76379  -3.810  -3.623  24.389 740
76380  -4.869  -3.371  23.528 741
76381  -12.668  -4.550  19.595 742
76395  0.559  -3.332  20.746 743
76396  -5.909  -3.142  22.364 744
76397  -6.692  -2.885  21.555 745
76398  -7.454  -3.022  20.845 746
76399  -12.253  -3.889  19.151 747
76400  -12.424  -4.283  19.271 748
76415  0.332  -3.202  18.890 749
76416  -8.333  -3.112  20.113 750
76417  -9.123  -3.264  19.482 751
76418  -11.741  -3.799  18.893 752
76419  -12.057  -4.047  18.938 753
76420  -12.324  -4.698  18.989 754
76438  0.157  -2.982  17.472 755
76439  -9.741  -3.463  18.979 756
76440  -10.226  -3.633  18.739 757
76441  -10.618  -3.807  18.667 758
76442  -10.999  -3.989  18.667 759
76443  -11.514  -4.088  18.769 760
76444  -11.894  -4.832  18.702 761
76464  0.101  -3.127  16.121 762
76482  0.187  -3.105  14.518 763
76499  0.389  -2.432  12.337 764
76500  0.363  -2.854  12.807 765
76515  0.397  -2.468  11.850 766
76516  0.391  -3.179  11.437 767
76528  0.280  -2.511  11.012 768
76529  -0.034  -3.052  10.291 769
76533  -0.712  -3.235  9.470 770
76534  -1.412  -3.428  9.303 771
76535  -1.983  -3.524  8.969 772
76536  -2.418  -3.713  9.065 773
76539  -2.832  -3.890  9.010 774
76542  -2.770  -3.871  8.996 775
76543  -3.156  -4.096  8.985 776
76546  -1.585  -3.249  9.260 777
76547  -1.778  -3.662  8.851 778
76548  -2.193  -3.970  8.945 779
76549  -2.629  -4.142  8.871 780
76554  -1.406  -3.547  9.030 781
76555  -1.459  -3.777  8.935 782
76556  -1.682  -4.442  8.775 783
77567  0.372  -2.540  23.776 784
77568  -0.207  -2.621  24.619 785
77569  -1.651  -2.678  24.998 786
77582  0.588  -2.439  22.401 787
77583  -3.529  -2.757  24.531 788
77584  -5.115  -2.506  23.359 789
77585  -12.265  -2.948  19.753 790
77586  -12.549  -3.851  19.654 791
77599  0.486  -2.327  20.086 792
77600  -6.164  -2.317  22.153 793
77601  -7.028  -2.223  21.221 794
77602  -7.855  -2.222  20.421 795
77603  -12.150  -3.400  19.291 796
77604  -12.390  -3.607  19.474 797
77619  0.227  -2.281  18.282 798
77620  -8.744  -2.210  19.661 799
77621  -9.471  -2.590  19.096 800
77622  -11.604  -3.295  18.986 801
77623  -11.941  -3.354  19.050 802
77640  0.046  -2.257  16.795 803
77641  -9.923  -2.790  18.789 804
77642  -10.307  -2.891  18.745 805
77643  -10.674  -3.042  18.747 806
77644  -11.058  -3.232  18.808 807
77645  -11.331  -3.324  18.870 808
77662  0.038  -2.215  15.311 809
77686  0.176  -1.614  13.353 810
77687  0.179  -2.196  13.923 811
77711  0.338  -1.950  12.389 812
77712  0.260  -2.160  13.118 813
77731  0.365  -1.857  11.305 814
77742  -0.025  -2.007  10.479 815
77743  -0.543  -2.241  9.796 816
77747  -1.115  -2.424  9.417 817
77748  -1.714  -2.601  9.462 818
77749  -2.153  -2.682  9.196 819
77750  -2.522  -2.845  9.323 820
77753  -2.799  -3.008  9.316 821
77756  -2.222  -2.653  9.187 822
77757  -2.487  -3.042  9.247 823
77758  -2.672  -3.214  9.214 824
77762  -1.517  -2.240  9.351 825
77763  -1.593  -2.720  9.178 826
77764  -1.664  -2.750  9.383 827
77765  -1.981  -2.848  8.964 828
77766  -2.312  -3.336  9.085 829
77772  -1.375  -2.694  9.254 830
77773  -1.452  -3.163  8.957 831
78733  0.216  -1.765  24.021 832
78734  -0.794  -1.895  24.924 833
78735  -2.323  -1.875  24.993 834
78745  0.594  -1.366  22.851 835
78746  -4.083  -1.779  24.303 836
78747  -5.550  -1.666  23.055 837
78748  -11.915  -1.922  19.874 838
78759  0.585  -1.359  21.161 839
78760  -6.594  -1.553  21.884 840
78761  -7.420  -1.472  20.920 841
78762  -8.164  -1.421  20.138 842
78763  -11.899  -2.352  19.541 843
78773  0.285  -1.383  19.074 844
78774  -8.759  -1.330  19.597 845
78775  -9.406  -1.671  19.110 846
78776  -9.777  -1.446  18.864 847
78777  -10.968  -1.834  18.998 848
78778  -11.335  -2.294  19.167 849
78779  -11.732  -2.781  19.251 850
78794  0.068  -1.567  17.540 851
78795  -9.708  -2.252  18.868 852
78796  -9.949  -2.040  18.777 853
78797  -10.356  -2.130  18.816 854
78798  -10.738  -2.269  18.889 855
78799  -11.150  -2.712  18.969 856
78811  -0.066  -1.375  16.169 857
78826  0.119  -1.059  13.502 858
78827  -0.002  -1.209  14.450 859
78841  0.292  -1.060  12.772 860
78853  0.355  -1.096  11.727 861
78856  0.130  -1.131  10.765 862
78857  -0.435  -1.277  10.057 863
78859  -0.969  -1.526  9.580 864
78860  -1.362  -1.696  9.447 865
78861  -1.805  -1.711  9.587 866
78862  -2.194  -1.791  9.668 867
78864  -2.482  -1.923  9.613 868
78867  -2.011  -2.026  9.121 869
78868  -2.231  -1.954  9.433 870
78869  -2.717  -2.008  9.551 871
78874  -1.314  -1.802  9.438 872
78875  -1.234  -1.753  9.147 873
78876  -1.652  -1.874  9.355 874
78877  -1.897  -1.810  9.431 875
79929  0.155  -1.287  24.273 876
79930  -0.213  -1.262  24.671 877
79931  -1.282  -1.289  24.972 878
79952  0.212  -0.901  23.924 879
79953  -0.726  -0.624  24.896 880
79954  -2.694  -0.938  24.930 881
79955  -4.760  -0.946  24.003 882
79956  -11.721  -1.184  20.176 883
79974  0.551  -0.475  22.301 884
79975  -6.076  -0.880  22.711 885
79976  -7.042  -0.812  21.613 886
79977  -7.812  -0.751  20.718 887
79978  -11.315  -0.905  19.562 888
79979  -11.532  -1.192  19.725 889
79996  0.376  -0.241  19.953 890
79997  -8.450  -0.707  20.003 891
79998  -9.050  -0.767  19.459 892
79999  -9.615  -0.904  19.063 893
80000  -10.473  -0.847  18.943 894
80001  -10.697  -1.058  19.032 895
80002  -11.169  -1.145  19.333 896
80003  -11.508  -1.963  19.420 897
80016  0.016  -0.551  17.513 898
80017  -10.059  -1.268  18.828 899
80018  -10.428  -1.334  18.892 900
80019  -10.692  -1.617  18.939 901
80030  -0.157  -0.439  15.541 902
80042  0.089  -0.329  13.488 903
80043  -0.095  -0.395  14.466 904
80058  0.291  -0.299  12.218 905
80070  0.232  -0.302  11.198 906
80078  -0.273  -0.325  10.430 907
80079  -0.997  -0.470  9.783 908
80080  -1.584  0.033  9.678 909
80081  -1.938  0.304  9.634 910
80085  -1.202  -1.155  9.517 911
80086  -1.430  -0.944  9.671 912
80087  -1.898  -0.423  9.781 913
80088  -2.176  -0.660  9.931 914
80091  -2.297  -1.003  9.826 915
80095  -1.703  -0.644  9.616 916
80096  -1.965  -0.994  9.324 917
80097  -2.135  -1.147  9.766 918
80098  -2.349  -1.240  9.757 919
80103  -1.205  -1.159  9.371 920
80104  -1.278  -0.977  9.498 921
80105  -1.437  -1.084  9.629 922
80106  -1.614  -1.218  9.540 923
80107  -1.829  -1.176  9.415 924
81126  0.300  0.320  23.984 925
81127  -1.747  0.005  25.237 926
81128  -3.866  -0.162  24.746 927
81129  -5.453  -0.164  23.562 928
81130  -11.195  0.006  20.228 929
81131  -11.458  -0.531  20.195 930
81145  0.589  0.576  21.549 931
81146  -6.600  -0.144  22.416 932
81147  -7.503  -0.124  21.466 933
81148  -8.194  -0.085  20.649 934
81149  -11.188  -0.431  19.728 935
81150  -11.377  -0.512  19.935 936
81160  0.303  0.827  19.810 937
81161  -8.759  -0.054  19.994 938
81162  -9.345  -0.117  19.543 939
81163  -9.958  -0.359  19.146 940
81164  -10.389  -0.345  19.171 941
81165  -10.773  -0.401  19.325 942
81166  -11.004  -0.451  19.477 943
81176  0.016  0.620  18.196 944
81177  -10.197  -0.892  18.869 945
81178  -10.299  -0.733  18.947 946
81187  -0.250  0.503  16.300 947
81194  0.046  0.393  13.522 948
81195  -0.169  0.419  14.488 949
81205  0.181  0.596  12.690 950
81206  0.023  0.892  13.527 951
81217  0.181  0.385  11.678 952
81225  -0.050  0.559  10.917 953
81226  -0.633  0.627  10.310 954
81227  -1.283  0.750  9.967 955
81228  -1.870  0.888  9.852 956
81229  -2.054  1.109  9.858 957
81233  -2.027  0.573  9.804 958
81234  -2.198  0.730  9.809 959
81238  -2.261  0.585  10.004 960
81239  -2.193  0.349  9.972 961
81243  -1.302  0.260  9.835 962
81244  -1.520  0.122  9.646 963
81245  -1.882  0.152  9.480 964
81246  -2.251  0.170  9.736 965
81247  -2.266  -0.573  9.769 966
81254  -1.138  -0.461  9.600 967
81255  -1.192  -0.060  9.465 968
81256  -1.537  -0.551  9.403 969
82432  0.191  1.495  24.158 970
82433  -1.015  0.946  25.209 971
82434  -3.029  0.698  25.253 972
82435  -4.822  0.589  24.384 973
82436  -10.953  0.937  20.838 974
82437  -11.264  0.054  20.556 975
82446  0.606  1.427  22.543 976
82447  -6.130  0.553  23.295 977
82448  -7.111  0.557  22.303 978
82449  -7.931  0.535  21.457 979
82450  -10.499  0.883  20.129 980
82451  -10.896  0.488  20.157 981
82458  0.443  1.546  20.633 982
82459  -8.531  0.550  20.721 983
82460  -9.029  0.597  20.201 984
82461  -9.551  0.606  19.892 985
82462  -10.037  0.505  19.686 986
82463  -10.447  0.329  19.624 987
82464  -10.815  0.092  19.696 988
82472  0.069  1.601  18.800 989
82481  -0.256  1.560  16.968 990
82488  -0.304  1.440  15.261 991
82497  0.079  1.727  13.007 992
82498  -0.109  1.333  14.076 993
82511  0.075  1.378  11.664 994
82522  -0.292  1.515  10.785 995
82523  -0.909  1.665  10.380 996
82524  -1.483  1.742  10.091 997
82525  -1.935  1.744  10.109 998
82526  -2.178  1.635  10.081 999
82529  -2.318  1.461  9.968 1000
82533  -2.081  1.562  10.044 1001
82534  -2.398  1.330  9.915 1002
82535  -2.295  1.659  10.062 1003
82539  -1.082  0.898  10.114 1004
82540  -1.268  1.007  9.949 1005
82541  -1.287  0.829  9.746 1006
82542  -1.605  0.984  9.865 1007
82543  -1.878  1.107  9.846 1008
82544  -2.111  1.049  9.804 1009
82556  -1.073  0.348  9.801 1010
82557  -1.221  0.544  9.840 1011
83758  -10.759  1.978  21.668 1012
83769  0.104  2.140  24.219 1013
83770  -0.548  1.921  25.092 1014
83771  -2.287  1.632  25.708 1015
83772  -4.221  1.497  25.169 1016
83773  -10.112  2.207  21.252 1017
83774  -10.368  2.069  21.290 1018
83785  0.461  2.227  23.214 1019
83786  -5.666  1.337  24.081 1020
83787  -6.664  1.291  23.209 1021
83788  -7.591  1.284  22.392 1022
83789  -9.807  1.944  20.959 1023
83790  -10.066  1.868  20.915 1024
83791  -10.563  1.271  20.613 1025
83802  0.515  2.333  21.508 1026
83803  -8.327  1.152  21.549 1027
83804  -8.769  1.144  20.949 1028
83805  -9.185  1.302  20.649 1029
83806  -9.697  1.542  20.652 1030
83807  -10.145  1.052  20.137 1031
83820  0.240  2.480  19.626 1032
83833  -0.138  2.574  17.712 1033
83844  -0.316  2.643  15.713 1034
83856  0.018  2.936  13.254 1035
83857  -0.182  2.202  14.233 1036
83871  -0.042  2.722  11.866 1037
83872  -0.206  3.251  11.262 1038
83889  -0.105  2.080  11.207 1039
83890  -0.447  2.668  10.824 1040
83891  -1.153  2.664  10.395 1041
83892  -1.686  2.661  10.360 1042
83893  -1.969  2.627  10.313 1043
83904  -2.070  2.481  10.285 1044
83908  -2.111  2.346  10.230 1045
83909  -2.429  2.426  10.440 1046
83910  -2.121  2.237  10.274 1047
83920  -1.143  1.426  10.143 1048
83921  -1.215  1.693  10.026 1049
83922  -1.471  1.855  10.063 1050
83923  -1.784  1.917  9.979 1051
83924  -2.041  1.889  10.109 1052
85045  -10.562  2.837  22.401 1053
85053  -0.744  3.587  25.560 1054
85054  -2.043  3.409  26.143 1055
85055  -2.912  3.456  26.138 1056
85056  -9.938  3.190  22.298 1057
85057  -10.281  2.720  22.035 1058
85066  0.008  2.968  24.213 1059
85067  -1.334  2.580  25.848 1060
85068  -3.373  2.739  25.797 1061
85069  -5.571  2.418  24.706 1062
85070  -6.434  2.832  24.202 1063
85071  -9.935  2.630  21.686 1064
85072  -10.131  2.667  21.797 1065
85080  0.559  3.005  22.373 1066
85081  -6.298  1.792  23.924 1067
85082  -6.992  2.250  23.596 1068
85083  -8.233  2.085  22.449 1069
85084  -8.853  2.495  22.184 1070
85085  -9.320  2.583  22.016 1071
85086  -9.666  2.351  21.496 1072
85087  -9.878  2.467  21.512 1073
85098  0.463  3.329  20.619 1074
85099  -8.594  1.497  21.581 1075
85100  -8.862  1.720  21.504 1076
85101  -9.249  1.965  21.348 1077
85102  -9.478  2.135  21.320 1078
85112  0.084  3.519  18.605 1079
85117  -0.229  3.664  16.726 1080
85123  -0.194  4.404  14.277 1081
85124  -0.258  3.929  15.012 1082
85132  -0.100  3.970  13.723 1083
85133  -0.204  3.136  14.343 1084
85142  -0.027  3.838  12.552 1085
85143  -0.168  3.836  11.628 1086
85158  -0.505  3.717  11.036 1087
85159  -0.922  3.564  10.628 1088
85160  -1.465  3.588  10.582 1089
85161  -1.812  3.671  10.431 1090
85179  -2.041  3.628  10.620 1091
85193  -1.826  3.452  10.205 1092
85194  -2.011  3.189  10.349 1093
85195  -2.243  3.315  10.586 1094
85196  -2.356  3.487  10.687 1095
85205  -1.245  2.268  10.277 1096
85206  -1.326  2.687  10.139 1097
85207  -1.646  3.020  10.384 1098
85208  -1.879  2.477  10.283 1099
86197  -10.345  3.752  22.983 1100
86209  -0.563  4.344  25.461 1101
86210  -1.287  4.286  26.035 1102
86211  -2.631  4.155  26.245 1103
86212  -3.714  4.273  25.811 1104
86213  -9.803  3.835  22.721 1105
86214  -10.065  3.771  22.702 1106
86225  -0.026  4.285  24.437 1107
86226  -3.489  3.625  25.973 1108
86227  -4.709  3.674  25.409 1109
86228  -6.105  3.556  24.450 1110
86229  -6.954  3.872  23.925 1111
86230  -9.314  3.895  22.744 1112
86231  -9.565  3.757  22.611 1113
86240  0.508  4.176  22.180 1114
86241  -6.898  3.151  23.992 1115
86242  -7.703  3.312  23.546 1116
86243  -8.450  3.261  22.972 1117
86244  -8.948  3.397  22.753 1118
86245  -9.274  3.583  22.512 1119
86246  -9.672  2.883  22.065 1120
86256  0.346  4.499  19.594 1121
86268  -0.059  4.609  17.592 1122
86277  -0.258  4.731  15.947 1123
86287  -0.158  4.761  13.855 1124
86288  -0.233  4.963  14.642 1125
86297  -0.060  4.783  13.041 1126
86305  -0.138  4.744  12.095 1127
86306  -0.497  4.695  11.303 1128
86307  -0.960  4.996  10.872 1129
86308  -1.381  5.123  10.732 1130
86318  -0.808  4.278  10.835 1131
86319  -1.221  4.380  10.675 1132
86320  -1.715  4.685  10.731 1133
86321  -2.056  4.718  10.629 1134
86330  -2.701  4.725  10.858 1135
86342  -1.853  4.007  10.297 1136
86343  -2.128  4.256  10.470 1137
86344  -2.368  4.362  10.664 1138
86345  -2.446  4.599  10.751 1139
86356  -1.301  3.304  10.510 1140
86357  -1.375  3.756  10.308 1141
86358  -1.624  4.047  10.415 1142
87347  -0.710  5.953  25.539 1143
87348  -1.158  5.892  25.748 1144
87349  -2.025  5.772  25.788 1145
87350  -9.876  5.223  22.803 1146
87351  -9.996  4.896  22.939 1147
87361  -0.523  5.370  25.255 1148
87362  -1.726  5.128  26.140 1149
87363  -3.026  5.195  25.741 1150
87364  -4.500  4.928  25.106 1151
87365  -5.391  5.117  24.203 1152
87366  -9.751  4.760  22.789 1153
87367  -9.943  4.467  22.850 1154
87377  0.340  5.444  23.208 1155
87378  -5.483  4.381  24.704 1156
87379  -6.316  4.743  23.897 1157
87380  -7.372  4.659  23.322 1158
87381  -7.966  4.909  22.871 1159
87382  -9.249  4.422  22.627 1160
87383  -9.399  5.023  22.619 1161
87391  0.393  5.728  20.640 1162
87392  -8.086  4.118  23.284 1163
87393  -8.454  4.353  22.861 1164
87394  -8.855  4.362  22.848 1165
87395  -8.998  4.739  22.614 1166
87404  0.049  5.648  18.357 1167
87416  -0.213  5.625  16.647 1168
87426  -0.252  6.233  14.676 1169
87427  -0.240  5.613  15.329 1170
87439  -0.142  5.687  13.752 1171
87440  -0.253  5.622  14.569 1172
87448  -0.090  5.664  12.573 1173
87456  -0.326  5.604  11.772 1174
87457  -0.737  5.659  11.245 1175
87458  -1.216  5.784  10.926 1176
87459  -1.615  5.716  10.746 1177
87468  -1.938  5.646  10.811 1178
87469  -2.423  5.942  10.914 1179
87476  -2.381  5.959  10.862 1180
87477  -2.418  5.705  10.825 1181
87485  -1.613  5.506  10.725 1182
87486  -1.858  5.263  10.760 1183
87487  -2.067  5.376  10.694 1184
87488  -2.259  5.228  10.711 1185
87489  -2.466  5.230  10.809 1186
87501  -1.264  4.590  10.620 1187
87502  -1.469  4.718  10.484 1188
87503  -1.719  4.716  10.508 1189
88551  -0.626  6.624  25.311 1190
88552  -1.644  6.546  25.638 1191
88553  -2.643  6.266  25.432 1192
88554  -9.811  5.992  22.658 1193
88555  -9.990  5.762  22.890 1194
88563  0.095  6.537  24.043 1195
88564  -3.741  6.014  24.863 1196
88565  -4.795  5.889  24.062 1197
88566  -5.730  5.851  23.422 1198
88567  -9.551  5.877  22.416 1199
88574  0.424  6.645  22.170 1200
88575  -6.651  5.848  22.868 1201
88576  -7.513  5.844  22.410 1202
88577  -8.294  5.640  22.238 1203
88578  -8.796  6.003  21.970 1204
88579  -9.153  5.597  22.269 1205
88580  -9.359  5.720  22.385 1206
88588  0.281  6.922  20.465 1207
88589  -8.573  4.851  22.645 1208
88590  -8.720  5.133  22.486 1209
88591  -8.898  5.355  22.395 1210
88600  0.068  6.757  18.921 1211
88609  -0.225  6.667  17.198 1212
88617  -0.208  7.143  14.904 1213
88618  -0.272  6.502  15.747 1214
88629  -0.132  6.838  13.951 1215
88637  -0.086  6.626  12.980 1216
88644  -0.249  6.498  12.130 1217
88645  -0.561  6.319  11.596 1218
88646  -0.955  6.545  11.253 1219
88647  -1.480  6.670  10.980 1220
88648  -1.820  7.044  11.038 1221
88655  -1.827  6.342  10.961 1222
88656  -2.066  6.739  11.125 1223
88664  -2.191  6.910  11.109 1224
88665  -2.249  6.680  11.043 1225
88666  -2.399  6.917  11.064 1226
88676  -1.105  6.958  10.688 1227
88677  -1.363  6.508  10.562 1228
88678  -1.749  6.508  10.831 1229
88679  -2.079  6.603  10.908 1230
88680  -2.146  5.972  10.877 1231
88688  -1.255  5.864  10.635 1232
88689  -1.369  5.436  10.574 1233
89756  -0.579  7.656  25.133 1234
89757  -1.286  7.435  25.442 1235
89758  -2.240  7.238  25.358 1236
89768  0.018  7.547  24.533 1237
89769  -3.130  6.906  24.852 1238
89770  -4.154  6.988  23.918 1239
89771  -5.138  6.607  23.300 1240
89772  -9.306  7.740  21.658 1241
89773  -9.482  7.418  21.967 1242
89785  0.364  7.594  23.149 1243
89786  -4.995  7.383  23.003 1244
89787  -5.878  7.005  22.554 1245
89788  -6.901  7.052  21.920 1246
89789  -7.775  7.080  21.606 1247
89790  -8.463  7.191  21.509 1248
89791  -9.074  7.384  21.636 1249
89792  -9.385  6.381  22.046 1250
89804  0.377  7.706  21.372 1251
89815  0.049  7.789  19.574 1252
89826  -0.246  7.758  17.835 1253
89837  -0.244  7.795  14.985 1254
89838  -0.330  7.744  16.012 1255
89851  -0.128  7.744  14.270 1256
89863  -0.055  7.597  13.316 1257
89874  -0.169  7.453  12.456 1258
89875  -0.584  7.303  11.722 1259
89876  -1.136  7.542  11.245 1260
89877  -1.619  7.711  11.073 1261
89878  -1.918  7.785  11.103 1262
89887  -2.209  7.845  11.194 1263
89896  -2.200  7.371  11.150 1264
89897  -2.232  7.742  11.074 1265
89898  -2.294  8.184  11.083 1266
89911  -0.953  7.752  10.753 1267
89912  -0.850  7.698  10.434 1268
89913  -1.430  7.583  10.849 1269
89914  -1.813  7.612  11.040 1270
89915  -2.076  7.856  11.101 1271
90955  -0.299  8.260  24.702 1272
90956  -1.070  8.412  25.146 1273
90957  -1.863  8.053  25.473 1274
90960  0.309  8.490  23.928 1275
90961  -1.902  8.768  25.345 1276
90962  -2.924  8.121  24.702 1277
90963  -4.372  8.195  23.387 1278
90964  -9.277  8.372  21.492 1279
90970  0.433  8.610  22.401 1280
90971  -5.337  8.192  22.420 1281
90972  -6.234  8.209  21.704 1282
90973  -7.230  8.463  21.173 1283
90974  -8.051  8.360  21.027 1284
90975  -8.605  8.707  21.001 1285
90976  -9.018  9.018  21.141 1286
90984  0.223  8.725  20.590 1287
90985  -7.761  9.274  20.754 1288
90986  -8.222  9.412  20.673 1289
90987  -8.512  9.671  20.688 1290
90996  -0.143  8.905  18.669 1291
91005  -0.355  8.731  17.001 1292
91013  -0.202  8.555  14.906 1293
91014  -0.322  8.838  15.915 1294
91023  -0.026  8.540  13.713 1295
91031  -0.041  8.370  12.778 1296
91041  -0.319  8.313  12.120 1297
91042  -0.770  8.437  11.568 1298
91043  -1.321  8.565  11.236 1299
91044  -1.787  8.656  11.200 1300
91045  -2.095  8.737  11.197 1301
91052  -2.466  8.821  11.193 1302
91058  -2.253  8.404  11.095 1303
91059  -2.138  8.817  11.042 1304
91060  -2.229  9.047  11.107 1305
91069  -0.942  8.615  11.027 1306
91070  -1.159  8.586  11.011 1307
91071  -1.529  8.552  11.203 1308
91072  -1.840  8.548  11.170 1309
91073  -2.085  8.521  11.149 1310
92080  -0.252  9.337  24.568 1311
92081  -1.330  9.521  25.113 1312
92087  0.485  9.513  23.365 1313
92088  -2.418  9.447  24.927 1314
92089  -3.674  9.287  23.865 1315
92090  -4.800  9.173  22.691 1316
92098  0.395  9.629  21.719 1317
92099  -5.574  9.200  21.852 1318
92100  -6.399  9.451  21.208 1319
92101  -7.230  9.835  20.775 1320
92102  -8.771  9.888  20.778 1321
92103  -9.027  10.056  20.985 1322
92110  0.114  9.754  19.997 1323
92111  -7.857  10.255  20.517 1324
92112  -8.350  10.190  20.536 1325
92113  -8.576  10.108  20.610 1326
92120  -0.167  9.940  18.653 1327
92127  -0.338  9.690  17.459 1328
92135  -0.299  9.683  15.439 1329
92136  -0.364  9.476  16.401 1330
92144  -0.094  9.537  14.244 1331
92152  -0.052  9.428  12.954 1332
92153  -0.108  9.873  12.419 1333
92164  -0.077  8.876  12.396 1334
92165  -0.339  9.381  12.024 1335
92166  -0.985  9.467  11.501 1336
92167  -1.520  9.555  11.370 1337
92168  -1.924  9.641  11.262 1338
92177  -2.368  9.755  11.223 1339
92182  -2.045  9.811  11.117 1340
92183  -2.271  9.760  11.210 1341
92184  -2.268  9.523  11.168 1342
92192  -0.825  9.673  11.341 1343
92193  -0.934  9.475  11.413 1344
92194  -1.239  9.524  11.278 1345
92195  -1.616  9.500  11.332 1346
92196  -1.887  9.247  11.083 1347
93245  -0.682  10.649  24.857 1348
93246  -1.785  10.482  25.211 1349
93253  0.241  10.481  24.110 1350
93254  -3.014  10.406  24.453 1351
93255  -4.441  10.336  22.960 1352
93256  -5.106  9.783  22.183 1353
93264  0.534  10.543  22.776 1354
93265  -4.927  10.892  22.350 1355
93266  -5.535  10.425  21.774 1356
93267  -6.566  10.642  20.966 1357
93268  -7.299  10.897  20.581 1358
93269  -8.886  10.981  20.831 1359
93275  0.332  10.643  21.112 1360
93276  -7.750  11.180  20.483 1361
93277  -8.180  11.024  20.491 1362
93278  -8.563  10.679  20.613 1363
93283  0.002  10.715  19.481 1364
93287  -0.351  10.665  17.975 1365
93294  -0.391  10.352  15.543 1366
93295  -0.472  10.443  16.379 1367
93303  -0.329  10.576  14.882 1368
93304  -0.452  10.701  15.590 1369
93311  -0.126  10.405  13.692 1370
93312  -0.161  10.390  12.764 1371
93320  -0.321  10.223  12.223 1372
93321  -0.747  10.336  11.828 1373
93322  -1.229  10.467  11.410 1374
93323  -1.664  10.564  11.349 1375
93335  -2.067  10.641  11.174 1376
93346  -1.979  10.939  11.062 1377
93347  -2.194  10.811  11.082 1378
93348  -2.323  10.593  11.080 1379
93358  -0.982  10.376  11.525 1380
93359  -0.794  10.380  11.454 1381
93360  -1.054  10.425  11.560 1382
93361  -1.303  10.538  11.269 1383
93362  -1.714  10.669  11.198 1384
94485  -0.524  11.591  24.966 1385
94486  -1.164  11.437  25.214 1386
94491  -0.035  11.402  24.596 1387
94492  -2.257  11.427  24.950 1388
94493  -3.588  11.397  24.040 1389
94498  0.444  11.443  23.664 1390
94499  -4.522  11.296  22.938 1391
94500  -5.155  11.519  22.289 1392
94501  -6.016  11.584  21.483 1393
94502  -6.814  11.667  20.847 1394
94503  -8.836  11.828  20.905 1395
94507  0.526  11.571  22.198 1396
94508  -7.400  11.806  20.586 1397
94509  -7.905  11.935  20.579 1398
94510  -8.486  11.909  20.734 1399
94513  0.273  11.650  20.535 1400
94517  -0.168  11.651  18.888 1401
94521  -0.525  11.567  17.287 1402
94525  -0.472  11.261  14.848 1403
94526  -0.580  11.437  15.690 1404
94533  -0.330  11.212  14.205 1405
94534  -0.303  11.215  13.281 1406
94541  -0.478  11.157  12.352 1407
94542  -0.924  11.383  11.681 1408
94543  -1.419  11.509  11.359 1409
94544  -1.852  11.616  11.289 1410
94553  -2.169  11.730  11.281 1411
94564  -1.903  11.615  11.280 1412
94565  -2.130  11.800  11.238 1413
94566  -2.356  11.967  11.291 1414
94575  -0.749  10.980  11.342 1415
94576  -0.782  11.242  11.397 1416
94577  -1.032  11.436  11.522 1417
94578  -1.333  11.656  11.300 1418
94579  -1.646  12.061  11.199 1419
95644  -0.222  11.929  24.919 1420
95645  -0.674  12.063  25.167 1421
95650  0.050  12.161  24.363 1422
95651  -1.478  12.287  25.140 1423
95652  -2.734  12.480  24.704 1424
95658  0.459  12.489  23.261 1425
95659  -4.257  12.382  23.472 1426
95660  -5.418  12.596  22.293 1427
95661  -6.414  12.675  21.389 1428
95662  -7.031  12.390  20.821 1429
95663  -8.774  12.624  21.101 1430
95669  0.519  12.636  21.662 1431
95670  -6.969  13.022  21.064 1432
95671  -7.470  12.771  20.827 1433
95672  -8.039  12.952  20.892 1434
95673  -8.450  13.282  21.142 1435
95678  0.144  12.669  19.972 1436
95683  -0.340  12.637  18.314 1437
95690  -0.708  12.577  16.748 1438
95696  -0.542  11.823  14.722 1439
95697  -0.712  12.576  15.390 1440
95703  -0.411  11.949  13.900 1441
95704  -0.449  12.170  13.040 1442
95709  -0.589  12.371  12.130 1443
95710  -1.070  12.469  11.512 1444
95711  -1.627  12.568  11.275 1445
95712  -1.964  12.631  11.123 1446
95717  -2.249  12.946  11.238 1447
95726  -1.920  12.670  11.098 1448
95727  -2.244  12.813  11.231 1449
95728  -2.440  13.035  11.174 1450
95736  -0.701  11.927  11.190 1451
95737  -0.720  12.308  11.324 1452
95738  -1.041  12.499  11.404 1453
95739  -1.337  12.744  11.275 1454
95740  -1.610  12.997  11.217 1455
96790  -0.389  12.380  24.784 1456
96791  -0.832  12.703  24.968 1457
96794  -0.183  13.344  24.390 1458
96795  -1.606  13.514  25.018 1459
96796  -3.261  13.708  24.512 1460
96801  0.507  13.646  22.803 1461
96802  -4.676  13.726  23.387 1462
96803  -5.773  13.754  22.327 1463
96804  -6.649  13.749  21.637 1464
96805  -8.696  13.856  21.513 1465
96809  0.467  13.719  21.127 1466
96810  -7.206  13.559  21.282 1467
96811  -7.657  13.808  21.284 1468
96812  -8.123  14.050  21.408 1469
96813  -8.425  14.382  21.592 1470
96819  0.065  13.704  19.430 1471
96829  -0.493  13.659  17.805 1472
96840  -0.777  13.618  16.256 1473
96852  -0.580  12.518  14.474 1474
96853  -0.605  13.523  14.683 1475
96865  -0.471  12.743  13.805 1476
96866  -0.457  13.562  13.069 1477
96877  -0.668  13.453  11.813 1478
96878  -1.265  13.511  11.380 1479
96879  -1.829  13.692  11.199 1480
96880  -2.043  13.302  11.181 1481
96887  -1.998  14.339  11.139 1482
96888  -2.187  14.024  11.141 1483
96893  -2.063  13.681  11.148 1484
96894  -2.293  13.740  11.052 1485
96895  -2.379  13.942  11.020 1486
96900  -0.498  13.178  11.305 1487
96901  -0.719  13.348  10.928 1488
96902  -1.024  13.543  11.356 1489
96903  -1.363  13.727  11.287 1490
96904  -1.735  13.771  11.160 1491
97896  0.095  14.734  23.737 1492
97897  -0.883  14.769  24.634 1493
97898  -2.257  14.926  24.774 1494
97907  0.500  14.786  22.279 1495
97908  -3.807  15.000  24.240 1496
97909  -5.119  14.949  23.261 1497
97910  -6.198  14.874  22.393 1498
97911  -8.599  14.942  21.773 1499
97912  -8.756  14.783  21.861 1500
97923  0.447  14.798  20.642 1501
97924  -7.155  14.690  21.796 1502
97925  -7.835  14.921  21.726 1503
97926  -8.252  15.090  21.737 1504
97927  -8.476  15.189  21.775 1505
97941  -0.001  14.742  18.940 1506
97953  -0.566  14.692  17.352 1507
97962  -0.721  14.712  15.816 1508
97972  -0.492  15.343  13.874 1509
97973  -0.516  14.974  14.229 1510
97982  -0.463  15.305  13.588 1511
97983  -0.415  14.842  13.059 1512
97995  -0.507  14.452  12.213 1513
97996  -0.900  14.422  11.555 1514
97997  -1.400  14.514  11.239 1515
98008  -1.841  14.737  11.142 1516
98009  -2.058  14.925  11.130 1517
98013  -2.150  14.241  11.057 1518
98014  -2.250  14.732  11.027 1519
98015  -2.303  15.057  11.138 1520
98020  -0.487  14.018  11.211 1521
98021  -0.636  14.326  11.237 1522
98022  -0.973  14.579  11.245 1523
98023  -1.456  14.729  11.195 1524
98024  -1.941  14.820  11.105 1525
98025  -2.183  15.527  11.070 1526
98991  0.219  15.793  23.221 1527
98992  -0.489  15.799  24.117 1528
98993  -1.385  15.971  24.539 1529
98994  -8.909  15.307  21.929 1530
99008  0.547  15.875  21.872 1531
99009  -2.813  16.212  24.338 1532
99010  -4.344  16.143  23.714 1533
99011  -5.491  16.036  22.859 1534
99012  -8.593  15.533  21.800 1535
99013  -8.801  15.951  21.784 1536
99014  -9.079  16.429  21.791 1537
99027  0.460  15.885  20.197 1538
99028  -6.544  15.992  22.050 1539
99029  -7.473  15.939  21.610 1540
99030  -8.092  16.007  21.565 1541
99031  -8.510  16.023  21.623 1542
99032  -8.728  16.469  21.505 1543
99041  -0.094  15.745  18.479 1544
99051  -0.595  15.704  17.015 1545
99060  -0.625  15.801  15.659 1546
99068  -0.455  15.755  13.865 1547
99069  -0.547  15.982  14.708 1548
99078  -0.346  15.625  13.005 1549
99079  -0.397  15.179  12.432 1550
99089  -0.296  15.679  12.294 1551
99090  -0.543  15.314  11.815 1552
99091  -0.976  15.318  11.289 1553
99092  -1.459  15.413  11.111 1554
99107  -1.789  15.578  11.027 1555
99108  -2.014  15.805  11.019 1556
99118  -2.348  15.841  11.067 1557
99119  -2.183  16.050  11.036 1558
99124  -0.397  14.845  11.629 1559
99125  -0.624  15.450  11.436 1560
99126  -1.110  15.647  11.148 1561
99127  -1.561  15.839  10.985 1562
99128  -1.989  16.047  10.981 1563
99129  -2.234  16.175  11.012 1564
99134  -0.350  15.593  11.701 1565
99135  -0.524  15.965  11.629 1566
100112  0.250  16.647  22.856 1567
100113  -0.204  16.668  23.851 1568
100114  -0.785  16.506  24.362 1569
100128  0.455  17.136  21.678 1570
100129  -0.031  17.566  23.267 1571
100130  -1.439  17.266  24.029 1572
100131  -3.730  17.498  23.430 1573
100132  -4.797  16.773  23.098 1574
100133  -8.875  16.955  21.289 1575
100134  -9.087  16.974  21.479 1576
100144  0.351  16.924  19.630 1577
100145  -4.621  18.193  22.290 1578
100146  -5.574  17.306  22.109 1579
100147  -6.972  16.988  21.197 1580
100148  -7.883  16.899  20.985 1581
100149  -8.433  16.874  21.066 1582
100150  -8.697  16.798  21.227 1583
100157  -0.164  16.566  18.061 1584
100167  -0.420  16.728  16.894 1585
100174  -0.570  16.762  15.559 1586
100181  -0.373  16.428  13.393 1587
100182  -0.534  16.666  14.386 1588
100189  -0.280  16.229  12.570 1589
100196  -0.363  16.088  11.943 1590
100197  -0.718  16.100  11.562 1591
100198  -1.094  16.199  11.149 1592
100199  -1.472  16.053  10.978 1593
100210  -1.309  16.580  11.004 1594
100211  -1.659  16.517  10.976 1595
100212  -1.962  16.734  10.930 1596
100224  -2.321  16.470  11.012 1597
100225  -2.332  16.828  11.007 1598
100229  -0.579  16.207  11.607 1599
100230  -0.911  16.346  11.259 1600
100231  -1.317  16.896  10.871 1601
100232  -1.762  16.945  10.915 1602
100233  -2.117  16.945  10.881 1603
100234  -2.096  17.344  10.889 1604
100239  -0.714  16.415  11.335 1605
100240  -1.060  17.230  10.832 1606
100241  -1.266  17.494  10.673 1607
101188  0.057  18.416  22.528 1608
101189  -0.835  18.452  23.321 1609
101190  -2.266  18.560  23.392 1610
101191  -3.667  18.695  22.739 1611
101192  -9.077  17.734  20.980 1612
101193  -9.307  17.732  21.253 1613
101203  0.419  18.279  20.889 1614
101204  -4.456  18.798  21.888 1615
101205  -5.329  18.510  21.330 1616
101206  -6.630  18.255  20.549 1617
101207  -7.624  17.806  20.360 1618
101208  -8.366  17.847  20.354 1619
101209  -8.769  17.624  20.762 1620
101218  0.137  17.838  18.607 1621
101219  -7.049  18.745  19.855 1622
101220  -7.469  18.583  19.805 1623
101221  -8.061  18.483  19.861 1624
101229  -0.354  17.796  16.725 1625
101236  -0.579  17.673  15.220 1626
101243  -0.307  16.865  12.871 1627
101244  -0.457  17.456  13.779 1628
101251  -0.380  16.715  12.163 1629
101252  -0.309  17.512  12.629 1630
101260  -0.492  16.509  11.754 1631
101261  -0.680  17.187  11.565 1632
101262  -1.082  16.826  11.125 1633
101271  -0.769  17.866  11.155 1634
101272  -1.217  17.425  11.024 1635
101273  -1.683  17.545  10.847 1636
101274  -2.005  17.722  10.844 1637
101286  -2.067  17.857  10.587 1638
101293  -1.486  17.773  10.814 1639
101294  -1.698  17.847  10.581 1640
101295  -1.950  17.897  10.558 1641
101296  -2.002  17.616  10.611 1642
101301  -1.298  18.012  10.727 1643
101302  -1.453  18.110  10.597 1644
101303  -1.690  18.142  10.547 1645
102279  -0.415  19.057  22.963 1646
102280  -1.299  19.418  23.016 1647
102281  -2.779  19.492  22.775 1648
102282  -3.861  19.239  22.138 1649
102283  -9.228  18.267  20.860 1650
102284  -9.422  18.778  20.912 1651
102294  -0.148  19.472  22.185 1652
102295  -1.032  20.239  22.711 1653
102296  -3.581  19.809  22.149 1654
102297  -4.607  19.440  21.356 1655
102298  -5.888  19.195  20.327 1656
102299  -6.705  18.957  19.897 1657
102300  -8.739  18.311  20.239 1658
102301  -9.028  18.785  20.361 1659
102302  -9.284  19.556  20.311 1660
102310  0.358  19.536  20.268 1661
102311  -6.566  19.453  19.688 1662
102312  -7.210  19.281  19.498 1663
102313  -7.946  19.246  19.451 1664
102314  -8.544  19.092  19.790 1665
102315  -8.907  19.697  19.768 1666
102323  0.106  19.050  18.040 1667
102330  -0.396  18.804  16.297 1668
102336  -0.523  18.616  14.786 1669
102344  -0.384  18.495  13.458 1670
102354  -0.285  18.394  12.305 1671
102362  -0.509  18.419  11.449 1672
102363  -0.848  18.435  10.929 1673
102364  -1.334  18.353  10.635 1674
102365  -1.715  18.446  10.496 1675
102375  -1.973  18.618  10.411 1676
102385  -1.945  18.523  10.366 1677
102386  -2.107  18.913  10.249 1678
102387  -2.160  18.507  10.302 1679
102393  -1.737  19.004  10.296 1680
102394  -1.897  18.808  10.296 1681
102395  -2.180  19.166  10.116 1682
103362  -1.969  20.086  22.752 1683
103363  -2.822  20.206  22.472 1684
103375  -0.259  20.728  21.910 1685
103376  -1.995  20.834  22.386 1686
103377  -3.706  20.513  21.742 1687
103378  -5.181  20.235  20.493 1688
103379  -6.104  19.864  19.821 1689
103380  -9.122  20.007  19.892 1690
103381  -9.316  20.238  20.042 1691
103391  0.283  20.768  20.580 1692
103392  -5.938  20.457  19.665 1693
103393  -6.744  20.136  19.305 1694
103394  -7.634  20.093  19.052 1695
103395  -8.337  20.122  19.116 1696
103396  -8.765  20.257  19.358 1697
103397  -9.006  20.316  19.545 1698
103404  0.406  20.356  19.181 1699
103410  -0.063  20.012  17.428 1700
103417  -0.463  19.761  15.831 1701
103424  -0.455  19.587  14.397 1702
103433  -0.280  19.466  13.134 1703
103440  -0.239  19.385  12.044 1704
103441  -0.503  19.344  11.209 1705
103442  -0.985  19.318  10.604 1706
103443  -1.457  19.039  10.408 1707
103452  -1.372  19.682  10.340 1708
103453  -1.739  19.465  10.237 1709
103465  -2.255  19.412  10.057 1710
103466  -2.110  19.662  10.114 1711
104467  -0.066  21.640  21.263 1712
104468  -1.261  21.804  22.125 1713
104469  -3.011  21.679  21.784 1714
104470  -4.311  21.091  20.938 1715
104471  -9.089  20.566  19.588 1716
104472  -9.205  20.849  19.669 1717
104482  0.417  21.468  20.039 1718
104483  -4.115  21.817  20.779 1719
104484  -5.210  21.231  19.936 1720
104485  -6.265  20.971  19.147 1721
104486  -7.144  21.017  18.729 1722
104487  -8.001  20.972  18.721 1723
104488  -8.592  21.287  18.820 1724
104489  -8.997  21.095  19.273 1725
104490  -9.165  21.431  19.402 1726
104497  0.381  21.231  18.514 1727
104498  -7.659  21.628  18.399 1728
104499  -8.249  21.767  18.428 1729
104500  -8.553  21.898  18.477 1730
104505  -0.110  20.912  16.865 1731
104514  -0.445  20.702  15.415 1732
104524  -0.331  20.569  14.061 1733
104533  -0.176  20.449  12.813 1734
104541  -0.183  20.347  11.735 1735
104542  -0.522  20.270  10.892 1736
104543  -0.998  20.258  10.369 1737
104552  -1.454  20.344  10.138 1738
105593  0.187  22.262  20.768 1739
105594  -0.804  22.600  21.496 1740
105595  -2.014  22.521  21.756 1741
105603  0.402  22.468  19.621 1742
105604  -0.048  23.009  20.871 1743
105605  -3.209  22.592  21.231 1744
105606  -4.633  22.503  20.013 1745
105607  -5.881  21.799  19.137 1746
105608  -6.556  21.447  18.763 1747
105623  0.321  22.132  17.828 1748
105624  -4.923  22.982  19.438 1749
105625  -5.575  22.685  19.018 1750
105626  -6.789  22.162  18.434 1751
105641  -0.085  21.693  16.376 1752
105653  -0.257  21.725  15.180 1753
105663  -0.167  21.576  13.738 1754
105671  -0.025  21.430  12.451 1755
105679  -0.141  21.299  11.326 1756
105680  -0.567  21.143  10.454 1757
105681  -1.061  20.868  10.102 1758
106584  -1.559  23.032  21.648 1759
106585  -2.233  23.137  21.483 1760
106595  0.065  23.665  20.232 1761
106596  -1.219  23.706  21.353 1762
106597  -3.170  23.635  20.880 1763
106598  -4.442  23.328  19.945 1764
106612  0.391  23.380  18.779 1765
106613  -4.062  24.030  20.184 1766
106632  0.219  23.071  16.826 1767
106645  -0.123  22.799  14.887 1768
106657  0.010  22.584  13.353 1769
107593  -2.073  24.586  20.939 1770
