52265  14.0930  -23.6010  -25.2480  1    11183  3.3520  -62.7580  -7.8040  1
52289  29.5760  -23.5860  -27.4010  2    322  22.2660  41.7370  -40.8990  2
52290  28.6480  -23.6300  -27.6110  3    323  22.3340  41.7970  -38.4740  3
52293  26.3220  -23.6830  -28.5520  6    459  51.6160  26.5320  2.6620  6
52301  34.3630  -22.9050  -27.2520  8    7410  39.1580  -9.8770  48.4350  8
52302  33.3890  -22.7660  -27.3320  9    2777  50.6100  14.0240  37.4840  9
52305  30.2010  -23.0390  -27.8320  12    2776  3.9320  -24.2400  34.1020  12
52312  24.7980  -23.4900  -29.9350  19    2969  45.5700  -17.6210  31.2860  19
52316  13.4250  -23.5360  -27.6720  21    84  34.9620  -51.8220  -36.3270  21
52321  22.9830  -23.5450  -32.4660  23    2968  55.3290  24.9520  25.3830  23
52322  14.3210  -22.9150  -29.2260  24    356  11.9810  -17.2590  52.8020  24
52328  18.3380  -23.2460  -33.1990  27    6984  67.9830  -27.4920  -29.1410  27
52330  15.4570  -22.6300  -30.6940  29    6359  31.3500  47.7690  34.1680  29
53325  13.8860  -23.6340  -25.4430  30    940  4.0470  0.8910  -37.2140  30
53327  11.9660  -23.1010  -25.2610  32    11548  10.3320  -40.7190  -12.1660  32
53345  13.1310  -23.6890  -26.0500  35    83  2.6480  -1.7440  11.7960  35
53359  27.1270  -22.6490  -28.9780  45    3294  60.2590  2.4670  15.7420  45
53361  25.7040  -22.6190  -29.5700  47    7519  48.1210  68.3950  -11.4250  47
53373  35.5090  -21.8450  -28.5660  55    6608  17.8810  -22.0480  28.7620  55
53375  32.9310  -21.8590  -28.4800  57    2778  47.3430  11.6610  40.9620  57
53396  19.1210  -22.5740  -33.8310  74    9911  32.7300  39.1760  -9.8860  74
53399  15.0890  -21.5400  -30.8190  77    6995  44.8500  -5.0670  38.0370  77
54341  12.6770  -20.9580  -23.8740  78    12869  36.2810  -75.6090  -5.8190  78
54363  12.1990  -22.8090  -26.1470  80    82  2.9420  -1.2600  14.4290  80
54389  12.4850  -22.3930  -27.0590  85    270  40.5790  5.7050  -60.0640  85
54404  35.2530  -21.1600  -28.9570  95    7411  41.2350  -9.3130  47.5020  95
54408  31.0200  -21.5930  -29.4150  99    9554  6.4000  -49.0050  42.5090  99
54416  24.0760  -21.9250  -31.2670  107    8479  48.1130  -44.8000  -15.5670  107
54424  36.4860  -21.0650  -30.1680  112    6610  2.6880  28.7620  41.3400  112
54432  29.4720  -21.1540  -30.0650  120    9623  7.6450  -10.8810  -15.9180  120
54438  16.9180  -21.3080  -32.7000  126    9931  29.1740  11.1650  -39.2450  126
55374  12.6110  -20.5170  -24.3520  132    12868  56.6400  -1.5450  -25.0040  132
55398  12.2880  -20.0710  -25.9340  136    1244  6.0740  75.1860  -45.8480  136
55440  36.1860  -20.3240  -30.3850  149    8760  31.9550  -39.3410  44.7720  149
55443  34.4380  -20.1050  -30.0250  152    7444  43.7830  35.3800  -36.3990  152
55445  32.2640  -20.4390  -30.3850  154    8887  2.8860  -48.4810  3.9470  154
55450  26.5740  -20.7470  -30.5180  159    7520  50.0830  65.4630  -13.6830  159
55452  24.7940  -20.8390  -31.1800  161    10263  49.2500  -11.6830  44.7970  161
55478  29.5250  -20.1660  -31.0820  178    800  29.9920  -43.4730  43.4580  178
56550  12.7520  -19.6200  -25.0010  184    3142  11.2930  5.5560  26.4520  184
56603  12.9280  -19.5670  -28.1060  190    4200  32.2140  -3.1460  -29.2490  190
56609  13.4900  -18.9310  -29.1570  192    3392  38.7170  -69.3130  -20.1640  192
56624  22.1190  -20.7300  -33.6070  198    10364  9.5040  -84.8240  -12.8010  198
56626  18.5060  -20.2940  -34.1770  200    10788  44.9320  -4.2540  33.8060  200
56628  15.5960  -19.0940  -32.1710  202    10869  42.9960  37.5030  -38.0250  202
56640  35.4800  -19.1160  -31.0340  206    7445  39.8720  36.5640  -40.2990  206
56657  15.7210  -18.2860  -32.4690  223    13768  19.1770  -36.6840  48.2370  223
56663  33.3500  -18.3850  -31.9640  226    115  13.3880  0.8080  23.4990  226
56665  31.6600  -18.8870  -32.0380  228    208  19.7790  13.3980  -54.4280  228
56669  27.4960  -19.3480  -32.0200  232    799  47.5530  -11.3260  30.1340  232
57958  13.1380  -18.4990  -26.1020  236    3141  47.4580  -54.7050  -24.6130  236
58026  23.5330  -19.8770  -33.4050  249    13784  56.1300  -50.1400  -34.5180  249
58027  22.2150  -19.9470  -34.1460  250    13800  53.1490  30.1250  -42.0450  250
58030  17.1580  -18.3520  -33.9300  253    13832  55.6030  35.8050  18.6470  253
58073  36.5250  -18.3850  -32.6560  273    14397  7.9810  -38.6080  22.7680  273
59478  21.3420  -18.9940  -35.2760  301    2448  10.7140  -49.2450  4.6780  301
59480  17.9650  -17.3110  -34.8790  303    853  40.5820  -14.1100  21.7160  303
59495  31.2470  -17.4370  -33.3220  313    114  13.1190  2.9580  24.3850  313
59498  28.2660  -17.6980  -33.4350  316    298  0.9770  0.7700  -0.4940  316
59501  24.4060  -18.6690  -34.5480  319    1516  50.7090  42.7490  2.1840  319
59507  36.5980  -17.0130  -33.8620  324    7438  14.9750  -5.6540  -28.8720  324
60753  15.3040  -15.0580  -29.3740  337    4056  3.1020  -16.3740  27.8300  337
60783  15.6670  -15.0870  -31.6540  341    6242  31.5390  -2.9350  -50.7580  341
60804  35.3070  -16.3440  -33.3010  347    9927  49.6840  -19.9930  -9.1020  347
60805  34.4420  -16.4180  -33.3910  348    113  51.4470  -46.2400  14.7310  348
60809  20.4740  -17.7350  -36.2030  352    2447  16.5060  10.4290  51.9850  352
60837  24.1240  -17.0380  -36.4800  375    9115  3.0510  59.3870  10.9150  375
62002  16.1360  -14.0460  -29.5870  378    3637  2.7550  72.7840  -39.7340  378
62026  16.5970  -13.6760  -32.1030  380    854  8.3320  29.1070  -40.6710  380
62051  17.9620  -15.4240  -35.4390  384    852  42.7780  30.1560  10.6360  384
62056  36.3580  -15.3050  -34.6410  387    7437  19.8450  -6.1720  -28.6600  387
62065  27.5390  -15.7770  -34.7170  396    8476  47.2320  -43.5410  16.1140  396
62074  36.4400  -15.0080  -35.1770  403    7439  44.1650  -39.4770  7.5890  403
62078  33.1540  -14.7850  -34.7130  407    1315  35.1860  -59.7900  29.9230  407
62080  30.8510  -14.9940  -34.8960  409    1314  35.7110  -56.5830  34.0200  409
62097  24.0410  -16.3630  -37.7050  420    10390  52.7310  -60.3360  -6.4660  420
63261  19.0310  -14.9640  -36.6430  434    9114  2.6810  62.5890  10.7690  434
63263  17.7780  -12.8390  -34.8050  436    5711  11.2710  -12.5400  -22.5940  436
63269  34.8960  -14.0250  -34.8830  440    9928  33.0360  68.1290  -35.9860  440
63290  27.1780  -13.9450  -36.2270  458    10787  37.4660  58.8370  8.3470  458
64506  32.3620  -12.8970  -36.0610  491    13343  37.7380  -34.2720  20.8650  491
64509  29.1480  -13.0680  -36.2260  494    13588  35.3030  11.8300  -43.9170  494
64514  19.1840  -12.7130  -37.9570  499    11861  9.7070  44.0370  7.1740  499
64522  35.6920  -12.3570  -37.0070  501    13665  22.7570  -16.5750  50.9340  501
64526  23.7660  -15.1670  -39.6490  505    13020  35.3660  0.3860  -35.2790  505
64538  24.6340  -14.6580  -39.7230  509    13843  52.0930  37.0450  -33.0120  509
65765  18.4320  -11.0950  -34.9760  514    11149  37.9380  7.1850  -65.7360  514
65773  34.6710  -12.1490  -36.3470  518    12325  8.7790  -21.5860  30.5990  518
65808  35.2030  -11.6790  -37.8150  542    13678  23.2750  42.0330  29.2740  542
65826  21.5450  -12.3610  -40.7780  554    1605  8.2780  76.4280  18.5660  554
67059  33.6980  -11.5710  -36.7950  561    1415  45.7910  -43.7530  29.9900  561
67076  29.6240  -11.3000  -37.5720  572    1476  3.0390  33.1190  5.8140  572
67080  19.0250  -10.5710  -38.0320  576    8434  51.1720  -42.2090  -26.7540  576
67094  26.8810  -12.3630  -39.3770  583    4595  36.3610  73.6520  -35.1830  583
67110  23.1470  -12.7840  -41.5290  592    1675  30.3380  -18.5710  -24.6280  592
68151  34.7690  -10.2620  -38.7690  615    3444  48.4340  40.4050  3.0700  615
68168  34.9410  -9.3990  -39.5910  626    3443  49.8680  41.4440  2.2960  626
68170  29.3730  -9.6930  -39.5210  628    1413  32.0000  -20.5730  46.2240  628
68172  27.9810  -11.3370  -40.4970  630    4596  34.7860  71.6660  -35.6170  630
68201  24.3630  -11.6040  -42.6460  644    7719  13.1990  44.0860  13.2580  644
68214  25.1910  -11.1070  -43.4140  647    9024  3.4130  7.4470  11.1200  647
69352  33.7980  -9.1660  -38.5830  656    1414  45.0830  -44.9910  32.0010  656
69412  28.4150  -10.8370  -43.2760  685    7078  2.0210  41.1900  -29.2910  685
70735  21.0140  -6.6230  -35.6640  696    1604  10.5130  79.9960  13.9380  696
70755  35.1560  -7.7120  -40.0940  703    3445  44.1960  39.5490  2.3070  703
70760  31.7050  -7.9880  -39.7200  708    5984  7.0040  45.9500  27.3960  708
70763  19.5760  -7.8070  -38.9860  711    1606  8.6140  80.3310  12.9300  711
70773  35.3620  -7.6420  -40.4640  712    3542  3.7520  -48.8830  25.8830  712
70835  25.4950  -9.4380  -45.0880  739    13717  28.8220  -16.7200  51.5170  739
72089  33.9510  -7.3440  -39.6800  747    5983  45.3790  74.0140  -25.4810  747
72110  19.7290  -7.2710  -40.4240  761    11470  35.2650  -9.4620  49.7460  761
72134  30.4080  -7.5010  -43.1110  770    10491  2.6670  64.5030  23.3200  770
72168  27.9470  -9.3660  -45.8620  784    13312  25.4110  11.1710  -59.5950  784
73527  20.5490  -4.7670  -38.4600  801    11469  25.6970  -19.3950  -23.6310  801
73551  31.5030  -5.8950  -42.7360  810    13107  19.5700  -4.8980  57.7430  810
73554  20.6400  -6.5500  -42.5840  813    13333  43.2730  38.9880  -12.9670  813
73570  22.3060  -6.8850  -44.2150  817    13716  34.6710  -71.0610  -8.6490  817
73594  30.1560  -7.4090  -46.8660  825    14702  61.6640  7.8390  -49.4760  825
73607  28.2630  -7.2200  -47.7290  832    14529  68.6940  9.6400  -15.9150  832
74691  35.5630  -5.8360  -41.6790  834    12834  12.0700  -29.7260  12.1420  834
74707  35.7430  -5.5060  -42.2680  840    12567  20.7780  -29.1820  -32.3110  840
74711  34.5960  -5.0790  -41.4740  844    12479  7.2290  -72.8070  -16.7080  844
74777  22.4280  -5.4010  -45.5590  874    13782  8.6860  59.2540  -2.0750  874
74799  29.0580  -5.9090  -48.9070  882    6674  64.6470  2.9250  -24.7630  882
75813  20.7120  -3.1200  -39.2890  890    10428  8.2190  49.6270  42.1440  890
75829  19.6340  -3.8560  -41.5470  899    13198  58.7990  -41.1370  5.5960  899
75838  33.1340  -3.7030  -43.3950  900    13108  29.2740  -10.8940  -43.9650  900
75854  32.3990  -3.8250  -44.8550  905    823  27.3210  25.3500  -36.6610  905
75884  31.4430  -5.4650  -48.5480  915    825  58.6310  -23.0700  -10.0130  915
75889  23.9860  -4.8230  -47.3350  920    2349  41.2070  19.7930  -66.8300  920
76960  36.1870  -2.8150  -43.6650  928    1687  7.4680  60.7750  -6.0610  928
76973  36.4320  -3.1650  -43.8610  934    1688  63.4280  13.3930  -11.9790  934
77040  25.4640  -3.2390  -49.1490  967    1276  23.8420  -45.7050  -1.0670  967
78202  19.7270  -1.5660  -40.9180  973    13189  60.4490  -41.7900  5.2470  973
78221  34.2190  -1.5690  -44.6910  980    824  29.7250  27.8610  -38.6220  980
78224  19.9310  -2.6500  -44.5170  983    1275  23.1750  -48.0840  -0.8170  983
78270  30.4950  -2.7320  -50.8340  1001    6675  65.6600  1.6390  -23.7920  1001
78272  27.6090  -2.6010  -50.3820  1003    8421  55.7410  -53.5290  -22.5830  1003
79363  20.1430  -0.0750  -40.4530  1011    1958  11.9230  -33.5310  28.9230  1011
79371  36.4670  -1.5010  -44.7410  1013    513  35.8080  25.5320  -7.4360  1013
79400  19.7070  -1.0430  -45.4640  1027    1274  24.5680  -45.9540  -0.4220  1027
79412  33.2320  -2.5410  -48.3350  1031    4353  15.5700  70.2960  13.3580  1031
79455  24.2020  -0.9490  -49.8400  1049    12723  33.9520  -67.2330  -6.6940  1049
80581  19.2390  0.6510  -41.4290  1050    1959  12.1870  -31.6040  27.3680  1050
80614  34.5370  -0.6170  -46.9260  1061    12303  24.0640  -58.2130  -34.2240  1061
80619  19.1160  0.4210  -45.5590  1066    11780  72.4180  -15.5190  -21.8370  1066
80659  29.4190  -0.0370  -51.3180  1078    11049  26.3500  -51.5360  44.8230  1078
81813  34.5760  -0.6010  -47.6140  1088    12237  27.3290  19.2980  -38.7690  1088
81827  33.1760  -0.0830  -49.1850  1094    9129  10.8130  -6.6840  59.5260  1094
81829  32.5050  -0.3080  -49.6390  1096    9130  10.0420  -10.3470  58.0370  1096
84546  32.5870  1.7100  -49.9520  1124    9131  13.6250  -7.2370  58.8920  1124
84555  33.0790  0.9510  -49.7660  1126    11808  16.0730  33.9040  44.4410  1126
84558  31.2540  2.5980  -49.9620  1129    11050  8.0330  20.1780  36.6730  1129
87468  33.4540  2.9530  -50.1710  1154    2874  12.9580  55.0710  6.4290  1154
