147293  10.8330  83.2660  -34.3450  1    2401  22.5010  -44.5180  4.2090  1
147294  10.7300  83.3690  -34.4730  2    8886  2.4490  -44.9450  0.7990  2
147295  10.4300  83.4000  -34.7790  3    2402  23.5370  -46.4090  3.3990  3
147316  7.6460  83.1290  -37.7970  11    4196  46.2760  -35.0460  -29.9610  11
147667  11.0430  80.9680  -31.9220  17    2161  3.3300  62.5740  -44.5070  17
147692  10.4760  83.5470  -34.5580  21    7532  13.2500  -66.4710  26.0460  21
147709  2.6210  78.8020  -35.6860  27    8988  12.8030  35.3170  15.7020  27
147718  8.1320  83.3480  -37.0390  32    7531  38.6520  28.3590  -7.1710  32
147729  5.8850  82.5850  -38.2560  40    4579  38.1530  -77.7880  -23.0940  40
147730  2.7610  79.0070  -37.3940  41    4580  40.7700  -75.3460  -21.0260  41
147741  15.1680  79.7550  -39.9960  48    5052  27.5850  -6.7750  -28.7660  48
147745  4.7320  81.0990  -39.6940  52    4578  53.3800  -25.1290  1.9810  52
147747  14.3900  79.8140  -40.4440  54    5051  2.5190  -28.9080  30.2820  54
147749  6.9830  82.1220  -39.7910  56    5708  65.7390  16.4820  0.7730  56
147754  11.3920  80.2070  -41.8350  61    6747  24.3290  -58.3390  -31.8550  61
147756  6.3470  80.1240  -42.1180  63    7511  3.0200  70.9670  -34.6680  63
147758  4.6730  78.7650  -42.3940  65    7510  24.9640  52.9230  -40.7480  65
148052  2.4960  78.7730  -29.1950  73    4233  3.1720  22.3990  -39.3250  73
148069  2.4220  79.2870  -30.8280  76    11792  9.0570  60.7790  -34.2380  76
148095  2.4850  79.2820  -33.9210  84    13132  42.0670  25.3380  -32.4750  84
148117  2.8010  80.0550  -36.5380  94    13976  26.7100  -75.9900  8.8540  94
148131  9.8490  83.5230  -36.7420  102    2400  22.7440  -45.6120  6.2910  102
148421  10.6990  81.8450  -30.6760  128    2162  2.4560  62.3850  -41.8400  128
148435  10.0670  82.9780  -32.2070  132    2160  4.6640  -25.6990  18.5980  132
148712  2.6110  80.1990  -23.0790  167    8773  35.6370  -65.4050  3.5800  167
148727  2.7320  81.0710  -26.8630  168    9322  42.3990  -69.8060  -36.4030  168
148733  2.5640  81.6330  -28.6820  171    11139  30.2930  21.7090  47.6260  171
148761  6.8390  84.5440  -34.9230  184    12208  27.1310  -80.7700  -34.4740  184
148776  2.9620  81.8220  -34.7360  188    13119  15.7320  73.6530  20.3840  188
148803  13.0890  84.0430  -36.5210  196    9668  9.6200  -51.2840  -7.9780  196
149007  2.5560  80.9760  -21.6280  202    8772  24.8960  -35.9780  -17.0810  202
149029  11.9290  83.3590  -29.7310  211    10463  10.0410  67.5430  -7.2490  211
149034  10.1720  84.1520  -31.5290  216    11115  3.0140  14.5440  -16.1150  216
149042  3.0500  83.1660  -31.6910  224    11793  38.0070  21.9080  13.0820  224
149290  2.7790  82.6900  -23.4090  237    13385  42.9360  -63.7070  -13.5610  237
149313  8.0360  85.9270  -31.3370  251    14292  27.5860  -66.2180  -37.9670  251
149548  12.9810  85.9290  -29.3170  271    7677  43.6550  29.9660  8.4540  271
149549  3.8190  85.4050  -26.6300  272    8427  39.0880  27.0510  6.2200  272
149554  8.7910  86.6160  -29.8190  277    14178  32.7590  -3.8840  -34.9820  277
149714  4.5100  86.5640  -21.4810  287    5793  56.6990  30.4270  15.7090  287
149760  10.7040  87.1850  -28.5400  298    6858  12.8560  -37.2130  44.2990  298
149905  6.9180  88.2280  -22.3910  309    1189  23.2940  -39.5640  38.9950  309
149917  8.9340  88.4550  -23.9410  311    3215  62.1010  5.2270  -45.3690  311
149927  10.7530  88.2640  -25.4060  314    3766  30.9550  75.5840  -7.4510  314
