#!ascii label  , from subject FreeSurferMNI152_0.1 vox2ras=TkReg
431
8579  -60.438  26.949  -3.891 1.0000000000
5422  0.455  41.815  31.926 2.0000000000
5605  -24.898  48.898  -32.550 5.0000000000
13553  -16.612  -55.790  1.728 7.0000000000
9396  -48.096  8.397  -48.603 16.0000000000
11205  -45.446  -10.904  16.896 25.0000000000
5606  -25.784  50.452  -32.531 26.0000000000
10700  -46.688  53.076  2.479 29.0000000000
9400  -45.347  8.326  -21.661 61.0000000000
5607  -29.844  -32.724  -26.142 62.0000000000
4281  -45.717  -69.618  -18.806 64.0000000000
5424  -5.494  5.458  57.260 67.0000000000
100  -65.181  -4.519  18.092 105.0000000000
3748  -15.164  77.154  7.406 115.0000000000
4280  -53.530  32.474  -31.601 135.0000000000
3697  -52.854  44.923  -23.919 141.0000000000
6037  -52.946  -54.866  -12.357 151.0000000000
8524  -41.510  10.970  -25.466 154.0000000000
4282  -24.435  71.241  -1.868 163.0000000000
7056  -37.078  -61.866  -4.424 187.0000000000
8100  -38.772  -11.411  -4.198 192.0000000000
9054  -41.410  -29.498  -37.596 198.0000000000
99  -64.490  -2.227  18.597 214.0000000000
3696  -51.669  -8.191  23.251 219.0000000000
7057  -48.247  0.013  -56.206 221.0000000000
3747  -14.627  74.649  7.937 223.0000000000
8606  -31.064  6.968  -62.741 242.0000000000
13026  -24.976  3.082  -39.764 246.0000000000
101  -66.141  -4.141  14.296 257.0000000000
12916  -62.074  -13.246  -36.245 261.0000000000
10055  -30.999  -71.899  -8.605 262.0000000000
3746  -14.058  75.360  4.865 282.0000000000
8607  -2.121  -34.306  28.595 295.0000000000
13027  -3.064  -37.952  16.457 300.0000000000
3810  -44.090  -34.706  -33.097 316.0000000000
11591  0.022  10.866  -29.328 326.0000000000
6036  -24.465  -85.869  -21.729 354.0000000000
7624  -24.149  -52.354  17.304 361.0000000000
6213  -2.173  74.232  -45.063 379.0000000000
7000  -56.654  0.184  0.861 383.0000000000
3808  -42.987  -33.764  -30.440 397.0000000000
12026  -15.614  -33.377  -18.850 409.0000000000
10107  -13.459  16.023  49.718 420.0000000000
2492  -5.842  84.606  -33.845 421.0000000000
10271  -43.838  -48.442  22.885 439.0000000000
5384  -41.913  26.067  22.711 442.0000000000
3809  -44.855  -35.495  -31.844 455.0000000000
7296  -24.056  32.892  25.487 458.0000000000
11592  -18.491  51.719  18.964 483.0000000000
12484  -65.041  -19.750  14.234 493.0000000000
1381  -19.348  76.235  11.731 517.0000000000
6214  -55.337  -4.595  -8.170 533.0000000000
830  -28.359  39.642  39.071 534.0000000000
8677  -40.623  29.096  -30.119 543.0000000000
8806  -40.662  48.953  -22.581 551.0000000000
698  -38.789  34.112  -16.667 565.0000000000
13098  -22.429  -55.425  40.467 574.0000000000
10270  -17.261  51.715  24.613 599.0000000000
7001  -56.392  -0.083  1.820 605.0000000000
11705  -8.739  55.095  3.793 635.0000000000
5268  -0.749  56.448  10.136 636.0000000000
12545  -12.244  -42.258  -16.177 639.0000000000
1383  -35.657  -7.073  -16.989 663.0000000000
1382  -37.336  -5.708  -19.168 664.0000000000
10272  -42.650  -49.040  25.806 672.0000000000
8676  -39.229  30.670  -31.491 686.0000000000
9238  -51.831  1.723  37.191 749.0000000000
14575  -52.734  -52.219  -1.338 764.0000000000
1029  -39.724  -25.748  -35.328 771.0000000000
8314  -23.120  -23.582  43.609 781.0000000000
8313  -41.132  -39.108  8.767 787.0000000000
5578  -27.149  -32.479  18.780 809.0000000000
11666  -6.559  -63.210  30.378 822.0000000000
4305  -25.180  4.543  42.977 828.0000000000
7862  -25.848  -50.404  8.689 842.0000000000
828  -30.937  39.132  39.192 847.0000000000
474  -0.242  -12.761  34.695 880.0000000000
475  0.107  -12.886  31.991 887.0000000000
9241  -22.193  13.426  -42.065 900.0000000000
1887  -6.656  -73.708  -20.557 904.0000000000
1429  -53.082  -22.053  10.235 907.0000000000
4434  -6.738  50.803  -28.324 910.0000000000
5721  1.319  -23.778  -0.913 913.0000000000
6531  -48.373  -10.350  24.952 934.0000000000
8383  -0.978  69.400  22.473 937.0000000000
13888  -46.033  -24.401  -13.338 948.0000000000
11767  -55.820  -9.538  -23.972 952.0000000000
11867  -30.764  -9.362  -49.233 954.0000000000
8220  -0.936  29.520  3.591 970.0000000000
829  -30.054  36.611  40.948 972.0000000000
7860  -49.860  6.667  -33.833 986.0000000000
7867  -49.972  -10.125  -48.393 1010.0000000000
9861  -61.425  -44.927  -11.406 1018.0000000000
11073  -13.802  15.915  49.932 1025.0000000000
4303  0.293  35.190  -16.016 1040.0000000000
4423  -58.054  -42.898  18.141 1041.0000000000
1431  -27.068  14.369  39.522 1055.0000000000
5191  -45.838  -34.172  -40.639 1062.0000000000
8489  -50.877  58.310  -19.765 1089.0000000000
8382  -0.487  69.853  19.989 1091.0000000000
8003  -36.787  -7.477  -31.997 1097.0000000000
8719  -20.310  -51.234  21.765 1098.0000000000
3255  -30.433  35.399  -7.083 1099.0000000000
4811  -49.167  6.551  33.847 1110.0000000000
9287  -4.095  -44.549  -11.829 1121.0000000000
4304  0.552  37.832  -14.995 1126.0000000000
11019  -5.704  -30.564  48.182 1130.0000000000
9413  -22.205  -41.856  -14.996 1148.0000000000
1886  -21.623  15.442  -68.753 1165.0000000000
6530  0.463  -55.085  30.623 1192.0000000000
473  -27.990  66.042  18.028 1220.0000000000
11018  -6.599  2.710  24.206 1259.0000000000
1885  -13.852  -14.473  59.287 1267.0000000000
11145  -19.926  7.776  48.828 1272.0000000000
4425  -5.996  -5.976  -29.910 1289.0000000000
1430  -55.659  -21.872  8.653 1293.0000000000
4424  -9.693  -8.279  -27.445 1297.0000000000
3679  -44.577  38.051  -50.752 1314.0000000000
231  -17.359  0.220  -39.879 1316.0000000000
3678  -43.815  40.150  -48.664 1322.0000000000
4080  -6.388  47.342  -29.673 1323.0000000000
1940  -11.706  -28.138  -23.415 1347.0000000000
703  -52.175  33.579  14.783 1349.0000000000
3253  -3.576  -68.866  21.583 1365.0000000000
9288  -7.181  -44.931  -12.397 1371.0000000000
9289  -23.910  14.315  -41.633 1374.0000000000
9242  -46.550  37.960  -26.812 1376.0000000000
11017  -36.542  -10.075  -49.091 1394.0000000000
232  -21.006  1.386  -39.887 1456.0000000000
837  -53.242  -49.203  -36.114 1468.0000000000
1958  -37.539  28.072  9.025 1469.0000000000
2169  -6.463  -49.683  -13.462 1473.0000000000
1939  -9.729  -29.219  -23.022 1475.0000000000
3254  -5.123  -70.585  21.106 1491.0000000000
6072  -49.871  -30.609  24.854 1496.0000000000
11754  -20.863  4.347  -38.607 1497.0000000000
12384  -58.944  -13.099  -34.907 1500.0000000000
12223  -60.718  18.294  -11.012 1532.0000000000
14147  -30.693  58.356  22.793 1551.0000000000
14230  -26.367  10.283  -41.795 1557.0000000000
14431  -2.760  64.502  1.344 1563.0000000000
230  -20.148  0.375  -38.244 1566.0000000000
7734  -13.769  -71.012  7.310 1621.0000000000
12366  -44.073  -49.452  -0.367 1673.0000000000
11698  1.403  -24.686  -9.042 1679.0000000000
1957  0.323  52.722  -15.146 1702.0000000000
2428  -51.499  -61.023  -4.962 1724.0000000000
1938  -10.171  -29.142  -24.643 1730.0000000000
2430  -41.693  23.718  -18.185 1744.0000000000
12846  -2.420  -26.812  53.329 1773.0000000000
12209  -26.886  -51.366  11.532 1785.0000000000
12453  -1.103  13.463  -24.139 1789.0000000000
14523  -38.635  35.545  34.242 1815.0000000000
8000  -52.016  41.496  10.811 1817.0000000000
1959  -34.053  25.159  7.684 1826.0000000000
1754  -27.698  -63.713  2.732 1828.0000000000
3245  -61.680  -37.857  12.253 1849.0000000000
4242  -48.106  -66.437  -15.991 1857.0000000000
7735  -44.453  -70.272  -25.469 1867.0000000000
11755  -20.407  3.672  -40.651 1874.0000000000
10920  -33.934  -16.390  -29.234 1883.0000000000
12884  -54.593  11.431  3.756 1913.0000000000
13648  -10.119  -14.377  48.526 1929.0000000000
13750  -13.320  -20.816  -14.394 1940.0000000000
3241  -34.956  14.246  28.593 1951.0000000000
3242  -12.465  34.713  -35.352 1958.0000000000
6736  -51.396  16.112  32.799 1966.0000000000
6269  -23.576  -40.048  33.596 1975.0000000000
7889  -43.473  24.174  21.113 1976.0000000000
9791  -59.577  -2.496  3.754 1990.0000000000
11612  -47.768  -22.920  36.095 1998.0000000000
2639  -54.475  47.122  -1.079 2017.0000000000
12883  -62.592  8.753  -11.257 2021.0000000000
2429  -40.690  44.039  25.443 2048.0000000000
5614  -24.893  -54.846  24.447 2051.0000000000
4241  -8.422  -4.786  -32.953 2064.0000000000
716  -22.474  8.221  30.169 2065.0000000000
717  -23.250  11.335  31.402 2068.0000000000
8952  -23.008  31.513  42.076 2092.0000000000
11613  -47.958  -7.264  -24.580 2109.0000000000
11697  -2.856  -25.188  -11.651 2113.0000000000
205  -27.496  -40.637  -36.286 2116.0000000000
715  -23.507  8.971  33.713 2180.0000000000
7921  -56.552  42.920  -7.044 2195.0000000000
4054  -61.996  -0.070  -50.234 2198.0000000000
11614  -48.391  -4.678  -24.297 2215.0000000000
2640  -55.997  45.130  -4.872 2227.0000000000
2226  -26.081  33.148  -34.736 2230.0000000000
11433  -28.615  10.437  -67.396 2236.0000000000
12305  -61.550  25.005  -0.075 2244.0000000000
1471  -43.632  17.272  -19.246 2251.0000000000
13786  -65.467  4.587  -27.042 2252.0000000000
5613  -30.982  45.037  -12.831 2259.0000000000
5615  -25.520  -57.633  26.966 2267.0000000000
1988  -42.413  -35.559  -32.104 2280.0000000000
5198  -24.809  -50.927  -25.953 2290.0000000000
8595  -39.049  18.136  -35.716 2294.0000000000
6403  -41.660  8.353  -23.066 2296.0000000000
10172  -5.973  48.188  9.376 2300.0000000000
10570  -21.701  -83.499  -34.598 2302.0000000000
9583  -25.822  82.611  -4.171 2303.0000000000
11140  -25.489  32.863  32.311 2315.0000000000
12049  -45.714  -19.484  24.045 2320.0000000000
12050  -1.948  27.031  -35.860 2324.0000000000
11634  -63.729  -20.654  -13.597 2336.0000000000
204  -30.937  -45.408  -36.795 2340.0000000000
1470  -42.992  15.338  -16.673 2370.0000000000
4055  -63.185  -1.724  -47.874 2392.0000000000
1989  -48.193  -15.978  42.676 2403.0000000000
5359  -18.610  30.404  31.492 2420.0000000000
127  -19.208  -12.018  43.985 2422.0000000000
4545  0.068  9.580  12.577 2432.0000000000
4543  -0.233  4.693  14.540 2440.0000000000
5475  -21.455  31.326  28.387 2444.0000000000
6965  -2.159  45.090  -22.717 2452.0000000000
5262  -21.302  -17.539  -24.453 2462.0000000000
285  -0.641  32.337  -24.239 2480.0000000000
206  -51.584  -53.704  -25.688 2489.0000000000
8137  -13.758  84.516  -1.987 2491.0000000000
2641  -8.887  -32.304  18.336 2500.0000000000
3051  -45.421  46.732  -25.185 2541.0000000000
1990  -62.746  0.336  10.147 2550.0000000000
4593  0.211  25.296  14.211 2558.0000000000
1587  -26.679  -58.894  32.125 2566.0000000000
4056  -61.966  2.995  -48.743 2567.0000000000
5264  -19.877  -16.361  -25.726 2593.0000000000
10035  -20.966  -46.415  31.215 2601.0000000000
5263  -21.869  -16.193  -26.066 2608.0000000000
1721  -41.022  41.007  23.262 2661.0000000000
12255  -46.582  25.494  -44.187 2666.0000000000
1720  -40.371  41.928  24.216 2671.0000000000
128  -21.883  -10.321  45.618 2692.0000000000
7892  -48.056  -32.606  -44.934 2698.0000000000
126  -22.045  -11.072  40.656 2701.0000000000
4544  -0.107  6.859  12.571 2706.0000000000
5476  -20.831  30.431  29.174 2715.0000000000
4686  -30.742  11.205  27.219 2743.0000000000
8138  -28.101  46.461  34.344 2755.0000000000
10702  -44.183  -44.773  18.244 2764.0000000000
12256  -24.900  -18.615  -21.010 2784.0000000000
1719  -27.769  23.716  -43.219 2806.0000000000
4627  -36.028  -7.027  26.901 2808.0000000000
746  -54.237  -53.948  -6.220 2811.0000000000
8496  -30.203  -9.367  44.444 2819.0000000000
9278  -65.943  -0.370  -1.942 2822.0000000000
8712  -2.715  -67.304  21.724 2826.0000000000
4712  -0.048  -74.328  8.039 2844.0000000000
1850  -22.468  65.483  18.704 2853.0000000000
1233  -35.952  65.756  -36.133 2854.0000000000
1232  -37.394  64.212  -36.494 2859.0000000000
6310  -1.481  -36.999  -10.079 2866.0000000000
6309  -0.400  -38.595  -6.314 2868.0000000000
10820  -44.608  -34.911  -39.957 2886.0000000000
7891  -37.096  38.224  -22.007 2924.0000000000
3952  -17.389  77.436  -19.543 2926.0000000000
7890  -4.565  -8.091  37.536 2939.0000000000
7926  1.286  3.039  -1.285 2942.0000000000
11230  -9.578  -70.627  12.719 2959.0000000000
8713  -6.157  -68.209  23.287 2960.0000000000
11046  -46.097  -38.636  -27.924 2964.0000000000
12887  -63.490  -19.075  11.344 2972.0000000000
5302  -11.517  -50.934  -14.098 2985.0000000000
10703  -27.423  -23.156  42.843 2998.0000000000
11526  -40.847  -18.457  -2.805 3008.0000000000
12314  -0.742  23.844  48.932 3013.0000000000
11806  -29.342  48.021  -40.869 3017.0000000000
1469  -15.607  -85.564  -3.754 3023.0000000000
5142  -33.877  30.849  8.585 3041.0000000000
3951  -60.805  -23.739  -15.409 3043.0000000000
6179  -24.290  -31.101  52.186 3059.0000000000
1874  -60.034  14.608  -30.093 3078.0000000000
1234  -34.885  62.721  -36.836 3091.0000000000
3880  -27.928  21.043  -36.533 3093.0000000000
6343  -39.202  -17.074  21.399 3099.0000000000
6311  0.503  -42.660  -5.990 3101.0000000000
5141  -49.560  12.679  -63.945 3138.0000000000
8001  -34.374  26.750  -60.991 3152.0000000000
8711  -4.175  -20.889  6.212 3154.0000000000
14711  -2.475  -60.355  32.980 3161.0000000000
11618  -37.200  62.381  7.066 3166.0000000000
12495  -51.371  -48.645  -7.349 3171.0000000000
1873  -24.924  -69.209  4.212 3180.0000000000
1282  -25.052  7.460  35.778 3182.0000000000
4444  -44.372  -60.422  -30.936 3194.0000000000
213  -31.808  -6.169  -33.983 3197.0000000000
8746  -3.364  -36.099  27.719 3203.0000000000
14312  -10.276  -59.067  40.189 3237.0000000000
14691  -48.817  59.157  -33.495 3240.0000000000
14219  -56.697  -0.206  15.595 3246.0000000000
11202  -0.398  43.320  -37.204 3257.0000000000
1875  -61.298  16.060  -31.305 3271.0000000000
4403  -44.226  25.512  22.301 3279.0000000000
10083  -36.120  7.888  -4.302 3291.0000000000
11527  -37.844  30.994  11.234 3294.0000000000
4856  -20.863  21.008  32.864 3298.0000000000
4858  -59.813  4.461  -52.624 3304.0000000000
5321  -40.429  76.012  -20.147 3319.0000000000
11257  -61.191  -33.663  -37.176 3335.0000000000
12779  -35.137  -74.230  -36.954 3344.0000000000
3836  -44.278  -16.809  -42.611 3353.0000000000
8962  -12.204  28.949  -34.654 3356.0000000000
8745  -0.182  49.004  -44.525 3371.0000000000
1536  -39.685  65.836  6.090 3375.0000000000
8619  -21.533  62.463  8.136 3403.0000000000
8620  -9.964  62.657  -14.022 3405.0000000000
8817  -20.459  -42.918  31.250 3407.0000000000
11201  -1.072  40.643  -34.838 3410.0000000000
8816  -0.854  33.787  18.430 3422.0000000000
12778  -48.150  -26.921  39.212 3435.0000000000
1535  -2.358  4.326  -37.339 3456.0000000000
10084  -35.046  8.636  -3.984 3465.0000000000
11187  -40.096  25.147  -21.066 3485.0000000000
12108  -35.363  46.792  -40.233 3497.0000000000
3498  -43.045  -11.810  17.057 3501.0000000000
11200  -47.364  46.593  -25.607 3510.0000000000
5734  -0.155  46.907  0.082 3512.0000000000
6904  -55.217  -7.773  31.678 3523.0000000000
13166  -0.498  57.555  24.757 3526.0000000000
211  -3.329  -74.575  -17.054 3528.0000000000
4688  -31.710  57.724  -32.285 3534.0000000000
14592  -30.154  -57.934  34.917 3536.0000000000
292  -50.074  -47.084  -7.987 3550.0000000000
5637  -21.619  -45.417  -32.619 3557.0000000000
4857  -20.770  23.479  30.472 3560.0000000000
5034  -1.419  51.238  9.834 3562.0000000000
11186  -49.060  -48.696  -6.898 3575.0000000000
3442  -53.667  -2.276  -11.035 3585.0000000000
13813  -27.475  -34.612  52.481 3591.0000000000
4812  -22.359  26.640  -65.380 3601.0000000000
8398  -59.025  -3.505  -26.446 3605.0000000000
12353  2.111  1.283  -29.372 3625.0000000000
212  -32.521  -9.882  -32.510 3629.0000000000
1537  -34.826  66.949  11.096 3630.0000000000
1893  -32.764  15.349  31.169 3634.0000000000
1891  -33.580  15.732  33.859 3636.0000000000
10280  -13.318  -29.088  -20.773 3667.0000000000
2064  -67.522  -27.030  -14.642 3673.0000000000
4371  -7.590  -40.150  17.004 3675.0000000000
5732  0.381  51.256  -4.515 3689.0000000000
8397  -61.927  -10.219  -47.665 3698.0000000000
11759  -46.040  -61.821  -32.023 3718.0000000000
12651  -14.709  -55.566  -12.492 3724.0000000000
3341  -63.523  7.080  15.850 3739.0000000000
9118  -48.461  -49.523  27.970 3748.0000000000
3444  -1.773  -28.476  -1.211 3764.0000000000
5733  0.358  44.007  -0.750 3768.0000000000
3443  -53.360  -1.880  -11.726 3769.0000000000
8399  -57.846  -5.221  -26.449 3777.0000000000
7651  -0.233  -79.114  -21.749 3783.0000000000
14452  -9.298  -60.061  35.492 3786.0000000000
11760  -46.866  -18.033  -20.735 3791.0000000000
11368  -0.718  33.590  -29.382 3799.0000000000
3342  -60.000  -22.730  -33.824 3814.0000000000
13020  -15.519  59.010  27.039 3815.0000000000
2065  -67.278  -24.877  -14.664 3833.0000000000
2066  -28.401  38.228  -50.596 3835.0000000000
12867  -11.930  -45.392  -6.845 3842.0000000000
9908  -25.905  5.683  52.480 3854.0000000000
2688  -20.893  -30.507  -30.456 3867.0000000000
12085  -24.656  83.151  -5.789 3872.0000000000
12352  0.036  33.759  0.416 3877.0000000000
11681  -50.541  31.092  -49.633 3878.0000000000
13438  -52.354  55.223  -25.616 3881.0000000000
1892  -32.866  13.065  31.376 3904.0000000000
8945  -15.665  60.031  -41.474 3908.0000000000
12081  -47.839  -44.934  -20.607 3911.0000000000
4411  -9.404  34.725  -34.032 3913.0000000000
9315  -4.963  -57.481  -6.462 3928.0000000000
11997  -37.242  12.560  44.264 3945.0000000000
11996  -18.277  21.598  -61.095 3957.0000000000
2689  -19.989  -28.663  -32.095 3960.0000000000
13050  -53.569  -54.434  10.428 3962.0000000000
8946  -43.023  -59.265  -27.719 3973.0000000000
8787  -8.695  -43.821  -23.852 3982.0000000000
8862  -35.632  -75.093  -15.522 3985.0000000000
11266  -68.234  -16.776  -19.392 3994.0000000000
9125  -6.581  42.406  -31.427 3998.0000000000
11235  -26.159  27.964  -44.350 4004.0000000000
9235  -7.499  56.700  -43.937 4006.0000000000
6600  -56.904  -10.196  29.690 4028.0000000000
6825  -50.616  4.044  -32.357 4051.0000000000
11680  -8.238  -54.426  44.567 4066.0000000000
11998  -46.304  -47.017  20.213 4069.0000000000
12113  -10.345  60.552  32.668 4073.0000000000
2690  -39.425  -5.787  29.313 4075.0000000000
11234  -30.117  31.826  -44.670 4076.0000000000
9126  -0.745  24.885  35.966 4114.0000000000
8385  -6.683  -50.892  15.930 4128.0000000000
3567  -26.086  -27.955  -28.586 4139.0000000000
3566  -43.560  -18.366  -40.312 4141.0000000000
9131  -22.659  -82.306  -5.630 4146.0000000000
13035  -21.271  -41.287  -32.676 4153.0000000000
13970  -50.354  -51.270  22.392 4159.0000000000
8944  -26.071  -69.980  17.897 4160.0000000000
6826  -51.275  7.050  -33.597 4172.0000000000
14140  -26.127  46.184  -35.133 4189.0000000000
10562  -19.651  -67.475  -35.459 4194.0000000000
13282  -30.384  14.097  43.000 4210.0000000000
11846  -31.941  -35.722  31.510 4213.0000000000
9127  -18.753  -41.303  53.118 4229.0000000000
9151  -23.029  10.563  50.376 4231.0000000000
9690  -21.865  -52.587  34.981 4236.0000000000
8386  -12.495  -15.375  42.264 4240.0000000000
13036  -20.233  -36.985  -32.816 4263.0000000000
9156  -0.174  56.707  -11.497 4264.0000000000
13139  -31.854  31.352  -14.955 4278.0000000000
6537  -9.405  -34.102  12.614 4286.0000000000
8387  -38.351  24.683  21.284 4292.0000000000
9627  -27.521  -31.326  21.679 4297.0000000000
3568  -29.967  -36.927  27.119 4307.0000000000
11783  -29.921  -32.596  26.277 4319.0000000000
12176  -1.358  45.959  -20.499 4322.0000000000
6538  -8.587  -33.889  10.494 4329.0000000000
7568  -50.461  27.198  15.219 4333.0000000000
11132  -20.620  28.270  29.013 4352.0000000000
12272  -27.849  29.983  43.588 4366.0000000000
7983  -11.691  -25.018  38.537 4378.0000000000
9537  -30.621  26.329  -45.161 4382.0000000000
8449  -1.435  -27.387  37.149 4385.0000000000
9626  -0.058  43.179  -29.763 4393.0000000000
8448  -30.877  -19.443  -32.003 4401.0000000000
11847  -38.904  36.111  -29.847 4408.0000000000
10422  -49.919  -9.706  -27.716 4411.0000000000
12619  -23.000  7.520  37.659 4418.0000000000
5587  -5.819  41.634  -46.042 4426.0000000000
10219  -23.572  27.268  44.777 4443.0000000000
9625  -0.709  38.337  -29.169 4445.0000000000
12837  -40.550  7.795  -8.083 4458.0000000000
9401  -44.972  12.050  -24.012 4474.0000000000
2333  -24.699  23.934  39.698 4489.0000000000
7861  -66.062  -6.797  -39.216 4492.0000000000
