#!ascii label  , from subject FreeSurferMNI152_0.1 vox2ras=TkReg
308
1824  -36.425  22.040  -11.060 1.0000000000
1823  -34.607  32.565  11.085 2.0000000000
2011  -9.776  83.227  6.830 6.0000000000
6118  -65.701  -23.396  -34.924 7.0000000000
6212  -23.406  7.269  33.019 9.0000000000
435  -37.504  4.670  -54.435 13.0000000000
932  -48.860  -40.533  9.227 18.0000000000
5936  -8.512  -47.887  -11.850 34.0000000000
437  -22.876  49.678  29.760 37.0000000000
517  0.599  12.382  36.264 42.0000000000
518  0.469  12.022  30.666 47.0000000000
7845  -32.704  53.607  21.099 48.0000000000
7879  -32.850  -29.178  16.058 51.0000000000
931  -49.395  -41.263  11.164 53.0000000000
5935  -8.416  -50.670  -11.796 58.0000000000
436  -37.146  4.403  -56.761 68.0000000000
516  0.769  9.666  33.129 72.0000000000
8022  -32.253  -18.819  -36.110 85.0000000000
7309  -36.364  52.725  -32.543 113.0000000000
7706  -38.884  15.628  14.717 116.0000000000
9340  -38.735  -21.122  -47.079 122.0000000000
2232  -33.084  53.666  -27.747 123.0000000000
13811  -8.862  -25.590  55.425 128.0000000000
8928  -45.601  -63.734  -0.562 129.0000000000
5934  -9.949  -49.043  -12.853 138.0000000000
6833  -32.374  -19.957  -32.105 140.0000000000
11137  -12.402  -26.249  15.446 154.0000000000
10174  -23.830  9.265  -66.571 155.0000000000
11138  -2.840  45.540  27.832 162.0000000000
9339  -35.342  -20.211  -46.611 169.0000000000
5873  -62.381  -38.171  -26.906 170.0000000000
11647  -0.290  -39.749  40.822 175.0000000000
12645  -56.909  -1.427  -54.319 178.0000000000
3132  -47.119  -13.244  24.716 186.0000000000
6646  -60.593  -4.518  -41.600 189.0000000000
3176  -42.601  -21.659  26.848 190.0000000000
6645  -7.852  -72.761  18.216 192.0000000000
8929  -1.457  6.288  52.674 196.0000000000
10573  -28.302  -79.241  -4.236 204.0000000000
132  -1.118  -53.244  5.142 207.0000000000
9808  -50.156  -48.440  -35.821 208.0000000000
11555  -38.419  -60.641  -33.416 210.0000000000
1258  -37.662  48.305  0.219 224.0000000000
40  -3.014  61.222  -11.731 226.0000000000
41  -3.421  60.969  -13.531 231.0000000000
14258  -50.473  -8.742  41.344 233.0000000000
2233  -30.454  54.319  -26.904 242.0000000000
6644  -57.786  2.148  24.036 274.0000000000
1852  -59.867  -22.732  3.540 275.0000000000
3651  -31.863  -39.233  48.060 286.0000000000
14371  -16.300  13.591  -46.171 296.0000000000
3478  -58.326  20.862  -47.129 321.0000000000
613  -4.837  -5.743  24.067 325.0000000000
10173  -8.858  46.679  9.078 327.0000000000
2441  -25.945  -10.972  37.590 336.0000000000
2479  -53.053  -36.474  32.932 337.0000000000
3134  -48.006  -13.032  27.202 346.0000000000
8536  -0.092  -44.417  -6.883 347.0000000000
3133  -45.095  -13.869  24.736 352.0000000000
10051  -7.178  83.179  7.125 361.0000000000
1851  -43.292  15.042  -19.260 365.0000000000
11506  -31.943  -20.953  -34.225 368.0000000000
12219  -60.227  -41.205  -18.479 370.0000000000
134  0.360  -51.697  5.260 379.0000000000
10965  -44.562  28.477  -22.567 384.0000000000
11043  -25.990  73.017  6.518 385.0000000000
11106  -38.978  38.168  -27.065 388.0000000000
313  -52.424  -10.963  36.641 390.0000000000
314  -50.458  -14.286  36.626 401.0000000000
39  -1.314  61.264  -12.475 421.0000000000
3596  -45.631  3.969  -7.496 430.0000000000
11842  -41.813  54.281  -3.225 433.0000000000
2231  -7.964  -72.456  -17.358 441.0000000000
9829  -47.024  -66.974  -14.048 457.0000000000
12242  -55.900  -15.430  -34.297 470.0000000000
12801  -45.252  59.384  5.268 476.0000000000
6175  -29.223  -54.076  24.799 482.0000000000
388  -49.434  -51.778  -17.760 484.0000000000
11896  -8.366  40.691  46.249 489.0000000000
4736  -12.645  -56.645  -32.746 491.0000000000
13037  -41.006  60.866  -24.897 522.0000000000
8463  -1.252  7.010  25.492 535.0000000000
2478  -49.600  -35.853  36.491 541.0000000000
3366  -0.532  65.385  26.284 542.0000000000
3477  -46.790  36.651  -48.517 543.0000000000
8537  0.490  -44.839  -2.940 554.0000000000
8528  -50.382  54.930  -1.033 560.0000000000
11419  -12.395  31.692  -43.838 583.0000000000
12446  -44.738  20.772  4.530 599.0000000000
1931  -0.404  55.866  -44.018 601.0000000000
7754  -38.214  38.054  -40.111 608.0000000000
4737  -40.324  42.247  2.557 618.0000000000
11042  -36.977  12.193  -1.674 623.0000000000
312  -34.797  29.548  -43.321 628.0000000000
4735  -15.621  -55.362  -33.389 647.0000000000
5930  0.111  26.207  8.883 651.0000000000
3095  -3.130  75.307  18.499 664.0000000000
3166  -43.853  27.781  22.980 671.0000000000
6779  -45.721  67.935  -26.431 681.0000000000
7469  -32.853  5.631  50.875 682.0000000000
5616  -19.915  -22.368  41.647 687.0000000000
8530  -5.630  67.828  -9.373 689.0000000000
7423  0.513  -16.916  4.696 702.0000000000
12133  -53.459  13.955  -29.892 712.0000000000
13870  -64.847  -6.180  -1.174 720.0000000000
1853  -62.233  -20.891  2.879 729.0000000000
10764  -24.720  54.406  -35.274 742.0000000000
6176  -45.618  -20.272  -18.302 746.0000000000
7737  -1.414  46.726  -35.533 748.0000000000
11112  -23.853  47.156  33.071 755.0000000000
14548  -23.634  55.269  -34.011 771.0000000000
4399  -35.399  -70.078  -16.457 776.0000000000
14614  -40.363  4.731  46.383 787.0000000000
3094  -1.752  75.085  16.665 802.0000000000
3096  -4.528  76.792  17.722 815.0000000000
4457  -42.694  -11.382  -38.834 823.0000000000
6634  -51.512  -16.829  -2.512 825.0000000000
7592  -33.236  -24.655  -22.438 838.0000000000
2556  -65.580  -18.566  -37.048 839.0000000000
8529  -42.326  21.967  20.194 841.0000000000
4112  -13.577  -44.769  -5.056 850.0000000000
2557  -22.058  19.109  -39.804 855.0000000000
12134  -24.340  -69.727  14.044 870.0000000000
7797  -52.400  -32.993  29.617 882.0000000000
9463  -15.879  4.275  -47.992 885.0000000000
11331  -31.875  38.943  -25.426 902.0000000000
11113  -50.486  -22.645  -20.467 922.0000000000
12439  -46.143  -35.624  -36.256 936.0000000000
4437  -22.039  -69.948  23.028 941.0000000000
13028  -21.832  5.691  -55.245 946.0000000000
13868  -57.863  3.352  -8.541 959.0000000000
13978  -57.236  -10.802  30.848 971.0000000000
14084  -47.389  -17.811  -6.123 984.0000000000
6780  -45.158  68.520  -28.263 986.0000000000
7470  -36.045  6.851  48.576 988.0000000000
2555  -27.665  31.333  -38.538 990.0000000000
7512  -62.168  -32.473  -7.893 993.0000000000
4113  -16.064  -45.024  -5.081 1005.0000000000
5079  -37.919  -18.455  17.292 1009.0000000000
2393  -30.281  -29.775  17.906 1012.0000000000
7422  -14.043  -46.371  -6.922 1026.0000000000
7465  -51.595  -56.691  5.146 1030.0000000000
8785  -2.595  7.727  39.003 1058.0000000000
6053  -40.577  7.178  -10.853 1101.0000000000
4400  -36.104  -72.878  -16.127 1104.0000000000
6052  -40.392  8.925  -12.276 1119.0000000000
10552  -65.891  -14.719  2.277 1121.0000000000
10553  -42.295  -18.594  -1.243 1132.0000000000
10892  -0.059  70.046  5.225 1155.0000000000
10118  -10.486  -15.599  26.364 1157.0000000000
13713  -36.896  -75.219  -15.374 1180.0000000000
5351  -66.232  -8.849  0.492 1183.0000000000
5479  -47.713  -9.262  18.824 1211.0000000000
9314  -29.929  30.680  -42.802 1231.0000000000
9313  -30.390  31.926  -39.856 1236.0000000000
12010  -46.726  51.105  4.587 1260.0000000000
6649  0.679  -70.108  -30.290 1270.0000000000
1513  -12.887  47.339  38.674 1286.0000000000
11632  -23.303  -62.029  31.782 1334.0000000000
5478  -49.902  -8.501  20.131 1345.0000000000
9464  -15.378  7.551  -48.690 1372.0000000000
8786  -9.896  -44.839  -24.279 1379.0000000000
10610  -46.972  30.612  -58.592 1391.0000000000
2781  -48.409  -9.446  -5.654 1419.0000000000
6054  -21.792  -20.635  -20.379 1434.0000000000
181  -5.674  -26.496  40.821 1436.0000000000
2702  -13.189  -31.700  19.947 1442.0000000000
8839  -63.619  -8.110  -5.370 1456.0000000000
14527  -32.117  57.590  -34.459 1463.0000000000
10717  -43.282  -14.988  24.529 1473.0000000000
12141  -44.532  37.099  -19.358 1486.0000000000
2394  -39.735  17.730  -27.097 1491.0000000000
2395  -40.862  15.377  -24.407 1495.0000000000
5477  -50.342  -6.438  19.225 1507.0000000000
9538  -51.693  -43.530  13.443 1519.0000000000
11462  -23.560  48.205  30.932 1521.0000000000
10603  -3.767  75.716  -1.819 1522.0000000000
8177  -30.801  50.519  20.403 1559.0000000000
9501  -43.319  -18.328  0.141 1575.0000000000
182  -19.708  -44.737  42.029 1591.0000000000
1514  -22.487  -56.562  28.366 1594.0000000000
2701  0.176  52.212  12.241 1612.0000000000
10119  -11.798  -17.224  26.849 1623.0000000000
10893  2.467  -21.484  -2.632 1625.0000000000
10149  -62.087  -0.499  -45.236 1626.0000000000
10794  -5.997  -45.136  22.273 1632.0000000000
11631  -35.212  -50.411  38.556 1637.0000000000
12376  -60.311  -28.853  -33.969 1641.0000000000
2376  -25.227  16.376  -57.758 1643.0000000000
2424  -22.378  55.009  26.094 1645.0000000000
2698  -35.162  59.371  -9.224 1657.0000000000
13943  -8.191  -85.222  -1.677 1670.0000000000
10145  -6.727  -49.077  39.336 1671.0000000000
13352  -43.032  -30.689  -41.487 1678.0000000000
7285  -34.220  77.955  -21.062 1697.0000000000
10415  -8.611  24.517  -38.605 1713.0000000000
351  -45.378  -55.637  10.599 1761.0000000000
6832  -33.252  -16.582  -35.233 1794.0000000000
9456  -7.870  37.329  8.847 1797.0000000000
4494  -40.273  -0.645  36.931 1816.0000000000
10146  -15.787  23.546  -39.736 1819.0000000000
7286  -8.569  -26.973  -19.684 1821.0000000000
13011  -26.341  69.314  12.643 1822.0000000000
10416  -51.193  -29.069  -44.341 1836.0000000000
14572  -6.186  -30.421  40.509 1843.0000000000
12140  -23.082  73.349  -0.320 1844.0000000000
2374  -50.595  54.723  -22.679 1847.0000000000
7287  -59.061  -17.016  2.704 1857.0000000000
6194  -57.354  -37.504  25.192 1952.0000000000
352  -25.204  -60.181  2.695 1956.0000000000
5355  -8.858  49.620  -47.155 1964.0000000000
1916  -41.813  36.017  -34.897 1978.0000000000
13046  -47.569  38.287  -43.933 1980.0000000000
13010  -23.339  -67.143  14.849 1982.0000000000
13009  -34.906  48.864  -0.776 1983.0000000000
10024  -48.907  47.540  4.396 1987.0000000000
10023  -50.250  46.998  5.131 1994.0000000000
4632  -50.447  -22.002  1.752 2006.0000000000
2619  -44.418  16.377  -57.030 2007.0000000000
4631  -36.705  -13.407  -48.447 2019.0000000000
5433  -34.273  -6.435  -2.183 2029.0000000000
2375  -59.212  -48.459  -17.765 2039.0000000000
442  -39.344  30.790  -20.680 2055.0000000000
4872  -47.332  28.139  23.337 2065.0000000000
4873  -0.535  33.731  5.758 2085.0000000000
13082  -37.779  19.686  14.984 2099.0000000000
7577  -7.482  -59.502  24.183 2134.0000000000
7534  -56.161  -17.904  -34.827 2138.0000000000
350  -43.462  -54.896  11.758 2146.0000000000
5356  -49.987  -54.769  -33.078 2174.0000000000
4493  -40.306  3.501  14.872 2199.0000000000
5434  1.447  -64.872  14.200 2212.0000000000
8444  -35.938  -5.886  27.149 2214.0000000000
7535  -60.932  19.159  -35.536 2227.0000000000
2513  -20.492  72.523  -10.504 2260.0000000000
9390  -11.331  28.336  -42.402 2282.0000000000
4633  -48.228  -22.990  2.352 2286.0000000000
12090  -45.679  -21.085  42.456 2300.0000000000
8445  -63.041  -7.489  -47.884 2305.0000000000
1915  -45.610  38.673  -33.058 2319.0000000000
6195  -24.617  -79.308  -0.805 2330.0000000000
6831  -61.690  -4.950  -6.505 2332.0000000000
6360  0.196  -59.907  20.310 2343.0000000000
8261  -37.546  -44.660  37.837 2348.0000000000
9389  -42.121  -50.497  0.349 2362.0000000000
11536  -14.745  32.181  -44.165 2364.0000000000
11535  -30.097  7.495  -44.210 2365.0000000000
12811  -25.514  -83.597  -9.656 2377.0000000000
12606  -59.371  4.197  -8.946 2381.0000000000
12956  -64.874  -5.170  -45.275 2385.0000000000
14002  -11.654  -27.236  -27.847 2401.0000000000
13368  -66.240  -21.559  8.683 2402.0000000000
13057  -19.418  -3.291  -47.414 2404.0000000000
13892  -5.787  51.964  5.412 2406.0000000000
512  -9.746  -19.312  -26.499 2410.0000000000
2512  -21.414  70.604  -9.355 2419.0000000000
6361  -43.999  22.063  1.356 2429.0000000000
13281  -27.612  82.940  -25.363 2432.0000000000
7255  -6.125  -85.717  -4.645 2441.0000000000
9388  -41.680  -51.311  1.460 2457.0000000000
2061  0.102  -29.294  36.321 2462.0000000000
3918  -44.167  44.840  23.269 2473.0000000000
5218  -9.391  -22.161  -22.430 2480.0000000000
7226  -45.894  -48.013  -22.064 2487.0000000000
3917  -43.748  47.169  21.533 2489.0000000000
4087  -38.970  -11.874  21.798 2507.0000000000
3846  -0.593  15.434  -30.664 2510.0000000000
14295  -43.227  52.207  -39.023 2534.0000000000
6359  -45.425  -34.153  -42.065 2542.0000000000
9921  -29.856  35.361  -62.000 2545.0000000000
2062  0.329  -31.418  35.705 2552.0000000000
2115  -63.724  3.920  -11.987 2565.0000000000
2063  -68.322  -21.375  -18.876 2574.0000000000
5219  -13.046  -39.047  -27.145 2579.0000000000
7227  -41.740  -70.000  -3.552 2584.0000000000
9430  -30.560  40.483  -23.876 2608.0000000000
9891  -31.569  35.534  -27.061 2622.0000000000
10712  -34.990  -44.810  35.979 2630.0000000000
12045  -6.988  -30.021  49.755 2632.0000000000
9565  -26.108  55.459  16.456 2643.0000000000
5894  -63.015  -7.045  -23.414 2657.0000000000
9429  -1.988  -78.076  -21.391 2672.0000000000
9948  -31.630  11.865  -68.416 2721.0000000000
11147  -25.642  10.994  -68.485 2731.0000000000
12046  -6.098  -30.390  51.208 2733.0000000000
9890  -1.008  65.597  6.079 2748.0000000000
9431  -35.943  19.072  -13.448 2759.0000000000
12386  -26.660  -71.213  3.295 2765.0000000000
8556  -9.468  -45.662  -7.267 2774.0000000000
3417  -19.796  24.044  -65.657 2791.0000000000
1702  -42.123  32.706  -53.634 2793.0000000000
3416  -32.797  16.610  -6.601 2812.0000000000
12042  -32.182  -58.630  -38.181 2832.0000000000
8557  -33.089  28.717  -15.878 2860.0000000000
13124  -29.889  -25.913  -24.909 2863.0000000000
4308  -6.108  -27.669  19.123 2867.0000000000
3581  -16.877  61.112  -39.406 2886.0000000000
7785  -57.957  25.508  15.409 2888.0000000000
9732  0.241  20.431  -21.929 2897.0000000000
3791  -25.487  40.794  36.663 2899.0000000000
4307  -4.917  -25.191  19.098 2908.0000000000
851  -6.495  -53.158  6.023 2919.0000000000
1703  -41.673  34.362  -56.241 2920.0000000000
7753  -16.007  -10.220  -34.557 2921.0000000000
7881  -1.365  61.414  -11.554 2935.0000000000
12933  -27.535  -52.265  35.688 2956.0000000000
850  -50.440  -21.607  -41.332 2997.0000000000
849  -13.837  -9.513  19.248 3010.0000000000
