998  15.3370  -81.2860  3.6180  1    851  36.6470  27.4590  10.4480  1
1006  13.9230  -81.3390  2.9580  3    5527  8.2730  -23.8580  -13.3550  3
1267  11.4060  -80.6370  1.4270  11    8031  9.8330  -80.8200  -16.2900  11
1282  8.5590  -81.0790  -4.4410  12    6824  35.8160  77.4910  -0.7920  12
1301  8.1390  -80.9500  -7.9970  13    6116  38.0200  22.2330  19.3950  13
1463  14.8630  -79.1880  8.4280  15    2282  34.0060  -61.8960  2.2790  15
1469  14.8950  -79.6490  7.4520  16    850  36.7290  29.0330  9.1950  16
1479  14.0790  -80.1410  6.2540  19    849  40.0850  45.4460  31.8560  19
1481  12.5560  -80.0480  5.5780  21    2281  33.1220  -60.2960  0.4710  21
1521  8.8080  -80.4000  -2.1190  38    6965  65.6610  13.9240  -43.9040  38
1532  8.4720  -80.2120  -2.8230  42    6825  37.6850  76.5640  -0.0610  42
1566  7.5680  -80.1180  -7.3280  56    6115  4.1540  -9.4110  42.4020  56
1584  8.9600  -81.7330  -8.7140  61    1440  43.7640  -4.8530  -41.9640  61
1585  8.3400  -81.3970  -9.1550  62    1441  43.0060  -0.4030  -44.1080  62
1610  10.7180  -80.9340  -13.2490  69    1442  43.5830  -0.9640  -42.7570  69
1612  9.3410  -81.4430  -14.7610  71    6711  63.9960  8.1990  22.1980  71
1803  11.3850  -80.4190  2.8430  81    8307  39.3050  13.9210  -2.2390  81
1808  12.6020  -80.7210  1.3470  83    4962  48.0190  -52.0600  -38.1920  83
1817  10.9190  -79.3110  -1.8280  89    4963  45.5220  -69.4290  -10.3260  89
1818  10.6210  -79.5880  -1.4790  90    4961  51.7320  -49.1420  -19.7430  90
1821  10.8780  -79.0830  -0.2050  93    13911  50.9070  27.2270  -61.6570  93
1927  10.5230  -80.7210  -14.7910  127    6710  42.4520  34.2660  7.9970  127
2101  12.8030  -77.8990  10.1790  133    11225  30.3160  3.6620  -55.8900  133
2116  10.3820  -77.9660  7.2960  138    5224  60.3150  -47.1090  -16.6820  138
2130  9.7300  -78.7840  3.8110  144    8306  40.4400  14.4380  -1.4320  144
2151  9.5340  -80.0730  0.3160  157    6967  62.8490  21.1700  -44.1260  157
2171  6.5300  -77.8700  -2.0760  168    6966  66.5200  14.5550  -40.4490  168
2230  5.3810  -77.6640  -8.2630  179    3708  26.3890  25.7250  -38.3110  179
2242  5.4340  -77.9660  -10.7710  183    13013  45.4820  18.7890  16.9140  183
2256  6.9860  -79.6830  -15.3810  186    6818  27.9490  10.1250  31.7810  186
2495  10.4970  -76.7190  10.2380  198    5223  63.0760  -44.4900  -16.1360  198
2559  5.4790  -76.8590  -3.7390  223    10115  47.5810  -4.2190  -44.7970  223
2968  8.1670  -75.8850  7.4670  244    5225  38.8040  16.3080  -3.3700  244
2999  7.5260  -77.3270  2.2130  251    8305  30.7770  -56.2090  24.2630  251
3005  5.2660  -75.2000  0.2690  255    12646  7.3150  55.2010  -46.8820  255
3043  4.5510  -75.8100  -10.4380  274    3706  14.9230  -59.5290  17.5770  274
3051  4.6800  -75.7940  -14.3370  276    7478  14.4090  11.8180  -33.1930  276
3940  7.2200  -74.3520  8.8590  300    1537  49.7090  14.5110  -48.6130  300
3980  4.8720  -73.3080  3.9220  308    1204  54.7810  51.3910  -29.8500  308
4009  4.2480  -72.3470  0.8250  313    12696  2.3740  61.3460  -45.6630  313
4016  3.7950  -71.5020  -1.2380  316    10268  37.1170  23.8610  11.3920  316
4023  3.7450  -71.5260  -2.1620  319    10269  52.3900  58.2830  -34.1470  319
4036  3.8670  -72.0710  -4.8550  325    3707  39.7100  -31.0190  35.6130  325
4523  5.0910  -72.4290  7.4760  345    1203  27.2580  26.2570  -66.7710  345
4660  3.5430  -70.6370  -11.0100  380    6228  33.2940  -57.0320  11.2370  380
4679  3.8490  -70.2960  -13.9790  383    2898  19.1310  -47.4050  31.6170  383
5277  3.5470  -69.8010  -7.4590  412    11889  50.3120  -20.3160  -40.6820  412
5314  3.6400  -68.4380  -12.9200  418    6227  33.1590  -52.3590  7.8930  418
5779  4.5450  -70.2380  9.6700  421    3170  47.6960  -14.3750  30.1410  421
5862  3.6570  -69.5800  2.3120  433    4605  40.6220  -39.2040  36.5410  433
6530  3.4290  -68.0370  -4.4010  471    10657  49.8540  27.0870  -47.5170  471
6582  3.6610  -66.6560  -11.9460  476    6226  52.0560  52.0730  10.8640  476
7077  3.7640  -68.8470  8.5430  481    3171  46.1240  -15.3520  30.3830  481
7103  3.5880  -68.3050  5.8320  483    1202  31.5850  24.4830  -67.5210  483
7686  3.6310  -67.3040  11.4800  500    5824  23.9970  -17.9950  -18.2970  500
7821  3.4130  -66.3070  0.6860  513    1467  61.4850  35.1620  2.7580  513
7829  3.9810  -64.8400  -1.6710  515    1466  0.7970  5.6150  7.0920  515
7854  5.7930  -65.0210  -3.9320  531    12873  35.7780  -48.5920  36.7560  531
7882  4.6920  -65.0260  -5.8640  541    12950  53.8770  31.0010  -53.2620  541
8334  4.1630  -65.5910  16.9230  561    11743  32.2690  -23.6490  21.4120  561
8357  3.5020  -65.1530  12.8940  569    3169  64.4660  -9.4300  20.3710  569
9033  3.4980  -64.3030  8.5580  656    7660  44.5980  4.2980  -9.1190  656
9057  3.5220  -63.3300  4.3080  659    1896  16.1870  -14.3220  -28.2960  659
9104  7.1550  -62.7690  -0.2640  665    5952  16.9950  -63.3030  23.0950  665
9123  7.8640  -63.0790  -0.9300  671    9423  41.6820  -45.8410  -2.5510  671
9171  4.3480  -64.5880  -7.2050  694    12872  3.3410  -4.8550  51.7160  694
9197  4.1300  -62.8450  -10.3740  700    13788  52.4720  14.6560  -38.8010  700
9637  14.9540  -61.3090  19.1420  716    10507  4.3040  30.3150  6.0750  716
9726  3.5950  -62.7220  6.0540  729    1826  14.3570  -69.0050  8.2650  729
9757  6.3570  -61.7280  1.4070  735    1468  32.1000  -34.8680  -27.1930  735
9848  6.5450  -64.8810  -3.6210  764    12874  12.4230  -27.9540  14.2360  764
9867  3.8130  -64.3510  -7.6500  774    13808  65.1980  5.9470  17.2940  774
10267  5.5170  -62.5680  20.3100  780    11709  24.9520  -43.5320  -26.6590  780
10279  11.0250  -61.3340  19.5670  785    10508  43.5160  39.1830  6.1720  785
10282  7.1500  -61.4630  19.9980  788    3085  9.8900  88.6330  -21.9360  788
10296  16.7820  -60.8910  17.9000  792    12326  4.2320  -6.5830  -15.2540  792
10333  3.5440  -61.3160  14.5700  802    1846  53.0870  -40.3070  -26.2270  802
10382  3.5150  -61.5980  10.1340  820    8255  31.4840  -10.5480  -29.5030  820
10417  4.6280  -60.8730  5.2410  837    1825  13.7630  -68.8080  8.0110  837
10460  6.4130  -60.7290  3.3460  858    1824  19.9010  -61.1950  24.9340  858
10489  6.9850  -60.8500  2.8650  874    5951  60.8580  -25.3300  0.6120  874
10528  7.9500  -61.5870  1.4000  892    5950  71.1310  -22.1590  -26.2910  892
11009  12.6310  -60.6210  18.8660  913    4668  54.4910  44.7800  15.0460  913
11013  7.8690  -60.8660  19.2660  917    1776  43.4610  -28.8410  30.9010  917
11042  16.8950  -60.0600  16.7750  930    7708  29.2210  -6.4580  33.2930  930
11043  15.9980  -59.7940  17.1270  931    4054  57.5230  0.1140  -44.2360  931
11095  3.5500  -59.9880  12.9340  948    7800  21.1950  -62.0070  30.4410  948
11106  17.5760  -58.1800  13.7870  950    875  66.3630  17.1810  -20.9920  950
11136  17.5770  -58.0310  11.9390  964    873  22.0390  40.6780  -42.1650  964
11142  3.4800  -60.4530  9.4630  970    6579  26.7920  -30.0330  -30.8030  970
11259  7.0820  -62.6210  -0.0430  1012    14598  51.7790  12.8980  -46.7440  1012
11261  5.3930  -62.9580  -0.3360  1014    14388  63.3350  13.2830  -28.0990  1014
11263  3.9390  -62.2820  -0.5810  1016    2458  23.8720  64.3490  26.0180  1016
11283  4.9010  -63.5700  -1.2740  1021    14863  62.3360  13.4480  -50.0880  1021
11328  3.4370  -63.1450  -5.1530  1039    9416  57.0570  -17.6890  -19.4860  1039
12020  11.9830  -58.2450  16.5460  1070    1775  43.2880  -25.9060  27.3510  1070
12070  17.0100  -57.4780  12.6880  1087    12697  4.3160  75.0670  -2.7780  1087
12107  17.7400  -58.4800  9.4870  1100    13016  42.1240  -1.1850  -11.5410  1100
12125  3.8280  -60.8900  6.5220  1109    6580  47.2300  -3.6780  -6.1060  1109
12135  17.9980  -58.4450  7.9340  1111    7505  68.9950  -22.8340  -11.1790  1111
12150  4.7690  -60.6090  4.6910  1119    12046  46.4830  30.2220  -51.5200  1119
12191  5.5120  -62.0000  1.1200  1131    13825  43.9270  59.9150  -14.5600  1131
12194  3.9990  -61.2200  0.6090  1134    172  17.2590  13.4520  -46.2980  1134
12921  8.0890  -58.4250  16.1670  1161    1774  46.2060  -26.6560  32.4210  1161
12950  14.9990  -56.8130  14.9290  1177    6853  48.0530  -21.8770  -11.0980  1177
13031  17.7570  -58.0030  7.8200  1201    2487  57.8940  28.2700  -13.9040  1201
13045  18.4080  -57.9640  6.5310  1205    10542  9.1590  -14.8380  28.9400  1205
13072  6.0980  -60.7080  3.1750  1219    12047  8.6230  63.4800  -14.1280  1219
13173  3.1460  -59.3130  -4.3610  1244    4994  47.2460  34.4250  -55.8880  1244
13818  9.9640  -57.2040  14.3960  1260    11032  31.2560  33.9960  -38.2700  1260
13848  4.2960  -56.8680  12.0350  1277    11833  15.3990  29.4320  -34.4660  1277
13873  16.9660  -56.4090  9.9790  1285    9468  69.6250  6.6880  -5.1460  1285
13922  18.9880  -57.3780  5.4140  1298    8510  40.8190  5.8000  -62.9990  1298
13927  3.7830  -58.9620  4.5020  1303    12045  25.7300  50.2210  -40.4720  1303
13935  18.9460  -56.8270  4.9120  1304    8735  52.2080  24.7010  5.6090  1304
13990  3.2550  -58.4840  -1.5260  1324    2459  25.4210  62.6710  27.3590  1324
14634  12.3230  -55.6670  12.9360  1345    12562  32.2570  22.6620  43.3010  1345
14668  3.4710  -57.0900  9.1330  1363    6578  15.8110  66.0600  27.6060  1363
14725  19.7770  -55.4330  3.7510  1380    8385  46.3750  39.7120  -38.1550  1380
14739  3.6080  -58.4590  2.0720  1388    171  17.8910  14.9800  -49.8360  1388
15413  8.7370  -55.7180  10.7270  1411    12563  7.8970  -74.7760  -32.9570  1411
15457  3.5110  -55.9880  7.3920  1432    12794  19.8100  -29.3280  -32.1840  1432
15466  17.6060  -54.9830  7.6950  1433    2485  41.7450  76.2160  -19.1140  1433
15511  19.4070  -55.0350  3.7610  1447    8736  52.8830  27.4980  7.9140  1447
15578  3.1010  -56.0450  -4.2470  1462    2457  29.9680  84.0440  -16.6430  1462
16258  8.8140  -54.9730  8.9900  1487    9469  70.0290  6.1420  -2.4690  1487
16270  16.5100  -54.3110  8.9170  1492    2486  57.1900  29.1090  -17.3450  1492
16371  3.1500  -55.4160  -0.5920  1524    173  17.7030  13.3410  -50.2200  1524
16419  4.2110  -54.7750  -6.8930  1529    1392  46.4020  -3.2550  -49.4810  1529
17137  11.2210  -53.4090  6.9480  1552    10273  9.6900  -35.9670  -19.7570  1552
17175  11.2070  -52.8550  5.1440  1572    10240  45.0360  27.2480  11.9320  1572
17180  3.7720  -53.4460  5.0150  1577    12722  62.4790  17.2070  -32.6230  1577
17235  20.8040  -53.3460  1.8080  1589    14107  49.5460  62.7800  -11.0190  1589
18063  9.8170  -52.8540  4.1810  1640    2758  68.7600  -0.4900  6.8390  1640
18078  19.4500  -52.5350  3.7860  1647    746  39.1020  -64.7030  -1.6450  1647
18085  3.7360  -52.3590  3.5120  1654    3955  38.7060  -41.8990  42.3800  1654
18113  21.5200  -51.8860  1.2640  1661    12068  16.2610  -29.4690  -29.0910  1661
18115  21.0180  -51.7290  1.0910  1663    9190  31.8250  -7.8680  30.7970  1663
18958  17.6250  -51.6880  6.0690  1679    13054  37.8330  18.6320  14.4240  1679
18995  12.1540  -51.7500  3.5240  1700    2759  66.8980  0.7980  7.7430  1700
19014  14.3310  -50.4150  3.0670  1711    745  40.0970  -62.3820  -2.9170  1711
19032  21.9510  -50.9180  0.8480  1724    5196  8.4940  -2.4950  58.7620  1724
19993  6.9450  -51.0130  2.5030  1764    2757  68.2300  0.7660  7.1860  1764
20036  21.6040  -49.4530  0.1310  1794    7406  50.0440  40.4320  9.5250  1794
20081  3.5540  -51.6720  -6.4970  1798    5806  35.9030  44.8880  35.6280  1798
20947  15.5410  -49.2620  1.8110  1809    744  40.8060  -2.1200  -20.5630  1809
20950  11.8220  -49.5930  1.2670  1812    3739  18.8380  -32.9890  -14.6420  1812
20974  4.1770  -48.9510  0.0950  1833    9272  43.4070  -58.9670  -12.0240  1833
20979  22.8260  -49.1850  -0.1670  1836    608  26.1280  -12.4040  56.3920  1836
21990  18.3380  -48.6860  1.7280  1854    9839  60.6920  -38.9800  -0.8110  1854
22025  7.7350  -48.3510  -1.2060  1881    3738  17.1590  -32.0400  -16.0160  1881
23044  10.9160  -47.5030  -0.5130  1918    3740  20.6370  -30.6930  -17.7760  1918
23055  22.8670  -46.7020  -0.7540  1926    7405  24.9760  35.9200  -57.8260  1926
24038  19.0300  -45.6650  0.0550  1947    490  2.7280  12.7980  41.5820  1947
24042  14.4970  -46.0410  -0.4240  1951    914  3.2150  59.2280  15.7420  1951
24054  23.2590  -45.6410  -0.8240  1956    2790  3.2040  14.9370  -22.4890  1956
24073  6.5160  -45.8420  -4.3090  1971    13070  55.4620  22.5830  29.0080  1971
24092  5.4620  -46.8910  -6.6340  1979    6429  57.5280  26.0770  -21.5680  1979
25071  23.3970  -44.8470  -1.3690  2000    8246  22.6470  -28.3730  -31.4900  2000
25074  10.8130  -45.1170  -3.0890  2003    913  4.5820  61.1680  17.1350  2003
25081  22.5470  -42.9560  -4.3210  2008    7792  40.0250  47.0570  30.3200  2008
25082  22.4620  -42.7760  -4.4250  2009    5977  46.7980  -17.6680  -20.7220  2009
25097  7.0580  -45.9140  -6.9730  2020    6427  46.0530  41.8920  -10.2790  2020
25105  21.8640  -43.0960  -7.1110  2024    9278  9.0690  61.3670  1.8620  2024
26128  17.3240  -42.8960  -0.7690  2047    491  2.8970  11.7990  43.2450  2047
26130  15.4310  -43.4180  -1.1850  2049    489  2.5990  -18.7470  37.7600  2049
26164  22.7250  -43.0710  -3.4990  2059    4728  2.8410  6.6350  -8.3920  2059
26199  20.0730  -42.9780  -7.7840  2084    10732  13.4980  -58.9230  40.4580  2084
26208  21.8000  -43.0830  -8.7350  2085    11319  30.2690  76.8400  -6.1400  2085
26226  20.8060  -43.6870  -9.8150  2093    12335  39.7880  40.2490  -58.7100  2093
26229  17.9870  -43.7140  -10.3840  2096    12421  67.1410  -29.2940  6.6900  2096
26252  21.8960  -43.9300  -11.1780  2097    13295  52.1860  -24.9310  1.2670  2097
27291  14.2810  -42.3580  -3.5240  2117    4279  49.9970  -58.6210  -32.5160  2117
27312  21.3800  -42.1190  -4.0250  2121    2791  51.6350  -55.0030  -27.0460  2121
27339  17.5950  -41.7910  -6.5820  2137    11689  19.9510  20.0970  -53.7560  2137
27350  14.9590  -42.8990  -8.5460  2146    10948  54.9510  -51.7650  -20.9870  2146
150033  8.5720  -80.7280  -4.9300  2197    13896  60.4250  5.7850  -47.9290  2197
150038  11.6200  -79.0860  -4.2280  2201    13897  5.8310  -32.3400  24.7990  2201
150057  11.5360  -80.7890  -9.7580  2219    14722  37.3840  0.2020  -58.0540  2219
150087  10.7150  -80.7360  -6.0980  2248    13126  68.4370  -9.1810  -42.7870  2248
150092  12.5960  -80.1380  -9.5770  2252    13960  36.2930  8.9120  -61.7340  2252
