#!ascii label  , from subject FreeSurferMNI152_0.3 vox2ras=TkReg
1294
2955  -60.705  -26.734  7.395 1.0000000000
5492  -36.010  57.720  6.945 3.0000000000
7614  -17.879  5.861  -47.710 7.0000000000
13561  -62.063  -34.121  -18.594 8.0000000000
9163  -6.302  68.888  -26.400 13.0000000000
13953  -19.681  15.136  50.928 17.0000000000
10963  -46.274  -3.485  14.094 20.0000000000
13560  -4.768  25.129  16.347 21.0000000000
13952  -20.341  14.185  50.611 23.0000000000
14087  -59.708  -34.090  -3.050 24.0000000000
5312  -12.658  65.543  18.272 29.0000000000
11006  -31.701  -65.365  20.086 52.0000000000
14088  -34.800  60.001  -20.763 56.0000000000
14155  -29.055  -31.339  14.937 57.0000000000
14196  -13.529  62.929  -21.690 58.0000000000
5387  -2.642  12.369  12.889 59.0000000000
40063  -23.976  -24.789  -25.764 62.0000000000
13562  -58.475  -23.419  -40.530 64.0000000000
15232  -13.657  -2.978  22.110 68.0000000000
15311  -50.633  31.804  7.424 71.0000000000
15376  -54.914  11.970  -2.285 73.0000000000
31060  -59.658  -23.282  -9.030 74.0000000000
18947  -26.653  13.568  -33.620 75.0000000000
40103  -51.930  27.479  -28.962 80.0000000000
35402  -42.679  -17.355  17.888 83.0000000000
36226  -18.463  69.593  1.835 87.0000000000
36257  -40.883  -48.521  -13.074 89.0000000000
15754  -7.074  39.117  27.539 91.0000000000
15793  0.751  -77.110  -12.980 92.0000000000
40414  -9.703  -36.965  -4.851 93.0000000000
26896  -52.133  -26.449  29.464 94.0000000000
17221  -22.565  -85.061  -23.586 96.0000000000
31797  -4.259  75.639  -32.426 98.0000000000
32970  -36.083  45.156  -13.751 100.0000000000
29803  -5.032  27.484  7.475 101.0000000000
1894  -10.217  -18.865  59.066 104.0000000000
34055  -24.124  31.692  -43.017 107.0000000000
33533  -39.284  -51.526  -30.372 108.0000000000
35357  -29.068  9.184  -36.696 112.0000000000
30766  -33.376  -60.255  -9.886 114.0000000000
26303  -37.890  -7.671  -42.858 117.0000000000
27105  -45.042  1.669  -1.135 119.0000000000
35401  -60.741  -31.663  -27.469 121.0000000000
21071  -32.864  -0.427  -10.269 127.0000000000
32260  -5.589  -7.064  57.310 129.0000000000
32269  -6.018  61.394  1.462 130.0000000000
35998  -42.539  -50.016  -36.897 131.0000000000
22040  -54.645  -17.887  -12.451 132.0000000000
13261  -7.683  74.381  -0.333 133.0000000000
23664  -25.955  -43.675  -33.822 138.0000000000
25517  -60.414  9.532  -20.706 141.0000000000
16687  -55.392  19.755  -46.089 142.0000000000
17504  -20.762  14.791  26.756 150.0000000000
1896  -42.715  -64.051  -26.653 154.0000000000
2834  -20.601  -4.652  -39.078 156.0000000000
3460  -27.252  62.147  -28.916 157.0000000000
3571  -36.754  -35.934  -31.676 158.0000000000
17961  -48.636  -58.627  -3.019 160.0000000000
19991  -41.336  -24.262  26.015 164.0000000000
18990  -34.951  -17.520  -8.930 167.0000000000
21072  -10.973  -38.401  16.027 171.0000000000
31975  -21.108  -12.423  44.158 174.0000000000
7457  -36.766  -48.127  35.148 175.0000000000
11844  -41.621  -15.457  18.049 178.0000000000
10095  -32.939  -4.940  -40.428 180.0000000000
16688  -6.816  -16.761  -8.525 187.0000000000
1677  -45.800  9.944  -33.777 190.0000000000
4278  -38.788  -33.877  -1.278 202.0000000000
2123  -30.653  -75.496  -35.883 206.0000000000
5159  -51.123  -27.134  -28.652 209.0000000000
6544  -39.244  -31.079  16.909 210.0000000000
6543  -39.892  -32.396  19.189 212.0000000000
6604  -0.503  -66.790  3.563 213.0000000000
2124  -38.157  4.435  -13.502 214.0000000000
21140  -52.554  -42.714  -28.309 220.0000000000
21473  -2.564  11.781  21.038 221.0000000000
7567  -51.137  40.033  1.745 223.0000000000
11821  -6.673  -14.839  -10.200 227.0000000000
13238  -21.328  -81.472  -8.902 228.0000000000
16686  -20.486  -39.241  -18.971 234.0000000000
1676  -45.448  9.339  -34.832 237.0000000000
1895  -41.965  -63.865  -27.144 239.0000000000
1675  -45.702  12.022  -36.062 242.0000000000
2772  -42.240  9.070  -62.501 246.0000000000
2835  -19.456  -5.849  -38.369 247.0000000000
1236  -26.241  63.466  -10.288 248.0000000000
3598  -54.671  -12.339  -27.673 249.0000000000
4279  -7.565  -71.479  -21.266 251.0000000000
17985  -28.817  57.025  22.609 253.0000000000
4358  -39.300  52.086  -23.915 262.0000000000
4027  -44.088  -20.066  7.867 263.0000000000
2796  -41.950  -54.151  15.645 265.0000000000
42816  -42.266  25.921  -45.975 277.0000000000
42855  -23.602  28.020  -55.992 279.0000000000
43147  -20.091  -57.572  21.881 280.0000000000
43716  -58.481  -11.369  13.735 285.0000000000
43611  -12.544  -57.198  20.920 287.0000000000
43717  -19.360  28.906  44.635 288.0000000000
44101  -7.923  31.315  33.895 291.0000000000
43912  -41.329  -45.582  -15.186 293.0000000000
43913  -35.033  30.274  37.120 295.0000000000
44102  -52.508  -48.593  -25.901 306.0000000000
44218  -36.408  -55.777  18.753 307.0000000000
44217  -37.046  -53.847  16.210 308.0000000000
44229  -11.569  -52.426  12.911 312.0000000000
44387  -20.738  -56.151  16.742 313.0000000000
1234  -63.735  7.813  4.867 314.0000000000
44358  -34.985  -56.798  18.531 315.0000000000
44366  -11.674  -29.503  50.853 318.0000000000
44513  -40.103  46.463  20.682 322.0000000000
44515  -37.383  -52.863  13.525 323.0000000000
1934  -4.613  -5.350  34.622 324.0000000000
4214  -38.140  44.849  24.307 326.0000000000
44471  -47.952  -33.296  15.685 328.0000000000
44587  -47.437  -28.376  -38.757 335.0000000000
44585  -54.992  13.047  21.271 337.0000000000
2289  -4.385  32.191  11.494 338.0000000000
1014  -46.382  33.379  -14.046 348.0000000000
44582  -34.292  9.160  33.295 352.0000000000
2122  -6.718  53.757  -21.299 366.0000000000
2532  -2.505  -53.336  10.302 373.0000000000
2533  0.023  -69.612  -15.168 374.0000000000
2326  -33.013  -63.016  -6.861 377.0000000000
42767  -32.125  0.352  21.616 378.0000000000
43126  -21.444  -25.411  35.001 383.0000000000
42848  -58.315  15.202  -19.509 385.0000000000
43319  -3.808  -57.805  20.972 389.0000000000
43465  -14.512  46.407  32.684 393.0000000000
43401  -13.355  -57.693  21.246 395.0000000000
43474  -7.028  -83.860  -31.166 397.0000000000
43481  -28.978  -48.615  -33.392 398.0000000000
43530  -43.099  24.673  -51.093 400.0000000000
43536  -13.272  77.327  -29.920 401.0000000000
43606  -64.716  -22.194  -7.326 404.0000000000
43662  -30.486  -62.841  -11.664 405.0000000000
43666  -40.170  28.258  -58.664 407.0000000000
43672  -32.861  21.785  15.836 408.0000000000
43690  -2.563  41.413  -3.395 410.0000000000
43705  -30.520  -65.298  22.214 413.0000000000
43837  -5.259  31.212  36.732 415.0000000000
43852  -27.071  -16.946  46.650 417.0000000000
43956  -39.638  32.456  27.318 424.0000000000
44043  -16.562  31.343  34.766 425.0000000000
44059  -38.636  30.152  34.316 427.0000000000
44044  -17.998  -83.292  -33.885 434.0000000000
44206  -25.501  -14.926  32.950 436.0000000000
44092  -56.973  -26.572  15.929 439.0000000000
44221  -11.920  84.561  -21.751 443.0000000000
44407  -43.404  -3.782  23.389 449.0000000000
44215  -48.255  -45.609  -11.327 454.0000000000
43678  -49.145  -40.978  -21.682 456.0000000000
43677  -30.417  -55.285  24.469 457.0000000000
2290  -4.502  33.161  10.787 471.0000000000
2466  -41.535  -39.869  32.994 475.0000000000
44540  -6.185  -20.742  50.804 476.0000000000
1505  -53.159  -35.667  -20.470 481.0000000000
886  -42.990  -48.352  -37.266 490.0000000000
852  -2.938  -76.833  -33.610 501.0000000000
1013  -9.289  -37.535  32.877 510.0000000000
2979  -9.657  -38.873  -10.012 511.0000000000
1981  -60.822  -34.621  1.621 517.0000000000
2534  -0.290  -68.299  -14.354 522.0000000000
43651  -56.202  -4.251  1.189 529.0000000000
43134  -27.873  1.731  38.400 531.0000000000
43338  -10.682  -56.646  22.103 534.0000000000
44030  -44.769  42.369  -13.485 536.0000000000
43552  -10.096  -48.239  -23.774 540.0000000000
43909  -29.512  -16.869  47.472 547.0000000000
44053  -50.647  -51.746  14.151 558.0000000000
44224  -1.392  -56.166  17.653 561.0000000000
44212  -28.865  -46.976  -24.016 567.0000000000
44367  -4.067  -20.780  53.459 568.0000000000
44239  -53.047  -26.823  14.196 569.0000000000
44437  -9.530  -23.730  48.533 572.0000000000
44037  -46.249  -37.941  22.585 573.0000000000
1235  -42.219  -41.700  -30.314 578.0000000000
44446  -29.621  -12.715  -24.076 582.0000000000
43843  -42.470  -56.837  22.145 583.0000000000
43682  -5.318  -5.414  -33.057 584.0000000000
43686  -28.245  -46.565  -15.881 588.0000000000
44533  -37.959  -32.430  18.796 594.0000000000
887  -40.367  -48.614  -36.246 600.0000000000
851  -2.699  -75.669  -34.163 606.0000000000
2252  -28.072  3.819  -32.437 621.0000000000
2978  -51.576  9.507  28.665 626.0000000000
3001  -6.462  26.769  48.557 628.0000000000
43851  -38.383  -50.649  19.176 637.0000000000
43458  -61.111  -12.139  15.623 642.0000000000
43721  -0.908  -51.481  17.321 644.0000000000
43991  -39.559  -57.641  20.117 648.0000000000
44385  -53.722  -47.908  -28.041 661.0000000000
43676  -2.906  -43.012  17.048 662.0000000000
44155  -45.796  -37.869  21.068 669.0000000000
850  -5.768  80.089  -32.792 670.0000000000
888  -2.372  -23.857  42.778 674.0000000000
2253  -32.141  25.643  40.873 678.0000000000
1980  -60.375  -35.224  2.299 681.0000000000
3035  -55.878  -7.442  18.233 685.0000000000
3579  -16.454  77.203  -0.210 687.0000000000
43097  -11.341  -49.348  23.055 692.0000000000
43201  -2.849  -31.167  30.847 693.0000000000
43348  -57.280  -45.429  -13.100 695.0000000000
43505  -35.230  -44.337  -3.555 697.0000000000
43260  -39.085  -62.984  -23.100 699.0000000000
43970  -34.821  -58.719  20.552 702.0000000000
43871  -44.831  23.216  23.941 704.0000000000
43735  -9.356  24.240  31.904 705.0000000000
44138  -31.959  -74.392  -25.972 709.0000000000
44377  -10.660  -54.636  13.988 711.0000000000
44381  -24.153  -68.090  -9.845 712.0000000000
44378  -57.983  -23.574  24.355 721.0000000000
44484  -36.986  23.000  15.518 733.0000000000
43640  -9.938  -33.822  16.807 748.0000000000
43736  -42.945  -35.617  5.982 749.0000000000
43722  -48.543  34.409  -9.372 750.0000000000
43511  -28.427  -45.876  -14.025 753.0000000000
43864  -28.741  -66.811  -26.757 756.0000000000
41942  1.335  15.718  -10.481 760.0000000000
43259  -3.645  -30.574  37.514 762.0000000000
44077  -29.758  13.828  -49.991 763.0000000000
43984  -32.985  49.457  -28.157 766.0000000000
43574  -18.329  -38.135  40.637 769.0000000000
44084  -8.415  77.373  -32.204 771.0000000000
44131  -48.042  -53.611  17.072 774.0000000000
44192  -41.508  -56.728  18.954 780.0000000000
43988  -9.571  77.139  -32.103 781.0000000000
43997  -47.128  -62.693  -12.153 782.0000000000
43624  -21.706  -10.930  50.433 786.0000000000
43641  -12.668  85.140  -11.195 790.0000000000
44176  -30.903  -55.968  19.894 800.0000000000
44186  -21.834  -52.169  11.798 803.0000000000
44182  -21.129  -52.864  13.102 807.0000000000
44232  -24.637  -82.794  -29.176 812.0000000000
42700  -28.622  27.802  -52.034 816.0000000000
41225  -5.987  59.921  -0.993 817.0000000000
41226  -4.466  -66.850  -32.755 819.0000000000
42791  -25.864  -50.226  21.234 821.0000000000
42544  -28.464  28.331  -55.649 823.0000000000
23946  -30.643  -72.725  -9.999 824.0000000000
43506  -7.720  85.075  -10.500 825.0000000000
43370  -45.170  17.311  23.552 827.0000000000
13325  -35.671  43.511  -35.891 829.0000000000
42929  -45.092  6.043  -55.930 830.0000000000
43231  -4.719  2.593  37.626 835.0000000000
43628  -37.271  38.673  23.761 837.0000000000
41184  -10.144  -64.485  17.020 840.0000000000
38769  -19.486  -59.313  -32.920 845.0000000000
43853  -38.626  -34.934  4.653 851.0000000000
43623  -48.722  25.356  -50.733 857.0000000000
43712  -27.628  2.053  -44.312 869.0000000000
43856  -14.570  -58.924  21.581 870.0000000000
43725  -6.953  -46.385  -18.798 874.0000000000
43724  -45.678  -62.929  -22.795 876.0000000000
43861  1.545  48.724  -14.937 884.0000000000
41566  -21.979  65.989  -13.914 891.0000000000
41837  -52.625  26.742  -27.348 892.0000000000
41227  -42.675  -8.233  38.822 894.0000000000
42514  -50.567  -34.462  13.814 898.0000000000
14487  -25.172  11.261  -48.593 910.0000000000
39671  -44.301  45.186  -31.709 913.0000000000
41185  -33.157  -62.489  -12.177 914.0000000000
38768  -44.143  -35.855  11.709 918.0000000000
38767  -31.017  13.071  -37.036 919.0000000000
15695  -7.743  -36.087  47.082 925.0000000000
17725  -47.033  8.949  -9.840 932.0000000000
17768  -33.737  12.915  -3.914 939.0000000000
1964  -59.593  -37.504  -30.384 942.0000000000
43634  -6.818  -83.146  -32.027 943.0000000000
3491  -48.344  12.760  -11.737 945.0000000000
2767  -55.260  -11.016  -38.886 948.0000000000
43711  -44.995  -62.662  -23.278 950.0000000000
43750  -28.258  31.648  33.024 954.0000000000
43857  -40.044  -34.822  5.770 956.0000000000
43872  -45.178  -38.360  24.674 963.0000000000
41838  -27.607  57.649  -33.533 971.0000000000
42167  -5.549  59.937  -4.319 972.0000000000
42255  -36.599  -42.982  23.762 973.0000000000
10771  -45.991  48.191  -32.297 974.0000000000
42792  -45.425  -27.404  -8.602 979.0000000000
41137  -52.336  -10.834  -33.524 985.0000000000
14509  -21.988  66.817  4.762 988.0000000000
14828  -23.397  -38.764  48.683 989.0000000000
15650  -31.659  46.676  0.515 999.0000000000
3490  -47.787  11.690  -11.334 1005.0000000000
17726  -2.875  -66.427  -4.699 1009.0000000000
1962  -10.133  -61.236  -32.743 1011.0000000000
2078  -37.929  -6.280  33.375 1014.0000000000
2792  -31.737  -23.328  20.697 1021.0000000000
43732  -3.953  -31.653  28.549 1024.0000000000
3727  -15.301  -38.080  46.609 1026.0000000000
3993  -11.728  54.563  -39.699 1030.0000000000
42501  -1.665  -50.696  20.933 1038.0000000000
10174  -42.906  13.859  -64.039 1041.0000000000
42755  -11.417  -52.278  17.217 1043.0000000000
14451  -51.639  -49.136  8.980 1059.0000000000
14548  -54.564  -38.373  22.492 1067.0000000000
15209  -18.026  70.378  -30.982 1069.0000000000
16346  -17.519  14.600  45.909 1074.0000000000
17745  -6.848  20.578  42.726 1077.0000000000
2768  -49.689  20.566  -33.638 1091.0000000000
2905  -5.251  -0.310  11.177 1101.0000000000
3726  -41.472  -61.231  -33.236 1103.0000000000
4019  -50.230  -15.767  22.336 1109.0000000000
4483  -4.306  -15.146  23.406 1111.0000000000
4527  -34.102  60.226  13.913 1112.0000000000
3760  -42.386  6.907  13.983 1114.0000000000
7411  -53.716  -9.786  -17.124 1115.0000000000
7509  -18.288  66.830  16.856 1116.0000000000
10731  -24.815  -81.958  -8.979 1123.0000000000
13324  -30.212  -3.340  -42.953 1125.0000000000
13304  -45.646  15.669  -42.796 1130.0000000000
13326  -14.574  -21.620  -28.211 1133.0000000000
15268  -58.056  -39.757  1.771 1148.0000000000
1963  -55.176  1.729  27.078 1149.0000000000
15773  -28.323  -36.634  36.222 1150.0000000000
15696  -18.183  -77.049  -12.236 1156.0000000000
2113  -51.113  34.392  -12.684 1160.0000000000
16190  -11.822  57.458  -26.659 1161.0000000000
3425  -27.757  62.553  -28.331 1176.0000000000
3489  -45.529  10.973  -36.464 1178.0000000000
3725  -46.273  33.118  -15.859 1185.0000000000
4484  -4.622  -14.736  22.907 1189.0000000000
19541  -18.348  64.922  -30.451 1194.0000000000
7482  -53.289  -16.396  29.916 1197.0000000000
7662  -44.397  42.465  -30.439 1200.0000000000
9471  -34.196  -2.277  -45.173 1202.0000000000
23945  -30.709  -74.350  -8.569 1213.0000000000
24567  1.262  7.031  -11.819 1216.0000000000
13303  -33.536  5.054  -23.994 1219.0000000000
14488  -19.764  -81.975  -10.561 1222.0000000000
14688  -17.680  -39.477  1.443 1223.0000000000
14535  -63.735  -0.463  -34.319 1225.0000000000
15797  -12.258  -54.625  -14.542 1228.0000000000
15208  -16.889  68.809  -31.483 1230.0000000000
16946  -47.624  -17.765  -9.369 1233.0000000000
15649  -32.140  46.233  -0.290 1237.0000000000
16776  -36.298  66.761  2.255 1247.0000000000
17727  -45.661  -39.728  -20.014 1251.0000000000
18602  -48.028  -50.261  -6.423 1261.0000000000
19084  -6.695  -60.397  -4.477 1266.0000000000
19022  -42.138  -47.116  26.191 1271.0000000000
7412  -55.317  -9.509  -16.558 1278.0000000000
24694  -48.934  -4.291  20.281 1284.0000000000
26874  -19.242  21.093  28.482 1293.0000000000
28990  -6.835  61.264  5.863 1298.0000000000
29742  -14.570  -19.650  56.531 1303.0000000000
26579  -47.421  50.459  -18.690 1307.0000000000
27312  -37.158  7.874  43.858 1318.0000000000
27392  -19.348  -53.311  -17.165 1320.0000000000
27419  -44.867  51.580  6.415 1322.0000000000
17769  -6.220  -16.371  51.230 1324.0000000000
27346  -7.461  55.845  33.666 1327.0000000000
28034  -51.565  18.509  -13.799 1337.0000000000
28538  -4.500  -51.711  -19.214 1342.0000000000
29421  -53.990  1.187  1.333 1352.0000000000
29436  -64.625  -23.128  -5.415 1354.0000000000
29218  -25.912  15.759  -44.534 1356.0000000000
23427  -42.346  -16.870  19.366 1358.0000000000
23485  -54.980  -5.058  17.087 1359.0000000000
23842  -46.055  -21.934  -37.305 1361.0000000000
26915  -27.822  12.057  24.371 1367.0000000000
29010  -59.929  -13.810  3.922 1374.0000000000
29001  -2.097  -3.521  -38.191 1377.0000000000
29022  -64.388  -14.383  -29.704 1378.0000000000
28361  0.680  30.976  -15.562 1383.0000000000
28362  -34.293  -65.110  -16.725 1384.0000000000
31108  -46.518  -23.377  10.774 1388.0000000000
31113  -17.951  -52.371  -25.262 1390.0000000000
31028  -15.449  -50.332  -8.665 1393.0000000000
31661  -54.525  -50.895  -15.458 1394.0000000000
31727  -23.743  -45.033  17.619 1400.0000000000
31726  -16.299  -15.074  38.545 1408.0000000000
35250  -54.966  24.564  -14.658 1411.0000000000
28120  -26.497  38.997  -32.626 1412.0000000000
32213  -45.293  28.967  -9.928 1415.0000000000
32557  -41.590  -54.108  -26.607 1418.0000000000
32688  -0.894  -67.587  11.468 1420.0000000000
32880  -2.778  -44.803  18.330 1424.0000000000
33107  -1.024  -61.434  -22.443 1430.0000000000
27930  -29.241  -65.250  -16.818 1437.0000000000
31042  -44.462  -14.843  0.582 1446.0000000000
33056  -3.734  -86.061  -12.544 1453.0000000000
33374  -2.144  24.927  -29.796 1459.0000000000
33830  -28.363  -53.100  -26.590 1464.0000000000
9733  -60.849  -2.011  16.038 1470.0000000000
34618  -32.666  -73.837  -36.361 1483.0000000000
35179  -13.199  -63.084  14.017 1484.0000000000
13393  -30.108  55.105  9.310 1488.0000000000
35552  -40.072  61.879  -2.245 1497.0000000000
39226  -5.265  36.487  -28.084 1499.0000000000
36012  -46.096  -1.314  1.304 1505.0000000000
39420  -24.402  36.664  -31.035 1507.0000000000
36011  -31.644  -69.881  -37.318 1513.0000000000
33796  -27.019  -64.673  -28.332 1515.0000000000
33975  -12.662  -73.338  -35.389 1517.0000000000
29601  -18.976  -63.159  30.120 1519.0000000000
5690  -30.540  72.522  -2.819 1523.0000000000
35586  -3.153  28.106  -19.392 1525.0000000000
36897  -20.772  -68.268  22.072 1528.0000000000
8869  -44.947  -23.387  -41.095 1534.0000000000
9509  -4.617  -65.708  19.175 1536.0000000000
37977  -24.886  -44.724  11.947 1543.0000000000
10974  -51.205  11.165  -45.271 1551.0000000000
13392  -5.153  -74.448  2.510 1555.0000000000
38850  -44.445  -38.276  -24.788 1558.0000000000
38895  -16.108  75.917  -6.001 1560.0000000000
38904  -47.792  -35.198  26.329 1561.0000000000
39211  -53.115  -47.823  -9.995 1570.0000000000
39587  -40.515  -48.662  -11.440 1582.0000000000
39606  -60.713  -20.849  8.078 1583.0000000000
39613  -12.088  6.418  48.735 1584.0000000000
33765  -25.041  -65.276  -28.774 1591.0000000000
1871  -9.643  -4.654  -37.399 1594.0000000000
6760  -13.101  -40.577  33.129 1597.0000000000
28659  -26.923  72.296  -30.679 1604.0000000000
8868  -15.315  -59.783  1.281 1607.0000000000
40993  -33.572  -29.590  -36.481 1610.0000000000
30262  -11.766  -34.676  44.724 1623.0000000000
11888  -35.110  -21.252  -4.331 1631.0000000000
13787  -31.028  44.757  30.597 1633.0000000000
12730  -25.669  -25.737  32.711 1634.0000000000
13563  -12.897  -33.845  -11.714 1639.0000000000
13638  -37.069  -69.217  4.483 1643.0000000000
15966  -17.158  67.149  7.404 1649.0000000000
16897  -24.228  55.261  7.133 1653.0000000000
42428  -15.384  1.479  41.290 1661.0000000000
33601  -19.929  -30.714  -25.258 1665.0000000000
25116  -34.881  3.367  2.357 1667.0000000000
2251  -4.809  74.743  14.351 1670.0000000000
1872  -33.837  -58.026  15.064 1672.0000000000
3558  -28.699  56.721  20.319 1673.0000000000
441  -0.963  15.192  -18.580 1679.0000000000
9573  -19.047  44.826  35.699 1682.0000000000
29031  -2.862  2.298  34.653 1683.0000000000
9508  -56.190  7.357  -20.742 1688.0000000000
8896  -6.282  -15.062  53.041 1691.0000000000
9731  -13.403  74.838  2.492 1692.0000000000
11887  -33.637  -19.903  -4.387 1695.0000000000
10972  -52.165  11.226  -45.247 1696.0000000000
12731  -24.903  -24.679  32.100 1706.0000000000
9732  -43.610  -34.931  -6.736 1709.0000000000
10973  -52.186  10.210  -44.565 1715.0000000000
13766  -17.464  -18.475  -31.579 1716.0000000000
15124  -48.786  32.942  -17.649 1732.0000000000
16025  -44.925  -6.997  -10.361 1734.0000000000
16895  -53.651  -13.988  -14.809 1735.0000000000
17181  -4.295  0.521  19.522 1742.0000000000
33622  -51.537  -41.400  -13.721 1743.0000000000
33550  -40.385  22.627  -42.783 1746.0000000000
25133  -54.618  -7.379  -18.397 1750.0000000000
1873  -33.783  -57.765  15.968 1753.0000000000
3559  -28.843  56.910  20.939 1754.0000000000
440  -0.766  15.893  -16.781 1755.0000000000
5227  -20.227  51.116  10.890 1757.0000000000
8867  -16.187  -59.045  1.107 1766.0000000000
5554  -22.003  50.284  13.319 1770.0000000000
30296  -46.116  30.086  -5.437 1786.0000000000
12732  -30.901  55.355  10.416 1790.0000000000
24246  -35.395  34.644  -51.708 1793.0000000000
8774  -44.811  2.485  -23.642 1797.0000000000
11010  -9.960  18.520  52.110 1802.0000000000
9679  -39.471  40.202  -0.996 1804.0000000000
9680  -41.568  -33.575  -7.141 1806.0000000000
14909  -56.994  -8.556  6.005 1809.0000000000
14885  -34.799  69.023  3.716 1811.0000000000
15965  -64.809  -21.882  -6.492 1814.0000000000
16896  -24.861  54.198  6.181 1822.0000000000
15910  -4.194  58.099  21.247 1830.0000000000
25117  -33.935  1.358  2.023 1834.0000000000
26011  -7.561  -44.115  45.615 1836.0000000000
4485  -2.041  -73.299  11.209 1846.0000000000
4486  -17.374  -55.843  8.012 1854.0000000000
5103  -8.892  76.341  6.593 1855.0000000000
7559  -14.567  -8.020  -29.774 1858.0000000000
5102  -38.006  -57.051  7.911 1859.0000000000
8773  -45.150  1.691  -22.679 1864.0000000000
11011  -51.284  -27.734  -32.023 1873.0000000000
10298  -40.805  -15.356  29.159 1876.0000000000
11034  -55.300  0.649  24.684 1885.0000000000
11613  -59.956  -39.847  -14.840 1887.0000000000
11614  -0.099  -66.630  -1.516 1892.0000000000
12734  -5.134  25.610  31.623 1898.0000000000
14127  -15.059  -16.324  55.071 1900.0000000000
15386  -21.370  -40.729  -18.196 1905.0000000000
15908  -4.722  57.984  22.893 1909.0000000000
38892  -38.930  25.440  -44.392 1913.0000000000
26204  -41.560  -38.947  -8.303 1916.0000000000
28581  -27.253  33.145  -42.969 1919.0000000000
27850  -9.796  -76.306  9.244 1920.0000000000
439  -14.467  -44.630  -16.990 1922.0000000000
19240  -15.971  49.893  -40.761 1923.0000000000
20824  -4.086  3.615  11.920 1924.0000000000
20823  -39.770  -8.720  -36.830 1925.0000000000
3692  -59.310  -2.193  17.428 1926.0000000000
4487  -35.717  40.908  -11.961 1928.0000000000
3693  -31.067  6.721  38.813 1930.0000000000
5552  -34.722  -19.961  -25.139 1932.0000000000
24247  -32.492  -74.944  -19.044 1944.0000000000
8878  -52.590  -41.213  -35.727 1947.0000000000
7829  -33.300  -59.579  16.530 1948.0000000000
9678  -11.181  74.813  3.692 1953.0000000000
9013  -32.242  -70.358  11.714 1958.0000000000
15385  -0.984  -66.511  14.942 1983.0000000000
13383  -44.942  4.288  -24.657 1993.0000000000
13625  -53.509  -50.537  3.667 1994.0000000000
3691  -50.786  40.544  -16.531 2005.0000000000
5553  -5.078  45.260  40.196 2010.0000000000
7560  -13.702  -6.613  -31.748 2015.0000000000
8827  -29.701  -67.527  18.617 2023.0000000000
8775  -34.570  54.155  -26.943 2024.0000000000
11009  -10.046  19.722  51.409 2039.0000000000
10164  -5.131  37.890  19.232 2040.0000000000
10297  -40.926  -16.275  29.298 2041.0000000000
24107  -36.696  -59.084  -8.583 2042.0000000000
11612  -11.489  -65.124  17.246 2045.0000000000
12292  1.089  11.708  6.121 2048.0000000000
12733  -4.500  26.570  32.277 2050.0000000000
14091  -32.983  -67.610  14.924 2054.0000000000
15384  -5.472  -54.300  -0.517 2061.0000000000
15909  -4.172  59.357  21.846 2065.0000000000
13409  -8.887  10.304  18.686 2067.0000000000
19239  -53.850  19.413  -49.105 2075.0000000000
20822  -39.046  -8.071  -37.620 2081.0000000000
22848  -8.880  -21.016  -13.561 2083.0000000000
21439  -5.242  25.708  8.130 2084.0000000000
22315  -15.471  -28.889  14.313 2088.0000000000
22343  -36.464  51.966  -11.107 2089.0000000000
23341  -16.986  -66.290  -34.946 2091.0000000000
23357  -27.256  -22.723  46.470 2096.0000000000
24248  -4.358  16.888  -37.323 2106.0000000000
24566  -5.021  76.026  -20.982 2116.0000000000
31065  -7.443  -86.930  -23.208 2121.0000000000
26335  -34.661  -0.080  -17.397 2124.0000000000
26752  -15.538  -15.963  41.825 2128.0000000000
33092  -49.543  -26.990  20.628 2134.0000000000
27603  -45.979  16.098  31.136 2136.0000000000
28118  -43.999  38.239  13.537 2141.0000000000
24568  -25.948  -71.877  -5.719 2144.0000000000
26205  -50.169  23.718  -27.519 2146.0000000000
27851  -8.785  -76.380  9.589 2150.0000000000
28226  -27.418  64.116  -9.407 2151.0000000000
28580  -27.113  64.740  -10.710 2152.0000000000
28592  -23.054  -7.753  -43.479 2153.0000000000
34412  -42.593  -30.981  -27.501 2155.0000000000
28238  -48.151  30.724  -6.450 2156.0000000000
29247  -17.908  -86.473  -16.786 2161.0000000000
29804  -4.885  27.432  6.567 2166.0000000000
29590  -50.916  13.804  -22.352 2170.0000000000
31378  -56.996  24.025  -8.180 2174.0000000000
30964  -9.303  -75.490  -24.538 2176.0000000000
31056  -46.412  4.173  26.266 2177.0000000000
31421  -9.496  -58.077  -22.029 2185.0000000000
31411  -52.616  23.907  -29.783 2190.0000000000
32247  -45.081  -31.877  -27.899 2195.0000000000
32734  -50.869  -8.453  -45.529 2196.0000000000
33066  -13.248  4.573  41.993 2203.0000000000
38469  -13.393  37.820  -39.441 2213.0000000000
30548  -12.316  64.879  19.801 2217.0000000000
33252  -19.266  12.541  -50.342 2222.0000000000
33654  -40.668  5.705  40.531 2225.0000000000
34375  -10.857  48.755  31.474 2229.0000000000
35670  -46.620  8.272  -59.908 2241.0000000000
40189  -36.975  -10.880  48.145 2244.0000000000
35719  -39.780  57.004  -13.781 2245.0000000000
976  -43.715  3.428  24.330 2249.0000000000
36144  -23.947  -66.091  -36.853 2257.0000000000
31392  -50.909  -32.959  -37.748 2259.0000000000
41017  -8.694  -49.118  -23.769 2265.0000000000
37252  -59.114  4.516  12.143 2268.0000000000
37653  -35.236  33.857  28.129 2278.0000000000
33864  -7.520  -29.758  -5.981 2284.0000000000
38445  -36.412  8.438  43.692 2287.0000000000
37807  -14.742  -45.118  4.374 2296.0000000000
38234  -36.157  50.937  -20.868 2298.0000000000
39266  -8.015  23.889  40.274 2302.0000000000
40303  -22.167  50.236  -27.958 2304.0000000000
39282  -42.861  -12.014  29.410 2305.0000000000
39283  -20.527  -41.254  46.979 2308.0000000000
1079  -50.171  51.807  -18.744 2312.0000000000
40180  -38.414  -44.509  17.651 2315.0000000000
41358  -21.505  17.819  -46.347 2330.0000000000
41399  -9.342  -32.191  38.863 2333.0000000000
41404  -27.984  41.073  13.013 2335.0000000000
41405  -30.190  60.079  13.909 2343.0000000000
41692  -46.368  35.312  -5.915 2345.0000000000
41710  -35.995  -22.007  40.055 2346.0000000000
41835  -58.084  4.606  -4.955 2347.0000000000
42116  -37.235  15.435  10.830 2351.0000000000
42271  -10.091  -59.552  28.709 2356.0000000000
42474  -38.767  48.950  -17.274 2359.0000000000
39194  -40.924  20.664  0.575 2366.0000000000
40864  -45.749  35.008  2.605 2372.0000000000
41288  -16.740  -52.737  29.302 2375.0000000000
41323  -23.447  -79.181  -35.960 2377.0000000000
977  -52.116  -45.713  -28.722 2380.0000000000
41629  -14.178  -58.622  30.029 2382.0000000000
41328  -8.057  -36.056  -6.636 2385.0000000000
10820  -43.144  48.424  6.312 2393.0000000000
3840  -13.583  -75.383  -37.861 2401.0000000000
4664  -20.349  -46.358  39.141 2404.0000000000
42740  -35.580  -54.501  26.809 2405.0000000000
5172  -61.768  6.511  13.472 2407.0000000000
42633  -6.550  59.800  -7.154 2411.0000000000
42865  -16.881  -36.417  -10.828 2414.0000000000
42976  -35.163  -55.779  29.239 2417.0000000000
43065  -38.006  58.966  8.633 2418.0000000000
8164  0.785  -18.749  3.434 2424.0000000000
77  -4.072  -32.601  7.468 2426.0000000000
6063  -64.750  -12.409  -29.380 2435.0000000000
6871  -38.639  -20.118  4.579 2437.0000000000
41770  -19.652  -44.691  -4.860 2439.0000000000
12650  -6.795  78.186  -9.829 2453.0000000000
1156  -34.396  10.016  28.641 2457.0000000000
43299  -38.541  1.177  20.689 2459.0000000000
3841  -13.844  -76.289  -38.137 2468.0000000000
5281  -4.246  76.912  7.369 2477.0000000000
5456  -39.016  28.838  30.869 2481.0000000000
8163  -61.325  1.590  -20.906 2483.0000000000
43863  -7.521  -74.272  -23.068 2491.0000000000
79  -47.738  -22.082  21.108 2495.0000000000
43965  -8.367  31.950  26.327 2497.0000000000
78  -46.528  -22.532  20.409 2500.0000000000
199  -17.229  -51.344  9.653 2502.0000000000
6064  -64.338  -13.321  -29.259 2504.0000000000
9672  -11.753  2.296  17.833 2511.0000000000
9674  -10.817  24.062  22.418 2512.0000000000
12652  -19.015  -42.094  -4.811 2514.0000000000
43755  -10.961  -52.529  16.160 2515.0000000000
18403  -17.366  -46.019  27.677 2518.0000000000
978  -5.633  74.023  16.805 2536.0000000000
2878  -4.294  0.141  30.913 2539.0000000000
13088  -30.597  73.155  -1.333 2544.0000000000
4695  -1.856  -21.224  45.343 2547.0000000000
5171  -44.448  25.393  -57.922 2549.0000000000
3842  -48.768  -3.727  34.764 2552.0000000000
7473  -2.106  -67.872  -18.957 2556.0000000000
16637  -31.218  -1.991  26.923 2557.0000000000
7472  -2.238  -0.112  33.455 2563.0000000000
17626  -45.799  47.515  -18.573 2567.0000000000
18535  -55.439  -1.436  -38.995 2571.0000000000
128  -3.588  81.118  -30.780 2574.0000000000
198  -16.084  -49.707  10.305 2576.0000000000
2984  -33.280  -27.250  -27.482 2579.0000000000
8898  -13.746  -78.194  -2.396 2587.0000000000
19984  -42.713  -8.656  3.606 2588.0000000000
10819  -42.311  47.188  7.991 2591.0000000000
12723  -40.807  -60.325  11.463 2593.0000000000
1078  -47.157  -27.120  9.733 2597.0000000000
1118  -47.089  33.523  -12.758 2598.0000000000
4663  -54.011  -5.424  -37.188 2608.0000000000
5280  -3.908  75.894  8.822 2612.0000000000
5441  -15.186  -59.338  20.735 2615.0000000000
16938  -55.106  -11.538  5.127 2620.0000000000
7474  -2.936  -67.519  -19.267 2621.0000000000
8162  -9.231  49.054  -44.831 2626.0000000000
8211  -31.395  -27.913  -30.850 2631.0000000000
10602  -49.346  -28.494  34.767 2637.0000000000
6065  -59.205  -31.806  12.856 2643.0000000000
6872  -39.550  -20.743  5.329 2644.0000000000
9673  -46.804  12.759  32.977 2645.0000000000
12651  -6.006  77.156  -9.531 2653.0000000000
10818  -43.440  47.420  8.268 2656.0000000000
13853  -44.738  -47.982  23.272 2660.0000000000
15735  -46.314  -11.570  -14.446 2671.0000000000
16638  -29.907  -2.972  24.756 2679.0000000000
24189  -37.051  -69.347  -18.687 2680.0000000000
24281  -14.457  -47.237  12.152 2683.0000000000
24386  -36.318  4.279  34.495 2685.0000000000
25563  -37.737  4.582  32.071 2690.0000000000
17607  -44.733  48.514  -18.505 2692.0000000000
17587  -46.972  -0.773  -49.284 2694.0000000000
18577  -3.682  32.228  3.189 2696.0000000000
18595  -10.463  59.055  -5.518 2701.0000000000
27206  -18.160  -63.673  -34.939 2703.0000000000
19535  -51.860  -41.195  23.729 2706.0000000000
20077  -63.273  -19.090  -11.947 2709.0000000000
15110  -29.629  -4.053  -29.504 2712.0000000000
15128  -37.756  71.301  -11.169 2713.0000000000
16183  -38.386  -7.134  -10.564 2714.0000000000
17404  -49.158  -8.244  39.257 2716.0000000000
19983  -37.768  2.279  16.965 2717.0000000000
20012  0.157  15.608  -35.963 2723.0000000000
13751  -45.487  37.278  13.938 2728.0000000000
21650  -19.354  73.882  -16.282 2735.0000000000
32878  -2.228  -45.001  17.676 2742.0000000000
22606  -24.536  71.641  -22.538 2743.0000000000
23028  -25.762  -21.803  -38.281 2744.0000000000
24505  -50.410  8.862  -20.105 2745.0000000000
23459  -21.143  -36.577  26.822 2747.0000000000
23896  -19.985  -40.750  37.435 2748.0000000000
25195  -29.101  -45.029  27.214 2759.0000000000
26291  -21.934  -13.755  32.894 2767.0000000000
26470  -53.533  -16.805  15.949 2771.0000000000
35912  -14.845  18.297  -30.724 2777.0000000000
28926  -42.763  7.344  11.741 2781.0000000000
36604  -13.798  84.325  -20.426 2783.0000000000
4861  -18.972  -20.425  -24.408 2789.0000000000
36262  -45.332  -53.377  -33.800 2791.0000000000
30297  -27.231  -53.017  -23.604 2792.0000000000
31197  -41.125  49.629  -2.095 2794.0000000000
30611  -34.563  -16.369  -30.445 2795.0000000000
36758  -19.335  -61.059  -24.311 2796.0000000000
31468  -36.719  -33.795  -39.900 2801.0000000000
32069  -35.553  24.757  -22.907 2802.0000000000
33460  -44.370  -0.157  30.269 2814.0000000000
12131  -51.331  -36.130  -39.721 2823.0000000000
9500  -18.021  49.964  -32.182 2827.0000000000
34264  -0.076  -68.287  6.890 2830.0000000000
34555  -13.544  -33.136  48.380 2834.0000000000
34696  -20.653  -19.882  46.700 2836.0000000000
14512  -18.306  -47.698  21.424 2840.0000000000
39701  -39.370  -49.076  31.627 2845.0000000000
35380  -42.643  -43.235  -33.223 2849.0000000000
35373  -23.608  -62.758  4.288 2851.0000000000
36590  -13.946  -60.888  -24.787 2858.0000000000
36596  -36.819  58.835  11.485 2859.0000000000
35571  -35.423  3.332  -18.688 2868.0000000000
38240  -11.337  -48.319  -26.679 2878.0000000000
9251  -41.018  40.046  -15.906 2882.0000000000
9250  -52.323  -43.867  -27.679 2883.0000000000
11293  -6.328  -47.952  31.556 2884.0000000000
9454  -7.675  -39.302  5.022 2888.0000000000
12132  -40.526  25.244  32.276 2900.0000000000
12593  -43.059  24.118  33.172 2903.0000000000
11390  -31.828  15.206  -39.474 2905.0000000000
14513  -1.381  -60.224  8.441 2906.0000000000
11411  -62.418  3.524  -39.123 2907.0000000000
31901  -37.705  -56.161  -15.900 2910.0000000000
15802  -52.025  -50.492  1.000 2912.0000000000
17106  -16.217  37.242  27.236 2915.0000000000
13453  -11.357  -21.956  14.068 2916.0000000000
15298  -21.342  -48.938  1.781 2918.0000000000
18627  -4.863  -44.911  31.032 2931.0000000000
19555  -54.537  -31.340  -1.201 2933.0000000000
32215  -28.704  21.302  37.476 2936.0000000000
20383  -28.105  -76.096  -3.207 2939.0000000000
20744  -18.940  70.521  -2.156 2943.0000000000
2615  -15.881  44.589  -40.906 2945.0000000000
2616  -14.830  41.588  -42.047 2947.0000000000
4862  -27.394  -67.716  -16.245 2950.0000000000
27077  1.416  25.231  -2.733 2952.0000000000
27695  -58.019  -22.126  -3.978 2954.0000000000
9456  -6.445  -40.297  5.317 2955.0000000000
9499  -32.723  -64.114  -12.738 2964.0000000000
9702  -16.764  -84.450  -9.644 2970.0000000000
9519  -55.210  -16.571  30.667 2974.0000000000
9501  -4.066  2.092  19.456 2975.0000000000
11391  -26.219  -55.445  2.389 2984.0000000000
15819  -8.228  -78.037  -34.504 2995.0000000000
15803  -37.047  -38.117  21.204 2997.0000000000
14618  -3.689  -10.674  -14.555 3000.0000000000
15804  -37.164  -37.108  22.764 3005.0000000000
17439  -5.302  -4.107  8.307 3008.0000000000
23617  -22.197  0.155  -43.256 3027.0000000000
2617  -14.856  46.507  -41.665 3031.0000000000
4863  -14.735  -11.429  39.595 3033.0000000000
10273  -48.667  -39.258  -13.821 3040.0000000000
9455  -7.444  -41.163  6.830 3041.0000000000
10123  -41.768  13.672  -64.357 3045.0000000000
11441  -49.753  -3.362  -22.370 3051.0000000000
12130  -24.207  34.730  -32.123 3053.0000000000
12565  -33.262  44.885  4.695 3055.0000000000
12669  -44.212  24.238  31.166 3057.0000000000
11294  -5.657  -46.913  30.832 3059.0000000000
10969  -1.071  -53.395  -2.510 3062.0000000000
11960  -32.076  17.783  -9.982 3071.0000000000
13485  -55.097  -8.190  6.889 3073.0000000000
14514  -0.758  -61.580  10.907 3075.0000000000
17080  -7.407  38.680  26.557 3086.0000000000
17425  -16.940  4.870  -44.566 3087.0000000000
18626  -12.770  3.265  44.091 3094.0000000000
32214  -41.951  60.130  3.713 3095.0000000000
19575  -54.577  18.798  19.787 3099.0000000000
20296  -30.393  -6.967  -11.920 3101.0000000000
20402  -38.423  59.399  -25.678 3104.0000000000
9592  -38.769  -41.129  12.783 3113.0000000000
10272  -16.124  -44.251  -21.914 3116.0000000000
28597  -3.275  16.594  49.184 3125.0000000000
10939  -34.548  -68.540  -5.746 3130.0000000000
14716  0.494  -78.062  -12.385 3136.0000000000
14819  -38.221  -43.640  -17.227 3138.0000000000
14717  -45.325  51.404  -34.122 3145.0000000000
15058  -28.967  54.833  8.345 3154.0000000000
16436  -19.817  -15.160  54.081 3155.0000000000
18184  -7.969  -75.836  -26.147 3157.0000000000
18229  -11.469  -32.809  -12.870 3158.0000000000
18263  -3.258  9.222  12.693 3160.0000000000
18718  -18.463  -7.077  -38.393 3169.0000000000
19899  -16.524  -3.365  -33.856 3174.0000000000
1921  -13.459  -9.777  43.533 3184.0000000000
9568  -57.333  -12.045  -9.385 3187.0000000000
10405  -2.841  -31.238  8.038 3190.0000000000
10970  -1.620  -53.531  -1.274 3195.0000000000
10971  -1.718  -51.312  -3.848 3200.0000000000
13414  -56.156  20.634  -25.910 3204.0000000000
11915  -23.363  -46.751  31.033 3206.0000000000
11961  -25.827  27.622  25.900 3208.0000000000
14715  0.235  -79.184  -12.801 3213.0000000000
667  -2.798  -14.641  -4.297 3229.0000000000
20295  -31.334  -7.839  -13.567 3233.0000000000
18264  -3.062  10.705  12.687 3236.0000000000
18719  -51.642  3.738  13.873 3237.0000000000
1788  -46.023  -35.106  -8.525 3243.0000000000
3615  -25.257  -26.169  -34.227 3245.0000000000
1920  -13.994  -10.223  42.233 3252.0000000000
9593  -34.638  5.883  -19.972 3255.0000000000
10274  -47.884  -40.634  -13.869 3257.0000000000
10406  -0.069  -67.565  -22.583 3259.0000000000
11414  -25.460  15.596  -30.016 3261.0000000000
10940  -41.658  -1.571  32.369 3264.0000000000
11916  -62.933  -24.017  15.107 3271.0000000000
13512  -7.767  -41.733  -17.541 3273.0000000000
14818  -65.143  -22.255  -22.661 3279.0000000000
13415  -44.703  49.254  -34.030 3281.0000000000
24940  -7.846  54.261  -8.551 3287.0000000000
23867  -40.426  64.662  -32.408 3289.0000000000
15083  -48.498  1.429  21.495 3292.0000000000
16437  -19.233  2.422  46.515 3293.0000000000
649  -33.597  19.737  39.486 3299.0000000000
18230  -19.265  -13.739  -37.201 3300.0000000000
20294  -31.395  -5.327  -12.463 3303.0000000000
19958  -35.406  -14.208  43.415 3329.0000000000
36688  -20.028  -58.130  -30.362 3333.0000000000
20580  -16.658  -23.205  25.008 3335.0000000000
21044  -21.510  -62.911  26.818 3345.0000000000
21603  -45.348  -5.772  -14.123 3348.0000000000
23535  -38.846  10.757  -58.358 3351.0000000000
23534  -39.367  9.555  -56.764 3352.0000000000
24941  -60.521  -24.209  -29.573 3363.0000000000
26802  -30.873  -23.305  19.675 3365.0000000000
648  0.065  21.461  -17.498 3369.0000000000
1789  -54.662  -13.273  26.016 3378.0000000000
1919  -33.280  19.042  38.504 3382.0000000000
1787  -58.112  -35.518  -20.193 3384.0000000000
19959  -34.807  -15.119  43.111 3394.0000000000
20578  -27.487  68.573  -1.976 3395.0000000000
21045  -41.854  -15.965  19.587 3398.0000000000
21017  -54.925  0.744  15.219 3401.0000000000
21046  -3.764  51.580  -9.157 3402.0000000000
21604  -53.604  2.090  -34.396 3404.0000000000
23912  -52.720  -6.714  -40.556 3411.0000000000
22470  -48.528  -18.098  -38.056 3415.0000000000
23536  0.093  3.544  7.391 3419.0000000000
26012  -6.222  8.556  46.495 3424.0000000000
4784  -40.725  61.232  -9.324 3427.0000000000
668  -44.316  -33.311  3.227 3436.0000000000
726  -14.116  60.385  -6.842 3437.0000000000
725  -13.243  59.774  -5.838 3438.0000000000
2520  -10.481  -37.372  -20.794 3441.0000000000
3616  -7.034  54.748  -17.621 3448.0000000000
2551  -11.575  -36.330  -23.410 3449.0000000000
19960  -35.866  -14.284  41.961 3451.0000000000
20579  -16.662  -23.628  26.331 3454.0000000000
21056  -23.282  18.694  -53.574 3456.0000000000
21968  -7.011  64.600  -32.093 3464.0000000000
2156  -41.505  14.018  -57.421 3466.0000000000
4783  -21.551  -46.465  -25.466 3471.0000000000
2284  -41.312  -2.254  -24.219 3476.0000000000
29852  -53.301  -1.023  33.775 3481.0000000000
7116  -53.954  20.832  -0.936 3488.0000000000
647  0.005  21.817  -17.389 3489.0000000000
8336  -51.050  47.307  -10.231 3498.0000000000
5626  -3.955  78.210  -36.116 3499.0000000000
25483  -50.135  -0.237  -43.927 3508.0000000000
25566  -29.629  -13.530  33.203 3509.0000000000
27274  -47.050  -25.727  -20.758 3518.0000000000
27454  -61.305  -9.292  18.840 3519.0000000000
37780  -3.547  49.393  -5.051 3520.0000000000
28510  -56.941  -40.543  12.951 3523.0000000000
37788  -37.756  -26.974  27.214 3525.0000000000
2155  -5.765  72.444  0.048 3526.0000000000
4074  -46.401  -21.535  19.164 3534.0000000000
2285  -38.283  17.234  -53.856 3536.0000000000
29202  -60.818  -30.591  -5.975 3538.0000000000
4785  -21.520  14.581  -37.486 3539.0000000000
5625  -24.470  78.622  -1.864 3541.0000000000
9973  -30.175  35.420  -41.113 3546.0000000000
7117  -5.924  -37.103  44.992 3551.0000000000
9852  -44.355  8.795  34.928 3553.0000000000
8365  -29.305  -28.869  46.586 3556.0000000000
27273  -59.368  -25.690  -36.736 3564.0000000000
43018  -50.839  42.883  -6.900 3568.0000000000
24011  -20.863  -81.584  -35.043 3573.0000000000
28509  -57.483  -40.445  11.408 3580.0000000000
2283  -41.578  -0.177  -25.871 3582.0000000000
2157  -18.618  -73.357  13.717 3587.0000000000
26921  -8.572  -58.607  -14.260 3588.0000000000
29851  -33.860  7.490  -20.688 3591.0000000000
29862  -23.570  -51.993  -22.306 3592.0000000000
27580  -27.414  -65.941  -37.625 3593.0000000000
8335  -49.586  45.822  -13.610 3602.0000000000
9972  -3.351  52.065  34.782 3608.0000000000
22230  -37.573  0.331  -40.757 3615.0000000000
23076  -1.795  -22.926  2.234 3618.0000000000
25189  -15.837  75.815  -20.271 3623.0000000000
23931  -50.649  -9.592  -1.453 3625.0000000000
24896  -11.128  -69.445  -37.193 3626.0000000000
25686  -1.622  -2.560  -6.240 3637.0000000000
30719  -16.214  82.292  -14.092 3638.0000000000
26378  -61.847  -5.752  12.460 3642.0000000000
26951  -41.679  -9.334  35.881 3646.0000000000
29323  -36.829  -36.840  21.939 3648.0000000000
29324  -47.425  -15.669  7.539 3652.0000000000
29377  -28.144  6.742  -45.393 3653.0000000000
24010  -3.054  -46.868  13.267 3666.0000000000
35945  -24.526  -50.655  -33.121 3667.0000000000
25206  -33.436  -15.424  -25.267 3668.0000000000
24881  -28.581  -18.134  -41.506 3675.0000000000
26920  -29.461  -45.416  24.128 3678.0000000000
26941  -61.893  -7.027  -42.503 3681.0000000000
27608  -16.653  -65.568  -32.778 3685.0000000000
38642  -46.862  5.396  27.632 3689.0000000000
27156  -5.116  -83.239  -5.822 3692.0000000000
31695  -27.076  8.702  -49.329 3694.0000000000
38688  -36.164  -51.064  33.998 3697.0000000000
29376  -29.447  7.768  -45.900 3704.0000000000
23077  -0.207  -21.553  2.485 3706.0000000000
24009  -58.288  -17.105  -12.340 3707.0000000000
10084  -51.639  -51.268  3.462 3712.0000000000
10186  -33.961  59.811  -18.244 3713.0000000000
25191  -59.585  -14.823  8.977 3717.0000000000
26377  -4.744  -83.598  -6.033 3721.0000000000
14632  -54.028  -7.161  6.313 3723.0000000000
26394  -19.321  -55.478  -9.606 3725.0000000000
27609  -20.681  20.978  26.904 3731.0000000000
17601  -16.778  -23.081  54.852 3732.0000000000
18684  -55.789  -5.657  -12.882 3741.0000000000
29322  -2.526  -47.518  5.512 3745.0000000000
29331  -17.498  -86.414  -15.243 3746.0000000000
10667  -45.544  39.884  -17.873 3756.0000000000
10187  -34.309  60.041  -19.822 3760.0000000000
10743  -32.955  60.482  -17.182 3764.0000000000
10134  -26.490  -27.745  -32.657 3766.0000000000
37121  -11.965  52.687  32.433 3767.0000000000
13352  -26.243  -74.496  3.643 3773.0000000000
13397  -3.832  15.178  49.967 3775.0000000000
18685  -17.429  5.199  -46.750 3786.0000000000
31959  -34.711  -58.135  -22.746 3787.0000000000
32219  -3.967  -7.534  20.486 3790.0000000000
10188  -35.809  59.275  -20.488 3807.0000000000
11735  -13.448  -58.215  -0.277 3810.0000000000
13396  -4.617  13.803  50.758 3811.0000000000
14668  -19.169  13.394  49.699 3817.0000000000
17401  -34.017  -17.452  -7.409 3819.0000000000
31344  -47.820  -48.291  -8.327 3821.0000000000
17602  -32.161  -2.300  -30.557 3822.0000000000
31868  -31.645  -68.994  -31.629 3824.0000000000
18686  -22.509  14.905  43.597 3834.0000000000
32322  -52.121  -16.975  -24.169 3836.0000000000
10109  -31.177  -16.409  1.083 3840.0000000000
10668  -46.539  5.484  8.127 3842.0000000000
10720  -35.539  -13.011  -32.243 3844.0000000000
13351  -5.428  -14.611  -12.622 3853.0000000000
13395  -3.350  13.382  49.335 3854.0000000000
16471  -21.028  -15.100  53.550 3859.0000000000
17767  -23.315  -7.249  35.014 3861.0000000000
17603  -4.747  -76.019  -24.863 3865.0000000000
18724  -38.023  -19.957  -8.808 3871.0000000000
12365  -44.403  32.261  -16.116 3880.0000000000
13201  -16.835  10.569  -45.673 3886.0000000000
13358  -38.155  11.694  41.427 3892.0000000000
30590  -21.752  -60.131  -13.377 3896.0000000000
18844  -0.550  -70.528  0.642 3901.0000000000
20422  -31.748  2.084  49.444 3904.0000000000
21325  -45.274  55.072  -35.161 3905.0000000000
20976  -19.340  -46.100  32.790 3906.0000000000
21034  -38.093  11.451  -55.602 3907.0000000000
41683  -43.722  -41.776  26.936 3915.0000000000
12444  -29.174  -44.305  -23.892 3918.0000000000
13035  -30.346  -36.568  -28.138 3920.0000000000
12366  -44.874  32.667  -15.737 3922.0000000000
13691  -34.945  -8.450  39.650 3927.0000000000
1348  -46.139  8.398  6.641 3931.0000000000
15295  -31.940  -5.845  24.644 3932.0000000000
18809  -11.708  58.414  -23.698 3933.0000000000
17766  -23.990  -84.029  -25.180 3934.0000000000
18810  -12.941  61.208  -21.935 3938.0000000000
18843  -55.647  -44.623  -29.090 3940.0000000000
21378  -50.962  -37.035  28.575 3948.0000000000
21619  -27.642  20.569  -30.682 3950.0000000000
12364  -40.211  19.917  -42.227 3955.0000000000
1185  -8.472  75.149  13.159 3963.0000000000
13357  -55.843  -0.306  -33.176 3965.0000000000
5373  -33.395  -39.836  -32.092 3974.0000000000
8288  -36.201  31.150  22.198 3975.0000000000
10195  -49.365  46.201  -13.214 3978.0000000000
8761  -46.068  60.401  -14.077 3979.0000000000
10266  -42.759  39.957  -0.957 3982.0000000000
13836  -8.925  14.344  49.287 3983.0000000000
14360  -16.711  -0.240  -33.228 3985.0000000000
30431  -28.854  -20.000  25.434 3992.0000000000
30432  -2.602  -10.152  11.385 3995.0000000000
31927  -9.291  -8.311  -27.150 3998.0000000000
30446  -3.147  -44.468  27.091 3999.0000000000
1184  -30.723  -76.520  -33.898 4002.0000000000
1347  -45.927  9.412  7.251 4006.0000000000
5374  -30.703  17.714  -56.874 4007.0000000000
5372  -28.803  -52.089  3.950 4011.0000000000
8762  -12.746  -80.096  -1.749 4017.0000000000
12317  -39.388  19.218  -42.137 4019.0000000000
14359  -17.405  -0.966  -32.440 4021.0000000000
13867  -9.111  59.662  -38.391 4023.0000000000
30433  -33.564  -0.978  -51.884 4033.0000000000
33057  -37.750  -61.722  3.384 4041.0000000000
8289  -31.099  44.132  22.778 4044.0000000000
10222  -33.068  -62.446  -30.808 4048.0000000000
12270  -50.298  4.843  7.855 4049.0000000000
16409  -62.716  -18.147  -32.377 4053.0000000000
14358  -1.211  -65.373  15.538 4059.0000000000
27450  -40.705  -69.404  -25.073 4063.0000000000
8596  -13.909  -72.454  4.851 4065.0000000000
8656  -29.939  36.513  -38.091 4066.0000000000
8571  -61.976  -8.858  -44.013 4069.0000000000
12530  -52.002  -34.952  -25.731 4070.0000000000
36303  -27.620  12.405  32.795 4082.0000000000
36963  -29.024  -42.949  39.780 4085.0000000000
19929  -7.094  -16.284  48.999 4086.0000000000
8570  -51.665  -2.702  -44.062 4091.0000000000
8597  0.124  -74.064  -26.786 4094.0000000000
11236  -16.522  -6.386  -32.026 4101.0000000000
12546  -5.337  42.751  -26.681 4103.0000000000
12695  -38.949  -3.437  -24.572 4104.0000000000
4443  -40.936  -46.186  -31.007 4109.0000000000
13976  -44.549  19.392  -43.475 4110.0000000000
18014  -0.776  -82.978  -18.216 4115.0000000000
4444  -40.506  -48.135  -31.210 4116.0000000000
19928  -39.639  -46.959  25.364 4117.0000000000
20445  -16.142  -61.693  21.447 4122.0000000000
8598  0.083  -73.834  -25.423 4132.0000000000
8569  -38.759  -41.158  13.820 4133.0000000000
12694  -43.841  39.713  -18.161 4139.0000000000
15200  -51.255  46.039  -18.932 4142.0000000000
16408  -33.839  -28.257  29.978 4143.0000000000
4445  -34.365  24.370  25.230 4146.0000000000
18043  -2.164  -8.063  -13.388 4147.0000000000
19616  -5.234  34.967  -41.801 4149.0000000000
20464  -31.458  75.723  -13.361 4153.0000000000
20519  -41.325  43.808  22.794 4155.0000000000
35275  -6.688  -28.540  1.637 4156.0000000000
20534  -20.568  -33.080  -18.087 4158.0000000000
12346  -47.397  11.572  -46.005 4160.0000000000
22052  -5.852  57.847  -36.515 4163.0000000000
22051  -5.391  55.594  -37.149 4164.0000000000
29237  -31.229  -62.514  8.529 4166.0000000000
23712  -48.184  10.646  4.014 4167.0000000000
2766  -56.837  -9.621  -38.975 4173.0000000000
5464  -32.555  -66.327  4.375 4175.0000000000
40197  -48.760  -38.470  -27.519 4179.0000000000
35280  -46.958  31.599  -36.574 4183.0000000000
34722  -25.529  44.467  -21.422 4185.0000000000
12041  -31.272  56.380  12.782 4191.0000000000
35810  -48.446  43.479  13.456 4192.0000000000
13092  -13.219  42.408  -35.601 4195.0000000000
25414  -30.609  -61.532  12.004 4206.0000000000
23713  -33.060  -9.359  -34.236 4207.0000000000
2765  -20.443  -42.522  -1.873 4209.0000000000
2788  -6.909  76.292  0.562 4213.0000000000
7181  -42.892  56.804  -19.948 4215.0000000000
8662  -35.544  14.732  -26.538 4216.0000000000
8630  -25.825  -29.890  22.986 4217.0000000000
9169  -17.720  76.783  -5.757 4218.0000000000
10189  -4.112  -11.607  15.655 4219.0000000000
12146  -40.755  48.561  5.881 4221.0000000000
12778  -31.007  14.263  -42.239 4227.0000000000
12779  -50.951  -22.680  16.986 4231.0000000000
13355  -47.139  7.957  32.129 4233.0000000000
14425  -43.596  -40.111  27.556 4235.0000000000
17520  -36.086  24.360  -5.468 4242.0000000000
25452  -20.633  -12.766  33.224 4243.0000000000
2764  -19.409  -41.871  -3.428 4248.0000000000
5463  -29.026  18.958  -59.404 4250.0000000000
7157  -41.788  -43.149  -2.361 4254.0000000000
10190  -3.659  -10.721  14.714 4258.0000000000
12147  -17.399  -28.354  -21.033 4259.0000000000
12168  -48.761  30.647  20.914 4262.0000000000
13138  -47.292  29.989  18.210 4264.0000000000
14463  -44.440  -14.260  -13.144 4268.0000000000
27815  -2.711  22.810  -20.622 4273.0000000000
17166  -20.940  0.901  -31.028 4276.0000000000
19828  -4.043  -45.076  42.329 4284.0000000000
19829  -3.706  -44.973  39.895 4286.0000000000
28461  -38.380  17.909  6.502 4290.0000000000
29752  -22.131  -44.357  29.079 4292.0000000000
23167  -51.505  -18.658  11.211 4293.0000000000
30452  -59.694  -3.267  -37.577 4294.0000000000
26234  -36.528  15.126  -64.275 4298.0000000000
26792  -63.328  1.428  4.280 4300.0000000000
33543  -32.680  44.159  0.584 4304.0000000000
17164  -39.864  -38.304  -0.089 4314.0000000000
17557  -18.878  53.363  -37.554 4317.0000000000
20878  -43.099  -16.872  -10.808 4322.0000000000
24148  -32.327  26.859  24.415 4325.0000000000
23874  -31.864  -2.737  0.094 4326.0000000000
38382  -5.630  -35.639  -9.939 4329.0000000000
27814  -27.626  -47.557  8.163 4331.0000000000
27784  -58.926  5.664  -37.365 4334.0000000000
28214  -48.724  -25.869  -37.638 4338.0000000000
29303  -47.008  -5.674  -22.299 4339.0000000000
17165  -36.847  -7.871  38.905 4347.0000000000
17648  -46.307  8.730  -9.818 4353.0000000000
19827  -4.926  -45.398  42.103 4354.0000000000
23166  -51.479  -18.229  11.812 4357.0000000000
37525  -61.872  10.213  0.017 4360.0000000000
26235  -38.125  15.380  -64.281 4363.0000000000
28215  -46.608  13.439  -41.880 4367.0000000000
27442  -43.310  62.129  -8.718 4368.0000000000
27813  -28.083  -47.164  9.077 4372.0000000000
39769  -18.495  13.438  48.836 4382.0000000000
13746  -32.568  -15.957  -4.153 4383.0000000000
2057  -3.805  71.173  0.816 4387.0000000000
30642  -43.078  -43.684  -33.974 4393.0000000000
2058  -3.977  72.280  1.032 4394.0000000000
3497  -12.167  -23.221  42.740 4395.0000000000
38372  -20.466  -73.088  12.379 4405.0000000000
8540  -53.636  16.547  -4.831 4407.0000000000
39155  -29.859  23.127  -55.579 4412.0000000000
10714  -17.714  -73.329  3.966 4414.0000000000
12507  -2.507  -6.039  -5.713 4417.0000000000
11473  -34.099  -21.106  41.535 4418.0000000000
12614  -28.135  71.155  -28.820 4423.0000000000
13268  -34.696  -30.434  42.044 4424.0000000000
15667  -54.755  -16.894  -31.674 4430.0000000000
30643  -64.275  -30.931  -18.816 4436.0000000000
2056  -5.195  71.385  0.030 4439.0000000000
4558  -25.109  -30.882  18.931 4444.0000000000
32761  -25.914  -71.276  0.982 4445.0000000000
10713  -7.105  53.648  15.124 4447.0000000000
6398  -4.946  64.103  14.906 4448.0000000000
11215  -44.868  -34.903  -25.953 4449.0000000000
11216  -5.717  54.569  -26.316 4452.0000000000
11474  -18.204  44.174  -34.437 4453.0000000000
14461  -56.905  -34.485  -27.915 4460.0000000000
13495  -7.250  71.412  -11.638 4467.0000000000
15609  -32.601  3.638  -42.436 4468.0000000000
15588  -23.494  68.823  -31.292 4469.0000000000
2096  -35.427  -43.554  -0.485 4481.0000000000
11214  -46.066  -36.191  -26.047 4491.0000000000
11889  -4.214  -38.126  25.178 4494.0000000000
8217  -24.403  38.741  18.225 4496.0000000000
13269  -11.652  -65.375  -17.956 4500.0000000000
11107  -9.491  46.210  32.558 4512.0000000000
11975  -21.307  -38.259  40.192 4513.0000000000
30644  -14.380  -19.963  52.032 4517.0000000000
30972  -4.130  -48.942  -7.846 4524.0000000000
2068  -58.076  -26.605  -25.298 4527.0000000000
33306  -13.631  -85.290  -14.020 4528.0000000000
4573  -45.336  -17.269  38.135 4530.0000000000
8353  -40.309  -45.874  -19.562 4537.0000000000
8218  -10.887  -44.702  -21.168 4539.0000000000
11695  -9.625  -43.038  -16.561 4541.0000000000
9188  -5.037  68.867  -27.124 4542.0000000000
11081  -7.996  58.409  28.622 4551.0000000000
41678  -15.536  -28.434  -19.998 4555.0000000000
18940  -2.641  -15.965  21.280 4557.0000000000
2067  -35.687  -9.876  -15.396 4562.0000000000
6068  -20.752  -67.660  23.675 4567.0000000000
4574  -45.082  -16.809  36.412 4569.0000000000
6069  -45.395  47.510  13.335 4570.0000000000
8219  -9.443  -45.362  -20.076 4573.0000000000
9164  -5.468  69.118  -26.429 4579.0000000000
9212  -18.882  -79.108  -6.934 4583.0000000000
11694  -21.192  78.829  -9.176 4585.0000000000
11994  -53.644  0.101  23.185 4592.0000000000
18939  -52.567  -0.028  16.721 4596.0000000000
18941  -2.530  -14.659  22.046 4598.0000000000
2069  -51.502  33.831  -14.172 4600.0000000000
19905  -41.089  -16.985  -34.491 4603.0000000000
6067  -11.866  -66.617  -18.300 4608.0000000000
8352  -38.553  -55.853  5.150 4612.0000000000
9083  -24.782  28.043  29.444 4614.0000000000
11080  -23.477  -13.070  49.899 4622.0000000000
11693  -34.299  5.714  -23.541 4624.0000000000
11976  -19.809  -37.486  38.669 4626.0000000000
11977  -19.734  -37.334  37.359 4629.0000000000
29151  -4.457  15.240  9.915 4637.0000000000
20454  -8.672  -18.595  15.224 4639.0000000000
22022  -12.281  -71.964  15.934 4649.0000000000
22281  -43.300  -25.116  -15.802 4651.0000000000
25386  -51.181  -30.802  -0.398 4662.0000000000
25450  -2.644  -5.723  12.302 4667.0000000000
26503  -27.838  29.207  -6.907 4668.0000000000
27325  -51.269  31.506  -9.628 4681.0000000000
27764  -44.349  -11.822  30.367 4685.0000000000
28086  -44.250  -57.794  -11.829 4687.0000000000
28609  -8.592  69.932  -31.101 4693.0000000000
11500  -38.627  -64.328  -13.711 4708.0000000000
36557  -7.432  29.014  -34.748 4709.0000000000
11501  -60.302  -38.723  2.774 4715.0000000000
11499  -30.579  -17.302  49.281 4717.0000000000
12768  -32.130  49.325  -35.413 4728.0000000000
11751  -12.957  -66.560  18.032 4729.0000000000
12371  -51.536  14.258  4.232 4736.0000000000
14164  -23.412  -43.355  -17.166 4737.0000000000
38369  -29.713  -26.048  34.056 4739.0000000000
15008  -5.838  41.034  -34.724 4742.0000000000
15009  -55.142  -42.471  -13.439 4747.0000000000
16792  -16.959  59.136  23.417 4748.0000000000
17874  -9.799  63.914  -28.630 4752.0000000000
17273  -28.718  -45.525  34.341 4753.0000000000
18972  -42.312  64.170  -29.052 4758.0000000000
18974  -28.713  -9.951  -29.312 4759.0000000000
12370  -47.496  11.498  7.972 4768.0000000000
11728  -10.306  63.040  -20.216 4777.0000000000
12815  -6.067  3.045  -39.913 4785.0000000000
12372  -17.415  -45.365  40.800 4788.0000000000
13449  -49.800  -56.923  -1.005 4790.0000000000
13484  -2.336  20.079  -27.992 4792.0000000000
14736  -54.519  33.011  -1.701 4794.0000000000
30164  -19.328  -26.181  36.381 4795.0000000000
13627  -58.869  -9.002  7.125 4796.0000000000
14165  -3.931  -23.572  12.245 4798.0000000000
14708  -52.065  10.966  15.759 4800.0000000000
15410  -3.186  -85.627  -20.369 4805.0000000000
16580  -10.487  -1.004  27.093 4808.0000000000
16793  -33.955  44.476  28.159 4810.0000000000
16647  -15.996  -22.987  56.222 4815.0000000000
18460  -52.104  -18.935  18.777 4817.0000000000
17873  -8.263  64.890  -28.669 4819.0000000000
18522  -44.187  -10.615  29.246 4824.0000000000
20455  -52.847  -40.342  -21.931 4826.0000000000
30163  -52.602  -39.512  -10.947 4850.0000000000
30209  -38.322  18.774  -21.793 4853.0000000000
16794  -24.447  8.769  -30.199 4857.0000000000
16559  -22.324  82.239  -12.974 4860.0000000000
30849  -13.131  -46.938  5.153 4862.0000000000
17202  -17.716  -49.890  -3.768 4865.0000000000
17272  -43.395  -6.816  38.357 4867.0000000000
17836  -3.740  -84.867  -24.641 4873.0000000000
18973  -49.587  0.679  -4.472 4876.0000000000
31413  -7.126  -20.698  23.752 4879.0000000000
19391  -25.586  -42.492  -12.766 4882.0000000000
32738  -38.300  -4.229  1.102 4890.0000000000
20456  -32.924  -26.786  -30.565 4891.0000000000
29023  -57.135  17.396  -44.271 4892.0000000000
23120  -24.736  20.399  -55.756 4894.0000000000
14333  -11.094  -8.977  55.198 4898.0000000000
32054  0.717  -21.455  -12.116 4920.0000000000
32610  -13.915  -59.769  -24.526 4927.0000000000
33148  -14.083  -6.268  55.117 4931.0000000000
38299  -20.946  -16.532  -34.784 4933.0000000000
38818  -1.802  -76.330  -32.828 4938.0000000000
38976  -27.260  -60.525  -34.710 4940.0000000000
39179  -44.936  -16.373  41.451 4942.0000000000
39748  -31.196  6.626  47.615 4948.0000000000
40081  -22.183  -37.159  -13.651 4950.0000000000
43322  -40.602  -55.925  24.024 4953.0000000000
18366  -45.698  -57.697  -4.339 4957.0000000000
19997  -28.812  7.062  -59.248 4965.0000000000
20505  -7.931  -39.130  -2.528 4968.0000000000
554  -11.442  67.946  -8.876 4970.0000000000
15532  -21.874  10.277  -49.122 4972.0000000000
16766  -49.042  16.180  -32.353 4974.0000000000
18367  -50.912  -4.093  -48.928 4978.0000000000
19400  -43.668  -17.294  -10.180 4979.0000000000
19401  -2.749  53.977  -41.013 4982.0000000000
15466  -51.760  -35.718  -20.175 4989.0000000000
15423  -25.692  50.572  14.870 4990.0000000000
18368  -49.236  -4.372  -47.810 4998.0000000000
19402  -12.450  -23.699  50.298 5004.0000000000
19998  -30.277  6.304  -58.812 5005.0000000000
21541  -14.184  -10.672  22.760 5007.0000000000
21553  -6.432  -25.438  24.531 5008.0000000000
29946  -20.928  -63.979  12.717 5012.0000000000
30338  -35.059  -52.217  -23.876 5015.0000000000
30677  -54.967  -20.926  27.009 5017.0000000000
31406  -5.995  -20.354  24.346 5023.0000000000
31827  -7.824  -55.012  -19.043 5024.0000000000
32697  -50.421  -29.059  -3.752 5029.0000000000
29920  -16.578  74.373  -22.329 5030.0000000000
38610  -49.955  -26.002  35.149 5032.0000000000
43726  -59.777  -11.846  13.941 5033.0000000000
39196  -35.822  49.606  -23.008 5036.0000000000
39250  -31.823  41.731  13.122 5037.0000000000
43842  -35.135  38.741  22.530 5039.0000000000
43946  -23.789  -5.309  52.714 5041.0000000000
39559  -30.168  0.139  -41.994 5042.0000000000
39737  -44.970  23.968  -50.076 5044.0000000000
39744  -10.536  -71.566  -13.717 5046.0000000000
39772  -45.749  53.406  -13.838 5047.0000000000
43764  -60.101  -15.440  7.374 5049.0000000000
44434  -2.881  33.790  6.002 5051.0000000000
44481  -6.290  -51.138  9.360 5053.0000000000
44512  -25.586  -30.875  25.958 5055.0000000000
44497  -7.166  -19.461  34.831 5056.0000000000
43943  -30.004  -49.833  16.892 5057.0000000000
44538  -40.727  -47.620  32.352 5058.0000000000
4021  -63.728  -12.867  -27.132 5061.0000000000
43961  -10.137  -53.854  14.701 5062.0000000000
44018  -9.459  84.960  -20.553 5064.0000000000
4243  -55.696  10.300  -37.268 5065.0000000000
41853  -31.674  -58.082  29.895 5077.0000000000
44015  -33.391  -75.450  -11.434 5097.0000000000
43920  -10.935  -33.669  15.989 5098.0000000000
44050  -3.228  24.451  28.776 5104.0000000000
