#!ascii label  , from subject FreeSurferMNI152_0.3 vox2ras=TkReg
2112
41145  -8.520  -64.245  16.641 1.0000000000
38513  -13.549  -33.918  21.670 2.0000000000
25322  -46.632  13.496  -12.150 7.0000000000
41146  -34.423  70.702  -26.315 9.0000000000
40262  -55.849  18.189  -41.975 10.0000000000
34151  -9.869  41.117  37.067 11.0000000000
35012  -44.900  -2.068  2.673 13.0000000000
22983  -4.512  51.467  -14.096 14.0000000000
24314  -59.323  -41.073  -24.244 15.0000000000
10891  -38.410  11.251  32.129 16.0000000000
25217  -57.240  -8.050  -42.268 20.0000000000
33692  -50.395  20.076  13.334 21.0000000000
13575  -9.660  -54.354  -1.099 23.0000000000
34622  -33.833  7.662  -1.661 29.0000000000
27125  -62.148  -23.006  19.196 31.0000000000
12016  -33.203  -17.770  49.548 40.0000000000
25161  -51.065  50.933  -18.754 44.0000000000
41128  -35.413  -53.804  32.731 54.0000000000
36010  -8.919  84.267  -8.891 55.0000000000
8936  -4.297  53.692  -27.149 57.0000000000
8806  -65.533  -25.070  -19.790 59.0000000000
10920  -4.888  -68.074  -22.103 62.0000000000
11727  -43.123  -41.155  -38.741 73.0000000000
8916  -26.599  -30.480  25.355 82.0000000000
15656  -15.159  -44.873  -26.592 87.0000000000
16831  -17.799  57.461  21.217 89.0000000000
14307  -18.748  11.332  -48.158 91.0000000000
16716  -43.611  39.287  -7.364 92.0000000000
18891  -3.931  -44.916  31.064 98.0000000000
23409  -33.729  62.578  -5.153 100.0000000000
23959  -37.264  70.476  -7.748 101.0000000000
24657  -27.337  -63.539  20.877 102.0000000000
24786  -50.423  -49.141  -9.958 103.0000000000
25334  -32.144  8.395  44.171 110.0000000000
25849  -12.376  66.678  -3.834 112.0000000000
26261  -26.694  -40.869  36.397 116.0000000000
36300  -29.906  46.029  -37.660 118.0000000000
3937  -4.633  -74.870  11.593 119.0000000000
4281  -19.541  -44.122  -10.988 121.0000000000
6719  -12.076  51.273  7.801 122.0000000000
3911  -15.783  -48.091  28.476 123.0000000000
5599  -35.209  7.770  -46.714 125.0000000000
7403  -9.394  -79.262  -4.839 126.0000000000
6302  -40.869  -33.140  2.314 130.0000000000
7913  -52.204  41.857  -18.115 134.0000000000
10921  -6.726  -67.951  -20.627 139.0000000000
10199  -1.940  -83.885  -9.525 142.0000000000
11846  -6.126  -77.138  -27.898 144.0000000000
14332  -8.451  -11.345  55.031 153.0000000000
17518  -43.706  -20.772  39.519 155.0000000000
17241  -39.664  -10.736  46.790 159.0000000000
16059  -40.171  -12.381  46.832 161.0000000000
16780  -38.826  4.168  13.845 163.0000000000
26669  -14.997  -77.225  -38.219 182.0000000000
27855  -31.273  17.163  -41.077 183.0000000000
28905  -6.168  17.109  -33.008 184.0000000000
30562  -21.945  5.078  -47.033 187.0000000000
29927  -34.262  24.435  -26.703 188.0000000000
3321  -24.120  60.371  -29.404 190.0000000000
3910  -50.284  33.614  -15.146 192.0000000000
3865  -49.700  -3.405  34.034 194.0000000000
4280  -6.662  -70.615  -21.318 196.0000000000
4076  -45.681  -10.637  -40.082 200.0000000000
4282  -31.545  41.577  -30.338 202.0000000000
6301  -22.244  -57.388  9.101 207.0000000000
7912  -52.027  42.779  -18.201 210.0000000000
5675  -16.203  73.438  6.840 211.0000000000
7935  -55.675  18.315  -25.536 217.0000000000
8668  -64.056  -13.098  -6.027 218.0000000000
10200  -2.236  -66.363  0.174 220.0000000000
8915  -7.134  -13.712  53.438 228.0000000000
14306  -5.035  -8.469  7.421 230.0000000000
14959  -33.113  28.745  23.693 234.0000000000
15977  -4.776  -32.192  -6.203 237.0000000000
15958  -36.155  -2.859  -49.937 238.0000000000
18362  -5.753  35.239  44.683 245.0000000000
20084  -39.084  -2.809  24.875 247.0000000000
18782  -30.041  -33.612  -23.167 248.0000000000
20085  -43.995  -54.402  -21.223 250.0000000000
22499  -21.372  -72.016  15.472 256.0000000000
23850  -30.069  36.400  34.760 258.0000000000
24216  -6.329  36.260  20.311 260.0000000000
24638  -7.114  36.612  32.695 262.0000000000
25160  -37.723  3.288  3.014 265.0000000000
26679  -5.662  71.660  7.981 274.0000000000
30601  -16.255  40.751  33.845 279.0000000000
31405  -6.296  -22.542  24.093 282.0000000000
31777  -2.223  -45.168  16.857 284.0000000000
32319  -23.238  -56.579  -22.267 285.0000000000
32873  -11.711  -60.283  -13.548 287.0000000000
3322  -28.357  17.666  36.944 288.0000000000
3320  -16.849  -54.378  11.577 289.0000000000
3969  -32.117  -41.942  -30.933 290.0000000000
7791  -29.233  -48.429  25.332 295.0000000000
5476  -61.552  -5.768  0.750 305.0000000000
5560  -8.568  18.150  33.553 308.0000000000
7914  -51.683  41.530  -19.848 313.0000000000
7863  -31.715  -4.442  -41.100 315.0000000000
10198  -41.235  47.876  -31.083 321.0000000000
11527  -51.211  -17.304  25.619 322.0000000000
11825  -18.837  74.286  0.004 323.0000000000
8917  -46.647  -3.037  14.830 325.0000000000
4080  -19.328  -51.349  4.940 326.0000000000
11445  -64.062  -20.117  -25.830 331.0000000000
14308  -32.979  -17.168  -5.934 333.0000000000
14981  -21.192  57.396  22.588 334.0000000000
16058  -45.653  39.965  -20.383 336.0000000000
18444  -38.798  -47.779  6.636 342.0000000000
17228  -64.637  -22.911  -23.012 344.0000000000
18419  -46.321  48.988  -18.736 345.0000000000
22412  -9.087  71.792  16.806 349.0000000000
20945  -6.660  -80.563  -32.630 355.0000000000
23775  -23.701  12.174  -36.328 357.0000000000
23706  -37.868  -14.616  47.122 361.0000000000
25487  -46.213  48.514  10.603 365.0000000000
25833  -39.286  71.495  -23.655 369.0000000000
27004  -6.750  52.880  22.405 378.0000000000
25456  -39.599  28.357  6.476 380.0000000000
25480  -56.412  23.686  2.387 381.0000000000
25867  -38.960  52.247  -21.807 382.0000000000
26275  -3.897  -23.013  39.290 383.0000000000
27856  -48.605  31.048  -5.992 385.0000000000
27871  -38.301  -39.281  -27.380 386.0000000000
28921  -12.195  48.060  2.340 387.0000000000
32331  -44.683  -39.390  29.000 394.0000000000
34568  -5.448  -20.694  20.639 397.0000000000
36293  -52.084  22.274  -50.746 400.0000000000
5117  -22.056  10.260  24.998 401.0000000000
6147  -8.903  36.831  41.376 404.0000000000
7769  -54.081  21.199  -3.728 405.0000000000
7804  -13.807  -85.508  -7.804 408.0000000000
8644  -10.076  67.794  -26.119 410.0000000000
9882  -20.042  59.758  -34.257 412.0000000000
10045  -19.433  7.588  33.215 415.0000000000
11193  -24.842  41.478  -23.339 416.0000000000
12975  -52.181  -40.865  -16.853 418.0000000000
11985  -58.488  -20.154  -26.862 420.0000000000
11479  -39.069  47.300  5.704 422.0000000000
14366  -64.620  -19.484  -5.103 424.0000000000
12762  -50.099  -0.593  -33.717 425.0000000000
13289  -3.543  -9.391  32.649 431.0000000000
11443  -38.107  59.870  -17.310 434.0000000000
4081  -18.371  64.860  20.983 436.0000000000
19433  -30.718  66.804  2.589 439.0000000000
22814  -3.721  -1.145  54.012 447.0000000000
23757  -59.177  18.477  -5.062 448.0000000000
23474  -35.221  62.635  -4.743 450.0000000000
23780  -54.262  4.195  -50.904 453.0000000000
24539  -50.082  52.636  -15.368 456.0000000000
25870  -1.489  -54.616  -11.052 458.0000000000
18498  -50.477  -42.703  -18.798 459.0000000000
24628  -35.667  5.367  -11.627 460.0000000000
25336  -33.518  -0.656  49.056 463.0000000000
25821  -32.764  19.573  -38.657 468.0000000000
26621  -38.587  19.376  10.644 473.0000000000
26584  -45.292  54.437  -13.743 476.0000000000
24814  -41.790  37.936  -0.211 478.0000000000
24792  -27.168  2.206  33.319 482.0000000000
27461  -32.195  4.465  -57.030 487.0000000000
29915  -50.270  -39.208  -11.004 488.0000000000
30007  -27.532  -21.427  26.491 489.0000000000
31981  -33.105  -24.784  -26.688 495.0000000000
33154  -31.261  -19.340  49.144 497.0000000000
34413  -46.489  28.198  -15.878 503.0000000000
36427  -21.093  -30.717  -23.770 508.0000000000
243  -33.048  18.488  41.088 511.0000000000
1631  -55.702  12.021  -8.696 512.0000000000
244  -33.267  18.519  40.279 516.0000000000
1333  -11.517  41.069  6.614 519.0000000000
6551  -26.021  -38.656  30.142 520.0000000000
3555  -4.011  74.939  10.481 524.0000000000
9613  -18.625  4.866  49.002 526.0000000000
7895  -56.072  -0.735  3.980 527.0000000000
11101  -34.684  -23.557  -41.648 528.0000000000
12140  -54.712  -36.995  -40.119 530.0000000000
13046  -50.231  13.037  3.738 532.0000000000
16741  -25.334  -69.997  -11.612 540.0000000000
12763  -50.269  -2.049  -32.988 541.0000000000
11444  -12.645  -28.162  43.127 543.0000000000
4079  -18.900  -48.992  6.642 548.0000000000
17840  -32.632  -15.644  21.902 552.0000000000
19142  -34.464  -10.749  26.830 553.0000000000
19257  -57.932  10.070  12.175 554.0000000000
21905  -12.243  36.354  37.087 555.0000000000
20953  -35.433  -24.608  25.373 557.0000000000
21403  -4.960  -48.193  4.280 559.0000000000
22386  -48.109  -18.601  -37.288 562.0000000000
23760  -52.113  45.734  -12.073 564.0000000000
13636  -0.479  15.333  -32.982 569.0000000000
13635  -0.748  16.201  -33.481 570.0000000000
18500  -32.758  -12.106  3.725 575.0000000000
24884  -28.646  -25.828  -19.701 578.0000000000
23271  -6.316  -70.919  -1.624 586.0000000000
24883  -32.311  65.873  -29.340 589.0000000000
25744  -44.536  13.281  18.699 603.0000000000
20576  -48.037  -28.101  24.340 604.0000000000
24954  -37.495  34.135  -53.529 606.0000000000
26440  -14.885  -28.212  29.502 607.0000000000
27193  -48.193  -50.752  -15.127 608.0000000000
26075  -9.993  19.791  29.658 617.0000000000
27613  -43.214  -18.208  -18.016 619.0000000000
10088  -48.898  -49.334  13.604 622.0000000000
31592  -48.290  -29.334  -3.679 625.0000000000
31782  -8.299  36.075  30.775 626.0000000000
32769  -14.638  -18.313  -24.811 628.0000000000
37092  -18.229  34.374  32.294 637.0000000000
37120  -3.197  -61.582  -2.770 638.0000000000
35606  -58.765  20.032  -5.088 640.0000000000
242  -33.905  20.324  41.104 642.0000000000
4953  -0.692  -15.058  -7.682 653.0000000000
6318  -24.537  -38.472  -33.383 654.0000000000
6119  -35.350  11.823  -15.294 655.0000000000
8787  -38.370  -19.078  4.062 658.0000000000
9616  -42.847  -15.538  21.600 659.0000000000
11415  -3.152  27.695  39.248 661.0000000000
5126  -14.660  -79.681  0.480 662.0000000000
12822  -28.217  -67.372  17.335 663.0000000000
14069  -21.298  76.641  -11.873 666.0000000000
16200  -39.285  36.034  -51.078 671.0000000000
20251  -42.709  -28.222  23.516 681.0000000000
20954  -39.845  54.471  -0.010 684.0000000000
20993  -45.549  -41.803  0.497 685.0000000000
21886  -37.715  1.844  14.020 690.0000000000
21922  -14.661  -41.419  -22.693 691.0000000000
21848  -17.684  38.721  21.609 692.0000000000
22350  -42.111  14.974  -50.601 696.0000000000
23185  -1.628  -78.029  -30.739 702.0000000000
23726  -32.249  16.215  -37.360 703.0000000000
19397  -61.060  -7.724  3.582 711.0000000000
24898  -6.770  -27.482  21.491 715.0000000000
21120  0.143  -73.270  -6.345 718.0000000000
19399  -44.315  -18.111  -9.474 720.0000000000
22194  -7.202  62.513  -4.167 723.0000000000
26101  -53.039  18.674  -11.057 724.0000000000
22100  -51.539  11.281  30.166 734.0000000000
23570  -20.346  48.614  34.136 742.0000000000
24850  -62.655  6.332  -35.088 745.0000000000
29418  -30.666  7.712  -45.680 748.0000000000
32148  -33.438  -76.293  -29.166 756.0000000000
32754  -33.506  -68.797  12.631 759.0000000000
31192  -46.802  -13.303  -0.016 760.0000000000
33261  -31.037  74.916  -29.520 761.0000000000
33911  -28.017  53.700  7.056 763.0000000000
33768  -31.989  -76.517  -8.479 766.0000000000
44621  -51.946  16.130  22.500 772.0000000000
506  -2.444  -0.469  32.376 777.0000000000
1077  -45.853  -26.654  8.602 781.0000000000
1386  -38.433  -51.075  10.151 782.0000000000
3139  -49.418  3.541  -13.746 784.0000000000
4126  -38.238  31.550  26.458 785.0000000000
3281  -51.193  4.102  -13.666 789.0000000000
8817  -40.268  22.100  23.668 790.0000000000
9265  -3.898  71.287  -25.581 791.0000000000
10556  -8.051  18.435  52.508 792.0000000000
8301  -53.747  11.149  -19.069 793.0000000000
7752  -15.963  -40.882  -12.574 799.0000000000
9663  1.166  -17.831  0.310 801.0000000000
10865  -53.857  21.478  -24.079 803.0000000000
11717  -7.407  -46.897  31.241 809.0000000000
13330  -42.753  19.406  30.152 813.0000000000
12777  -30.848  15.333  -41.934 815.0000000000
15615  -0.685  -70.362  2.137 817.0000000000
13686  -5.732  64.502  -21.405 819.0000000000
16881  -10.456  7.302  26.708 821.0000000000
15626  -11.020  -18.393  19.977 822.0000000000
21887  -37.457  0.840  14.150 826.0000000000
18499  -38.589  60.081  -1.810 828.0000000000
13634  -36.730  -23.885  -42.821 830.0000000000
19606  -57.369  -2.689  3.873 833.0000000000
20116  -7.865  -12.392  -20.888 835.0000000000
23725  -60.640  7.140  -8.091 836.0000000000
22195  -6.475  -39.684  34.357 857.0000000000
27306  -41.720  54.279  -14.157 860.0000000000
23601  -30.988  19.293  15.265 865.0000000000
29449  -41.085  58.754  -24.532 874.0000000000
26227  -27.074  1.152  38.834 876.0000000000
11991  -49.732  -29.151  33.132 883.0000000000
26164  -3.975  -53.353  -15.777 884.0000000000
15229  -43.064  39.281  11.660 887.0000000000
26856  1.058  0.322  -15.370 891.0000000000
28306  -62.109  -7.726  -43.364 894.0000000000
29408  -7.851  31.453  -33.956 896.0000000000
30312  -52.714  2.147  -5.045 898.0000000000
31194  -41.685  -41.121  -11.319 901.0000000000
31826  -7.178  -55.003  -17.958 904.0000000000
32741  -3.467  0.241  54.843 909.0000000000
44125  -31.375  22.919  19.017 913.0000000000
512  -29.339  24.331  10.942 916.0000000000
44257  -37.029  23.605  17.449 918.0000000000
1334  -15.610  -46.038  -16.725 919.0000000000
3138  -48.606  3.499  -14.416 923.0000000000
1259  -11.150  39.236  7.397 924.0000000000
1260  -58.603  -22.916  22.919 926.0000000000
2518  -10.936  -36.028  -21.809 927.0000000000
4543  -8.218  67.718  21.239 929.0000000000
4793  -52.176  -32.140  12.094 930.0000000000
6254  -45.294  41.366  -29.213 931.0000000000
11005  -41.597  -0.851  31.631 937.0000000000
12122  -58.402  -21.795  16.693 939.0000000000
15107  -6.515  54.889  -35.982 948.0000000000
13539  -38.966  2.879  17.470 949.0000000000
16828  -25.193  -5.948  -44.904 953.0000000000
15990  -64.645  1.908  -29.716 956.0000000000
13981  -35.505  11.159  -26.279 957.0000000000
17788  -36.030  73.809  -6.762 958.0000000000
18021  -17.546  3.368  -45.318 960.0000000000
18399  -43.972  -39.777  -20.023 961.0000000000
17789  -23.197  -44.674  45.888 962.0000000000
19423  -20.236  -13.191  -38.316 963.0000000000
18886  -25.653  -10.184  -28.809 964.0000000000
19422  -20.600  -13.733  -38.085 967.0000000000
20732  -39.901  -56.369  -2.882 969.0000000000
20117  -8.922  -11.248  -21.534 974.0000000000
21498  -48.906  11.097  32.582 976.0000000000
19607  -9.435  29.047  12.448 978.0000000000
21121  -56.714  -21.188  -36.599 980.0000000000
19398  -2.214  1.584  50.470 986.0000000000
22992  -38.883  64.670  -32.050 989.0000000000
24400  -9.224  -67.097  -34.785 990.0000000000
24433  -25.031  39.651  -37.526 997.0000000000
24849  -58.437  -23.221  -28.804 998.0000000000
25100  -38.914  5.848  34.192 1000.0000000000
23589  -65.232  -17.659  -10.434 1003.0000000000
25659  -23.403  -45.832  26.704 1015.0000000000
15231  -4.362  -76.581  0.177 1017.0000000000
10087  -48.292  2.368  -52.863 1020.0000000000
28293  -57.565  16.954  -43.167 1024.0000000000
28321  -58.058  -22.744  16.712 1028.0000000000
29051  -21.357  -44.896  -1.421 1029.0000000000
28007  -33.473  -65.575  -15.552 1034.0000000000
30327  -36.615  -52.649  -22.632 1037.0000000000
31193  -14.510  -56.381  -14.833 1038.0000000000
31206  -34.069  -18.214  -7.149 1039.0000000000
32050  -57.092  23.798  -10.171 1044.0000000000
32049  -40.926  53.196  13.665 1045.0000000000
44177  -7.412  84.563  -22.448 1053.0000000000
44216  -38.250  -53.709  16.678 1058.0000000000
44256  -19.866  -70.931  -38.014 1060.0000000000
44259  -37.547  23.594  16.889 1061.0000000000
44260  -6.017  7.358  46.875 1062.0000000000
44302  -27.919  -78.897  -33.873 1064.0000000000
44419  -37.760  -53.159  15.052 1068.0000000000
1261  -59.118  -21.237  21.426 1069.0000000000
2519  -10.384  -37.855  -21.504 1070.0000000000
730  -44.090  -29.273  30.390 1071.0000000000
697  -13.310  35.184  -32.673 1072.0000000000
696  -52.771  20.911  5.568 1073.0000000000
1304  -57.799  -21.337  -22.772 1074.0000000000
4572  -45.996  -15.559  36.735 1075.0000000000
4571  -35.598  21.482  -20.443 1076.0000000000
7580  -48.181  23.408  12.272 1078.0000000000
7581  -37.757  38.617  19.059 1079.0000000000
7751  -34.502  66.013  -14.410 1080.0000000000
9599  -6.125  -65.499  19.219 1081.0000000000
11032  -2.552  -30.214  33.484 1085.0000000000
11736  -14.562  -57.807  -1.037 1088.0000000000
12379  -3.990  43.628  -37.021 1090.0000000000
12750  -30.855  3.146  49.106 1091.0000000000
13715  -3.783  47.204  17.999 1094.0000000000
13603  -44.105  21.965  -44.040 1096.0000000000
15883  -5.094  -38.478  -0.575 1100.0000000000
18400  -35.756  -9.011  4.254 1105.0000000000
15989  -2.678  -85.068  -20.701 1109.0000000000
18401  -36.757  -48.126  17.806 1110.0000000000
20577  -19.657  11.937  32.182 1126.0000000000
21601  -3.892  49.576  14.254 1129.0000000000
22116  -2.090  -50.097  -6.866 1131.0000000000
15230  -4.030  -75.583  -1.267 1147.0000000000
25152  -51.812  19.503  -29.141 1149.0000000000
25733  -45.440  -19.419  -14.878 1153.0000000000
10086  -33.742  19.898  -40.152 1154.0000000000
26893  -50.247  31.350  -8.765 1159.0000000000
26945  -32.134  16.855  -39.172 1162.0000000000
26871  -58.048  6.221  -15.570 1164.0000000000
29095  -40.211  -13.033  27.579 1168.0000000000
29115  -64.198  -9.809  -7.603 1169.0000000000
29921  -14.444  76.651  -28.834 1171.0000000000
29242  -10.992  -73.803  -22.000 1174.0000000000
29594  -33.350  -15.122  3.526 1177.0000000000
29922  -24.153  16.087  -45.524 1179.0000000000
30202  -38.843  18.131  -20.034 1182.0000000000
29258  -17.046  -65.675  -35.310 1185.0000000000
31481  -8.687  21.746  39.884 1189.0000000000
31235  -32.840  75.514  -29.751 1194.0000000000
32079  -58.316  -23.987  10.142 1198.0000000000
32742  -4.735  0.305  56.024 1201.0000000000
33739  -9.177  -35.010  33.099 1203.0000000000
44312  -44.512  -56.897  17.153 1207.0000000000
44321  -12.483  -33.826  16.351 1209.0000000000
44306  -22.135  -70.680  -37.954 1211.0000000000
9012  -33.543  -70.458  9.890 1213.0000000000
8436  -28.809  10.416  23.175 1216.0000000000
44420  -39.947  -56.252  19.261 1217.0000000000
10846  -10.814  55.013  -28.726 1218.0000000000
2829  -10.798  -26.463  -12.981 1223.0000000000
2827  -36.558  -0.408  -49.110 1224.0000000000
2851  -46.709  -64.347  -9.073 1226.0000000000
4703  -12.894  65.311  19.279 1227.0000000000
698  -12.644  36.968  -32.715 1229.0000000000
1305  -57.866  -22.596  -22.251 1230.0000000000
4619  -41.864  60.702  -9.832 1231.0000000000
4696  -25.894  -72.457  -16.875 1232.0000000000
7650  -26.083  6.678  -46.693 1234.0000000000
13886  -44.526  -63.823  -17.448 1238.0000000000
15267  -40.376  -63.811  -17.679 1242.0000000000
10843  -64.848  -28.515  -19.069 1243.0000000000
12096  -10.174  18.796  30.408 1246.0000000000
12143  -36.120  -30.736  15.743 1248.0000000000
12794  -5.642  -14.007  -11.186 1252.0000000000
13982  -3.938  -27.336  -4.517 1254.0000000000
13538  -38.549  1.854  17.981 1255.0000000000
18820  -27.544  32.369  -26.076 1257.0000000000
15904  -35.660  -8.316  -34.716 1259.0000000000
17847  -13.532  43.551  -38.824 1265.0000000000
19491  -2.583  68.399  -40.383 1266.0000000000
19660  -31.537  -67.389  7.069 1267.0000000000
18455  -44.336  5.978  -56.074 1269.0000000000
20710  -29.148  15.459  37.785 1275.0000000000
21420  -3.864  81.773  -29.605 1278.0000000000
21481  -10.700  -0.801  -41.620 1279.0000000000
22492  -24.248  73.271  -21.983 1283.0000000000
22930  -12.948  -71.318  14.868 1285.0000000000
22977  -4.540  -15.063  13.272 1287.0000000000
26726  -46.986  -42.922  -26.936 1288.0000000000
23518  -6.277  3.855  35.429 1289.0000000000
24401  -5.144  63.460  -6.483 1291.0000000000
25101  -14.576  -16.377  43.480 1293.0000000000
25732  -4.152  7.496  44.536 1296.0000000000
25660  -0.284  37.276  -1.941 1299.0000000000
25675  -30.269  70.138  -9.498 1305.0000000000
26936  -58.867  -2.725  -35.275 1309.0000000000
29052  -21.144  -46.915  -1.974 1310.0000000000
28294  -57.933  16.646  -42.103 1318.0000000000
30329  -19.274  19.810  43.072 1327.0000000000
30617  -22.626  74.197  -24.798 1328.0000000000
31497  -62.398  -21.674  -38.717 1332.0000000000
32933  -63.121  -4.106  -39.151 1336.0000000000
31482  -3.545  69.398  16.966 1340.0000000000
32859  -26.520  41.606  28.248 1343.0000000000
33684  -7.495  -59.536  -24.543 1351.0000000000
33740  -32.604  -19.758  48.166 1360.0000000000
36501  -31.327  -38.434  44.828 1364.0000000000
8928  -27.636  47.843  -13.612 1365.0000000000
8930  -27.511  46.990  -12.067 1366.0000000000
8929  -26.641  46.609  -12.500 1371.0000000000
9011  -5.436  56.525  32.902 1373.0000000000
11408  -24.631  -45.818  44.861 1374.0000000000
11573  -43.101  20.384  -40.241 1375.0000000000
8437  -57.537  0.657  -49.868 1377.0000000000
10847  -53.504  -6.531  -2.647 1378.0000000000
11407  -52.866  -14.802  -42.932 1380.0000000000
2828  -35.958  1.780  -48.361 1383.0000000000
2852  -17.073  19.841  37.843 1385.0000000000
4704  -13.215  65.283  20.046 1387.0000000000
8097  -13.225  70.318  15.616 1389.0000000000
10395  -5.329  -7.671  42.123 1392.0000000000
10430  -5.534  18.794  51.462 1393.0000000000
12238  -53.217  -23.320  33.789 1396.0000000000
14034  -12.219  -14.930  53.427 1399.0000000000
15327  -39.978  -42.685  7.150 1403.0000000000
15593  -19.782  53.240  7.093 1405.0000000000
17573  -56.312  -26.125  -8.760 1409.0000000000
16612  -50.842  -5.866  21.977 1410.0000000000
16640  -11.839  -19.561  20.458 1412.0000000000
17611  -7.637  50.948  20.877 1416.0000000000
17687  -46.991  -25.312  10.794 1418.0000000000
21031  -21.476  -61.360  27.764 1428.0000000000
30316  -64.403  -18.188  -21.401 1441.0000000000
24061  -41.072  1.174  43.135 1444.0000000000
30990  -12.221  55.811  23.042 1447.0000000000
24295  -20.070  -46.998  15.335 1448.0000000000
32043  -2.631  25.204  -24.076 1454.0000000000
25514  -41.415  3.070  2.391 1455.0000000000
30763  -7.840  49.274  -1.765 1457.0000000000
25998  -55.756  -18.942  -40.794 1460.0000000000
32910  -42.893  -39.062  -37.816 1461.0000000000
32920  -4.023  -10.641  -16.441 1467.0000000000
27161  -58.766  -4.055  13.228 1469.0000000000
33406  -6.675  -26.442  21.010 1472.0000000000
27220  -42.870  -14.619  5.867 1475.0000000000
28608  -24.413  -6.803  -44.509 1476.0000000000
33835  -9.679  -60.155  -15.533 1478.0000000000
28310  -27.528  71.318  -29.431 1479.0000000000
34222  -34.814  -19.205  -28.686 1480.0000000000
34190  -44.067  -59.537  -23.470 1485.0000000000
29033  -51.984  -25.017  -21.901 1487.0000000000
29072  -2.361  -55.393  -15.294 1489.0000000000
29779  -61.843  -8.824  15.718 1490.0000000000
29044  -10.558  35.364  37.819 1492.0000000000
35252  -59.445  -31.300  -27.112 1493.0000000000
30000  -59.885  -8.310  -43.836 1495.0000000000
29937  -25.304  16.652  -44.097 1496.0000000000
35804  -25.644  -15.289  34.028 1499.0000000000
31796  -4.372  74.287  -33.568 1505.0000000000
32986  -2.953  -59.414  -14.966 1507.0000000000
33065  -21.742  -63.019  20.738 1508.0000000000
33877  -9.196  74.739  -38.488 1516.0000000000
34134  -57.527  17.276  -41.479 1522.0000000000
37643  -44.030  -51.242  18.196 1527.0000000000
37658  -25.465  44.116  -13.331 1529.0000000000
37695  -35.816  43.544  -13.613 1532.0000000000
38220  -47.693  3.892  10.257 1537.0000000000
38221  -22.830  -58.184  -31.304 1538.0000000000
37916  -6.091  53.629  -7.139 1539.0000000000
35076  -46.894  7.038  -2.840 1540.0000000000
35796  -30.433  20.302  -8.119 1543.0000000000
35839  -17.966  41.572  19.981 1545.0000000000
36039  -22.774  -71.439  -5.415 1549.0000000000
42429  -43.926  17.836  28.783 1551.0000000000
40767  -6.203  27.613  -35.077 1553.0000000000
1367  -29.517  12.874  -57.616 1555.0000000000
1545  -12.240  -66.979  -12.618 1556.0000000000
1366  -30.944  14.331  -55.607 1558.0000000000
11364  -65.643  -14.527  -10.922 1562.0000000000
13336  -43.957  48.238  -33.900 1566.0000000000
13441  -20.976  -2.499  -46.259 1570.0000000000
11574  -41.909  18.330  -40.548 1572.0000000000
23259  -43.294  46.202  9.009 1573.0000000000
13380  -5.328  -15.552  -13.383 1574.0000000000
21794  -2.188  2.160  43.964 1576.0000000000
16260  -64.940  -4.512  -29.069 1579.0000000000
14727  -42.534  47.678  -17.392 1580.0000000000
17536  -39.289  -64.313  -36.338 1583.0000000000
28930  -43.636  -16.647  -21.719 1584.0000000000
20096  -29.188  34.764  -41.961 1586.0000000000
20119  2.203  -20.375  -11.085 1587.0000000000
20873  -37.704  -19.945  15.828 1588.0000000000
20872  -37.560  -19.089  15.533 1589.0000000000
13936  -5.476  1.687  55.546 1591.0000000000
33161  -26.712  -77.135  -6.484 1594.0000000000
24635  -9.582  -64.411  -33.916 1596.0000000000
34056  -58.940  1.500  -3.856 1601.0000000000
26784  -5.993  32.866  -39.940 1606.0000000000
36437  -31.586  -51.194  -31.433 1622.0000000000
40218  -42.125  63.410  -8.804 1634.0000000000
30764  -3.997  70.098  1.158 1635.0000000000
37837  -34.904  64.239  -0.884 1638.0000000000
37624  -41.704  -40.381  -5.247 1641.0000000000
32229  0.470  44.770  -11.555 1645.0000000000
37988  -46.848  -37.255  5.481 1647.0000000000
32579  -14.275  6.613  -32.079 1653.0000000000
33012  -29.086  29.744  -30.299 1656.0000000000
33020  -41.397  51.024  -35.339 1657.0000000000
39231  -42.942  -63.830  7.610 1659.0000000000
33603  -48.969  41.307  0.323 1660.0000000000
33420  -14.813  -57.854  -24.149 1661.0000000000
39354  -28.825  -69.313  14.678 1663.0000000000
33615  -34.457  1.278  -5.076 1664.0000000000
33849  -34.644  -15.071  -36.301 1666.0000000000
34304  -47.085  -38.758  25.731 1668.0000000000
34462  -46.118  15.380  -7.889 1671.0000000000
34202  -50.015  -47.814  -0.606 1672.0000000000
40411  -20.199  28.558  -39.471 1684.0000000000
189  -50.050  -52.458  9.074 1687.0000000000
35761  -44.271  11.025  -56.421 1689.0000000000
2475  -2.541  -59.870  24.504 1692.0000000000
37868  -5.673  -15.829  -11.368 1696.0000000000
5579  -41.236  -42.478  17.888 1698.0000000000
37913  -42.134  1.452  21.119 1703.0000000000
38368  -43.061  35.139  26.645 1708.0000000000
38388  -7.428  -29.040  -6.975 1709.0000000000
38544  -28.228  12.344  27.621 1711.0000000000
8265  -3.805  -14.367  54.684 1723.0000000000
42599  -51.853  -1.591  -21.230 1724.0000000000
1902  -28.576  14.601  36.888 1729.0000000000
40415  -31.239  16.157  -5.962 1732.0000000000
40404  -11.193  47.579  31.272 1733.0000000000
316  -32.590  -6.646  -16.539 1735.0000000000
42195  -37.650  40.264  19.962 1737.0000000000
2530  -3.113  -54.476  12.314 1738.0000000000
4970  -2.985  -15.963  -7.280 1739.0000000000
43327  -48.122  -27.416  10.185 1743.0000000000
6997  -4.252  -9.856  -18.609 1744.0000000000
7092  -2.773  -49.040  27.812 1745.0000000000
1546  -11.973  61.069  -27.558 1748.0000000000
3570  -8.052  48.311  -38.713 1751.0000000000
6360  -5.750  6.174  35.257 1757.0000000000
25416  -51.709  5.281  -36.435 1760.0000000000
25432  -43.096  39.856  -30.278 1761.0000000000
25801  -49.747  45.456  -15.879 1762.0000000000
25779  -6.175  -35.475  36.171 1766.0000000000
21796  -25.611  -16.547  -23.457 1770.0000000000
25475  -29.399  36.750  32.011 1773.0000000000
23301  -35.169  17.397  -26.484 1774.0000000000
26702  -43.115  -41.630  -4.248 1777.0000000000
29127  -3.030  -9.236  -10.725 1778.0000000000
29894  -55.460  16.183  7.618 1779.0000000000
30634  -2.545  -34.440  44.114 1780.0000000000
31733  -8.936  -19.603  50.151 1781.0000000000
31752  -19.170  31.505  -39.470 1782.0000000000
32628  -46.880  -50.309  -15.917 1784.0000000000
33884  -33.263  57.287  -5.168 1787.0000000000
35798  -7.534  -17.335  16.139 1798.0000000000
39080  -40.515  -43.339  17.914 1800.0000000000
36165  -32.016  41.646  19.815 1802.0000000000
36671  -30.158  65.096  1.270 1806.0000000000
37667  -5.697  57.368  -21.334 1821.0000000000
40628  -48.768  -36.958  -4.748 1828.0000000000
38143  -16.448  28.554  -34.112 1830.0000000000
38546  -36.526  -32.995  36.080 1831.0000000000
40929  -22.405  -43.537  16.392 1833.0000000000
41562  -28.134  2.772  44.712 1841.0000000000
41816  -0.126  35.107  -0.561 1847.0000000000
40149  -6.261  25.071  -32.667 1851.0000000000
40407  -56.831  -47.416  -11.618 1852.0000000000
42115  -6.548  -78.453  7.446 1853.0000000000
40096  -20.149  -54.371  37.713 1854.0000000000
42371  -8.045  33.158  25.377 1859.0000000000
42392  -30.952  31.299  39.219 1861.0000000000
41270  -6.037  55.102  -11.689 1865.0000000000
1587  -38.447  34.046  13.576 1869.0000000000
41599  -9.047  -63.726  15.173 1872.0000000000
41915  -16.570  -53.664  29.800 1876.0000000000
41595  -11.344  -34.614  18.361 1878.0000000000
3577  -4.161  -71.181  -23.280 1882.0000000000
42551  -35.831  -58.258  26.592 1890.0000000000
42566  -44.020  52.547  6.860 1892.0000000000
43825  -44.216  11.564  29.354 1894.0000000000
7845  -50.132  -50.052  13.956 1898.0000000000
2812  -37.554  -6.317  -33.106 1915.0000000000
1903  -14.977  55.029  18.957 1916.0000000000
1710  -56.708  -36.639  -20.830 1919.0000000000
3406  -52.050  23.959  14.063 1923.0000000000
43670  -52.486  40.984  -2.672 1925.0000000000
43786  -33.560  -34.152  17.462 1926.0000000000
43788  -17.400  -5.877  52.799 1927.0000000000
6644  -42.066  52.595  -26.954 1928.0000000000
43228  -6.476  -5.477  -31.704 1929.0000000000
317  -32.152  -3.932  -13.959 1930.0000000000
318  -54.018  -22.462  22.758 1931.0000000000
3698  -14.023  -17.841  56.248 1935.0000000000
4986  -45.536  11.362  -37.410 1936.0000000000
6996  -26.563  10.791  23.943 1940.0000000000
1368  -23.089  15.221  -36.633 1944.0000000000
1544  -11.519  -67.698  -12.118 1945.0000000000
1575  -31.855  -69.943  2.861 1946.0000000000
6361  -6.388  5.215  35.276 1950.0000000000
1576  -38.853  61.396  -27.000 1952.0000000000
8583  -14.898  -72.681  3.821 1957.0000000000
32566  -10.322  -5.831  57.926 1958.0000000000
32567  -8.974  -6.269  58.125 1959.0000000000
32593  -41.763  20.013  0.309 1962.0000000000
25477  -11.541  72.176  12.775 1969.0000000000
21795  -3.118  37.718  21.491 1972.0000000000
37423  -4.785  30.074  -36.589 1974.0000000000
25476  -36.690  -15.968  16.092 1976.0000000000
34714  -43.565  20.934  11.448 1977.0000000000
35237  -29.661  -51.909  -32.015 1978.0000000000
35763  -33.985  45.280  -22.780 1979.0000000000
36361  -34.480  28.267  -22.744 1980.0000000000
36382  -8.609  -86.191  -26.200 1981.0000000000
37250  -45.205  22.436  -53.957 1983.0000000000
41385  -31.752  -50.095  30.291 1995.0000000000
41834  -7.425  33.756  9.682 2004.0000000000
42380  1.831  20.573  -13.281 2015.0000000000
40619  -53.197  12.018  24.167 2020.0000000000
40662  -29.257  23.376  -63.332 2021.0000000000
41085  -53.460  12.063  23.311 2023.0000000000
8488  -10.031  17.622  30.593 2027.0000000000
8518  -47.438  -11.845  -42.755 2028.0000000000
42843  -4.989  40.663  17.218 2030.0000000000
42856  -23.459  -12.760  49.314 2031.0000000000
41097  -48.961  41.395  13.936 2032.0000000000
41253  -42.103  -50.355  9.731 2034.0000000000
41578  -37.841  -11.578  40.926 2037.0000000000
41368  -54.716  -22.718  -28.967 2039.0000000000
42122  -7.924  -33.099  29.848 2042.0000000000
41587  -3.575  -31.442  39.350 2043.0000000000
41867  -35.316  -65.262  14.416 2049.0000000000
11507  -19.428  53.792  12.237 2053.0000000000
11708  -6.355  -30.180  34.633 2058.0000000000
42379  -38.805  45.719  22.233 2060.0000000000
42779  -5.111  -56.817  24.851 2064.0000000000
42762  -26.753  28.389  -52.857 2067.0000000000
3442  -5.146  22.861  9.581 2080.0000000000
5028  -6.684  -34.455  -0.703 2086.0000000000
3297  -51.966  22.780  14.477 2089.0000000000
4975  -30.796  -57.748  9.444 2094.0000000000
43748  -45.072  27.134  -53.779 2095.0000000000
43799  -21.255  -83.184  -32.074 2097.0000000000
43811  -21.043  25.748  -36.551 2099.0000000000
4991  -4.116  -25.025  6.343 2104.0000000000
1709  -53.515  -46.303  -29.682 2118.0000000000
1711  -35.252  -14.114  -6.680 2123.0000000000
5429  -16.717  45.446  22.866 2129.0000000000
9229  -46.432  42.646  -20.387 2132.0000000000
9321  -31.175  13.629  -36.711 2135.0000000000
394  -19.597  78.725  3.322 2137.0000000000
360  -51.882  5.489  -22.797 2138.0000000000
2531  -2.073  -54.300  12.335 2139.0000000000
6998  -37.051  -62.869  -10.373 2145.0000000000
7093  -3.705  -47.801  27.008 2146.0000000000
9224  -20.934  55.571  15.476 2148.0000000000
10402  -20.407  75.881  -0.046 2154.0000000000
11863  -29.079  72.266  0.142 2159.0000000000
10634  -2.611  -46.983  14.386 2162.0000000000
37584  -20.032  -49.490  43.091 2163.0000000000
37028  -9.874  -36.770  -6.348 2165.0000000000
37027  -27.510  11.424  29.802 2169.0000000000
37424  -51.166  -28.074  -6.573 2175.0000000000
38023  -38.207  48.047  -5.801 2176.0000000000
38029  -24.237  -37.481  -25.001 2179.0000000000
36510  -4.977  -38.636  44.700 2184.0000000000
39983  -3.650  23.803  48.233 2185.0000000000
31992  -3.570  67.989  15.548 2190.0000000000
37242  -5.550  5.996  49.065 2191.0000000000
38028  -48.837  -45.911  4.110 2195.0000000000
37859  -39.241  65.731  -1.009 2198.0000000000
2260  -22.393  79.157  -30.252 2201.0000000000
38481  -16.403  37.235  -40.009 2202.0000000000
38943  -48.641  8.900  15.949 2203.0000000000
39289  -32.162  18.977  42.457 2204.0000000000
39600  -19.908  -11.907  49.613 2206.0000000000
39742  -31.708  21.542  14.765 2207.0000000000
40188  -31.002  26.607  -30.984 2211.0000000000
40533  -27.357  -50.687  31.414 2213.0000000000
676  -47.525  -54.468  16.417 2221.0000000000
2478  -31.710  13.885  36.299 2225.0000000000
2479  -62.340  3.821  -30.590 2231.0000000000
4105  -29.188  5.940  -44.849 2233.0000000000
42364  -36.746  14.569  -11.341 2236.0000000000
8487  -39.193  -40.733  14.716 2237.0000000000
9342  -38.647  -42.233  12.656 2244.0000000000
43205  -37.416  22.078  22.384 2251.0000000000
44304  -37.377  -55.959  19.155 2252.0000000000
10360  -7.101  -80.191  -26.736 2256.0000000000
44491  -13.629  -70.157  21.114 2257.0000000000
43337  -41.377  -7.623  31.812 2258.0000000000
10996  -31.334  -34.947  -25.877 2260.0000000000
43551  -35.448  53.842  -1.242 2265.0000000000
10998  -30.755  -35.527  -24.823 2267.0000000000
10997  -31.067  -36.502  -25.880 2268.0000000000
43709  -49.304  2.270  34.945 2273.0000000000
11628  -21.746  47.983  9.813 2275.0000000000
12229  -17.050  -27.770  -23.532 2283.0000000000
188  -44.557  -7.887  19.845 2284.0000000000
3355  -49.365  19.219  -46.725 2287.0000000000
1586  -55.767  -42.217  -29.410 2291.0000000000
190  -48.354  -52.301  9.159 2293.0000000000
3241  -49.509  40.184  -21.343 2296.0000000000
3268  -38.299  66.108  -10.154 2297.0000000000
1585  -55.214  -41.192  -28.291 2300.0000000000
2476  -42.619  -44.026  -9.999 2302.0000000000
3441  -45.903  11.899  -11.078 2307.0000000000
5027  -7.445  -35.231  0.425 2308.0000000000
3578  -3.186  -70.459  -23.129 2310.0000000000
5604  -34.475  18.880  -59.159 2315.0000000000
8264  -2.796  -13.572  54.222 2316.0000000000
7041  -46.944  46.218  12.193 2318.0000000000
7042  -27.642  10.670  23.601 2320.0000000000
7573  -61.470  -39.059  -12.614 2321.0000000000
7844  -50.349  -50.974  14.775 2325.0000000000
16252  -54.052  -4.734  -44.858 2327.0000000000
7098  -18.419  -24.003  39.537 2330.0000000000
7846  -24.786  -38.789  29.729 2331.0000000000
1761  -47.123  -54.342  12.205 2339.0000000000
1904  -3.311  -4.166  35.887 2341.0000000000
2869  -4.193  -24.318  20.805 2342.0000000000
3206  -16.644  -40.163  34.101 2344.0000000000
9287  -2.992  -43.715  14.720 2345.0000000000
1943  -38.574  58.084  10.866 2346.0000000000
13070  -46.129  14.860  30.978 2350.0000000000
6460  -9.195  38.359  38.741 2356.0000000000
5430  -34.366  -40.570  -32.874 2357.0000000000
22840  -43.058  -33.013  -26.146 2358.0000000000
9230  -32.955  7.780  34.529 2361.0000000000
10734  -16.773  -74.870  7.897 2368.0000000000
12893  -40.221  -65.523  -0.585 2371.0000000000
13697  -7.048  -36.352  49.441 2373.0000000000
13628  -19.270  9.673  -46.119 2377.0000000000
16833  -38.114  -41.765  25.138 2381.0000000000
15454  -51.672  17.595  -13.130 2383.0000000000
15519  1.225  -6.586  5.237 2385.0000000000
17255  -34.095  -4.392  22.264 2390.0000000000
40345  -49.363  48.258  -9.604 2396.0000000000
972  -8.858  36.619  -34.389 2397.0000000000
40824  -5.580  -28.412  3.039 2402.0000000000
37029  -6.310  -7.669  8.577 2403.0000000000
37571  -12.621  7.050  54.089 2408.0000000000
6951  -57.504  -34.592  -23.126 2423.0000000000
42320  -46.188  18.416  -50.857 2426.0000000000
42456  -11.254  -29.931  54.890 2428.0000000000
42593  -39.128  17.935  26.961 2431.0000000000
42644  -44.248  32.781  5.461 2433.0000000000
42654  -24.955  -29.597  -31.773 2434.0000000000
42807  -36.155  -26.369  22.712 2435.0000000000
40022  -8.986  -68.926  10.656 2437.0000000000
39979  -38.972  -40.755  -19.638 2439.0000000000
39996  -35.148  44.891  -33.685 2443.0000000000
42712  -31.822  -55.780  28.748 2446.0000000000
40430  -13.023  -71.209  -17.844 2447.0000000000
2259  -19.084  79.604  -31.021 2450.0000000000
2295  0.311  20.115  -18.361 2452.0000000000
41012  -46.096  48.361  -13.062 2453.0000000000
41369  -27.419  -16.841  44.147 2458.0000000000
6892  -11.006  30.955  18.793 2459.0000000000
9156  -54.153  0.413  3.454 2462.0000000000
9984  -29.207  -69.831  9.938 2464.0000000000
11100  -35.775  -25.735  -41.875 2467.0000000000
11196  -6.408  45.033  -34.901 2468.0000000000
12871  -51.863  9.946  18.560 2472.0000000000
12870  -42.425  -52.078  -1.994 2473.0000000000
14042  -55.132  25.237  13.404 2477.0000000000
371  -29.806  -22.034  49.972 2480.0000000000
372  -30.367  -20.702  48.539 2484.0000000000
2477  -31.836  14.753  38.846 2490.0000000000
4050  -57.262  -39.793  -10.937 2495.0000000000
5014  -32.299  60.337  14.734 2498.0000000000
6315  -0.269  3.106  -21.486 2499.0000000000
8486  -54.324  -4.035  -38.740 2501.0000000000
10362  -5.890  -80.652  -27.477 2504.0000000000
10361  -5.702  -80.587  -25.331 2505.0000000000
11506  -18.088  56.100  12.259 2510.0000000000
11508  -42.072  -21.168  16.739 2511.0000000000
12117  -20.662  67.249  8.372 2521.0000000000
12228  -11.922  66.695  -16.450 2524.0000000000
12962  -53.523  -2.964  13.653 2532.0000000000
3242  -50.402  3.800  -13.572 2536.0000000000
3243  -50.989  5.646  -14.633 2537.0000000000
13993  1.920  -4.679  -28.164 2542.0000000000
14026  -13.105  -29.045  20.451 2543.0000000000
3298  -52.765  23.563  14.671 2546.0000000000
5085  -45.501  0.016  -27.726 2548.0000000000
14783  -15.849  82.614  -10.673 2549.0000000000
14833  -48.678  56.532  -27.292 2550.0000000000
15430  -44.727  -45.639  -34.070 2556.0000000000
15484  -24.371  73.771  -3.331 2557.0000000000
15636  -45.116  39.650  10.500 2559.0000000000
7043  -32.601  -66.225  3.418 2563.0000000000
7077  -33.341  -71.146  -23.459 2564.0000000000
7600  -12.753  66.246  16.235 2565.0000000000
18146  -40.602  39.072  7.849 2568.0000000000
16565  -23.547  67.016  7.383 2572.0000000000
8266  -2.016  56.066  -44.767 2573.0000000000
8293  -9.858  46.255  11.862 2583.0000000000
17656  -23.884  -7.078  -36.852 2586.0000000000
13097  -18.844  -68.368  -25.631 2593.0000000000
22854  -41.398  1.059  12.926 2603.0000000000
25282  -8.502  62.099  -7.496 2611.0000000000
25314  -8.591  59.593  -31.569 2612.0000000000
16759  -28.514  73.006  -12.935 2615.0000000000
18929  -25.074  5.844  25.159 2616.0000000000
20813  -31.057  57.122  15.581 2617.0000000000
20788  -40.729  -50.799  -9.339 2619.0000000000
21010  -33.882  38.731  5.643 2620.0000000000
21426  -0.271  5.990  -5.520 2621.0000000000
21901  -42.390  -26.219  -30.836 2622.0000000000
22462  -37.618  27.688  13.989 2623.0000000000
23383  -32.135  6.312  -8.586 2625.0000000000
23283  -51.434  -15.041  -25.768 2627.0000000000
22362  -1.791  -59.986  -8.532 2628.0000000000
30447  -43.981  0.660  32.437 2633.0000000000
23370  -42.409  51.468  -12.973 2637.0000000000
24303  -22.397  -69.339  -35.251 2638.0000000000
25382  -3.420  -11.400  33.970 2640.0000000000
25399  -4.502  -3.381  51.093 2642.0000000000
971  -9.054  35.060  -32.909 2650.0000000000
4471  -30.000  33.275  -5.406 2656.0000000000
6154  -52.647  -45.179  -18.466 2658.0000000000
5309  -30.122  -39.496  -32.205 2659.0000000000
10367  -36.844  44.515  19.844 2670.0000000000
42327  -22.307  -7.599  34.919 2672.0000000000
10388  -7.206  -80.118  -27.802 2674.0000000000
8268  -10.607  81.303  1.124 2675.0000000000
10307  -25.240  -46.204  43.029 2679.0000000000
42809  -46.000  53.931  -28.799 2683.0000000000
42959  -3.138  46.778  35.842 2687.0000000000
14373  -59.364  -34.440  -18.898 2688.0000000000
2097  -58.578  18.838  2.703 2692.0000000000
2099  -52.262  -41.642  19.474 2693.0000000000
2098  -51.265  -40.800  20.427 2697.0000000000
3975  -32.374  -28.594  -28.612 2701.0000000000
6891  -10.220  29.843  20.581 2705.0000000000
7743  -28.744  -23.485  -18.543 2707.0000000000
9985  -54.214  -42.699  12.644 2711.0000000000
11197  -8.423  -79.296  -27.334 2716.0000000000
14068  -2.745  27.068  14.397 2724.0000000000
370  -30.329  -20.450  49.612 2728.0000000000
17676  -22.623  -5.787  -44.761 2734.0000000000
5013  -4.028  44.840  40.183 2743.0000000000
19659  -21.339  -21.557  37.753 2744.0000000000
2366  -0.874  15.469  -19.553 2751.0000000000
14663  -26.323  68.875  -31.884 2761.0000000000
12596  -36.050  43.702  26.680 2762.0000000000
15396  -45.881  -58.494  -1.512 2769.0000000000
16607  -44.569  12.615  -31.442 2770.0000000000
17006  -29.551  -65.138  11.879 2772.0000000000
16253  -54.622  -6.364  -44.230 2774.0000000000
17672  -46.901  -58.445  -3.638 2775.0000000000
17779  -42.331  59.977  -22.521 2777.0000000000
18118  -32.414  -64.139  -37.423 2779.0000000000
18589  -5.138  -10.630  29.742 2781.0000000000
18697  -13.268  67.645  -21.775 2783.0000000000
26224  -24.822  66.099  -3.937 2786.0000000000
17735  -8.954  -79.228  -17.845 2790.0000000000
20327  -29.999  29.178  12.614 2795.0000000000
19394  -4.409  46.316  -4.865 2796.0000000000
20705  -51.461  19.772  -53.177 2803.0000000000
28714  -45.245  43.390  -2.565 2807.0000000000
30404  -19.782  -35.286  44.556 2811.0000000000
25014  -32.515  -23.699  22.309 2814.0000000000
23159  -2.651  42.903  35.643 2816.0000000000
31339  -22.699  -44.546  25.354 2822.0000000000
32852  -30.931  -69.560  -32.887 2830.0000000000
32904  -26.772  13.176  -50.873 2832.0000000000
35818  0.757  1.543  -10.336 2840.0000000000
3189  -29.471  -75.245  -37.208 2842.0000000000
30269  -19.618  -52.932  -23.224 2843.0000000000
36286  -32.462  12.200  -58.465 2846.0000000000
36579  -42.584  -14.861  31.586 2850.0000000000
30851  -47.248  25.104  -19.139 2852.0000000000
31496  -55.238  14.769  -0.286 2853.0000000000
31699  -35.126  -46.767  3.576 2855.0000000000
39970  -4.786  16.357  19.373 2859.0000000000
4472  -29.992  35.990  -5.130 2864.0000000000
6952  -36.943  39.075  19.875 2869.0000000000
7440  -10.243  -2.942  16.383 2872.0000000000
7007  -65.019  -12.406  -30.520 2873.0000000000
10368  -3.225  -21.105  24.499 2879.0000000000
13049  -8.494  76.761  -10.256 2881.0000000000
13050  -7.749  78.807  -10.451 2885.0000000000
2258  -27.376  13.446  -33.945 2886.0000000000
15708  -25.114  -65.405  -2.543 2890.0000000000
17493  -46.481  3.661  -28.494 2896.0000000000
2132  -31.945  -33.344  14.930 2898.0000000000
19212  -3.395  -64.391  -6.076 2901.0000000000
19165  -10.495  -75.214  -30.640 2904.0000000000
20166  -18.400  70.519  -1.402 2908.0000000000
6893  -10.431  33.345  19.199 2909.0000000000
7744  -59.711  -33.603  1.913 2910.0000000000
9157  -19.193  9.457  44.605 2911.0000000000
10291  -4.769  -45.128  -14.934 2913.0000000000
24137  -36.987  45.393  6.061 2917.0000000000
25221  -35.246  -45.610  27.757 2922.0000000000
12872  -50.049  9.391  18.496 2925.0000000000
14043  -13.828  -32.973  -12.861 2926.0000000000
20113  -19.003  -73.830  -5.159 2937.0000000000
30723  -22.696  9.476  -29.418 2944.0000000000
30924  -18.359  -61.460  -10.257 2945.0000000000
31163  -6.081  -55.249  -17.185 2947.0000000000
21194  -2.807  -75.727  -5.775 2948.0000000000
33798  -50.891  44.949  -17.079 2956.0000000000
34356  -26.194  45.915  -20.402 2958.0000000000
6405  -2.324  20.060  -20.949 2959.0000000000
10256  -50.740  10.719  -21.123 2960.0000000000
35422  -12.460  -33.964  45.625 2961.0000000000
9330  -46.994  46.302  9.964 2963.0000000000
10255  -51.317  12.667  -21.537 2968.0000000000
13135  -3.588  62.764  -38.044 2972.0000000000
28079  -17.885  -83.134  -8.590 2973.0000000000
27232  -0.351  -74.807  -17.705 2976.0000000000
27282  -49.937  -22.398  -4.755 2978.0000000000
27365  -0.769  -60.905  -5.844 2981.0000000000
27639  -4.980  7.112  42.394 2984.0000000000
26906  -52.988  -26.016  29.408 2986.0000000000
28092  -5.451  -17.464  9.203 2987.0000000000
36460  -35.244  -68.592  -37.490 2990.0000000000
36483  -23.776  -16.984  45.107 2991.0000000000
27683  -27.902  -72.589  -19.075 2993.0000000000
28770  -7.207  38.300  -32.164 2996.0000000000
28196  -34.456  -4.298  -37.035 3000.0000000000
29425  -59.191  -16.180  7.123 3009.0000000000
19705  -46.723  -4.427  -11.569 3015.0000000000
30412  -5.927  39.018  -40.812 3016.0000000000
38837  -31.467  -57.648  -33.290 3021.0000000000
39416  -48.439  -27.424  -7.932 3026.0000000000
32232  -47.404  -27.668  34.332 3027.0000000000
33635  -12.342  -74.529  -36.308 3029.0000000000
40477  -9.361  5.458  45.638 3034.0000000000
39498  -28.775  41.834  11.837 3036.0000000000
33775  -14.958  -32.592  52.779 3037.0000000000
34216  -22.616  -58.758  -25.217 3038.0000000000
34791  -21.963  64.001  6.916 3039.0000000000
86  -12.090  59.104  -5.559 3040.0000000000
35279  -47.113  31.077  -35.194 3041.0000000000
2550  -32.481  14.909  38.165 3045.0000000000
2638  -52.495  16.623  19.212 3046.0000000000
36656  -3.515  17.639  -33.544 3050.0000000000
36998  -8.746  75.119  11.993 3054.0000000000
37129  -4.654  -80.805  -17.239 3056.0000000000
37152  -32.075  48.308  -3.292 3057.0000000000
30518  0.967  18.748  -22.037 3059.0000000000
973  -19.925  69.395  -18.234 3062.0000000000
24015  -36.620  13.355  17.118 3063.0000000000
4473  -43.972  -7.003  16.581 3067.0000000000
6953  -45.960  55.126  -17.410 3073.0000000000
8269  -11.853  80.406  1.800 3075.0000000000
13048  -46.704  -58.913  -0.391 3081.0000000000
29696  -6.373  49.509  -1.873 3083.0000000000
15709  -51.029  -50.088  0.864 3084.0000000000
15730  -43.480  -30.950  0.239 3087.0000000000
31257  -40.647  -52.147  -24.499 3091.0000000000
31854  -3.544  2.503  32.613 3093.0000000000
32423  -47.046  -32.680  -33.136 3094.0000000000
32458  -51.670  -40.463  -37.145 3095.0000000000
20271  -16.142  -14.113  47.797 3098.0000000000
33736  -16.857  -6.327  51.248 3106.0000000000
33232  -7.348  79.920  -3.475 3107.0000000000
21281  -36.446  10.714  -32.083 3108.0000000000
23228  -12.380  55.753  -4.419 3111.0000000000
24365  -18.620  43.567  34.933 3113.0000000000
36399  -9.627  61.723  -5.447 3118.0000000000
25222  -53.166  38.383  -0.039 3120.0000000000
26085  -11.434  -72.098  -14.526 3122.0000000000
23008  -32.404  -10.779  -25.519 3124.0000000000
23066  -44.704  -13.335  -25.391 3127.0000000000
3064  -47.288  48.575  -5.254 3129.0000000000
7964  -31.444  -23.589  -38.990 3131.0000000000
30081  -0.474  -73.422  -23.347 3137.0000000000
31330  -15.255  80.941  -16.349 3138.0000000000
39934  -23.309  -41.210  44.590 3147.0000000000
39966  -4.476  -63.570  4.498 3149.0000000000
30271  -20.666  -63.907  27.466 3158.0000000000
30286  -19.886  -50.649  -23.767 3159.0000000000
5519  -26.603  -73.045  -18.180 3161.0000000000
9301  -39.092  -12.918  -9.125 3169.0000000000
7898  -20.783  -20.076  52.943 3171.0000000000
14534  -47.858  -39.377  27.698 3179.0000000000
36629  -43.838  -42.426  -36.726 3181.0000000000
36666  -9.550  -51.301  41.207 3184.0000000000
15829  -35.098  68.909  2.855 3188.0000000000
14605  -60.391  9.055  16.263 3193.0000000000
15828  -18.487  -46.693  7.614 3197.0000000000
37681  -2.835  3.059  51.629 3200.0000000000
17533  -1.477  -65.215  -24.633 3202.0000000000
17887  -21.736  54.429  5.477 3203.0000000000
18068  -11.551  38.522  8.510 3206.0000000000
18705  -8.936  -42.992  3.425 3210.0000000000
19106  -35.562  10.068  33.020 3212.0000000000
39397  -7.258  -54.883  38.662 3219.0000000000
43706  -12.121  -33.999  17.252 3222.0000000000
19961  -47.872  -32.711  -15.348 3224.0000000000
21271  -43.972  39.733  -27.454 3228.0000000000
22255  -6.737  -38.573  -4.388 3233.0000000000
15378  -31.564  -4.544  -29.481 3234.0000000000
22213  -28.518  -42.670  -23.350 3235.0000000000
40868  -5.764  23.344  43.797 3236.0000000000
23047  -28.611  -40.701  18.605 3237.0000000000
23027  -25.561  -22.670  -37.173 3239.0000000000
23048  -27.999  -41.930  20.574 3241.0000000000
24504  -28.332  8.433  -35.511 3242.0000000000
25561  -8.316  68.757  -10.391 3245.0000000000
2360  -3.596  -81.194  -1.563 3249.0000000000
2487  -19.388  -21.917  -23.186 3250.0000000000
39  -7.875  -48.799  9.506 3252.0000000000
2359  -34.491  -47.565  31.313 3255.0000000000
2549  -18.120  -47.313  -29.669 3258.0000000000
2637  -51.489  15.698  19.346 3259.0000000000
155  -2.987  -8.074  43.788 3260.0000000000
2415  -59.308  18.380  -0.777 3262.0000000000
2361  -4.222  -82.435  -2.880 3263.0000000000
2488  -50.151  6.962  -16.149 3264.0000000000
4153  -54.273  -16.350  19.343 3270.0000000000
7206  -37.129  41.094  -13.896 3274.0000000000
7263  -3.634  -11.009  16.296 3275.0000000000
7356  -28.969  -22.499  -24.542 3277.0000000000
7357  -9.689  -11.180  16.785 3278.0000000000
7420  -43.936  23.762  23.689 3279.0000000000
5569  1.164  -5.138  0.082 3280.0000000000
10583  -52.963  -26.517  -20.765 3283.0000000000
10584  -54.596  -28.136  -19.779 3284.0000000000
10585  -52.757  -27.919  -20.018 3286.0000000000
21161  -19.524  -23.692  -26.507 3287.0000000000
22844  -2.718  7.603  21.109 3288.0000000000
25464  -30.420  -39.056  -25.279 3290.0000000000
26109  -43.866  -15.785  42.764 3294.0000000000
38116  -3.733  -67.749  18.722 3298.0000000000
38540  -14.470  75.887  -4.624 3300.0000000000
27960  -8.291  -4.504  44.242 3302.0000000000
38964  -10.938  -54.176  41.546 3303.0000000000
29688  -36.451  7.724  -45.397 3304.0000000000
28984  -14.450  -62.598  12.280 3305.0000000000
39495  -17.859  23.130  41.703 3307.0000000000
30386  -11.990  -55.766  -13.642 3310.0000000000
1400  -42.247  26.377  18.238 3311.0000000000
31117  -58.899  2.862  -5.136 3314.0000000000
3847  -46.582  25.536  -56.853 3315.0000000000
6853  -51.858  10.368  -39.419 3319.0000000000
32551  -9.593  74.226  -39.873 3323.0000000000
10081  -16.708  26.170  47.271 3325.0000000000
11925  -48.187  -3.780  -22.936 3333.0000000000
15151  -12.150  -23.722  12.762 3334.0000000000
15560  -41.217  16.985  5.256 3337.0000000000
17329  -42.910  -45.382  -38.141 3343.0000000000
15152  -53.167  5.091  -40.292 3347.0000000000
20740  -3.241  17.604  19.415 3351.0000000000
36865  -33.156  -10.968  -7.985 3354.0000000000
20753  -30.383  -24.951  -24.875 3357.0000000000
22730  -30.179  24.178  -7.599 3360.0000000000
11383  -53.262  -14.894  -42.409 3365.0000000000
27765  -11.920  38.408  10.893 3374.0000000000
40290  -44.665  -35.717  8.424 3376.0000000000
28398  -35.910  -66.718  -2.600 3378.0000000000
2367  -14.564  -33.554  14.403 3384.0000000000
2368  -60.784  -0.971  -39.795 3387.0000000000
3193  -29.941  25.007  40.914 3389.0000000000
5572  -47.569  55.418  -17.216 3393.0000000000
5520  -16.320  63.788  14.393 3396.0000000000
5518  -44.473  -54.039  13.908 3397.0000000000
6406  -25.101  1.699  -49.309 3401.0000000000
7899  -48.699  -49.399  14.464 3407.0000000000
9300  -39.180  -11.209  -7.643 3410.0000000000
9302  -39.915  -10.925  -8.226 3412.0000000000
9348  -55.281  -27.237  -0.284 3413.0000000000
10257  -41.264  1.990  19.100 3417.0000000000
11900  -10.205  -74.352  -31.052 3421.0000000000
13151  -3.644  26.968  25.682 3424.0000000000
14546  -13.722  66.393  -18.495 3428.0000000000
14447  -52.379  -0.082  -1.127 3432.0000000000
16203  -11.294  52.313  -3.795 3435.0000000000
14533  -49.906  -40.396  27.084 3436.0000000000
14532  -49.865  -40.518  25.776 3438.0000000000
14446  -43.439  -40.854  26.585 3444.0000000000
15827  2.420  -17.909  -8.743 3447.0000000000
16789  -16.229  -74.021  -38.276 3448.0000000000
17549  -19.037  11.577  -29.260 3452.0000000000
17886  -20.098  55.336  5.714 3455.0000000000
18069  -12.098  -32.871  -23.876 3456.0000000000
18622  -39.216  68.003  -21.866 3458.0000000000
18704  -4.812  80.892  -20.318 3461.0000000000
19092  -15.113  -43.126  3.954 3462.0000000000
36068  -1.496  -66.362  -18.334 3464.0000000000
19706  -46.723  -4.893  -12.335 3465.0000000000
19823  -2.824  68.903  -41.145 3467.0000000000
36677  -30.361  5.284  -57.788 3469.0000000000
20660  -45.716  -24.081  -11.025 3471.0000000000
20722  -12.510  62.650  -2.320 3472.0000000000
22212  -36.156  -55.849  -4.475 3475.0000000000
21272  -4.071  80.751  -28.689 3477.0000000000
15377  -31.157  -6.208  -28.224 3479.0000000000
22256  -46.706  -8.468  -0.603 3483.0000000000
12190  -1.087  -55.456  1.450 3485.0000000000
23482  -30.530  23.108  -8.629 3490.0000000000
24388  -38.140  -33.971  -27.573 3493.0000000000
41  -6.612  -50.582  10.105 3495.0000000000
25645  -55.012  -14.731  29.742 3499.0000000000
26857  0.572  -0.867  -16.313 3501.0000000000
27132  -23.369  -31.387  -22.027 3503.0000000000
40  -7.574  -50.069  8.303 3505.0000000000
26782  -33.792  63.836  -8.377 3508.0000000000
28427  -54.054  -25.322  29.249 3516.0000000000
3752  -46.053  -27.115  7.764 3529.0000000000
4983  -53.596  0.338  -47.551 3532.0000000000
7207  -57.986  16.136  -22.496 3535.0000000000
7264  -3.362  -11.808  17.658 3536.0000000000
7333  -38.010  -8.743  -18.051 3537.0000000000
7387  -32.110  -7.207  45.416 3538.0000000000
7358  -18.542  -2.391  -43.920 3539.0000000000
7421  -7.681  -57.148  4.439 3540.0000000000
7979  -40.715  67.344  -12.828 3541.0000000000
5567  -0.228  11.689  -15.271 3542.0000000000
32351  -29.934  -13.828  -3.365 3544.0000000000
873  -8.461  -27.727  -10.134 3546.0000000000
36252  -32.397  -60.285  -29.838 3551.0000000000
36603  -42.326  26.894  -12.866 3552.0000000000
37015  -37.223  14.506  11.460 3553.0000000000
23603  -48.156  32.269  1.555 3555.0000000000
37834  -56.166  -20.164  -36.823 3557.0000000000
44416  -5.448  -20.475  35.292 3559.0000000000
44503  -49.826  -7.706  24.028 3561.0000000000
38653  -8.456  -62.639  -5.909 3563.0000000000
44575  -34.230  10.134  -25.069 3564.0000000000
14483  -20.371  -63.895  -34.341 3565.0000000000
39486  -46.929  42.068  -9.697 3567.0000000000
44625  -50.869  -19.915  9.684 3568.0000000000
1401  -12.499  25.211  42.368 3571.0000000000
1434  -22.090  66.793  -8.646 3572.0000000000
1402  -12.137  24.796  43.142 3574.0000000000
3886  -3.658  69.553  19.950 3575.0000000000
3848  -34.120  59.210  10.522 3577.0000000000
6880  -5.153  -83.775  -7.088 3578.0000000000
6854  -2.761  -18.032  4.875 3580.0000000000
9062  -9.378  43.913  34.540 3581.0000000000
9866  -47.238  1.630  -51.689 3582.0000000000
13775  -35.676  68.855  -30.245 3591.0000000000
15150  -12.827  -25.176  12.347 3595.0000000000
15629  -23.049  11.439  -49.293 3600.0000000000
17328  -38.706  54.367  7.666 3604.0000000000
17383  -32.856  74.125  -6.980 3606.0000000000
15648  -32.216  46.872  -1.189 3608.0000000000
18921  -9.849  -37.869  18.195 3610.0000000000
19021  -47.844  -49.689  15.853 3612.0000000000
20739  -3.298  18.870  19.198 3613.0000000000
22627  -7.799  -37.738  15.443 3617.0000000000
22651  -15.137  43.452  38.558 3622.0000000000
22686  -35.379  -14.608  46.414 3623.0000000000
15251  0.334  4.518  -27.150 3625.0000000000
3063  -14.136  -60.157  23.171 3634.0000000000
27766  -11.744  36.792  12.915 3636.0000000000
28622  -32.771  27.105  12.771 3647.0000000000
30287  -21.580  1.366  34.176 3661.0000000000
31874  -56.150  23.937  -9.921 3675.0000000000
9433  -3.034  42.503  -44.830 3678.0000000000
10630  -60.144  -38.430  4.279 3682.0000000000
32626  -14.034  82.859  -21.677 3683.0000000000
32651  -18.773  -54.761  -23.551 3684.0000000000
33138  -41.403  -15.823  -1.280 3687.0000000000
33151  -38.367  57.768  -1.535 3688.0000000000
33159  -19.965  -25.344  -17.822 3689.0000000000
33630  -27.419  58.771  -30.173 3691.0000000000
33651  -33.655  -26.986  31.910 3693.0000000000
33960  -41.633  67.407  -27.533 3695.0000000000
16319  -2.665  -37.559  20.600 3700.0000000000
34514  -30.824  20.140  9.963 3705.0000000000
34614  -28.811  -34.130  34.557 3709.0000000000
34817  -43.088  49.212  5.966 3712.0000000000
18637  -4.060  -23.043  7.509 3717.0000000000
19037  -44.680  -37.139  33.825 3720.0000000000
35519  -47.139  -38.228  22.245 3721.0000000000
35570  -3.870  52.313  26.646 3723.0000000000
35785  -38.907  -69.883  -23.904 3725.0000000000
36069  -45.246  -20.065  -35.426 3730.0000000000
19754  -11.464  13.012  23.051 3733.0000000000
36880  -27.866  21.704  -64.285 3735.0000000000
36678  -22.300  -42.929  40.410 3739.0000000000
20661  -15.079  4.028  39.151 3742.0000000000
36891  -36.949  66.063  1.148 3744.0000000000
19822  -33.415  20.801  -15.385 3745.0000000000
12189  -0.657  -56.308  1.405 3751.0000000000
22214  -58.424  6.846  21.813 3754.0000000000
12188  -7.247  57.993  3.777 3758.0000000000
22235  -16.785  -33.270  -22.895 3760.0000000000
23483  -56.065  -35.468  -40.226 3765.0000000000
23423  -33.060  63.215  -5.502 3768.0000000000
39625  -12.466  84.059  -21.980 3770.0000000000
39640  0.280  10.409  -31.988 3771.0000000000
25931  -27.249  63.607  -7.493 3772.0000000000
24370  -10.570  49.881  31.935 3777.0000000000
26858  -12.872  -19.069  33.415 3778.0000000000
39787  -39.220  17.433  -63.381 3783.0000000000
25562  -60.338  -7.133  -40.680 3786.0000000000
26565  -21.823  0.698  37.546 3787.0000000000
25605  -61.724  -8.005  -40.733 3788.0000000000
7400  -5.303  5.016  10.669 3790.0000000000
40194  -4.384  47.471  32.356 3800.0000000000
8708  -32.335  -62.301  -37.164 3801.0000000000
40183  -44.199  48.701  -10.841 3807.0000000000
8279  -30.893  22.961  13.298 3809.0000000000
19070  -13.246  15.862  42.194 3810.0000000000
30629  -44.536  -52.097  -24.002 3812.0000000000
30663  -11.301  16.770  43.956 3815.0000000000
41873  -20.236  -79.099  -37.458 3817.0000000000
31477  -37.746  44.240  7.030 3822.0000000000
31493  -12.113  12.747  41.525 3823.0000000000
42407  -35.573  -57.260  27.408 3824.0000000000
42502  -41.780  23.638  34.129 3825.0000000000
42507  -39.087  28.988  -54.400 3826.0000000000
42609  -9.904  23.549  33.024 3827.0000000000
32134  -25.292  -82.991  -24.166 3828.0000000000
42647  -34.414  1.932  -40.145 3829.0000000000
32068  -37.583  3.447  -11.871 3833.0000000000
32081  -29.508  -33.123  -33.357 3834.0000000000
32099  -7.903  -6.075  -30.264 3835.0000000000
32112  -39.715  49.292  -2.449 3836.0000000000
32299  -5.530  -66.847  -9.543 3838.0000000000
32314  -13.945  -85.660  -11.412 3839.0000000000
871  -55.882  -8.487  19.324 3841.0000000000
21529  -13.756  34.495  -42.156 3845.0000000000
21513  -4.591  2.979  38.757 3846.0000000000
21512  -3.694  52.304  16.328 3847.0000000000
22024  -4.922  9.190  -33.683 3848.0000000000
23604  -37.770  63.740  -4.313 3852.0000000000
24311  -36.850  -66.251  -10.883 3853.0000000000
25169  -8.765  82.587  0.161 3854.0000000000
25168  -3.612  77.288  -31.910 3855.0000000000
14484  -19.317  -63.635  -34.806 3859.0000000000
27009  -41.992  -23.605  -32.566 3860.0000000000
6901  -20.729  51.312  7.255 3865.0000000000
9063  -10.108  43.117  35.020 3869.0000000000
9867  -58.034  10.368  -43.943 3871.0000000000
10410  -34.948  -40.118  -37.158 3872.0000000000
12290  -62.342  -25.290  -22.669 3875.0000000000
31369  -20.851  -20.305  52.284 3876.0000000000
13799  -41.578  -14.007  -14.222 3877.0000000000
31390  -54.132  -7.830  -47.824 3878.0000000000
19062  -9.538  -1.023  -40.771 3882.0000000000
32540  -37.716  -16.141  0.108 3890.0000000000
20741  -2.906  19.485  18.649 3892.0000000000
33645  -9.000  35.305  26.681 3898.0000000000
33658  -52.030  -30.868  -25.025 3899.0000000000
34181  -60.880  -37.323  -14.757 3902.0000000000
34203  -62.403  -17.330  -4.674 3904.0000000000
22628  -8.539  -38.336  15.814 3909.0000000000
35521  -36.858  -48.431  -12.507 3911.0000000000
35789  -9.150  61.651  -2.941 3918.0000000000
3065  -24.605  -50.896  6.545 3921.0000000000
36054  -13.345  72.137  3.897 3924.0000000000
28397  -27.547  29.981  -11.112 3937.0000000000
28610  -8.029  5.269  54.080 3939.0000000000
3194  -30.334  25.870  40.785 3951.0000000000
30243  -27.303  -15.918  -31.110 3953.0000000000
30530  -46.390  -22.640  -38.330 3960.0000000000
38351  -39.102  16.185  -56.664 3961.0000000000
38352  -47.746  29.438  -33.185 3964.0000000000
40127  -2.080  -10.116  46.815 3968.0000000000
40351  -3.894  -44.887  5.805 3970.0000000000
40556  -23.134  -41.327  42.622 3972.0000000000
40870  -22.674  -66.779  -33.825 3974.0000000000
32277  -42.666  -15.822  0.521 3975.0000000000
41095  -59.053  20.562  -4.670 3977.0000000000
32860  -32.478  7.519  32.890 3979.0000000000
33666  -35.001  57.575  -3.468 3982.0000000000
34147  -50.861  -14.829  -36.025 3984.0000000000
34159  -14.030  -37.515  -3.063 3985.0000000000
34180  -61.851  10.736  9.731 3987.0000000000
8711  -28.275  -47.454  -33.515 3989.0000000000
34548  -12.426  -34.175  48.289 3990.0000000000
35346  -42.195  -70.271  -22.573 3995.0000000000
36099  -42.524  23.246  -47.391 4005.0000000000
42861  -9.647  -63.721  12.785 4009.0000000000
42877  -26.718  -50.006  23.449 4011.0000000000
36704  -32.265  37.883  -36.398 4017.0000000000
37601  -29.827  -26.318  26.161 4020.0000000000
43104  -5.883  84.202  -26.773 4022.0000000000
43146  -6.615  -61.227  -31.555 4024.0000000000
37139  -47.844  -60.163  -22.925 4027.0000000000
3255  -61.507  -20.100  6.920 4029.0000000000
37337  -33.009  70.473  -13.182 4031.0000000000
43302  -37.143  15.243  -18.203 4034.0000000000
43310  -6.832  84.448  -9.021 4036.0000000000
37591  -11.121  -50.314  41.848 4037.0000000000
37553  -48.429  -62.289  -8.424 4039.0000000000
3287  -44.826  -52.377  10.278 4044.0000000000
3254  -2.346  -68.646  -15.287 4053.0000000000
3253  -29.881  -80.020  -13.312 4055.0000000000
43763  -9.158  85.272  -10.899 4058.0000000000
43902  -4.484  -57.185  21.660 4062.0000000000
4949  -29.126  -24.561  19.650 4065.0000000000
44087  -9.708  -49.486  24.874 4076.0000000000
4948  -8.951  -82.142  -3.756 4077.0000000000
40174  -33.554  -49.291  33.020 4085.0000000000
7272  -40.456  -62.035  -35.995 4086.0000000000
10073  -33.908  21.533  -5.002 4094.0000000000
41240  -49.854  -36.438  28.768 4095.0000000000
9397  -37.053  59.038  5.316 4096.0000000000
9439  -29.286  46.284  -10.594 4097.0000000000
10074  -31.272  36.330  -41.028 4099.0000000000
10522  -49.916  1.940  23.597 4102.0000000000
42374  -24.576  -76.968  -0.111 4107.0000000000
42393  -41.877  -33.652  22.774 4109.0000000000
42390  -31.807  -73.452  -9.802 4111.0000000000
42398  -21.994  -13.598  44.100 4112.0000000000
42408  -3.956  39.160  31.014 4113.0000000000
44623  -33.323  11.435  -23.429 4114.0000000000
42510  -39.614  -34.176  21.431 4116.0000000000
42618  -46.946  19.680  -12.498 4117.0000000000
15179  -2.125  -76.131  0.327 4123.0000000000
21584  -6.049  62.703  -3.968 4126.0000000000
22011  -9.050  33.355  -32.771 4127.0000000000
32463  -4.013  47.077  38.240 4130.0000000000
23605  -25.707  -53.096  -12.594 4133.0000000000
24312  -38.478  -67.076  -10.379 4135.0000000000
14485  -20.182  -63.281  -34.736 4139.0000000000
35177  -4.350  30.609  -28.909 4144.0000000000
27979  -53.213  -6.594  27.588 4146.0000000000
28166  -44.949  46.548  -18.268 4147.0000000000
29167  -34.700  -9.954  -10.063 4148.0000000000
30204  -45.377  -36.955  14.178 4151.0000000000
30837  -30.856  -27.825  23.921 4152.0000000000
30855  -32.124  7.114  37.654 4153.0000000000
7100  -4.303  75.926  4.625 4155.0000000000
32527  -14.995  -69.249  -32.404 4156.0000000000
38514  -23.831  37.256  -38.582 4159.0000000000
38989  -24.002  22.825  -62.082 4161.0000000000
34798  -17.483  -68.244  5.930 4166.0000000000
39741  -14.303  -41.414  -9.779 4173.0000000000
39745  -8.727  -29.052  -12.545 4174.0000000000
40070  -23.620  12.852  25.348 4177.0000000000
40078  -8.567  -51.006  27.418 4178.0000000000
40106  -28.531  -69.563  12.299 4180.0000000000
40462  -7.235  -57.512  36.136 4186.0000000000
40661  -28.295  23.761  -63.800 4191.0000000000
40683  -26.699  -60.873  -34.935 4193.0000000000
41192  -32.533  -54.740  33.057 4197.0000000000
36447  -26.330  -54.030  -34.141 4206.0000000000
36473  -7.000  -63.235  11.472 4208.0000000000
3409  -4.429  38.306  43.496 4210.0000000000
42101  -28.322  -28.629  -22.633 4219.0000000000
42108  -33.662  8.584  34.381 4221.0000000000
42351  -46.935  21.884  27.499 4226.0000000000
27767  -31.122  38.416  -5.665 4227.0000000000
38190  -31.809  -19.550  38.760 4232.0000000000
38189  -57.083  7.322  -6.742 4239.0000000000
43132  -27.205  43.430  -8.906 4240.0000000000
43138  -55.584  -45.381  -12.224 4241.0000000000
43190  -11.761  22.519  20.818 4243.0000000000
39238  -30.593  17.091  41.160 4246.0000000000
39419  -26.825  23.305  -64.169 4247.0000000000
43133  -53.866  -27.518  12.645 4248.0000000000
38363  -50.729  -36.680  4.697 4254.0000000000
43592  -2.902  -58.493  21.039 4255.0000000000
38353  -47.004  -41.545  -6.736 4257.0000000000
43680  -34.209  22.081  16.266 4260.0000000000
2046  -29.165  -36.394  46.822 4266.0000000000
4246  -37.007  38.944  5.886 4267.0000000000
41402  -39.482  32.993  30.082 4269.0000000000
41968  -1.902  -51.255  23.197 4271.0000000000
5536  1.486  -6.829  2.659 4273.0000000000
7242  -2.222  3.924  -37.477 4275.0000000000
8712  -28.425  -45.813  -33.259 4278.0000000000
10655  -17.577  49.905  33.745 4281.0000000000
10656  -4.589  -37.489  40.269 4283.0000000000
11824  -18.310  73.757  1.220 4285.0000000000
624  -5.020  -16.737  -6.742 4287.0000000000
626  -42.202  12.826  -55.855 4288.0000000000
625  -42.206  13.334  -53.633 4294.0000000000
2596  -32.295  14.550  36.277 4304.0000000000
2595  -55.389  13.428  16.317 4305.0000000000
4435  -4.547  -31.128  26.040 4312.0000000000
5841  -8.141  -8.030  17.020 4320.0000000000
6386  -30.357  -18.096  -28.794 4321.0000000000
17333  -3.934  -72.123  3.289 4326.0000000000
7271  -41.930  -63.213  -35.356 4329.0000000000
8278  -30.328  21.891  12.981 4334.0000000000
9374  -5.773  -50.485  13.295 4340.0000000000
10542  -12.078  27.515  40.282 4344.0000000000
11620  -15.784  -23.795  31.826 4347.0000000000
12003  -10.748  -6.545  27.339 4349.0000000000
14452  -26.046  10.089  -47.999 4350.0000000000
12069  -37.852  -54.077  3.051 4351.0000000000
12070  -3.461  -66.258  -1.547 4353.0000000000
12641  -13.428  51.858  32.457 4355.0000000000
13066  -52.996  -36.697  -40.719 4356.0000000000
13158  -8.348  62.960  5.875 4357.0000000000
14573  -60.476  -35.171  -19.419 4358.0000000000
14613  -20.716  -82.378  -10.407 4359.0000000000
14614  -35.868  53.316  -0.431 4360.0000000000
15095  -2.554  -0.738  16.683 4361.0000000000
15138  -53.667  -19.922  -29.247 4362.0000000000
34409  -4.924  72.876  8.805 4365.0000000000
34241  -14.580  -68.264  3.460 4366.0000000000
35547  -42.739  -24.799  0.340 4367.0000000000
36167  -34.070  31.127  -52.300 4369.0000000000
35546  -10.362  24.349  -33.372 4371.0000000000
36166  -27.726  -30.560  -30.852 4373.0000000000
36600  -21.330  -43.510  26.693 4374.0000000000
31458  -4.022  12.995  41.625 4375.0000000000
31523  -3.448  20.433  18.505 4376.0000000000
31457  -16.708  67.043  20.595 4377.0000000000
37492  -26.867  -59.991  -31.660 4379.0000000000
38737  -6.722  -43.913  11.103 4383.0000000000
32850  -41.093  16.971  -51.119 4384.0000000000
38898  -42.098  -29.539  -28.358 4387.0000000000
33106  -42.973  35.689  26.906 4388.0000000000
39030  -8.219  -28.726  -8.903 4390.0000000000
39026  -6.181  -33.991  33.421 4391.0000000000
33564  -28.841  64.106  10.252 4393.0000000000
39455  -16.503  54.646  30.216 4396.0000000000
34440  -2.883  33.070  42.701 4398.0000000000
35038  -42.160  42.752  -2.445 4400.0000000000
35733  -28.735  45.622  -34.239 4403.0000000000
2538  -17.115  65.704  21.941 4408.0000000000
37652  -49.209  -27.242  11.376 4411.0000000000
39752  -54.974  -47.829  -9.977 4417.0000000000
11656  -24.406  -59.418  0.660 4419.0000000000
42836  -10.377  22.420  24.070 4426.0000000000
40506  -8.893  -49.612  -22.810 4429.0000000000
41120  -13.900  -25.101  -17.137 4431.0000000000
1901  -59.263  -36.557  -29.084 4436.0000000000
43212  -24.244  -1.807  -30.896 4438.0000000000
3439  -12.613  48.816  -37.970 4440.0000000000
41347  -5.940  -2.513  47.626 4443.0000000000
1680  -17.191  -81.376  -0.053 4446.0000000000
3408  -3.497  35.309  43.995 4448.0000000000
3938  -3.941  76.340  9.413 4452.0000000000
4000  -19.186  29.839  25.594 4459.0000000000
6391  -40.176  24.204  24.595 4461.0000000000
5652  -33.689  -4.649  -19.172 4463.0000000000
20347  -11.062  80.414  -23.773 4468.0000000000
44090  -49.956  22.990  13.889 4474.0000000000
10505  -6.857  74.101  0.297 4476.0000000000
42602  -30.968  -50.355  21.563 4477.0000000000
44288  -40.953  33.991  -8.763 4478.0000000000
44294  -42.514  33.908  -8.752 4479.0000000000
11909  -48.574  -7.614  -20.846 4480.0000000000
42943  -40.137  29.814  -56.529 4482.0000000000
43142  -46.627  -53.467  20.231 4483.0000000000
43139  -3.643  30.894  39.364 4484.0000000000
13069  -30.876  -5.451  -6.080 4487.0000000000
43596  -46.078  -25.140  -41.255 4495.0000000000
14409  -33.860  1.075  19.310 4498.0000000000
43742  -4.078  -52.770  16.315 4499.0000000000
1280  -55.758  -41.082  -8.778 4501.0000000000
1279  -53.915  -41.608  -8.719 4502.0000000000
2084  -4.415  75.866  11.564 4503.0000000000
5474  -19.581  52.423  9.147 4505.0000000000
5559  -36.349  -30.101  39.639 4509.0000000000
7302  -50.142  10.358  24.943 4510.0000000000
7314  -42.651  23.921  23.719 4513.0000000000
10001  -0.534  43.474  -21.011 4515.0000000000
10657  -5.776  -37.724  39.081 4517.0000000000
12603  -36.890  46.920  5.374 4521.0000000000
674  -9.935  -69.632  14.349 4522.0000000000
702  -41.997  3.140  24.727 4524.0000000000
2710  0.437  -13.123  -4.059 4526.0000000000
4860  -25.382  -24.618  -17.277 4528.0000000000
16795  -25.808  9.322  -31.027 4531.0000000000
17334  -4.222  -71.138  1.987 4535.0000000000
17987  -20.063  -69.871  -29.440 4540.0000000000
10075  -35.052  52.089  -27.532 4545.0000000000
10501  -37.000  51.982  3.387 4549.0000000000
11576  -26.983  47.673  -16.541 4550.0000000000
11947  -11.477  20.380  48.981 4553.0000000000
15096  -9.552  -66.614  -28.140 4554.0000000000
39612  -7.823  -60.861  -32.202 4557.0000000000
37467  -1.114  -1.548  -4.388 4565.0000000000
36620  -52.422  -38.337  -5.549 4566.0000000000
38262  -57.119  17.463  7.473 4570.0000000000
38748  -18.122  -64.120  28.556 4571.0000000000
41149  -61.629  -10.690  -32.343 4574.0000000000
42901  -9.013  -58.816  26.365 4577.0000000000
39287  -14.165  -35.112  12.473 4579.0000000000
43026  -43.285  -51.612  19.684 4581.0000000000
39585  -61.490  -21.457  -39.950 4583.0000000000
43088  -29.444  -48.198  32.655 4585.0000000000
43185  -31.728  25.309  -50.351 4590.0000000000
43195  -30.229  41.888  -7.730 4591.0000000000
39877  -34.472  8.922  41.192 4592.0000000000
43361  -37.330  33.961  2.089 4595.0000000000
40479  -4.364  -2.743  51.602 4598.0000000000
43775  -49.650  41.559  -4.976 4600.0000000000
2438  -60.423  2.716  -32.389 4604.0000000000
8516  -32.296  -20.068  28.952 4610.0000000000
9442  -3.436  3.629  19.713 4611.0000000000
11655  -25.652  -6.495  -30.246 4614.0000000000
1679  -23.934  -6.833  47.121 4622.0000000000
4138  -9.045  -22.990  41.212 4631.0000000000
3407  -3.722  38.684  42.217 4635.0000000000
5956  -18.696  76.181  7.299 4639.0000000000
4137  -7.588  -24.026  43.046 4643.0000000000
6390  -43.230  -46.971  -32.136 4648.0000000000
18848  -12.309  59.259  -23.914 4656.0000000000
10506  -8.225  57.397  29.028 4657.0000000000
10507  -57.624  -3.277  -20.834 4658.0000000000
10523  -10.184  -38.126  25.831 4662.0000000000
10622  -39.849  -42.640  11.801 4663.0000000000
12358  -27.598  -46.592  -23.104 4668.0000000000
13067  -52.177  -37.634  -40.092 4670.0000000000
13068  -29.986  -6.734  -4.701 4672.0000000000
14408  -18.795  -8.814  -27.841 4676.0000000000
14978  -3.869  73.960  -7.264 4678.0000000000
1281  -52.812  -40.110  -10.142 4679.0000000000
1314  -18.438  -49.514  7.315 4681.0000000000
4247  -38.851  40.318  6.131 4682.0000000000
5475  -15.222  -60.237  22.401 4684.0000000000
4277  -41.360  -4.717  -38.240 4685.0000000000
7243  -24.007  -47.396  26.477 4688.0000000000
9921  -6.511  56.695  -24.999 4691.0000000000
12542  -4.287  57.246  26.763 4695.0000000000
14058  -10.817  70.940  -12.945 4700.0000000000
39633  -26.290  -21.887  42.365 4702.0000000000
40298  -12.374  41.746  10.107 4704.0000000000
40241  -47.677  48.857  -9.177 4706.0000000000
40596  -55.320  19.969  -26.836 4709.0000000000
41266  -52.822  19.016  -44.759 4714.0000000000
43959  -7.402  -31.574  27.169 4716.0000000000
41897  -43.274  -33.964  26.211 4717.0000000000
233  -52.765  8.568  -17.110 4720.0000000000
43179  -54.853  -35.235  9.009 4725.0000000000
4581  -34.815  -5.027  2.994 4728.0000000000
4741  -37.969  64.529  -11.038 4729.0000000000
5306  -61.500  7.660  -19.205 4733.0000000000
5330  -43.918  13.018  -59.659 4734.0000000000
43539  -47.163  7.029  29.299 4735.0000000000
7679  -17.454  -29.201  47.786 4738.0000000000
43776  -37.935  -33.818  21.064 4740.0000000000
2503  -3.958  48.390  -38.973 4743.0000000000
2439  -61.514  5.586  -31.896 4745.0000000000
2440  -62.075  3.530  -30.779 4748.0000000000
4763  -47.082  -13.741  -26.669 4751.0000000000
7099  -18.348  -25.101  40.292 4755.0000000000
7101  -15.760  27.171  45.246 4758.0000000000
11657  -37.880  25.620  18.880 4762.0000000000
1681  -16.748  -82.409  -1.785 4768.0000000000
5919  -14.036  -18.711  31.380 4775.0000000000
4657  -32.399  19.230  -37.981 4779.0000000000
8395  -14.307  -25.245  38.708 4784.0000000000
8396  -14.243  -23.078  35.950 4786.0000000000
8446  -26.851  -6.687  -30.276 4787.0000000000
19454  -29.686  67.046  1.560 4790.0000000000
19360  -29.076  -9.992  -28.465 4797.0000000000
19376  -11.701  19.008  -30.646 4798.0000000000
20856  -3.884  52.033  17.192 4808.0000000000
11908  -49.044  46.435  -15.906 4812.0000000000
12336  -21.242  -64.835  17.632 4813.0000000000
22825  -33.598  71.287  -21.879 4814.0000000000
14958  -32.976  17.340  -12.257 4821.0000000000
15011  -20.810  9.425  -28.512 4823.0000000000
16756  -2.122  2.478  14.516 4825.0000000000
18310  -42.596  48.082  -3.048 4827.0000000000
26480  -1.254  -73.360  -17.166 4829.0000000000
20028  -47.141  -12.175  42.122 4832.0000000000
30086  -18.519  42.589  36.530 4843.0000000000
23963  -4.476  4.224  34.611 4844.0000000000
26877  -10.934  35.973  15.924 4849.0000000000
25685  -51.594  -23.928  -3.121 4850.0000000000
43154  -37.846  28.979  -58.791 4853.0000000000
43186  -46.347  -62.624  -22.138 4855.0000000000
43358  -16.866  -29.788  45.758 4857.0000000000
43577  -51.631  -37.022  -17.748 4860.0000000000
44112  -24.382  1.314  32.118 4861.0000000000
44230  -12.720  -50.403  12.971 4864.0000000000
44234  -58.125  2.073  -4.787 4865.0000000000
44327  -25.237  -70.819  -38.014 4868.0000000000
1111  -35.583  -17.661  49.104 4870.0000000000
44162  -31.993  22.165  14.188 4877.0000000000
44544  -21.555  -41.465  38.909 4879.0000000000
3836  -8.199  67.017  22.046 4881.0000000000
44165  -8.008  30.739  32.677 4883.0000000000
3872  -18.086  26.153  47.593 4886.0000000000
234  -51.328  6.986  -15.594 4887.0000000000
1688  -35.024  -15.443  -42.747 4889.0000000000
3212  -36.843  -24.503  -35.039 4890.0000000000
3680  1.351  11.479  4.079 4891.0000000000
5307  -18.093  -8.821  40.754 4895.0000000000
6283  -50.010  32.170  7.895 4897.0000000000
6250  -63.475  -2.702  -19.105 4898.0000000000
7680  -17.789  -27.833  47.124 4902.0000000000
8840  -1.259  13.061  9.351 4907.0000000000
8891  -12.037  72.819  3.873 4909.0000000000
10332  -39.804  -50.130  -2.390 4913.0000000000
4764  -39.366  5.986  -44.104 4915.0000000000
12573  -10.239  51.441  32.828 4919.0000000000
12572  -11.431  51.792  32.337 4920.0000000000
14784  -14.150  80.999  -10.161 4924.0000000000
8517  -32.886  -18.936  27.853 4927.0000000000
18202  -48.978  19.570  24.884 4934.0000000000
16118  -37.160  -45.232  -35.621 4937.0000000000
16132  -21.783  -17.427  46.228 4938.0000000000
21904  -3.293  11.139  -33.868 4942.0000000000
21291  -8.687  81.105  -27.262 4944.0000000000
22921  -0.520  -76.076  -9.563 4950.0000000000
24233  -41.255  15.129  -58.975 4953.0000000000
24276  -13.283  43.506  35.183 4955.0000000000
23488  -10.385  57.560  -29.981 4962.0000000000
24699  -35.784  23.381  -24.710 4965.0000000000
25084  -5.946  51.869  -19.807 4967.0000000000
24723  -51.035  -41.914  -2.149 4968.0000000000
25112  -49.921  -49.239  1.018 4969.0000000000
27216  -55.481  14.968  14.107 4970.0000000000
27745  -50.905  -18.558  -44.161 4971.0000000000
30715  -24.805  -83.708  -17.910 4976.0000000000
30721  -32.947  29.106  -21.296 4977.0000000000
43883  -7.557  22.748  16.242 4979.0000000000
43885  -22.452  -5.562  52.781 4980.0000000000
43944  -30.104  -50.066  18.148 4983.0000000000
7286  -10.304  53.102  -27.159 4984.0000000000
7548  -44.882  -14.726  20.919 4985.0000000000
44006  -41.720  -35.127  4.886 4986.0000000000
44116  -11.235  -82.442  0.213 4989.0000000000
8186  -51.910  19.722  -0.858 4991.0000000000
44238  -11.801  -55.058  18.226 4992.0000000000
34  -37.922  -27.374  -41.961 4994.0000000000
33  -36.768  -28.800  -41.277 4997.0000000000
1110  -37.571  -18.443  48.041 4998.0000000000
1112  -37.815  -17.655  48.032 4999.0000000000
3753  -46.849  -15.120  38.240 5000.0000000000
4369  -46.264  -31.769  19.147 5006.0000000000
3754  -30.549  -74.788  -37.061 5009.0000000000
235  -29.089  -40.693  38.114 5016.0000000000
5407  -30.084  32.438  8.102 5018.0000000000
5614  -31.693  -36.318  -31.990 5020.0000000000
6033  -35.524  24.673  14.291 5022.0000000000
463  -11.570  -49.029  19.187 5023.0000000000
6896  -35.387  -63.280  -11.513 5025.0000000000
7377  -7.642  78.873  -4.115 5027.0000000000
7492  -25.831  -43.455  -13.064 5029.0000000000
2206  -43.844  -7.604  18.235 5031.0000000000
8721  -50.257  18.018  13.707 5033.0000000000
8844  -47.578  40.133  0.038 5034.0000000000
9233  -59.292  17.348  -5.461 5037.0000000000
10791  -17.224  -19.496  24.633 5041.0000000000
9257  -38.742  -11.269  36.147 5044.0000000000
4582  -33.567  -7.508  2.704 5045.0000000000
12204  -58.866  -34.689  -17.554 5046.0000000000
4612  -31.054  12.662  -60.771 5050.0000000000
5167  -2.980  14.448  34.733 5051.0000000000
15431  -45.758  16.862  -44.475 5054.0000000000
8841  -42.738  52.862  -27.922 5057.0000000000
17024  -20.260  -65.145  -2.382 5061.0000000000
18040  -9.373  -38.644  19.511 5065.0000000000
19287  -6.029  -10.417  -19.633 5072.0000000000
19686  -51.068  -1.126  19.311 5074.0000000000
19746  -41.066  -53.226  -8.780 5076.0000000000
21293  -9.180  79.689  -28.130 5079.0000000000
22743  -22.030  -0.750  54.844 5083.0000000000
16270  -63.402  -23.141  12.154 5085.0000000000
17085  -2.654  27.278  27.940 5086.0000000000
17657  -24.923  -8.230  -36.288 5089.0000000000
13682  -20.117  -40.243  28.204 5093.0000000000
24648  -48.288  -48.751  11.779 5102.0000000000
25148  -38.128  12.556  15.796 5103.0000000000
26419  -14.507  -28.224  28.692 5108.0000000000
26795  -10.969  -36.820  22.883 5111.0000000000
27694  -6.360  -2.928  47.385 5112.0000000000
27707  1.025  -25.133  -4.461 5114.0000000000
6583  -3.054  -49.379  4.941 5115.0000000000
6582  -3.252  -29.497  23.592 5116.0000000000
6584  -61.361  -38.577  -11.651 5120.0000000000
7287  -19.949  5.031  51.940 5123.0000000000
7549  -43.826  -15.113  22.183 5125.0000000000
8187  -0.925  -66.647  1.366 5127.0000000000
9486  -63.732  3.155  -36.407 5129.0000000000
35  -37.949  -29.534  -41.248 5130.0000000000
11329  -35.005  -13.625  19.239 5133.0000000000
4470  -9.928  1.118  29.307 5135.0000000000
12761  -39.846  -9.955  34.068 5136.0000000000
4537  -38.549  -38.856  11.474 5137.0000000000
6089  -25.461  66.436  -12.230 5139.0000000000
7606  -51.136  -23.623  -37.988 5143.0000000000
14528  -3.799  -11.554  9.843 5144.0000000000
8786  -37.521  -20.373  3.324 5145.0000000000
15161  -8.747  -68.627  -9.354 5150.0000000000
15821  -30.970  54.174  10.326 5154.0000000000
15923  -36.195  35.949  -51.278 5158.0000000000
13331  -43.819  19.598  30.289 5160.0000000000
13413  -56.467  21.034  -24.795 5165.0000000000
13494  -2.276  -5.084  -5.951 5167.0000000000
17447  -34.205  -64.542  -37.094 5169.0000000000
18313  -18.626  47.464  -39.874 5171.0000000000
19139  -10.739  -75.523  -31.088 5177.0000000000
19701  -26.578  -82.447  -23.873 5180.0000000000
20055  -33.618  -9.654  26.798 5182.0000000000
20130  -33.169  -61.596  22.664 5183.0000000000
20167  -34.591  12.725  -6.764 5185.0000000000
21124  -0.944  -50.254  -11.978 5190.0000000000
24449  -34.597  45.758  -12.986 5201.0000000000
21196  -23.456  77.745  -26.593 5204.0000000000
24802  -3.094  -7.929  30.808 5207.0000000000
24918  -45.841  8.757  -37.246 5210.0000000000
25808  -52.263  -41.758  -2.795 5214.0000000000
25823  -0.688  -71.953  -17.064 5215.0000000000
25941  -44.329  2.544  -53.717 5216.0000000000
26128  -39.756  52.006  -20.755 5217.0000000000
27032  -2.089  23.463  -18.763 5221.0000000000
27351  -20.526  -11.883  55.102 5223.0000000000
28456  -19.965  -80.439  -0.120 5227.0000000000
28493  -14.955  75.152  -27.345 5229.0000000000
29176  -34.097  -66.334  -5.425 5232.0000000000
24561  -3.548  52.956  28.274 5234.0000000000
29792  -45.234  -50.310  -12.737 5235.0000000000
25460  -33.940  -9.139  38.455 5238.0000000000
26127  -28.891  36.817  30.823 5241.0000000000
26325  -45.855  -22.112  -40.882 5243.0000000000
27215  -7.289  -83.600  -7.407 5244.0000000000
29235  -60.489  -38.088  -10.769 5250.0000000000
29869  -27.920  -33.391  -30.870 5252.0000000000
30641  -35.223  -15.056  -31.058 5256.0000000000
31553  -45.672  8.306  -48.335 5257.0000000000
14044  -3.104  -31.615  3.213 5261.0000000000
14858  -7.518  -67.007  -26.993 5263.0000000000
8009  1.200  5.638  -18.363 5268.0000000000
8237  -16.334  -60.798  15.280 5270.0000000000
9528  -36.016  40.898  -0.204 5272.0000000000
10292  -5.290  -45.476  -14.164 5274.0000000000
18633  -28.743  27.436  35.963 5277.0000000000
12095  -10.399  19.247  28.553 5278.0000000000
20408  -44.940  -8.369  2.745 5281.0000000000
13496  -2.702  23.888  15.651 5282.0000000000
21257  -32.193  75.989  -16.596 5285.0000000000
16384  -30.799  -75.131  -1.030 5287.0000000000
22233  -55.474  1.512  8.552 5288.0000000000
16362  -35.890  11.226  -50.264 5291.0000000000
18185  -53.322  -2.066  -38.514 5294.0000000000
17494  -47.659  6.977  27.739 5298.0000000000
19633  -41.157  67.866  -23.173 5299.0000000000
23554  -26.355  -33.010  -22.297 5301.0000000000
19687  -25.652  67.841  -1.243 5302.0000000000
24488  -34.235  -20.948  33.018 5306.0000000000
19661  -43.093  -63.535  -6.801 5307.0000000000
24326  -6.669  -30.784  -12.105 5309.0000000000
20631  -49.395  -11.823  38.930 5317.0000000000
25193  -32.067  15.179  -37.050 5320.0000000000
25265  -40.574  65.544  -31.863 5325.0000000000
26395  -28.580  -10.980  -6.500 5330.0000000000
26450  -62.498  -13.989  7.917 5332.0000000000
25316  -44.212  -0.142  -44.308 5334.0000000000
27285  -40.759  -4.846  -11.626 5337.0000000000
27323  -45.504  -13.100  5.046 5339.0000000000
23231  -38.018  74.662  -19.013 5341.0000000000
28677  -37.304  -53.649  -28.945 5345.0000000000
29719  -59.654  -9.748  14.795 5351.0000000000
30425  -1.334  -59.788  -19.463 5356.0000000000
30439  -34.413  -1.622  -51.577 5357.0000000000
30701  -6.482  -59.188  -20.512 5359.0000000000
28129  -35.930  -51.798  -16.205 5361.0000000000
31070  -46.532  -58.515  -20.373 5364.0000000000
28457  -10.192  -77.564  8.734 5367.0000000000
31955  -27.251  33.080  -54.992 5371.0000000000
32013  -4.859  37.542  1.974 5373.0000000000
32217  -3.065  -24.992  52.797 5375.0000000000
29406  -35.373  10.012  -28.122 5376.0000000000
33062  -22.324  16.426  -51.698 5379.0000000000
30810  -24.362  31.393  -38.167 5380.0000000000
30166  -3.294  36.127  23.653 5383.0000000000
34530  -43.981  -17.676  18.863 5386.0000000000
30840  -33.603  2.818  -5.645 5389.0000000000
31145  -41.598  58.187  -27.285 5391.0000000000
32674  -45.930  18.505  -0.375 5394.0000000000
33445  -1.285  -76.821  -9.336 5395.0000000000
35507  -17.657  -54.440  -29.802 5398.0000000000
36111  -44.725  -34.637  32.051 5400.0000000000
36594  -17.078  -55.774  -25.692 5401.0000000000
14070  -48.672  -21.178  13.089 5403.0000000000
24327  -18.667  -11.410  -26.186 5405.0000000000
14877  -31.206  5.293  -53.455 5409.0000000000
16318  -3.043  -39.061  21.718 5412.0000000000
17366  -3.631  27.055  30.926 5415.0000000000
25627  -61.294  -6.794  -41.527 5418.0000000000
18066  -42.488  25.615  -2.572 5419.0000000000
27103  -15.232  48.855  25.612 5420.0000000000
18668  -10.739  -78.795  -18.972 5421.0000000000
19569  -35.792  -14.986  22.693 5423.0000000000
27961  -60.982  -2.980  18.187 5424.0000000000
20657  -4.198  -81.772  -26.235 5426.0000000000
20716  -5.975  49.741  -23.480 5427.0000000000
29646  -26.775  -17.525  -22.125 5428.0000000000
31579  -55.638  -21.693  30.769 5434.0000000000
24738  -35.746  -43.873  -34.446 5440.0000000000
26086  -5.381  -69.926  -22.550 5448.0000000000
16479  -19.006  -21.071  39.708 5454.0000000000
33113  -36.720  57.935  -2.001 5456.0000000000
27194  -45.028  -50.703  -14.258 5458.0000000000
33861  -23.361  5.354  -51.281 5464.0000000000
27934  -8.973  34.745  41.879 5465.0000000000
27438  -31.709  17.013  -40.310 5470.0000000000
28706  -15.342  -59.019  -16.010 5474.0000000000
28258  -3.846  51.091  -27.165 5476.0000000000
34756  -48.112  -54.123  -26.669 5478.0000000000
35307  -51.544  -36.435  20.301 5484.0000000000
36729  -11.045  -33.911  28.712 5491.0000000000
31748  -18.320  67.695  17.189 5492.0000000000
37102  -5.202  22.873  50.261 5495.0000000000
32811  -44.643  45.644  -28.221 5496.0000000000
32810  -56.295  -42.212  -26.409 5498.0000000000
32846  -49.720  48.556  -5.396 5500.0000000000
37974  -34.293  0.676  18.328 5503.0000000000
37987  -30.730  -26.379  35.039 5504.0000000000
36113  -62.607  11.002  5.634 5506.0000000000
37835  -33.257  63.723  -1.220 5512.0000000000
35361  -29.410  30.114  -28.508 5513.0000000000
30809  -46.851  -29.758  -2.907 5515.0000000000
5573  -13.986  56.975  -41.054 5519.0000000000
35318  -1.936  -17.447  45.966 5523.0000000000
40794  -8.748  -56.695  34.595 5528.0000000000
10563  -16.211  69.746  10.346 5532.0000000000
36552  -42.749  37.219  -6.841 5535.0000000000
13922  -52.354  -6.565  -41.559 5536.0000000000
23971  -27.895  -11.075  -3.067 5537.0000000000
24715  -3.583  3.478  33.746 5540.0000000000
24782  -18.109  42.623  34.889 5542.0000000000
25604  -61.790  -7.216  -41.137 5545.0000000000
27117  -16.093  -15.194  -28.261 5549.0000000000
27597  -34.205  -2.055  -19.899 5553.0000000000
28566  -52.996  -26.754  -38.904 5557.0000000000
28913  -26.018  -46.914  8.542 5559.0000000000
29672  -53.767  -31.971  -17.434 5561.0000000000
35416  -19.005  -40.789  -2.508 5563.0000000000
30396  -23.576  -57.218  -12.909 5564.0000000000
31594  -48.910  -18.009  -24.013 5567.0000000000
31919  -50.292  -20.759  23.580 5569.0000000000
37272  -4.555  34.119  23.904 5570.0000000000
33575  0.492  -14.281  -5.719 5577.0000000000
33307  -45.536  -7.714  -16.006 5579.0000000000
33595  -17.154  24.230  -35.436 5584.0000000000
38317  -22.237  -6.288  -37.370 5587.0000000000
38832  -20.654  9.176  41.881 5589.0000000000
34132  -35.714  56.309  16.412 5592.0000000000
35182  -13.560  -49.760  -20.077 5595.0000000000
35196  -3.416  -76.607  -15.897 5598.0000000000
35208  -29.256  -19.442  -30.928 5599.0000000000
39399  -24.865  -47.336  -10.137 5604.0000000000
35263  -32.498  -53.258  -31.535 5605.0000000000
35784  -39.796  -69.574  -24.474 5607.0000000000
35319  -47.944  36.431  14.923 5610.0000000000
39639  -34.238  -49.658  34.006 5613.0000000000
39855  -49.612  -5.901  35.846 5615.0000000000
39863  -17.041  -23.662  55.817 5616.0000000000
39895  -6.644  33.156  21.411 5618.0000000000
36421  -3.068  5.554  32.877 5619.0000000000
40434  -14.231  47.453  32.031 5622.0000000000
37962  -50.844  4.980  -36.491 5628.0000000000
42458  -6.814  -35.556  -1.079 5630.0000000000
38659  -28.692  79.584  -24.956 5631.0000000000
38682  -36.878  -6.873  42.136 5633.0000000000
3729  -4.401  -15.886  37.309 5635.0000000000
3728  -26.476  35.180  -37.829 5636.0000000000
39286  -11.431  -47.974  -5.451 5639.0000000000
3994  -11.108  57.407  -39.298 5643.0000000000
5466  -43.744  32.000  5.888 5645.0000000000
5574  -1.314  -5.259  -19.694 5649.0000000000
7836  -41.130  7.788  34.929 5651.0000000000
9066  -54.966  6.952  -20.769 5657.0000000000
9871  -3.651  -16.189  -10.257 5659.0000000000
12020  -9.346  -37.899  24.949 5662.0000000000
30652  -16.013  -59.261  -16.811 5665.0000000000
1845  -5.919  45.337  -40.989 5667.0000000000
30920  -39.776  -13.986  1.279 5668.0000000000
31230  -30.030  46.562  -24.123 5671.0000000000
31466  -13.384  68.370  -19.562 5672.0000000000
31789  -28.729  31.680  -26.444 5674.0000000000
32315  -7.423  -36.743  16.056 5676.0000000000
33273  -8.994  74.807  -36.438 5678.0000000000
33274  -24.734  78.700  -3.550 5679.0000000000
33802  -53.956  25.028  -28.118 5681.0000000000
37929  -7.791  -5.786  43.334 5682.0000000000
37930  -8.017  -5.739  41.971 5684.0000000000
35442  -25.888  41.657  21.876 5686.0000000000
35975  -13.050  -31.327  -23.850 5688.0000000000
36587  -37.670  22.690  -52.693 5689.0000000000
37295  -64.014  -7.051  9.375 5690.0000000000
37514  -33.203  -59.999  -31.611 5694.0000000000
38992  -62.812  -24.014  -23.460 5696.0000000000
43052  -25.207  -48.461  -32.719 5705.0000000000
39393  -42.999  -45.843  10.106 5707.0000000000
43238  -40.805  -57.711  23.042 5712.0000000000
43253  -53.769  -9.030  -1.852 5714.0000000000
43280  -25.642  -16.653  49.311 5716.0000000000
39583  -43.044  57.626  -28.447 5717.0000000000
2235  -45.886  -20.040  8.334 5720.0000000000
39576  -15.748  39.954  29.100 5721.0000000000
43460  -22.766  32.838  20.475 5723.0000000000
43473  -4.439  22.318  17.617 5725.0000000000
39650  -11.051  -48.685  -19.118 5727.0000000000
40378  -30.287  -62.997  -10.526 5729.0000000000
3791  -28.966  -12.950  -4.447 5732.0000000000
43630  -5.217  -54.727  22.340 5734.0000000000
43669  -9.651  32.015  29.684 5736.0000000000
43683  -16.070  83.959  -12.211 5738.0000000000
43697  -37.042  -59.264  21.878 5740.0000000000
40413  -37.000  -52.070  31.791 5742.0000000000
40897  -11.918  84.367  -9.926 5744.0000000000
4710  -44.160  13.240  34.910 5746.0000000000
40881  -36.919  48.573  5.399 5747.0000000000
43908  -5.432  -31.480  27.156 5749.0000000000
43919  -35.413  -25.805  16.158 5751.0000000000
7566  -49.984  -23.440  -37.487 5753.0000000000
43962  -10.912  -52.621  13.801 5756.0000000000
41363  -20.101  -64.189  -1.555 5761.0000000000
44157  -54.572  -48.451  -25.179 5762.0000000000
44198  -30.840  5.556  -35.457 5764.0000000000
7565  -37.550  38.050  19.510 5765.0000000000
10262  -22.433  -24.443  33.968 5767.0000000000
8085  -24.613  -55.380  5.173 5768.0000000000
41686  -16.818  -28.660  -20.153 5770.0000000000
9045  -44.359  31.865  15.680 5771.0000000000
3788  -39.518  5.183  14.552 5781.0000000000
3929  -9.093  -6.779  -29.350 5784.0000000000
5364  -2.061  4.471  -34.998 5787.0000000000
5467  -44.287  30.827  6.528 5791.0000000000
7038  -8.261  -40.982  15.803 5796.0000000000
7837  -55.188  -42.364  15.011 5799.0000000000
13235  -32.626  67.874  6.482 5808.0000000000
30315  -64.139  -14.786  -22.128 5809.0000000000
1749  -60.942  -17.131  -5.676 5810.0000000000
4436  -59.484  -10.530  -39.934 5814.0000000000
6750  -48.107  -7.825  -0.495 5817.0000000000
7425  -61.376  7.450  -20.543 5820.0000000000
39540  -33.448  23.853  -49.110 5825.0000000000
9911  -34.171  1.963  24.183 5827.0000000000
14137  -12.104  29.330  15.049 5833.0000000000
14242  -48.042  -34.266  -13.019 5834.0000000000
14775  -2.421  4.532  16.574 5835.0000000000
15890  0.165  -80.288  -16.852 5839.0000000000
17239  -39.118  47.503  -0.766 5841.0000000000
2233  -47.227  -20.519  9.046 5845.0000000000
7698  -32.331  18.814  31.594 5855.0000000000
9044  -3.994  63.505  10.525 5859.0000000000
7564  -45.130  24.764  24.988 5862.0000000000
7590  -26.830  -67.833  -1.943 5864.0000000000
7731  -33.024  18.633  -61.914 5866.0000000000
8084  -25.980  15.366  -63.036 5870.0000000000
9043  -4.625  62.316  9.810 5873.0000000000
9144  -4.067  55.902  -24.076 5875.0000000000
9806  -43.217  -59.143  1.161 5878.0000000000
10282  -18.837  15.471  32.120 5879.0000000000
11647  -16.288  66.499  12.202 5882.0000000000
11646  -61.268  -26.109  -0.863 5884.0000000000
13694  -30.427  -60.175  13.396 5886.0000000000
3730  -14.393  -47.059  39.949 5890.0000000000
3789  -53.172  41.919  -14.165 5892.0000000000
5317  -29.378  33.491  -16.773 5895.0000000000
5365  -44.512  13.679  -60.827 5896.0000000000
5525  -12.559  -48.175  16.474 5898.0000000000
19499  -48.256  -28.134  25.984 5903.0000000000
7039  -38.003  17.833  -62.483 5904.0000000000
7876  -55.953  -36.644  -33.118 5907.0000000000
9872  -14.509  74.660  2.709 5912.0000000000
10564  -36.002  -36.000  39.720 5913.0000000000
13258  -39.574  53.473  -30.938 5914.0000000000
12388  -50.229  11.799  -45.815 5915.0000000000
15169  -6.130  12.140  38.054 5917.0000000000
16513  -35.230  -4.752  23.760 5919.0000000000
18439  -28.127  63.593  -28.234 5922.0000000000
2234  -47.210  -19.824  8.355 5924.0000000000
3823  -33.155  57.928  8.968 5926.0000000000
4735  -16.973  27.296  46.642 5928.0000000000
24024  -51.322  18.064  15.097 5929.0000000000
24944  -14.427  -4.450  -35.628 5931.0000000000
9681  -3.831  76.896  -7.426 5934.0000000000
11724  -7.483  37.658  19.032 5939.0000000000
9831  -41.594  -3.980  -22.656 5944.0000000000
11905  -13.904  -21.479  -27.826 5946.0000000000
12410  -18.420  19.368  51.408 5948.0000000000
13662  -6.992  -36.069  50.230 5950.0000000000
13663  -5.433  -35.992  49.126 5951.0000000000
13738  -34.248  7.876  -53.059 5952.0000000000
27272  -50.840  -18.448  -42.117 5954.0000000000
27542  -17.327  21.404  50.660 5955.0000000000
27754  -22.820  -51.823  -17.371 5957.0000000000
14971  -47.212  -17.411  21.513 5961.0000000000
16869  -16.263  -37.114  34.447 5967.0000000000
18361  -47.121  -36.015  33.722 5971.0000000000
19099  -48.091  -50.333  -7.638 5973.0000000000
30915  -3.576  68.043  19.478 5975.0000000000
20157  0.479  0.464  -9.655 5979.0000000000
33100  -3.705  42.250  18.428 5985.0000000000
17240  -40.243  -9.670  45.972 5992.0000000000
18440  -27.898  65.781  -28.613 5993.0000000000
20027  -46.724  -47.725  14.442 5994.0000000000
21570  -27.827  -75.456  -3.785 5997.0000000000
27313  -53.228  -51.858  -14.355 6002.0000000000
27400  -26.809  0.005  -46.777 6004.0000000000
27428  -34.941  -4.858  47.933 6005.0000000000
28157  -4.779  53.892  -16.968 6010.0000000000
28371  -21.152  20.809  48.012 6011.0000000000
28405  -37.639  -73.114  -18.872 6012.0000000000
37879  -57.825  -30.159  -26.780 6015.0000000000
37892  -57.192  8.621  19.766 6016.0000000000
27563  -58.205  9.040  -39.097 6018.0000000000
28501  -49.214  -37.361  7.752 6020.0000000000
38058  -3.719  -63.549  -5.004 6022.0000000000
38750  -45.901  -26.021  -41.483 6025.0000000000
30453  0.194  7.586  7.914 6033.0000000000
30469  -22.712  15.839  -47.242 6034.0000000000
30848  -36.221  45.896  -22.032 6038.0000000000
31654  -46.107  -44.614  27.733 6042.0000000000
40639  -15.303  -49.047  -23.196 6047.0000000000
34135  -2.949  44.093  -0.248 6052.0000000000
22770  -38.054  -39.118  -24.000 6055.0000000000
23348  -26.293  1.333  43.825 6056.0000000000
23512  -5.015  81.578  -31.961 6057.0000000000
38364  -51.950  26.514  -26.934 6058.0000000000
24844  -14.961  55.132  28.662 6059.0000000000
38516  -48.893  -30.699  -34.896 6060.0000000000
38556  -9.130  -27.139  10.709 6062.0000000000
38575  -48.584  -48.108  -9.455 6063.0000000000
38589  -37.397  -36.946  2.011 6064.0000000000
38696  -22.869  -47.705  -17.440 6065.0000000000
26847  -64.502  -0.242  -17.012 6068.0000000000
38753  -25.121  21.846  -60.794 6073.0000000000
28078  -50.731  -37.534  8.654 6075.0000000000
26797  -52.884  -16.967  13.243 6079.0000000000
26170  -35.753  -50.145  -25.074 6083.0000000000
30898  -0.268  -62.618  10.594 6088.0000000000
30934  -20.577  -80.917  -6.056 6089.0000000000
31835  -62.766  -15.362  -33.147 6092.0000000000
32343  -25.825  -27.160  34.633 6094.0000000000
33237  -49.351  1.603  -12.363 6097.0000000000
3301  -4.309  -78.806  1.877 6102.0000000000
24991  -13.986  52.897  26.712 6103.0000000000
24846  -4.900  54.791  -9.893 6106.0000000000
25218  -40.227  1.985  3.045 6107.0000000000
26516  -25.811  39.853  -29.304 6108.0000000000
26544  -5.359  4.567  31.413 6109.0000000000
25219  -39.790  3.090  2.890 6113.0000000000
26570  -45.059  55.543  -13.918 6117.0000000000
25558  -32.056  -32.382  -25.757 6120.0000000000
26796  -54.171  -15.631  13.476 6123.0000000000
26846  -53.031  32.188  -12.656 6126.0000000000
26171  -36.707  -50.084  -26.584 6127.0000000000
27991  -42.298  10.677  -3.062 6128.0000000000
28043  -63.470  2.006  -1.821 6130.0000000000
28091  -48.857  -36.922  8.506 6131.0000000000
30897  -18.024  70.607  1.277 6133.0000000000
32386  -45.480  -23.720  9.794 6142.0000000000
24830  -3.323  -60.985  -10.000 6146.0000000000
24845  -32.811  -75.241  -8.876 6154.0000000000
26500  -31.028  8.172  44.306 6161.0000000000
26531  -41.099  39.058  -29.007 6162.0000000000
26560  -37.912  30.885  -12.030 6163.0000000000
18573  -2.078  53.610  -45.494 6165.0000000000
18613  -6.515  81.460  -20.249 6170.0000000000
28054  -37.396  -54.204  -12.261 6171.0000000000
19704  -29.756  -7.100  -36.764 6172.0000000000
20718  -32.916  -35.066  45.220 6173.0000000000
20238  -53.614  18.413  19.695 6175.0000000000
20370  -28.713  -14.316  -22.759 6180.0000000000
21828  -37.167  8.529  -16.985 6182.0000000000
23229  -11.967  54.068  -4.460 6187.0000000000
16280  -32.303  28.199  21.505 6194.0000000000
16768  -10.553  30.433  12.057 6196.0000000000
16281  -65.008  -3.541  -29.548 6197.0000000000
17400  -31.232  12.270  -50.077 6200.0000000000
19213  -2.763  -40.267  -2.647 6201.0000000000
18634  -3.815  77.786  -22.037 6202.0000000000
22192  -26.509  -70.058  -16.227 6211.0000000000
24584  -9.790  6.948  18.740 6214.0000000000
16279  -22.389  -70.724  4.154 6218.0000000000
19214  -3.711  -38.868  -2.668 6223.0000000000
19570  -43.404  -24.312  7.391 6225.0000000000
20252  -9.649  46.991  -43.441 6226.0000000000
21829  -36.128  8.218  -15.603 6228.0000000000
25355  -21.948  -11.541  -27.501 6235.0000000000
17399  -31.526  11.050  -50.413 6236.0000000000
33999  -40.452  38.747  -31.338 6237.0000000000
35347  -52.631  43.572  -2.608 6239.0000000000
32699  -16.402  22.868  -33.873 6242.0000000000
32698  -35.681  -49.418  -24.322 6244.0000000000
35533  -25.284  -60.278  -28.685 6246.0000000000
36454  -8.496  -42.275  40.314 6249.0000000000
25392  -4.511  53.149  26.045 6251.0000000000
