#!ascii label  , from subject FreeSurferMNI152_0.3 vox2ras=TkReg
1262
8  12.919  5.953  46.210 1.0000000000
79  57.311  -17.261  -24.036 2.0000000000
1521  23.877  -12.010  48.504 4.0000000000
2610  53.110  -47.947  -21.241 6.0000000000
3242  37.126  46.778  15.136 8.0000000000
2694  51.180  31.677  24.866 9.0000000000
2549  41.484  -29.852  40.706 10.0000000000
2364  29.887  -20.790  -25.174 12.0000000000
6  12.227  6.698  47.255 17.0000000000
2458  37.053  -40.444  18.850 20.0000000000
1520  11.830  -43.577  41.804 25.0000000000
8895  57.837  9.606  -23.030 29.0000000000
5540  31.510  65.204  14.356 31.0000000000
7547  7.376  73.900  3.731 36.0000000000
7  12.853  6.758  46.414 42.0000000000
1519  12.563  -42.934  40.783 46.0000000000
13  39.203  4.543  -28.037 52.0000000000
14  39.636  6.697  -29.921 60.0000000000
5541  49.078  2.211  37.219 69.0000000000
8214  21.807  44.130  -32.465 72.0000000000
39880  52.125  -2.149  30.941 74.0000000000
39879  36.116  52.259  12.128 75.0000000000
39893  25.232  -12.023  54.520 77.0000000000
39934  17.629  -60.724  6.600 78.0000000000
43658  19.972  -59.329  6.159 84.0000000000
12  40.530  5.573  -29.717 86.0000000000
2990  38.588  -59.920  -5.468 93.0000000000
8163  46.567  -6.506  26.904 98.0000000000
8161  41.451  48.744  21.658 99.0000000000
8215  21.316  46.705  -31.451 100.0000000000
8235  8.212  -20.398  57.885 101.0000000000
7546  15.425  -51.587  29.457 102.0000000000
38808  28.867  -58.919  21.641 110.0000000000
37355  34.087  -59.262  27.039 111.0000000000
41683  18.814  -47.918  -1.739 115.0000000000
40358  13.364  0.758  17.793 118.0000000000
9567  56.333  -22.262  -26.879 130.0000000000
9569  6.250  76.215  1.638 131.0000000000
36885  53.990  -53.258  -14.347 132.0000000000
35028  6.921  73.609  2.681 133.0000000000
36913  5.203  -42.561  1.740 135.0000000000
37310  12.314  71.366  -17.327 139.0000000000
38725  31.566  45.323  15.770 144.0000000000
38398  11.281  -46.974  7.356 156.0000000000
39772  28.277  43.805  11.463 161.0000000000
34069  9.156  -68.312  18.297 167.0000000000
35038  21.230  -84.050  -8.728 168.0000000000
35667  23.869  -65.023  28.320 173.0000000000
36842  14.940  52.043  27.016 176.0000000000
37311  61.612  17.053  -24.088 183.0000000000
38815  46.765  -40.785  23.578 188.0000000000
38474  44.456  13.371  38.114 190.0000000000
39342  41.497  -2.626  -48.210 193.0000000000
34071  39.217  -10.987  -32.795 208.0000000000
35668  48.190  46.647  8.369 210.0000000000
36035  35.110  -64.827  -15.173 214.0000000000
36034  16.420  -40.531  45.564 217.0000000000
37929  41.222  -42.786  -12.818 219.0000000000
38396  10.954  -46.851  8.282 222.0000000000
38414  23.406  -60.845  16.819 223.0000000000
37943  33.183  15.722  -36.899 224.0000000000
37989  32.842  -67.512  -19.346 227.0000000000
37945  39.159  -10.671  38.133 231.0000000000
38397  10.120  -47.359  7.876 233.0000000000
38440  19.104  -65.721  21.214 235.0000000000
39354  48.964  -55.571  -8.467 237.0000000000
39341  13.442  -13.331  29.424 242.0000000000
40452  28.475  77.375  -8.866 246.0000000000
34070  18.274  75.875  -33.901 255.0000000000
34480  56.265  -30.036  -17.652 258.0000000000
39697  48.665  2.984  -14.013 267.0000000000
37944  33.205  -75.618  -32.876 269.0000000000
39901  47.019  -63.834  -8.960 271.0000000000
39698  32.668  43.698  31.252 272.0000000000
40786  60.702  -23.218  8.184 279.0000000000
37973  51.426  55.326  -27.406 286.0000000000
41166  65.571  13.142  7.227 292.0000000000
40797  52.860  -37.702  -11.978 304.0000000000
39343  8.281  27.962  -28.943 306.0000000000
40298  8.123  -53.012  -21.787 309.0000000000
39990  31.560  -9.516  -1.564 315.0000000000
39989  52.450  28.651  -29.685 316.0000000000
40297  6.190  -41.304  5.738 317.0000000000
36347  13.566  42.809  -43.764 322.0000000000
36413  6.494  41.244  -44.306 324.0000000000
38131  42.024  -58.498  22.137 329.0000000000
39060  45.117  59.751  -7.548 333.0000000000
39081  7.580  52.215  16.711 339.0000000000
40798  28.731  32.605  -57.369 345.0000000000
42393  22.508  42.882  18.377 348.0000000000
40392  52.668  26.816  -29.067 352.0000000000
42394  28.530  -65.059  8.785 354.0000000000
43074  24.411  14.528  49.623 372.0000000000
41810  54.207  -30.377  -36.181 373.0000000000
42134  10.341  84.675  -14.123 379.0000000000
42149  5.685  -60.877  10.128 380.0000000000
38868  19.306  -51.644  -14.305 385.0000000000
39544  63.783  17.421  -6.464 390.0000000000
40974  9.262  -49.004  -11.056 392.0000000000
40986  40.746  24.101  36.140 397.0000000000
42099  12.537  -46.759  7.636 399.0000000000
1969  64.713  13.855  -5.770 402.0000000000
1240  26.022  -20.847  -23.594 407.0000000000
42233  56.023  46.595  -16.218 413.0000000000
7239  19.622  80.201  -2.915 414.0000000000
42519  17.132  15.551  51.193 421.0000000000
5620  33.708  60.899  20.374 423.0000000000
7116  26.615  37.343  -30.983 426.0000000000
5622  32.090  61.550  20.212 429.0000000000
43245  37.141  29.927  -56.280 434.0000000000
9733  37.967  -12.379  -32.306 445.0000000000
44461  21.013  -15.007  54.613 448.0000000000
41419  23.438  34.980  21.583 456.0000000000
41420  23.127  35.031  22.720 458.0000000000
42073  6.343  11.339  38.031 459.0000000000
42585  51.549  -47.401  3.947 462.0000000000
23407  39.658  30.659  -6.353 468.0000000000
1968  1.689  36.635  -20.746 481.0000000000
1884  61.125  -25.880  10.149 485.0000000000
44306  13.555  -35.502  41.434 488.0000000000
7118  68.447  -14.996  -30.865 492.0000000000
6383  15.718  21.307  50.937 495.0000000000
5651  41.485  -38.832  -33.506 496.0000000000
43552  9.195  41.613  24.740 504.0000000000
44315  15.357  -43.122  -20.640 505.0000000000
43148  46.453  5.796  23.350 510.0000000000
702  17.924  -64.082  -14.157 511.0000000000
8388  36.057  -61.098  -14.583 514.0000000000
701  53.554  8.737  -57.964 520.0000000000
44287  11.330  -56.818  -24.500 526.0000000000
7124  42.275  39.495  24.827 530.0000000000
6402  39.739  -43.098  -36.842 533.0000000000
350  29.530  21.223  -60.563 534.0000000000
44802  28.227  26.818  -53.281 540.0000000000
44945  65.137  9.679  -33.787 542.0000000000
351  29.773  19.912  -60.871 545.0000000000
1239  25.782  -21.965  -22.423 548.0000000000
12409  21.117  -20.760  -28.799 551.0000000000
349  46.710  10.746  10.118 553.0000000000
7240  37.529  -20.753  -25.973 562.0000000000
4396  24.861  -53.879  31.819 564.0000000000
2800  26.937  12.909  40.689 565.0000000000
3567  20.395  74.155  6.977 568.0000000000
5621  33.740  59.960  20.998 571.0000000000
4395  25.154  -56.227  32.580 575.0000000000
14164  22.461  -69.876  12.722 578.0000000000
6211  28.076  15.384  -47.971 584.0000000000
7433  38.422  8.240  -44.282 593.0000000000
9732  6.392  17.297  49.101 594.0000000000
7067  7.489  -32.869  -6.248 595.0000000000
10435  42.518  -50.854  29.011 597.0000000000
8613  30.406  -74.225  -29.027 599.0000000000
7434  37.390  9.179  -45.781 603.0000000000
9210  52.290  11.744  3.961 605.0000000000
8389  1.223  35.188  -11.479 611.0000000000
703  16.844  -65.737  -12.854 619.0000000000
17097  49.402  18.881  -37.797 627.0000000000
18765  54.674  42.336  -17.999 629.0000000000
7123  22.833  25.256  41.290 630.0000000000
8260  53.278  -22.669  25.121 633.0000000000
23430  32.008  -75.221  -1.522 635.0000000000
7145  10.516  -45.321  22.612 637.0000000000
8428  15.691  22.610  48.958 641.0000000000
23337  5.956  -66.266  -12.196 644.0000000000
1970  18.094  -32.702  -21.837 647.0000000000
12408  22.370  -20.864  -28.231 649.0000000000
1241  38.445  63.708  -22.661 654.0000000000
4975  52.211  1.926  37.340 661.0000000000
12287  6.781  80.416  -9.590 666.0000000000
6170  27.733  0.493  -43.191 679.0000000000
6384  6.700  -48.638  -19.003 684.0000000000
6212  49.374  -32.511  18.222 686.0000000000
7117  68.545  -16.179  -30.799 693.0000000000
15427  55.591  1.081  -22.383 699.0000000000
16639  46.219  8.216  16.662 706.0000000000
10809  6.774  -45.444  3.675 712.0000000000
18272  9.359  -25.440  20.974 723.0000000000
10546  34.242  -23.721  49.160 724.0000000000
15332  51.147  52.278  -21.297 730.0000000000
15330  48.664  50.874  -20.947 733.0000000000
7125  8.427  76.523  10.670 741.0000000000
11810  10.947  50.874  -1.186 753.0000000000
22482  64.519  15.971  -6.429 760.0000000000
11838  7.566  -36.200  27.427 761.0000000000
12410  21.728  -19.749  -28.766 764.0000000000
14354  63.316  10.659  -2.269 775.0000000000
25263  34.746  -36.883  36.476 777.0000000000
14163  22.764  -70.946  12.357 778.0000000000
15271  42.551  57.260  -13.909 782.0000000000
26607  52.837  31.683  -13.315 791.0000000000
15911  65.039  -13.732  16.640 797.0000000000
27755  12.861  -37.063  9.935 808.0000000000
17634  32.481  -40.039  -28.974 810.0000000000
27342  18.963  2.871  43.220 812.0000000000
16667  40.830  5.601  23.108 814.0000000000
18296  51.579  -24.043  -34.642 822.0000000000
17098  51.098  20.762  -36.431 833.0000000000
18786  29.035  -51.756  12.230 837.0000000000
20446  45.094  26.873  19.594 838.0000000000
21878  28.159  -40.281  -33.249 840.0000000000
23338  8.069  1.547  19.886 848.0000000000
23350  11.271  72.714  -27.722 849.0000000000
23448  32.415  -74.309  -1.608 851.0000000000
24085  31.596  32.726  -13.822 859.0000000000
24120  64.326  -36.047  -9.722 862.0000000000
25333  19.628  62.305  25.217 874.0000000000
25182  14.536  80.561  -24.793 876.0000000000
34664  15.843  -77.748  0.170 888.0000000000
26164  29.490  73.041  5.731 894.0000000000
26537  36.662  25.871  4.135 897.0000000000
27447  5.281  45.063  -33.242 901.0000000000
26746  12.629  -36.786  13.915 907.0000000000
28482  49.656  -30.275  15.108 915.0000000000
28926  52.796  26.721  12.358 931.0000000000
28911  8.070  17.876  21.473 933.0000000000
33036  8.924  7.173  50.932 939.0000000000
39829  22.055  7.760  34.845 944.0000000000
17777  12.651  74.684  -19.441 947.0000000000
33311  14.154  -61.382  31.291 949.0000000000
34177  33.043  24.333  -54.651 950.0000000000
33551  10.514  44.358  28.072 951.0000000000
34186  11.434  69.629  -29.491 959.0000000000
34374  34.433  52.572  6.071 963.0000000000
34449  52.957  31.192  -36.124 967.0000000000
34369  5.696  -33.073  21.176 969.0000000000
34407  36.154  39.668  6.668 971.0000000000
5080  13.566  -56.534  31.914 974.0000000000
35017  17.627  -81.174  -0.177 979.0000000000
3404  43.393  35.312  -13.094 981.0000000000
41598  24.988  28.486  -35.963 998.0000000000
35803  34.711  11.233  -4.296 1001.0000000000
36039  23.262  34.421  38.993 1003.0000000000
15153  3.272  5.937  -6.275 1011.0000000000
36520  22.275  24.498  -33.239 1014.0000000000
41764  57.948  -28.906  -6.615 1018.0000000000
7694  16.401  59.675  19.498 1020.0000000000
7693  44.555  43.750  -17.710 1023.0000000000
7974  45.167  19.265  10.812 1030.0000000000
36825  0.927  47.003  -11.613 1033.0000000000
36815  14.213  24.737  47.938 1034.0000000000
38443  25.726  -45.440  41.686 1037.0000000000
41901  22.152  -59.957  11.636 1039.0000000000
38452  38.182  44.591  -1.335 1041.0000000000
42645  6.238  -27.485  11.297 1043.0000000000
38881  17.078  -7.844  53.864 1045.0000000000
39601  14.886  40.706  -33.172 1048.0000000000
40013  42.184  -48.577  4.745 1051.0000000000
40037  17.491  4.981  52.767 1054.0000000000
1487  7.009  59.147  -15.763 1062.0000000000
1545  33.054  -50.665  34.422 1063.0000000000
3405  46.195  52.230  11.138 1069.0000000000
40789  63.774  13.573  8.440 1073.0000000000
41312  32.463  -76.837  -12.894 1082.0000000000
41267  47.214  -14.603  24.408 1087.0000000000
4602  24.064  -43.273  23.429 1095.0000000000
4211  12.188  -49.708  -21.751 1103.0000000000
6221  15.058  80.975  -35.199 1105.0000000000
41780  63.666  -25.058  -18.743 1108.0000000000
6733  2.844  -1.965  -10.156 1112.0000000000
5724  5.801  -63.582  17.664 1115.0000000000
7787  5.747  -12.355  21.325 1127.0000000000
11290  52.996  -6.205  -16.952 1146.0000000000
9016  59.457  22.313  -22.418 1149.0000000000
11195  28.339  79.994  -9.089 1153.0000000000
22798  8.612  75.657  -13.546 1161.0000000000
16065  47.951  29.866  23.406 1163.0000000000
43281  18.735  -76.445  6.737 1170.0000000000
19552  6.406  -63.789  -14.483 1178.0000000000
2739  37.952  -12.647  48.837 1180.0000000000
4101  14.953  64.386  14.955 1182.0000000000
21253  5.614  34.711  -39.352 1184.0000000000
1606  37.635  -53.002  30.513 1187.0000000000
21313  4.713  -69.580  -23.250 1193.0000000000
2741  36.026  -11.579  50.050 1194.0000000000
4027  45.122  -37.586  -32.172 1200.0000000000
4100  38.621  -62.679  -0.611 1203.0000000000
4601  24.208  -44.461  23.032 1207.0000000000
3350  39.085  -16.999  -26.510 1226.0000000000
5725  35.997  8.581  -21.681 1229.0000000000
6223  45.510  -40.331  1.142 1231.0000000000
7975  48.505  32.288  6.109 1239.0000000000
7954  34.242  66.860  5.462 1250.0000000000
9136  15.145  -42.532  -21.176 1254.0000000000
9137  50.816  17.944  -48.712 1255.0000000000
12974  17.052  -21.863  22.885 1266.0000000000
16064  30.663  57.158  -28.699 1267.0000000000
19554  22.052  -6.050  52.026 1279.0000000000
18876  13.406  21.608  34.259 1280.0000000000
27092  45.388  -45.170  -21.215 1283.0000000000
17776  8.831  69.238  -38.962 1286.0000000000
19553  24.134  -6.007  51.451 1296.0000000000
1486  64.862  -21.280  -31.489 1297.0000000000
1488  5.035  -0.126  41.935 1298.0000000000
4102  41.988  0.799  35.007 1302.0000000000
2740  36.917  -12.739  50.041 1306.0000000000
4128  33.823  1.348  -42.037 1313.0000000000
3406  14.321  -80.187  -16.456 1315.0000000000
4603  21.530  -33.566  -21.445 1317.0000000000
4993  35.042  16.447  34.882 1319.0000000000
6222  47.777  -41.402  1.073 1329.0000000000
3348  38.750  -16.197  -25.890 1336.0000000000
24313  35.843  41.129  3.980 1341.0000000000
7976  26.697  -16.514  35.409 1342.0000000000
10086  19.021  -14.966  40.675 1347.0000000000
3349  38.736  -18.204  -25.523 1350.0000000000
25327  14.315  9.799  22.708 1351.0000000000
9138  40.096  -68.112  -35.179 1368.0000000000
11196  10.186  81.946  -2.187 1370.0000000000
11289  36.056  1.815  27.606 1375.0000000000
23498  5.282  14.909  15.829 1378.0000000000
16087  59.631  -9.182  -41.163 1381.0000000000
16066  48.266  30.349  24.304 1387.0000000000
17778  12.278  76.125  -18.634 1400.0000000000
20160  57.104  34.011  -14.393 1405.0000000000
20782  45.324  -6.469  16.519 1415.0000000000
28956  19.712  -60.990  -31.033 1419.0000000000
21254  19.974  -59.460  -24.914 1427.0000000000
21301  22.655  -71.676  6.253 1429.0000000000
21688  33.200  -49.509  22.549 1440.0000000000
7788  49.936  15.289  31.733 1443.0000000000
23148  46.617  1.016  -2.374 1444.0000000000
23165  23.447  -54.115  4.875 1446.0000000000
23309  22.164  -55.920  14.164 1450.0000000000
32710  38.575  16.022  -25.648 1456.0000000000
31257  29.198  54.899  -26.005 1459.0000000000
23292  52.253  -1.095  -32.252 1466.0000000000
25291  9.006  -60.898  -27.806 1470.0000000000
33471  43.894  -15.049  -16.472 1475.0000000000
33031  49.635  -28.820  21.065 1476.0000000000
24959  38.692  43.729  -27.455 1479.0000000000
32774  40.857  -69.278  -14.847 1484.0000000000
34129  35.921  2.622  1.043 1485.0000000000
33446  66.227  7.716  -33.857 1486.0000000000
22135  27.975  12.850  46.879 1500.0000000000
22160  56.725  4.352  -54.461 1504.0000000000
22799  7.598  74.294  -13.826 1513.0000000000
25605  8.678  48.993  -4.758 1515.0000000000
27042  14.238  -35.975  12.025 1518.0000000000
22797  8.720  74.424  -14.228 1521.0000000000
36996  32.858  -75.305  -31.437 1525.0000000000
28180  19.162  79.974  -34.172 1531.0000000000
37460  18.653  25.979  -34.878 1536.0000000000
29300  65.008  -1.181  -10.199 1543.0000000000
29319  3.099  14.117  -18.027 1544.0000000000
9212  49.185  -47.038  -13.917 1545.0000000000
29046  4.516  0.527  49.887 1551.0000000000
29698  10.580  51.165  -25.613 1554.0000000000
38550  39.780  -55.580  -11.293 1556.0000000000
29969  32.406  42.433  -32.771 1557.0000000000
12981  15.549  -42.777  -25.672 1571.0000000000
39525  61.304  -33.992  8.501 1578.0000000000
39557  7.674  21.523  -24.904 1581.0000000000
33032  10.335  32.081  -33.494 1582.0000000000
12406  15.939  -18.116  33.330 1586.0000000000
31916  38.340  27.431  -23.474 1587.0000000000
32729  25.653  -64.434  3.023 1605.0000000000
33364  33.349  -20.228  29.849 1613.0000000000
34227  23.795  -60.846  29.798 1621.0000000000
34391  50.001  -34.376  21.798 1623.0000000000
41493  34.871  15.640  -62.908 1629.0000000000
18738  54.113  7.548  -15.091 1631.0000000000
33309  30.057  -29.439  20.129 1636.0000000000
25472  52.444  14.664  -8.994 1638.0000000000
34427  34.510  -48.140  20.913 1639.0000000000
1910  39.796  43.467  -8.500 1641.0000000000
34595  29.776  53.312  7.637 1642.0000000000
3488  27.831  -51.390  39.040 1646.0000000000
3489  46.503  43.830  -8.934 1649.0000000000
3545  6.006  -2.576  -3.816 1651.0000000000
4844  32.118  -54.740  26.734 1654.0000000000
9082  43.796  -13.709  46.582 1661.0000000000
5780  52.475  1.902  -53.406 1664.0000000000
28165  23.723  -40.052  43.520 1666.0000000000
11170  33.550  60.368  -33.257 1683.0000000000
39526  11.496  -54.724  -18.715 1684.0000000000
10211  32.482  25.727  36.181 1686.0000000000
42008  31.231  15.147  -64.195 1697.0000000000
12980  38.526  42.150  5.964 1704.0000000000
13689  58.304  19.617  18.751 1714.0000000000
14161  51.257  -33.525  -28.573 1720.0000000000
14934  46.117  40.672  17.472 1734.0000000000
17651  25.823  77.386  -7.240 1738.0000000000
15547  42.342  10.685  -2.922 1741.0000000000
17189  31.428  -66.283  20.426 1750.0000000000
18312  21.808  -71.454  -24.796 1754.0000000000
26908  58.997  26.573  4.566 1758.0000000000
26907  16.933  63.942  -16.974 1762.0000000000
4976  39.690  20.883  -40.794 1770.0000000000
4843  31.751  -54.755  27.985 1772.0000000000
30542  43.982  29.872  -9.228 1778.0000000000
9083  45.291  -13.875  45.406 1779.0000000000
7740  23.410  69.856  11.164 1782.0000000000
9108  5.594  -39.963  -0.202 1785.0000000000
9213  49.040  -45.994  -13.695 1786.0000000000
9211  25.561  22.419  48.422 1788.0000000000
10210  23.821  -57.282  -22.558 1797.0000000000
12407  6.804  29.913  27.062 1798.0000000000
1336  60.746  -36.589  5.452 1801.0000000000
12534  34.823  -35.598  25.332 1802.0000000000
11765  37.194  -9.485  -37.370 1807.0000000000
14160  23.687  -33.259  45.090 1814.0000000000
12982  45.235  15.176  -54.893 1817.0000000000
14882  24.207  71.925  -33.796 1822.0000000000
13688  59.190  18.682  18.296 1825.0000000000
15586  50.257  -0.189  -23.345 1836.0000000000
16075  9.377  -23.802  45.629 1837.0000000000
17650  26.629  74.855  -7.277 1840.0000000000
18295  22.739  -78.352  4.177 1847.0000000000
25470  6.529  36.791  41.371 1855.0000000000
25491  28.009  53.783  6.179 1856.0000000000
26873  34.167  -11.836  -24.354 1858.0000000000
1911  5.797  0.995  38.356 1862.0000000000
3490  48.969  44.192  -8.091 1863.0000000000
1909  39.604  43.007  -7.939 1864.0000000000
9081  45.928  -12.137  45.241 1876.0000000000
31588  41.426  40.662  -30.238 1888.0000000000
1896  12.660  70.918  -22.576 1892.0000000000
2728  55.246  -15.776  15.137 1903.0000000000
4078  37.970  12.241  -27.142 1910.0000000000
13082  31.081  57.634  -26.621 1914.0000000000
13667  6.959  51.482  -2.339 1916.0000000000
15499  66.558  -19.894  -31.457 1920.0000000000
7372  49.413  -45.523  23.170 1922.0000000000
17652  42.210  -21.982  40.208 1931.0000000000
18716  23.862  76.904  -7.121 1938.0000000000
25493  20.645  6.652  -46.292 1949.0000000000
25471  19.634  -12.159  56.747 1951.0000000000
26909  61.559  -21.654  5.183 1953.0000000000
27199  7.796  -5.372  37.235 1956.0000000000
28077  63.683  21.461  0.264 1960.0000000000
4906  41.514  -6.269  -13.177 1961.0000000000
29848  4.961  19.625  -37.555 1964.0000000000
5836  10.181  77.952  11.142 1966.0000000000
30541  47.491  28.621  -2.316 1969.0000000000
30999  55.805  6.584  -55.438 1970.0000000000
31229  42.944  -1.447  -39.966 1973.0000000000
31732  27.360  -54.099  -13.978 1974.0000000000
31756  18.655  56.040  -37.132 1975.0000000000
1602  37.309  -6.438  -39.240 1978.0000000000
1603  36.537  -6.155  -39.115 1986.0000000000
445  55.263  -22.324  -42.596 1987.0000000000
1337  55.586  35.950  -15.390 1988.0000000000
1895  34.330  52.943  -25.848 1990.0000000000
3555  42.273  33.118  13.876 1994.0000000000
4140  29.202  5.531  46.075 1999.0000000000
7612  7.278  75.182  -10.824 2016.0000000000
7812  49.273  58.070  -9.893 2020.0000000000
35842  67.760  -14.379  12.931 2024.0000000000
36091  27.462  -52.788  -11.196 2031.0000000000
10269  25.354  -68.047  -36.449 2035.0000000000
12700  50.606  29.791  23.231 2037.0000000000
10818  7.655  0.218  11.573 2039.0000000000
14143  21.093  -12.764  -24.683 2043.0000000000
14169  18.868  85.603  -17.665 2049.0000000000
17673  10.451  -22.950  44.779 2053.0000000000
444  55.969  -22.467  -41.044 2062.0000000000
1335  22.634  12.008  -49.170 2069.0000000000
20432  49.405  -13.776  11.341 2071.0000000000
2677  30.645  68.140  -15.748 2084.0000000000
4347  25.262  -44.701  6.625 2088.0000000000
3503  17.249  -16.040  45.695 2091.0000000000
6134  32.035  33.184  -6.175 2099.0000000000
7611  47.497  -23.453  3.571 2107.0000000000
8873  63.689  -38.105  -18.428 2112.0000000000
8341  16.563  61.946  -20.133 2117.0000000000
10133  54.238  19.262  -12.812 2119.0000000000
10693  48.889  42.446  -6.684 2122.0000000000
10817  53.992  34.879  0.733 2124.0000000000
9375  58.184  -22.552  -25.642 2126.0000000000
10819  11.989  -49.687  44.298 2131.0000000000
12752  56.827  -7.168  -15.786 2133.0000000000
16823  22.783  3.283  -48.205 2145.0000000000
26783  7.517  -63.966  -5.750 2146.0000000000
27090  7.775  -48.545  34.911 2147.0000000000
27471  40.216  11.398  -18.203 2151.0000000000
27991  6.207  -74.100  -15.178 2154.0000000000
19593  54.630  4.644  -4.009 2155.0000000000
446  8.195  75.044  -35.234 2158.0000000000
19594  33.698  -44.101  11.209 2164.0000000000
1897  11.856  70.209  -22.336 2170.0000000000
1604  23.820  68.478  -16.799 2172.0000000000
2176  40.264  29.056  36.208 2174.0000000000
1819  61.162  18.729  15.386 2176.0000000000
4346  40.517  -57.978  -16.344 2181.0000000000
3524  66.084  -21.946  -35.180 2184.0000000000
4663  44.915  -1.865  -13.310 2186.0000000000
7371  53.621  13.393  -7.401 2197.0000000000
7781  43.201  10.929  -51.934 2200.0000000000
7613  9.780  17.740  52.788 2202.0000000000
10134  21.931  1.207  -45.585 2212.0000000000
25549  14.404  -35.683  -11.053 2215.0000000000
10159  56.158  -30.889  -38.825 2216.0000000000
26394  8.051  67.161  15.229 2220.0000000000
12701  59.719  -39.679  11.361 2224.0000000000
14144  51.967  9.178  -29.469 2232.0000000000
25277  21.153  -12.011  56.191 2233.0000000000
15803  6.041  44.064  -24.602 2235.0000000000
17674  42.479  51.916  -24.536 2242.0000000000
27103  59.397  0.441  -12.554 2246.0000000000
21190  47.301  -13.549  10.004 2258.0000000000
21612  59.166  20.805  -10.185 2268.0000000000
21696  26.729  -66.477  11.198 2272.0000000000
22994  12.719  65.461  20.920 2277.0000000000
23285  38.929  -55.296  7.074 2278.0000000000
22868  64.587  12.452  -9.253 2283.0000000000
24205  25.470  68.395  -11.190 2285.0000000000
31750  9.650  -65.906  -28.650 2295.0000000000
25565  32.164  -17.149  23.072 2297.0000000000
26808  5.461  -70.898  -31.307 2306.0000000000
22054  34.199  13.549  -42.175 2310.0000000000
23270  56.771  -9.958  16.684 2314.0000000000
24537  29.969  -57.071  12.152 2315.0000000000
26321  16.556  -71.925  -33.604 2319.0000000000
27070  9.194  -60.315  -30.536 2322.0000000000
27978  14.680  17.562  23.029 2330.0000000000
28261  53.155  -46.809  -34.724 2332.0000000000
28327  13.085  -74.498  -0.752 2334.0000000000
28693  14.501  36.189  36.116 2338.0000000000
29125  33.054  -72.343  -8.319 2339.0000000000
29111  32.509  -67.510  2.742 2346.0000000000
30164  25.679  76.317  -29.049 2352.0000000000
30436  5.300  -49.345  10.113 2354.0000000000
35087  53.919  53.798  -19.151 2355.0000000000
29863  36.413  24.614  -17.005 2356.0000000000
36671  47.782  27.520  -7.674 2369.0000000000
31437  17.964  75.868  -30.258 2374.0000000000
32046  14.232  74.008  9.015 2376.0000000000
32650  18.277  -74.009  -23.145 2383.0000000000
32340  28.129  55.961  -28.482 2385.0000000000
32999  57.466  46.282  -8.458 2390.0000000000
37090  6.144  -41.601  15.359 2399.0000000000
30812  23.482  -67.258  0.738 2400.0000000000
38184  16.129  -73.489  -27.545 2403.0000000000
32175  59.620  27.249  4.591 2404.0000000000
32617  14.573  59.343  25.355 2406.0000000000
33648  49.134  37.412  24.725 2409.0000000000
33642  21.190  77.708  -33.712 2412.0000000000
34017  23.799  -12.877  38.354 2415.0000000000
35302  6.011  -7.571  -3.344 2428.0000000000
9482  51.938  -57.956  -23.915 2429.0000000000
9483  55.883  -24.801  -25.352 2431.0000000000
35693  25.392  -68.646  12.749 2434.0000000000
10974  23.390  -81.934  -32.395 2437.0000000000
11052  13.299  82.323  -0.432 2438.0000000000
30566  23.649  69.207  12.848 2445.0000000000
40708  34.416  -73.997  -34.428 2451.0000000000
36228  41.243  -10.525  41.054 2452.0000000000
41201  18.701  -52.209  -20.733 2459.0000000000
41714  51.646  34.734  18.446 2466.0000000000
37812  49.461  -49.831  -5.300 2468.0000000000
38294  30.231  -77.568  -13.924 2476.0000000000
38338  52.009  39.315  -4.801 2478.0000000000
36596  29.519  58.760  -0.052 2486.0000000000
36606  40.747  58.154  12.894 2489.0000000000
38197  34.399  -23.223  38.517 2492.0000000000
38511  5.751  -42.505  -1.703 2493.0000000000
5986  17.163  -2.843  19.392 2500.0000000000
6082  24.117  5.099  -31.648 2504.0000000000
39439  17.097  -44.371  -27.217 2505.0000000000
8190  15.586  -74.996  -22.984 2508.0000000000
8104  18.721  -58.106  -32.154 2512.0000000000
4425  13.777  51.051  9.937 2517.0000000000
9017  58.469  21.550  -22.191 2526.0000000000
11982  38.665  -0.834  29.749 2536.0000000000
10975  41.762  -45.292  -9.256 2538.0000000000
12743  39.016  -19.031  -38.133 2541.0000000000
18360  29.167  -43.647  28.111 2562.0000000000
18821  63.166  -5.753  17.539 2578.0000000000
17463  60.674  -11.298  -9.093 2580.0000000000
17440  54.289  11.699  -19.457 2581.0000000000
662  63.643  1.259  -40.080 2584.0000000000
663  65.266  2.019  -39.958 2586.0000000000
3852  3.993  -19.023  -12.129 2588.0000000000
4684  10.219  26.790  50.082 2590.0000000000
4685  10.967  25.821  50.688 2591.0000000000
5900  1.526  12.310  -4.213 2597.0000000000
7361  14.247  32.515  20.058 2600.0000000000
4423  34.121  66.161  6.078 2606.0000000000
8105  11.370  -33.286  -9.633 2609.0000000000
10406  46.110  -14.535  44.340 2616.0000000000
9484  57.105  -23.051  -25.901 2619.0000000000
10338  11.965  -38.102  -17.337 2624.0000000000
10976  62.736  14.714  -9.356 2628.0000000000
12332  21.615  -28.402  37.991 2631.0000000000
12742  33.382  -12.836  -34.845 2634.0000000000
28476  36.570  -4.299  2.537 2640.0000000000
29633  48.831  15.947  18.263 2647.0000000000
14865  55.830  12.858  26.377 2649.0000000000
30573  32.979  -39.897  -11.569 2650.0000000000
17814  5.643  63.760  -37.603 2660.0000000000
18359  4.960  68.508  -41.301 2664.0000000000
19300  25.383  1.993  -32.003 2675.0000000000
20907  35.732  27.604  23.445 2676.0000000000
661  8.388  -6.971  29.602 2679.0000000000
5901  1.570  16.108  -7.806 2684.0000000000
4686  51.397  -20.824  28.889 2686.0000000000
6081  60.904  -22.013  -34.778 2692.0000000000
7328  10.247  -34.009  -7.479 2693.0000000000
8189  51.469  -59.124  -11.026 2698.0000000000
10407  17.261  -52.642  20.548 2704.0000000000
11051  8.951  79.497  -9.404 2709.0000000000
11723  50.917  -31.661  34.259 2712.0000000000
26468  8.122  -0.686  55.404 2715.0000000000
12306  16.724  48.064  34.259 2719.0000000000
12333  34.000  47.124  17.448 2720.0000000000
13446  34.609  -61.779  -17.231 2728.0000000000
27829  31.603  -9.369  28.452 2733.0000000000
30197  6.497  -42.550  14.947 2745.0000000000
15994  43.738  49.344  -5.930 2747.0000000000
30636  47.765  -52.811  -4.804 2753.0000000000
18361  50.016  -11.936  -8.803 2755.0000000000
31115  14.244  -25.968  -18.190 2758.0000000000
31189  29.616  71.855  -5.179 2763.0000000000
17441  43.326  55.083  11.009 2764.0000000000
19282  33.242  -71.861  -27.916 2766.0000000000
20955  26.229  26.837  24.747 2768.0000000000
23069  29.818  -59.239  -34.295 2774.0000000000
24070  66.827  2.718  -13.081 2777.0000000000
24914  36.275  31.921  -20.191 2780.0000000000
22207  8.938  61.570  30.190 2785.0000000000
4424  60.321  -37.228  2.408 2793.0000000000
26133  28.461  55.989  -29.846 2796.0000000000
27244  6.888  67.062  13.206 2797.0000000000
27311  39.665  33.655  -25.061 2799.0000000000
27442  47.490  -54.819  2.913 2802.0000000000
11067  32.660  1.288  -45.749 2807.0000000000
28477  7.030  -23.454  55.173 2809.0000000000
28789  51.031  0.369  15.833 2821.0000000000
29253  19.055  -53.511  -0.528 2826.0000000000
29225  24.605  56.827  -34.651 2829.0000000000
34782  6.772  -72.223  7.410 2836.0000000000
30574  61.769  -14.818  -11.899 2837.0000000000
30932  11.068  -7.522  38.569 2848.0000000000
11098  38.666  74.766  -20.364 2853.0000000000
31345  7.594  47.490  3.768 2855.0000000000
28751  34.044  -42.060  27.355 2868.0000000000
26598  45.324  40.050  -27.951 2871.0000000000
31078  52.927  -4.799  5.150 2878.0000000000
31496  56.318  2.720  7.191 2883.0000000000
31509  38.354  -40.091  36.167 2884.0000000000
31703  48.040  -49.903  8.616 2885.0000000000
4807  46.864  21.447  -41.902 2895.0000000000
4746  39.593  -68.850  -5.518 2898.0000000000
33449  35.147  30.460  -19.598 2902.0000000000
33481  15.925  -78.389  4.181 2903.0000000000
33530  15.284  -22.038  44.370 2905.0000000000
33711  61.113  3.777  2.239 2907.0000000000
6058  59.405  35.456  -8.262 2920.0000000000
6059  17.326  -59.016  -8.130 2921.0000000000
6178  50.848  -36.192  29.994 2924.0000000000
7648  8.898  16.339  52.618 2929.0000000000
10351  33.203  -66.561  1.962 2935.0000000000
7669  42.233  34.383  4.184 2936.0000000000
10352  50.393  30.912  24.802 2939.0000000000
26047  29.360  12.938  42.887 2942.0000000000
11575  32.393  -35.089  46.775 2950.0000000000
10983  62.375  8.456  19.535 2951.0000000000
11100  47.667  -3.610  15.381 2953.0000000000
11573  32.288  11.153  -56.745 2954.0000000000
21916  23.954  -51.717  7.268 2963.0000000000
21915  22.777  -55.133  7.798 2964.0000000000
23710  19.118  -45.750  -7.682 2966.0000000000
24372  12.579  42.573  -34.183 2967.0000000000
26571  5.656  12.950  42.997 2973.0000000000
27186  24.243  5.464  50.835 2976.0000000000
27485  45.050  55.833  -17.440 2977.0000000000
27116  50.333  -25.792  -10.120 2980.0000000000
28305  30.092  -36.865  32.844 2985.0000000000
29109  3.987  -10.768  46.995 2991.0000000000
29139  37.783  74.245  -25.532 2993.0000000000
27117  41.785  11.520  40.613 2995.0000000000
29123  12.364  -75.513  -15.406 2998.0000000000
28998  9.118  -15.167  51.530 3001.0000000000
4745  27.570  4.788  44.349 3005.0000000000
7510  47.859  33.124  -17.071 3008.0000000000
30163  41.183  -10.800  46.183 3009.0000000000
6116  10.837  -45.363  -6.096 3012.0000000000
4744  24.621  -4.322  -29.405 3017.0000000000
8196  22.258  24.863  26.856 3022.0000000000
6057  64.356  -38.023  -16.704 3025.0000000000
6179  1.721  37.108  -13.493 3028.0000000000
7511  45.236  33.273  -15.408 3029.0000000000
8216  45.078  61.259  -19.297 3033.0000000000
11099  5.794  18.045  44.708 3056.0000000000
21962  16.880  -57.238  24.280 3064.0000000000
21917  39.789  -64.247  1.323 3065.0000000000
21934  15.394  -5.746  16.306 3066.0000000000
24890  52.828  -37.734  -3.536 3071.0000000000
25802  34.629  -34.293  15.913 3074.0000000000
26572  42.239  -5.435  4.223 3076.0000000000
26593  57.801  4.551  12.877 3080.0000000000
27185  21.286  -5.531  -29.495 3087.0000000000
27468  26.857  60.690  -4.186 3088.0000000000
27505  29.356  -7.050  -29.596 3089.0000000000
28306  10.504  -81.745  -6.326 3098.0000000000
29140  36.569  4.390  -49.230 3104.0000000000
7649  7.259  -2.839  19.609 3111.0000000000
6732  6.455  15.616  21.487 3115.0000000000
7650  6.762  -2.542  19.493 3118.0000000000
7512  9.157  -27.151  4.072 3129.0000000000
32969  24.311  -58.359  32.193 3137.0000000000
10350  34.532  -66.103  1.665 3140.0000000000
26045  1.487  31.154  -8.669 3144.0000000000
10371  56.020  7.047  20.623 3145.0000000000
11635  3.915  -20.948  49.288 3153.0000000000
11574  38.842  -4.078  23.252 3157.0000000000
21976  7.022  47.399  21.031 3161.0000000000
23709  39.140  4.363  -55.679 3164.0000000000
40624  30.095  68.296  -13.012 3169.0000000000
25803  15.267  -13.837  56.204 3170.0000000000
29013  50.063  -25.068  9.399 3176.0000000000
689  17.961  -22.318  33.156 3177.0000000000
28173  22.420  -49.970  10.846 3183.0000000000
29042  30.295  47.447  9.095 3185.0000000000
29041  6.040  -15.698  21.701 3186.0000000000
29108  65.995  -31.943  -20.880 3189.0000000000
28999  13.009  72.741  -40.261 3192.0000000000
3647  47.027  -26.009  -44.248 3198.0000000000
31089  8.154  79.766  4.912 3202.0000000000
43001  36.913  -58.604  4.651 3209.0000000000
32066  8.841  -79.962  -10.123 3213.0000000000
8647  19.380  -63.511  15.507 3214.0000000000
32357  47.244  -46.051  -26.700 3216.0000000000
32932  30.459  -6.021  33.843 3223.0000000000
10640  60.105  4.760  26.615 3232.0000000000
26046  18.772  -43.274  5.951 3237.0000000000
33859  38.230  12.967  -0.703 3241.0000000000
34214  8.054  -19.555  22.238 3246.0000000000
34236  2.745  11.190  -30.949 3248.0000000000
43964  36.258  -26.935  20.311 3250.0000000000
39475  43.177  -41.050  22.675 3260.0000000000
39503  34.980  -61.793  -18.032 3262.0000000000
40337  23.173  -84.843  -18.456 3263.0000000000
10028  5.176  -43.130  31.644 3265.0000000000
44174  21.644  33.404  26.829 3270.0000000000
43975  18.439  -52.430  43.395 3272.0000000000
690  26.350  56.429  12.225 3278.0000000000
42380  33.198  20.810  40.775 3287.0000000000
42384  15.568  -51.102  -25.838 3288.0000000000
3608  37.703  4.952  -17.354 3289.0000000000
1083  9.009  -66.871  -33.008 3292.0000000000
2860  47.587  52.801  -29.153 3294.0000000000
3607  7.925  66.781  9.069 3296.0000000000
3679  43.892  50.781  10.894 3300.0000000000
5250  26.698  -17.883  -18.918 3303.0000000000
43012  5.032  39.465  -43.887 3308.0000000000
4550  51.754  -32.858  -2.690 3314.0000000000
9585  35.127  -17.989  -30.781 3321.0000000000
5826  23.570  68.562  -18.369 3325.0000000000
8675  56.493  -28.646  1.891 3327.0000000000
9162  66.324  7.103  -32.641 3328.0000000000
9288  31.440  28.107  35.024 3330.0000000000
10574  35.064  -68.527  -11.406 3336.0000000000
12639  23.685  38.512  40.849 3346.0000000000
12301  56.866  -39.518  -3.333 3355.0000000000
13012  29.287  28.728  26.018 3358.0000000000
1215  2.363  36.153  -21.190 3368.0000000000
2884  55.595  -36.629  -38.396 3375.0000000000
1081  8.164  9.341  10.625 3381.0000000000
3606  41.773  -5.968  -40.211 3384.0000000000
3646  10.732  3.338  32.001 3385.0000000000
5885  49.713  -44.724  22.791 3388.0000000000
5884  4.043  -58.113  -19.129 3389.0000000000
6037  55.834  -35.131  -22.601 3391.0000000000
7088  24.809  -79.174  -18.291 3396.0000000000
7232  52.019  56.072  -11.183 3400.0000000000
7931  3.365  -1.407  -37.048 3404.0000000000
7932  3.657  -0.265  -37.107 3405.0000000000
5249  41.405  46.783  -30.785 3406.0000000000
8676  56.254  -29.150  2.880 3409.0000000000
9287  6.281  27.775  41.552 3423.0000000000
10606  16.720  -15.682  41.601 3426.0000000000
12638  22.724  38.408  40.948 3429.0000000000
22452  23.432  22.429  26.835 3430.0000000000
12816  11.033  17.161  -33.285 3434.0000000000
13014  47.380  -32.454  32.233 3439.0000000000
688  17.221  -20.881  33.879 3445.0000000000
1082  53.846  16.624  -42.943 3447.0000000000
726  65.062  2.497  -40.147 3448.0000000000
2859  8.203  51.000  -7.112 3454.0000000000
4551  27.328  25.351  -62.546 3460.0000000000
4644  33.000  -71.929  -15.463 3464.0000000000
3857  50.320  46.400  -28.816 3467.0000000000
4588  25.313  -65.439  6.073 3469.0000000000
5886  29.057  37.124  -41.903 3471.0000000000
5923  6.491  -66.982  -17.825 3472.0000000000
6070  22.446  45.791  -31.151 3474.0000000000
17781  47.899  -41.777  24.241 3480.0000000000
9163  20.381  -42.168  49.564 3491.0000000000
9381  28.575  -44.444  33.455 3496.0000000000
9606  28.711  45.929  -34.395 3497.0000000000
7930  44.641  44.483  -10.746 3499.0000000000
10575  24.958  -49.262  -26.734 3501.0000000000
7701  41.508  0.817  -42.998 3504.0000000000
11535  41.237  30.954  13.401 3521.0000000000
12283  4.951  -52.730  17.983 3525.0000000000
31906  23.742  58.527  10.020 3527.0000000000
13111  36.916  -1.436  -21.451 3529.0000000000
14204  22.829  -70.338  11.858 3533.0000000000
14844  8.191  -7.595  -22.007 3537.0000000000
980  2.990  23.788  -15.578 3538.0000000000
2319  54.921  -50.103  -22.722 3542.0000000000
112  35.168  -30.198  40.374 3543.0000000000
1061  61.810  -6.870  26.766 3546.0000000000
1242  36.322  22.519  -39.451 3547.0000000000
3783  68.057  4.334  -18.352 3550.0000000000
17751  8.489  72.032  -39.695 3557.0000000000
3070  57.738  -9.345  -44.455 3558.0000000000
3769  41.682  -57.620  -15.805 3561.0000000000
1367  65.479  -9.221  -32.312 3573.0000000000
5991  6.907  -47.609  -17.281 3576.0000000000
6051  35.474  -49.208  -34.476 3580.0000000000
7639  4.977  -57.992  -10.929 3585.0000000000
8228  38.072  25.181  39.840 3591.0000000000
9592  29.028  -45.361  -11.201 3592.0000000000
22453  10.849  -26.792  -13.931 3602.0000000000
9047  36.132  69.567  -28.817 3603.0000000000
23001  15.265  -49.706  22.190 3605.0000000000
31628  48.149  0.629  -19.468 3615.0000000000
7046  8.080  83.666  -27.700 3616.0000000000
32167  51.112  -8.629  37.105 3618.0000000000
113  43.236  -50.885  29.230 3622.0000000000
36706  58.504  -26.698  23.064 3624.0000000000
32519  1.829  48.030  -11.718 3625.0000000000
979  2.883  22.325  -12.424 3631.0000000000
5360  18.627  -24.939  27.774 3637.0000000000
1330  38.284  63.911  -21.773 3639.0000000000
3034  15.522  40.183  -38.569 3642.0000000000
1188  55.907  8.910  -38.771 3644.0000000000
3770  53.075  -44.738  6.059 3649.0000000000
1231  36.756  -1.054  -31.310 3650.0000000000
2619  12.535  2.588  -39.275 3652.0000000000
3071  51.015  1.056  -12.615 3654.0000000000
6030  6.749  66.294  -24.436 3656.0000000000
5451  34.784  20.233  11.362 3659.0000000000
6926  38.664  28.215  38.017 3668.0000000000
4937  38.508  60.310  -29.301 3672.0000000000
1368  23.414  -63.576  19.913 3676.0000000000
5626  17.601  -35.252  3.330 3678.0000000000
1230  37.998  -1.385  -31.849 3685.0000000000
2479  5.163  -29.848  39.386 3688.0000000000
10457  38.242  -67.578  -36.062 3689.0000000000
11536  8.476  -18.942  5.459 3690.0000000000
44939  8.663  76.266  -35.784 3695.0000000000
36707  21.724  -0.010  -31.280 3696.0000000000
7631  21.270  -23.745  -24.444 3699.0000000000
2320  55.658  -48.753  -22.443 3700.0000000000
28292  5.045  -1.933  49.924 3701.0000000000
6276  29.303  30.076  31.867 3705.0000000000
6105  50.691  20.098  11.666 3707.0000000000
114  42.426  -52.789  28.353 3711.0000000000
978  57.188  4.053  -17.501 3713.0000000000
910  38.038  18.917  -27.525 3720.0000000000
228  33.904  16.412  36.604 3722.0000000000
229  34.140  16.508  37.864 3733.0000000000
1625  59.783  9.635  -18.883 3735.0000000000
1925  10.107  -27.840  -11.972 3736.0000000000
1329  44.356  -37.449  -30.615 3740.0000000000
1468  50.531  -36.096  32.946 3741.0000000000
4915  20.017  30.577  33.767 3749.0000000000
3191  42.230  4.384  44.902 3752.0000000000
9125  50.642  -46.999  -13.889 3756.0000000000
9634  22.881  -3.508  -30.893 3758.0000000000
5657  25.261  -14.069  -29.259 3765.0000000000
36705  46.180  1.419  26.937 3781.0000000000
37444  55.143  -49.231  7.138 3786.0000000000
29442  8.998  44.807  40.195 3787.0000000000
29443  8.228  44.704  39.935 3788.0000000000
1331  37.511  64.497  -22.657 3798.0000000000
1466  54.911  36.487  -13.829 3801.0000000000
3863  7.843  -59.140  -6.080 3807.0000000000
4913  12.783  -31.275  7.876 3815.0000000000
1467  47.477  -5.481  -11.089 3818.0000000000
3272  23.410  12.195  -49.240 3819.0000000000
5577  16.084  -25.087  -19.974 3822.0000000000
6490  11.255  -33.938  -4.916 3833.0000000000
9249  17.766  -25.771  15.095 3835.0000000000
4914  37.105  -69.745  -6.431 3837.0000000000
39352  55.905  14.010  12.843 3846.0000000000
7632  21.417  -24.285  -23.510 3847.0000000000
28234  8.186  37.556  36.107 3849.0000000000
28291  4.890  -0.999  51.180 3851.0000000000
40201  27.866  -46.102  13.743 3852.0000000000
29413  36.335  -49.348  22.907 3859.0000000000
227  6.288  6.796  48.251 3865.0000000000
1526  49.591  -30.187  23.072 3867.0000000000
1889  7.045  67.604  10.659 3873.0000000000
3343  0.569  45.473  -12.484 3874.0000000000
5627  69.066  -6.341  -14.362 3882.0000000000
6461  29.921  -50.052  29.083 3887.0000000000
4705  31.182  1.212  -43.271 3895.0000000000
5289  67.235  8.103  5.012 3897.0000000000
29441  4.660  -67.389  -21.366 3917.0000000000
29414  30.072  -64.455  -8.956 3919.0000000000
646  44.642  -19.149  -12.491 3920.0000000000
30459  21.652  -65.779  -25.086 3923.0000000000
2037  1.087  38.094  -20.562 3931.0000000000
3808  45.562  -27.180  4.781 3937.0000000000
19691  52.827  32.774  -9.411 3938.0000000000
3835  54.479  -45.338  -4.034 3941.0000000000
32766  14.451  -24.489  25.694 3947.0000000000
5789  27.984  71.334  -10.182 3951.0000000000
29249  49.255  -34.802  -16.039 3955.0000000000
29286  20.313  -19.424  54.428 3960.0000000000
40196  41.496  68.832  -12.096 3962.0000000000
40440  52.113  45.686  8.630 3964.0000000000
31036  47.954  10.136  14.051 3967.0000000000
31655  47.294  -53.228  -15.018 3970.0000000000
647  12.627  62.281  27.257 3972.0000000000
31957  36.410  11.919  -11.285 3973.0000000000
2038  49.258  -45.126  8.379 3976.0000000000
5290  67.785  5.581  3.828 3982.0000000000
5851  19.962  48.943  22.625 3988.0000000000
29248  26.505  33.375  -42.009 3998.0000000000
29285  0.793  29.168  2.378 4000.0000000000
42559  49.793  36.142  14.238 4004.0000000000
31035  53.718  15.413  -22.722 4005.0000000000
30335  36.544  52.989  13.179 4006.0000000000
31145  15.635  -22.335  49.388 4009.0000000000
645  45.072  -18.732  -11.933 4013.0000000000
26223  9.015  -48.695  14.490 4022.0000000000
2417  15.417  -47.178  -15.054 4028.0000000000
3809  47.186  -28.427  6.004 4030.0000000000
6998  33.631  26.767  39.292 4035.0000000000
24396  30.759  -45.433  -28.813 4053.0000000000
31140  8.995  -67.360  -27.234 4054.0000000000
31829  40.533  33.920  -51.978 4055.0000000000
31849  15.189  -55.956  -3.646 4057.0000000000
19692  40.056  -17.575  27.091 4060.0000000000
32437  22.394  -18.822  39.643 4062.0000000000
432  46.485  -5.405  -38.841 4069.0000000000
431  45.117  -6.961  -37.626 4073.0000000000
2418  43.747  50.609  17.757 4074.0000000000
33797  59.093  -1.280  -17.679 4077.0000000000
5276  5.707  23.852  11.784 4081.0000000000
21893  36.926  -69.770  -24.337 4086.0000000000
24348  33.289  12.874  -45.109 4088.0000000000
21892  41.631  40.794  9.231 4089.0000000000
42558  49.849  35.009  14.819 4092.0000000000
24394  64.164  11.140  13.233 4095.0000000000
23461  7.348  2.077  20.257 4096.0000000000
25656  11.942  -40.139  -15.768 4099.0000000000
25746  4.084  22.777  -40.184 4101.0000000000
27674  16.366  -13.982  26.803 4107.0000000000
2540  3.801  -12.493  49.022 4117.0000000000
4757  15.559  -21.122  -13.596 4119.0000000000
5899  17.560  -44.675  4.854 4128.0000000000
21908  54.183  -14.317  -41.956 4132.0000000000
24395  9.838  34.573  -35.682 4135.0000000000
24673  56.312  -15.870  23.965 4138.0000000000
2419  68.958  -13.950  -25.173 4153.0000000000
430  36.574  14.234  -2.819 4155.0000000000
5949  7.407  9.439  48.955 4165.0000000000
21894  7.904  -10.805  -9.553 4171.0000000000
23820  14.197  68.230  -39.664 4177.0000000000
11177  2.884  19.314  7.984 4180.0000000000
13861  41.252  66.872  -25.866 4181.0000000000
25745  43.230  -17.404  -2.697 4186.0000000000
27675  33.001  -35.345  32.267 4190.0000000000
27736  10.516  -5.664  42.165 4191.0000000000
29740  14.120  66.446  -19.432 4200.0000000000
29773  11.886  57.614  -44.890 4203.0000000000
31396  37.664  -59.814  -36.115 4205.0000000000
24709  31.625  67.444  -12.104 4219.0000000000
29195  25.850  -6.722  39.199 4232.0000000000
29859  49.562  4.003  35.274 4235.0000000000
30748  23.284  65.349  4.142 4244.0000000000
22595  46.719  -6.434  -28.604 4247.0000000000
31430  35.360  -7.072  35.941 4249.0000000000
7231  50.180  56.794  -10.412 4250.0000000000
7843  62.337  11.076  -22.170 4252.0000000000
10670  5.326  21.004  8.032 4254.0000000000
12563  4.930  -51.684  18.666 4256.0000000000
15657  43.299  54.433  -0.417 4260.0000000000
15600  43.080  37.322  -47.215 4262.0000000000
16993  2.480  -22.094  -1.784 4266.0000000000
19543  40.776  -12.196  -8.303 4267.0000000000
19544  41.843  -11.263  -9.153 4269.0000000000
12047  7.882  26.128  33.935 4287.0000000000
17149  10.125  58.128  -38.606 4294.0000000000
15681  43.285  22.347  38.137 4295.0000000000
18470  13.128  69.817  -41.562 4298.0000000000
19637  16.515  -3.780  -37.753 4301.0000000000
20819  4.992  -66.706  -9.969 4303.0000000000
22594  5.008  -64.963  -16.319 4306.0000000000
22968  7.035  82.063  -20.611 4310.0000000000
22596  8.145  -76.675  1.251 4311.0000000000
10637  27.845  -70.325  15.541 4319.0000000000
13862  47.796  -58.489  -28.524 4322.0000000000
13880  41.456  -0.697  -42.886 4323.0000000000
14067  8.204  12.079  30.989 4324.0000000000
15625  61.591  -16.843  3.475 4327.0000000000
18509  30.948  -36.326  45.892 4332.0000000000
1999  44.005  -43.462  25.319 4333.0000000000
32742  11.957  66.649  -26.099 4338.0000000000
2603  23.144  -64.346  19.589 4340.0000000000
5945  67.873  7.631  2.568 4347.0000000000
33045  10.336  -33.857  23.452 4349.0000000000
7842  63.063  7.979  -22.673 4351.0000000000
10669  3.017  -1.294  -17.577 4355.0000000000
29560  40.043  -3.520  30.505 4360.0000000000
6375  61.795  -8.472  -34.634 4380.0000000000
36122  45.114  9.147  -0.302 4385.0000000000
21083  47.535  -13.039  -38.400 4386.0000000000
24230  61.051  8.344  -36.048 4392.0000000000
2000  6.407  41.999  31.851 4397.0000000000
3650  43.031  -58.613  -16.581 4403.0000000000
5223  10.573  8.422  49.473 4405.0000000000
21082  32.937  61.495  -33.276 4419.0000000000
22654  49.184  3.370  -55.129 4421.0000000000
22655  24.948  53.825  31.182 4422.0000000000
23773  5.827  67.559  -38.221 4423.0000000000
2601  16.281  -65.697  -14.130 4429.0000000000
1998  15.828  -34.145  -20.167 4433.0000000000
2602  23.538  -63.399  18.630 4434.0000000000
5251  54.822  34.877  5.471 4440.0000000000
5944  20.100  -22.232  57.562 4441.0000000000
5976  12.549  5.578  54.907 4443.0000000000
8607  6.673  63.727  9.859 4445.0000000000
30620  26.641  -58.350  25.911 4449.0000000000
15779  46.623  7.037  17.917 4452.0000000000
24231  59.722  10.023  -37.587 4462.0000000000
27378  46.817  7.249  27.479 4467.0000000000
27308  44.279  62.886  -2.979 4471.0000000000
27377  45.421  7.011  26.313 4472.0000000000
29320  37.631  -71.179  -9.276 4474.0000000000
28181  1.749  28.941  4.046 4475.0000000000
15778  47.326  8.388  17.050 4484.0000000000
1021  30.312  38.033  -21.033 4488.0000000000
2321  55.787  -50.355  -23.609 4489.0000000000
20221  33.204  11.682  -39.050 4497.0000000000
21794  22.125  -62.741  29.277 4501.0000000000
23429  28.019  65.093  -10.971 4502.0000000000
24604  14.764  -3.567  -38.682 4504.0000000000
38178  5.615  -48.555  7.518 4507.0000000000
38631  57.053  -39.470  -36.068 4508.0000000000
25615  14.342  -29.329  23.434 4509.0000000000
40638  9.567  -65.905  14.536 4515.0000000000
26700  26.898  -26.958  -34.950 4517.0000000000
1022  29.340  -14.462  -23.894 4530.0000000000
1020  32.643  -74.648  -5.411 4531.0000000000
2322  36.272  21.399  -62.982 4534.0000000000
2358  43.987  -40.875  4.323 4539.0000000000
25689  16.914  62.019  25.432 4548.0000000000
25708  55.558  -20.499  34.039 4551.0000000000
26536  7.908  -57.894  33.458 4552.0000000000
29130  40.014  -66.518  -22.442 4556.0000000000
28168  57.921  5.171  -17.848 4557.0000000000
1417  36.313  -62.548  3.106 4561.0000000000
1418  36.072  -62.724  2.242 4562.0000000000
31303  36.983  75.239  -27.703 4571.0000000000
2975  30.561  -19.664  -21.449 4573.0000000000
8512  50.725  14.712  32.590 4577.0000000000
5218  52.564  -44.172  22.856 4582.0000000000
21822  56.420  -37.023  -7.205 4584.0000000000
23428  26.579  65.823  -11.482 4586.0000000000
25639  18.536  -73.187  5.172 4588.0000000000
26553  30.246  60.401  -2.694 4589.0000000000
1419  22.922  63.596  16.696 4592.0000000000
17132  63.982  -14.144  15.437 4599.0000000000
17156  19.260  47.772  26.885 4602.0000000000
2976  36.213  -9.230  -9.435 4603.0000000000
8511  45.853  -43.667  32.040 4611.0000000000
37853  32.712  19.890  39.261 4625.0000000000
6778  15.001  9.573  46.371 4629.0000000000
12734  6.748  67.029  0.514 4632.0000000000
17133  51.524  5.694  -37.513 4639.0000000000
18748  20.212  63.105  -30.732 4644.0000000000
18279  38.705  -24.589  45.605 4646.0000000000
8513  51.321  15.231  31.056 4650.0000000000
8544  45.075  57.594  -10.447 4652.0000000000
5216  42.382  -33.655  -4.162 4662.0000000000
5747  26.028  79.602  -2.240 4663.0000000000
32091  12.615  -22.554  48.418 4665.0000000000
33305  39.856  24.173  -24.283 4667.0000000000
6777  48.554  2.303  36.125 4671.0000000000
13932  35.859  53.486  -2.995 4673.0000000000
18747  44.256  60.774  6.787 4677.0000000000
20320  9.503  -15.243  32.405 4689.0000000000
20319  27.074  -60.820  -23.607 4690.0000000000
37476  35.184  6.225  42.936 4691.0000000000
22887  56.822  -8.856  -27.595 4697.0000000000
21508  34.591  -7.812  -26.107 4698.0000000000
31903  9.900  80.585  2.602 4708.0000000000
6779  19.003  -51.247  38.347 4714.0000000000
13912  19.537  47.212  -35.170 4715.0000000000
35647  34.957  -23.139  -33.647 4717.0000000000
17176  43.805  2.426  1.273 4721.0000000000
18749  30.068  -17.031  28.153 4723.0000000000
2760  20.841  49.551  26.334 4731.0000000000
572  32.776  38.145  -38.986 4733.0000000000
20375  50.278  21.806  31.115 4738.0000000000
37882  30.489  -30.655  -35.000 4739.0000000000
21519  31.797  27.913  10.063 4743.0000000000
5201  43.413  -48.780  -24.228 4747.0000000000
5199  52.797  33.461  22.130 4751.0000000000
32753  60.039  -4.408  23.803 4753.0000000000
33306  8.422  36.487  22.790 4757.0000000000
34059  19.141  77.971  -34.089 4759.0000000000
2761  37.075  -60.740  -8.058 4775.0000000000
27566  29.894  41.676  -19.159 4776.0000000000
28736  60.119  -20.892  3.082 4787.0000000000
7112  38.772  13.773  -31.060 4788.0000000000
6522  59.369  9.540  -43.152 4791.0000000000
20714  49.842  -47.439  -31.299 4796.0000000000
25721  34.142  -3.326  -29.377 4803.0000000000
570  10.325  3.268  33.170 4806.0000000000
571  32.460  37.975  -38.395 4809.0000000000
27580  32.837  -9.611  28.834 4815.0000000000
28365  55.906  4.776  -17.651 4816.0000000000
5200  34.819  -49.389  -32.557 4817.0000000000
6648  62.686  -1.165  18.107 4820.0000000000
8078  34.865  24.073  25.554 4832.0000000000
21164  9.997  -6.402  -27.717 4838.0000000000
18637  47.429  -42.174  -29.883 4844.0000000000
27135  31.465  5.586  -47.775 4848.0000000000
28331  7.101  48.770  -2.788 4853.0000000000
5668  14.729  -42.984  -22.081 4856.0000000000
5695  7.504  -51.664  31.584 4859.0000000000
6647  60.572  -3.232  18.890 4861.0000000000
6621  40.058  -7.415  -16.054 4862.0000000000
6649  39.595  7.313  1.937 4864.0000000000
30105  30.500  -59.973  -34.224 4868.0000000000
21165  14.016  11.349  21.469 4871.0000000000
18638  12.676  59.204  -42.547 4881.0000000000
27619  28.141  20.916  -31.462 4884.0000000000
28353  4.898  -15.805  53.029 4885.0000000000
28379  66.070  -24.774  -13.786 4888.0000000000
30097  39.277  -3.436  29.396 4896.0000000000
30081  31.026  -71.485  -12.013 4898.0000000000
30093  57.842  22.440  13.884 4901.0000000000
20795  49.620  1.449  22.722 4904.0000000000
13268  64.579  6.523  -5.379 4911.0000000000
37567  53.987  -56.275  -10.187 4913.0000000000
14548  33.091  73.805  -4.172 4917.0000000000
14619  12.784  -48.175  40.665 4920.0000000000
19040  47.469  -38.956  23.946 4925.0000000000
19074  20.953  -44.886  12.105 4926.0000000000
40499  7.013  -6.559  46.808 4929.0000000000
19436  10.324  70.889  -41.707 4931.0000000000
20774  8.387  -30.913  -8.743 4933.0000000000
41583  62.009  -4.034  24.099 4942.0000000000
21359  55.810  6.852  -17.301 4943.0000000000
23742  38.545  -6.053  40.826 4945.0000000000
24798  42.824  51.499  -30.867 4946.0000000000
24694  13.026  74.664  -17.969 4949.0000000000
24821  18.555  -61.738  -27.509 4951.0000000000
36803  54.664  12.011  -8.137 4958.0000000000
13293  42.521  18.940  -18.915 4960.0000000000
13267  65.432  6.908  -5.716 4962.0000000000
13266  63.898  7.334  -6.420 4963.0000000000
14478  37.546  24.884  18.298 4969.0000000000
14024  6.412  -38.603  30.088 4971.0000000000
16836  55.232  -20.501  -42.865 4973.0000000000
19041  47.210  -38.067  23.727 4975.0000000000
19435  10.941  -46.649  -21.854 4976.0000000000
20776  64.395  -0.392  -0.154 4981.0000000000
20794  50.681  2.047  22.279 4986.0000000000
21008  48.715  -28.583  -28.909 4990.0000000000
21322  11.410  10.564  -33.357 4991.0000000000
22281  63.036  -17.227  22.954 4998.0000000000
23743  26.678  72.114  9.365 5000.0000000000
22877  49.192  50.462  -29.253 5002.0000000000
15754  16.001  -79.498  -31.985 5016.0000000000
30988  1.264  6.711  -31.205 5023.0000000000
16557  40.599  -9.731  -42.005 5026.0000000000
32218  61.997  26.548  3.358 5033.0000000000
19042  46.730  -38.277  22.979 5039.0000000000
19434  56.637  -14.961  32.914 5040.0000000000
19019  18.288  -8.715  21.955 5042.0000000000
19075  34.801  25.956  22.203 5043.0000000000
20793  56.845  -29.393  -30.217 5051.0000000000
20775  10.853  60.261  5.077 5053.0000000000
23741  36.527  -22.726  -37.455 5060.0000000000
35186  15.687  -10.804  16.668 5067.0000000000
35674  40.303  -67.500  -14.344 5068.0000000000
24695  12.914  74.478  -16.729 5069.0000000000
24799  25.673  -10.930  52.114 5071.0000000000
35675  49.026  -18.350  7.224 5074.0000000000
24737  26.600  -56.923  21.941 5075.0000000000
25640  7.610  39.892  3.045 5077.0000000000
35509  52.952  31.945  -34.951 5080.0000000000
31950  12.653  -55.441  -2.529 5087.0000000000
39182  56.107  27.658  -26.724 5099.0000000000
32557  16.995  -32.616  40.360 5101.0000000000
33038  55.600  -41.725  22.360 5104.0000000000
32814  13.282  46.260  15.252 5105.0000000000
18679  21.804  -38.197  4.984 5115.0000000000
32040  39.344  -7.680  4.423 5117.0000000000
23467  57.170  14.572  -28.331 5118.0000000000
40668  7.796  59.370  -12.564 5123.0000000000
40857  66.010  -29.089  -22.932 5126.0000000000
35118  20.473  -41.444  4.700 5130.0000000000
41181  58.073  38.391  1.374 5132.0000000000
39457  9.584  -51.909  -16.206 5157.0000000000
39630  35.123  52.580  12.385 5164.0000000000
40248  24.122  68.342  -12.094 5167.0000000000
42970  42.976  43.638  17.072 5170.0000000000
39874  57.114  -31.124  -29.984 5173.0000000000
40678  57.152  -20.196  -4.941 5185.0000000000
34639  21.058  20.082  50.882 5187.0000000000
35111  36.714  -48.584  11.936 5188.0000000000
41241  36.249  22.064  7.956 5198.0000000000
41569  63.996  -29.412  -23.548 5201.0000000000
1759  38.841  -15.594  48.525 5219.0000000000
1757  41.411  -14.973  47.878 5221.0000000000
2651  38.307  -73.517  -14.254 5224.0000000000
2742  24.080  56.261  9.879 5225.0000000000
18125  33.919  61.536  -32.023 5231.0000000000
19242  35.968  13.331  -22.149 5234.0000000000
20898  33.188  57.378  -32.169 5253.0000000000
2185  19.034  -14.537  47.810 5258.0000000000
2788  21.401  60.832  26.659 5264.0000000000
1758  40.603  -15.809  47.814 5267.0000000000
18678  6.017  61.254  7.749 5270.0000000000
19785  1.811  40.611  -3.820 5275.0000000000
20868  52.283  5.210  31.804 5278.0000000000
20897  42.420  -10.235  -9.445 5281.0000000000
2705  66.233  -24.889  -18.255 5288.0000000000
19241  37.627  13.218  -22.837 5297.0000000000
19780  39.498  -14.651  -40.067 5299.0000000000
20360  37.748  2.990  -56.477 5301.0000000000
31739  39.993  10.241  -48.154 5304.0000000000
22870  65.055  10.114  -8.245 5307.0000000000
6949  23.257  -46.883  -7.687 5311.0000000000
23364  45.051  -23.353  -14.941 5314.0000000000
23437  6.806  39.319  37.304 5317.0000000000
30466  10.704  -83.118  -17.269 5318.0000000000
37246  18.191  -45.339  47.308 5320.0000000000
4450  65.962  -24.595  -20.659 5326.0000000000
32516  33.363  -25.527  49.897 5331.0000000000
37469  7.403  -27.327  21.904 5343.0000000000
6983  45.733  45.539  -31.710 5350.0000000000
6232  40.580  65.418  -25.612 5354.0000000000
39052  50.658  -29.083  -0.501 5355.0000000000
6337  45.284  -47.619  -12.790 5356.0000000000
2454  57.274  -12.572  -27.138 5364.0000000000
4015  43.982  16.837  -64.303 5366.0000000000
4449  8.199  -77.920  -20.100 5367.0000000000
4480  45.357  15.217  24.442 5369.0000000000
6385  6.367  -49.220  -18.205 5376.0000000000
27501  27.986  60.857  -4.925 5383.0000000000
6950  22.602  -47.103  -6.842 5387.0000000000
38609  0.912  47.084  -17.396 5392.0000000000
27462  12.380  -37.093  11.767 5393.0000000000
27858  18.572  -46.484  42.395 5399.0000000000
28272  44.931  -35.083  9.715 5401.0000000000
43055  26.871  -41.360  -1.007 5407.0000000000
39447  47.698  -18.297  26.153 5408.0000000000
43974  16.494  -53.232  43.554 5420.0000000000
43192  21.190  -58.226  -11.509 5422.0000000000
43829  26.724  -31.942  26.437 5426.0000000000
43878  25.715  49.991  25.398 5427.0000000000
43201  65.841  -9.340  -28.641 5428.0000000000
1229  8.009  -67.321  -30.527 5443.0000000000
2085  48.415  6.365  9.966 5445.0000000000
3880  43.379  -0.581  38.411 5447.0000000000
2381  13.432  83.905  -23.377 5450.0000000000
4706  30.937  0.199  -42.646 5454.0000000000
6106  33.662  -61.631  -0.505 5459.0000000000
3878  38.123  57.638  -16.705 5465.0000000000
2420  23.319  69.061  15.399 5466.0000000000
