1658  9.0310  -78.2750  -20.3270  1    34871  14.6090  45.8110  12.3800  1
1669  8.3170  -78.1350  -20.7340  5    34870  43.6420  -29.7260  25.3930  5
1676  11.0410  -78.5330  -21.9060  7    35161  50.5870  25.3000  -12.4760  7
1688  8.9810  -78.4010  -22.2150  15    34872  31.8360  62.1450  4.0040  15
1693  11.3770  -78.4270  -23.2020  17    35160  50.8710  -34.7940  20.5600  17
1980  10.5260  -77.2390  -19.6730  26    38347  43.8240  47.8110  -25.6850  26
1992  12.2270  -76.9760  -20.5900  32    38346  35.1390  -46.5200  13.3830  32
2005  12.4410  -77.2670  -21.4000  39    35162  27.7290  -2.4740  53.7120  39
2014  12.7380  -77.4010  -22.7350  44    39309  37.7850  22.0640  -4.3910  44
2016  7.6280  -77.4400  -22.8220  46    21798  24.2590  66.9240  -31.8690  46
2023  12.4590  -77.5510  -23.4420  49    39622  48.7350  37.2210  13.8350  49
2035  10.2990  -78.0970  -24.7830  56    36092  12.3520  -19.5530  23.6020  56
2048  11.3170  -77.5040  -25.7800  62    28607  7.0970  77.2640  -34.0040  62
2355  9.1300  -76.6410  -18.9340  72    21011  24.3280  47.6180  20.9390  72
2367  6.6760  -76.8190  -20.8780  76    21742  38.8810  3.6890  -5.8800  76
2385  13.4450  -76.0970  -23.5560  82    22882  22.9780  72.6530  -27.4430  82
2388  7.4640  -77.1960  -23.5860  85    23492  45.7400  1.3570  -2.5610  85
2409  12.8970  -76.1980  -25.6830  92    40410  10.7180  -43.3500  -17.1860  92
2413  8.9080  -77.3700  -25.5990  96    27400  49.8860  55.1550  -17.4900  96
2414  8.0640  -77.1450  -25.3240  97    25777  20.8210  -68.0380  -28.8690  97
2437  10.7020  -76.8670  -27.5480  107    27401  47.2410  41.9720  -19.8790  107
2692  8.1070  -76.1080  -18.6120  109    21741  38.2130  3.0500  -4.5500  109
2701  5.8920  -75.4310  -21.7300  114    21743  45.2850  54.8060  7.9030  114
2722  6.1730  -75.8390  -23.2670  121    22899  13.8860  39.7010  8.9680  121
2747  13.9270  -74.9430  -24.7680  126    24864  68.4630  -14.3740  -22.5340  126
2750  6.4110  -75.9600  -25.2170  129    25223  14.7930  -10.2440  16.7460  129
2767  13.7140  -75.4390  -27.6240  138    28608  10.7190  -83.2340  -9.9090  138
2774  7.3630  -75.9230  -27.6670  145    26589  51.2140  31.9870  -10.1490  145
2785  12.8130  -76.2720  -28.3120  148    28609  45.7020  -35.7560  -14.9210  148
2787  10.8870  -76.3390  -28.7860  150    27402  44.8210  -53.5770  1.8070  150
2789  8.7910  -76.0940  -28.9750  152    27459  46.7110  -35.9670  -13.4220  152
2806  8.8990  -75.7620  -29.7470  160    28973  35.0240  -49.0920  22.8040  160
2816  12.3200  -76.0400  -29.9430  162    29690  4.3670  20.3590  -24.2820  162
2817  11.0820  -75.7580  -30.2570  163    29747  16.5900  -29.3650  11.1020  163
3207  14.4480  -74.4390  -24.7140  178    23432  30.1230  -73.9650  5.2290  178
3208  5.7370  -74.8010  -24.1580  179    25264  8.7510  67.0330  16.4880  179
3221  14.7630  -74.3880  -26.7590  186    29942  8.8870  -27.2970  33.0280  186
3224  5.9910  -74.7600  -27.8250  189    2493  31.5220  -6.0900  -40.1230  189
3252  8.1740  -75.2160  -30.5160  197    7084  56.3750  35.3210  3.9010  197
3265  13.8980  -76.0260  -29.5360  201    29685  37.6300  4.5270  -20.2820  201
3266  10.3890  -75.1810  -31.3970  202    30477  36.8690  -55.5400  2.8910  202
3267  9.9770  -75.2290  -31.2250  203    32857  44.7770  -47.6100  14.4820  203
3652  5.9050  -73.9130  -20.1280  212    29148  39.1210  34.7700  -57.4880  212
3681  5.6720  -74.3190  -23.1970  214    29149  14.2370  -78.8370  -24.8450  214
3692  15.5960  -73.5410  -25.3880  216    29935  34.7800  53.2990  13.7660  216
3719  16.1290  -73.4890  -27.5450  222    2438  47.1600  -61.6480  2.3300  222
3743  16.4950  -73.7410  -29.8280  231    5130  7.4660  29.7620  47.6190  231
3758  16.7250  -73.3740  -30.3450  239    32622  22.7930  -58.8480  33.6050  239
3765  8.8150  -74.6300  -31.9270  246    7083  53.1970  33.4410  4.6010  246
3773  16.7440  -73.4260  -31.2110  247    8114  8.1050  17.8490  51.7230  247
3774  16.1280  -74.2820  -31.7730  248    8116  4.8520  53.1270  -31.8530  248
3779  10.0730  -74.1170  -32.7600  253    8171  1.7030  15.2150  -8.1440  253
4185  5.9050  -72.8850  -19.5550  257    289  40.0350  -53.3930  27.7430  257
4214  5.5120  -72.7090  -22.3490  265    40633  6.4790  40.4730  -34.4510  265
4236  17.4040  -71.6740  -25.2740  268    41499  10.6580  -46.0020  12.0870  268
4239  4.9170  -72.3540  -25.9570  271    41527  16.3490  -67.6240  -30.0070  271
4258  5.0200  -73.1860  -27.2300  275    2492  30.1900  -8.6600  -38.3720  275
4272  17.0940  -72.1450  -27.7330  277    2437  46.3680  -62.5130  1.3370  277
4274  5.5910  -73.8680  -29.1080  279    2520  1.9010  7.9830  -18.2840  279
4275  5.1500  -73.0810  -28.6620  280    2494  46.8970  67.9450  -17.8480  280
4285  17.0790  -72.1730  -28.7320  282    2439  10.0380  64.0390  15.6330  282
4313  6.9770  -73.5540  -32.1250  294    7082  7.7810  21.7390  50.0000  294
4326  13.2250  -74.2470  -33.2010  298    11855  42.3970  -64.0180  10.6710  298
4330  8.2130  -73.3590  -33.0130  302    8170  16.4860  -74.9200  -22.9830  302
4341  16.7870  -72.3520  -32.6130  304    9779  38.1520  -28.8080  35.7370  304
4816  5.6490  -72.3130  -19.8120  314    290  37.3810  -50.6510  34.3650  314
4848  18.1770  -70.9450  -23.8300  319    29936  39.7580  -70.4790  -10.4440  319
4850  4.9550  -71.6800  -24.4420  321    4643  55.5770  -4.8790  -41.6320  321
4878  17.5840  -70.7110  -26.9280  324    2463  27.0790  20.0380  -63.7070  324
4930  16.9040  -71.4820  -31.7390  339    8115  25.8230  35.9440  -34.2490  339
4941  15.3950  -72.4710  -34.1370  346    11854  5.3580  44.3430  -22.3490  346
4943  12.3740  -72.6510  -34.4220  348    11875  28.5050  17.9380  43.7210  348
4945  9.3900  -71.9610  -34.1740  350    15341  5.5930  18.1160  -34.5980  350
5448  5.1080  -71.4330  -21.8670  356    1299  62.8510  -35.2820  4.2030  356
5463  18.5000  -70.2500  -23.2460  357    4055  13.5630  -34.8790  32.1830  357
5484  18.0420  -69.7690  -24.2330  360    7620  52.1170  9.2530  24.3660  360
5485  17.9320  -69.9480  -24.9110  361    7619  65.3740  -11.4980  1.5960  361
5487  4.7740  -69.9420  -24.5980  363    6966  36.9320  -62.3340  -13.7250  363
5503  4.6990  -70.1420  -25.7290  366    30646  10.2320  69.1480  -20.1710  366
5525  4.8550  -71.4940  -29.3870  371    32152  61.9140  2.0740  4.9890  371
5540  5.6370  -71.3570  -31.5040  379    12830  37.6470  -58.3250  -14.7840  379
5546  21.7170  -70.0100  -31.0150  381    33099  12.3400  83.6720  -9.5390  381
5550  6.3850  -71.6100  -32.3910  385    13648  50.6080  -60.5740  -17.7930  385
5558  20.7170  -70.2640  -31.7140  387    12278  49.6140  14.4000  -12.2470  387
5570  19.1540  -70.0050  -32.6400  393    33692  10.1360  20.2410  52.3710  393
5571  18.2420  -69.8130  -32.9420  394    33703  49.4640  -22.4250  -1.0950  394
5572  17.6380  -69.8850  -33.1010  395    17516  42.9000  -33.1330  -30.8670  395
5573  17.2160  -70.5600  -33.1380  396    33162  41.2490  -26.8000  45.0110  396
5574  16.0790  -71.4510  -34.4310  397    34525  62.0730  22.9900  6.1920  397
5575  14.6710  -71.7730  -34.8270  398    34537  27.1100  -15.8270  -33.2310  398
5579  9.6770  -71.0190  -34.5280  402    18083  36.6620  2.5110  -54.2990  402
5593  16.4380  -70.5340  -34.5870  408    17515  43.2290  -34.4310  -31.1720  408
5597  11.4550  -70.7590  -35.2360  412    18084  37.3340  1.7040  -53.7550  412
5610  18.0700  -69.8550  -34.3490  416    18952  4.1700  -3.0840  6.3870  416
6075  4.9650  -69.5800  -19.6130  420    1077  37.9470  16.0800  -60.6100  420
6140  4.4280  -68.7450  -27.1140  435    31875  13.9720  -20.9920  23.4410  435
6144  17.0290  -68.8980  -27.3000  436    31848  17.4420  -55.5530  -5.3500  436
6153  22.0000  -68.4460  -28.8420  439    10871  63.8180  -28.2870  -20.7930  439
6155  16.5580  -69.2690  -28.6300  441    11041  57.6930  -32.5450  -9.8150  441
6156  16.1800  -68.8140  -29.3050  442    11042  61.9420  -15.1750  -31.3060  442
6157  4.6830  -69.8400  -29.3060  443    12831  48.6520  13.7100  -35.1760  443
6164  21.8930  -69.0750  -29.6630  445    10397  24.5750  84.1730  -15.8750  445
6166  20.2890  -68.0290  -29.4320  447    12320  64.8260  5.2560  -0.3700  447
6179  19.9380  -68.3100  -30.1390  455    12321  11.8900  -5.3560  -30.9440  455
6180  16.3920  -69.5080  -31.2050  456    20131  53.3050  -1.8550  -20.3400  456
6183  5.4310  -69.4070  -31.2150  459    12832  1.6260  25.0030  4.5640  459
6198  6.9200  -69.4650  -32.4420  467    13649  47.6010  3.4440  -28.8380  467
6212  8.5870  -70.0940  -33.8880  474    15342  51.4010  30.1200  20.7530  474
6226  14.4820  -70.1700  -35.3850  480    17534  37.0780  7.6260  -11.0620  480
6244  15.9280  -69.3260  -35.2890  489    17517  58.1320  -12.5780  -39.2850  489
6681  6.5570  -69.7090  -17.9220  494    288  4.8700  -1.1380  44.5020  494
6706  4.6440  -68.5170  -21.0050  499    1485  64.0770  -22.9120  -32.4010  499
6724  4.4610  -67.4950  -23.9960  502    18039  57.9350  -33.9270  -14.8300  502
6725  4.5860  -68.4350  -22.6620  503    4611  9.4420  -51.2490  38.4600  503
6730  18.5350  -67.4410  -23.9830  504    7621  21.2860  -30.6440  37.8220  504
6732  4.2620  -67.0550  -25.6460  506    34092  62.2560  8.6690  -18.1720  506
6737  17.5850  -67.9050  -25.5900  508    7655  25.8270  -41.2780  -10.1220  508
6747  22.5830  -66.9720  -26.8650  512    42637  15.1830  44.1980  12.0640  512
6748  21.7430  -66.6180  -26.9570  513    35252  23.9070  -49.9370  -12.1830  513
6752  4.8330  -66.0560  -28.5410  517    18581  17.3850  -12.0980  38.8850  517
6764  6.4080  -66.0020  -29.3050  523    20106  51.9040  -4.1980  -18.8440  523
6792  7.5700  -67.2330  -30.7270  537    20281  8.0730  13.1570  52.5220  537
6793  6.9520  -66.9990  -30.4540  538    19726  9.5080  -12.4250  38.8620  538
6805  8.8880  -66.7680  -32.7190  544    16501  1.5200  14.4570  7.0460  544
6820  17.3470  -67.9530  -31.7800  552    36395  19.7220  31.1330  -35.8950  552
6822  10.5820  -67.3330  -34.3650  554    18085  37.1660  1.7930  -52.7050  554
6838  13.3060  -67.5960  -35.3120  564    44167  27.1010  17.1630  -30.2300  564
6859  16.9720  -67.9340  -35.4950  573    23654  31.8080  -37.1700  -9.0580  573
7361  5.8850  -67.7820  -19.0340  590    15069  35.8520  5.3010  -47.9480  590
7407  19.6050  -66.9900  -23.2860  597    17935  28.2470  -43.9320  13.3030  597
7419  4.4260  -65.5960  -26.0720  603    18040  58.3290  -33.9550  -14.1090  603
7426  21.9490  -66.1090  -25.5290  604    18482  60.8900  19.9470  -23.6980  604
7428  18.8080  -66.2410  -24.8830  606    18501  12.7280  48.4330  -43.0640  606
7438  22.2530  -66.5120  -26.1230  610    30892  39.1470  16.1080  18.3450  610
7440  17.6470  -66.9340  -26.4900  612    18775  67.8270  -5.5000  -30.7840  612
7448  17.5720  -66.6690  -27.2610  618    19673  52.9470  -9.5610  19.9290  618
7468  19.0240  -66.6970  -29.4850  631    36105  38.7890  -38.8500  -30.2550  631
7484  8.5500  -66.7040  -31.3480  643    21205  20.4090  -70.0730  -22.3460  643
7493  9.9080  -66.3570  -33.6760  650    40281  22.9910  -6.9870  47.3460  650
7496  13.7100  -67.3240  -35.3120  651    37260  32.4050  -63.6650  23.2650  651
7512  15.5440  -67.0380  -35.4300  658    23653  36.2910  -6.4220  47.2640  658
8084  20.4380  -65.7910  -24.1280  666    17986  1.6300  7.5320  -14.1580  666
8091  20.9080  -65.6320  -25.2190  671    18459  31.9610  -48.2890  -34.5650  671
8094  8.6670  -66.6780  -25.7810  674    19725  44.5750  54.6500  9.0940  674
8095  8.0670  -66.5680  -26.0310  675    19555  24.5290  -5.6560  51.9260  675
8100  20.2750  -65.6800  -26.1860  679    18618  28.2850  13.0620  24.6910  679
8117  18.8110  -66.0360  -28.0280  693    35748  12.5650  -18.0160  52.8810  693
8146  12.4910  -65.9000  -34.6020  707    37261  31.4540  -65.5370  21.9900  707
8713  6.3540  -66.9010  -17.7420  717    14674  5.3950  -22.4210  43.2540  717
8714  5.6530  -66.5220  -17.9740  718    15068  31.4240  -57.8990  -26.4330  718
8738  4.9460  -66.8800  -20.0120  722    15091  25.8320  35.9710  -41.6090  722
8762  4.3950  -65.4280  -24.7360  725    18038  58.3530  16.1530  2.6830  725
8765  5.9370  -64.5470  -27.0190  726    19556  32.0530  14.9490  -63.7490  726
8766  5.0020  -64.7080  -26.5430  727    11745  27.9730  59.3900  -33.5730  727
8781  9.6440  -66.5360  -27.6910  734    20260  50.8900  2.0300  24.3350  734
8784  9.5450  -66.1660  -28.9210  735    20756  15.1070  4.5740  55.3240  735
8799  10.6140  -64.9470  -33.5840  740    31799  8.9090  -45.2150  42.8760  740
8807  16.1470  -64.8610  -34.7430  742    23655  30.8900  -37.7540  -9.1660  742
8809  14.1420  -64.9480  -34.5140  744    32457  62.1600  -12.9230  23.0020  744
8822  17.2520  -65.2590  -35.0910  748    23693  55.4580  32.6030  -14.4700  748
9299  5.6100  -65.4180  -16.1910  754    25329  7.2260  43.5490  -37.3710  754
9363  4.5300  -65.1820  -21.9300  764    8063  35.2110  -55.9450  28.3960  764
9366  10.2530  -63.5720  -23.7060  765    8935  24.4590  12.1690  -29.7040  765
9368  9.2010  -63.7270  -23.9810  767    26778  47.1030  16.9060  25.9010  767
9371  4.2910  -64.5310  -23.8220  770    10740  39.8730  -0.5240  31.0930  770
9389  4.8250  -63.9200  -26.7090  784    1810  57.1110  16.4060  -27.6950  784
9392  10.6060  -64.0550  -25.2000  785    12420  44.1620  8.6850  38.9340  785
9410  9.3780  -64.1050  -28.9230  796    15050  36.1170  7.1090  -9.6920  796
9430  9.1490  -64.6830  -31.3920  804    16603  23.0230  1.2190  -31.3780  804
9442  15.1530  -63.8300  -34.1320  806    21828  45.1320  24.5150  10.0910  806
9444  13.1760  -63.8700  -33.8740  808    32456  61.3920  -12.7000  23.2260  808
9998  5.7030  -65.0110  -15.7050  820    6089  5.2270  -18.4610  37.4980  820
10015  4.8770  -65.0430  -18.6340  823    7451  15.5560  75.7500  4.1650  823
10031  9.6460  -62.8670  -22.9670  826    9538  6.4650  75.1090  3.1760  826
10041  8.2150  -62.8020  -24.0100  834    10700  9.0870  1.1350  11.1480  834
10050  7.4220  -62.9580  -25.2070  841    1559  7.0290  69.8820  16.5180  841
10074  10.1770  -63.3670  -27.1310  854    10132  54.7960  18.4250  -11.7130  854
10113  12.1410  -63.1130  -33.3670  860    19456  6.6080  78.5780  -22.0270  860
10115  10.2970  -63.3360  -32.7560  862    17682  35.2580  4.5610  -56.6240  862
10162  17.0840  -63.4440  -34.0980  869    21829  41.2210  74.1940  -12.7660  869
10703  5.1770  -63.6680  -14.7770  872    972  61.0760  -37.2240  -30.3840  872
10748  12.1730  -62.7230  -22.8610  884    8934  25.2400  13.4870  -31.4490  884
10755  4.1890  -63.4250  -22.3430  891    8062  62.5870  -13.5340  20.7340  891
10758  12.5030  -62.7460  -23.3820  893    626  9.4640  -56.2770  -27.4300  893
10773  4.3300  -63.0000  -25.5080  907    1765  18.8370  -75.2230  -17.5870  907
10787  11.8660  -62.2490  -25.4600  914    4513  61.3970  -8.7480  27.5370  914
10854  14.3690  -62.8080  -33.4260  929    20328  34.6330  -33.4430  -32.9670  929
10856  11.6420  -62.2760  -32.7900  931    17723  23.5870  80.4590  -17.6610  931
11423  5.9320  -60.2100  -12.6490  936    44440  14.3280  77.7020  -32.7010  936
11424  5.7080  -59.8500  -12.8460  937    44486  16.0040  -32.1780  21.3070  937
11433  6.1650  -61.1440  -12.7910  939    44413  13.4450  31.5980  39.6680  939
11449  5.7520  -61.6260  -13.2710  943    44414  12.5520  30.7190  40.8710  943
11451  5.3390  -60.6130  -13.5610  945    44480  50.0030  35.8590  -9.4810  945
11491  5.2980  -62.9400  -14.1760  949    1764  18.2570  -76.2450  -17.1340  949
11493  4.8220  -61.1930  -15.1170  951    44891  36.3580  -17.2450  42.5910  951
11517  4.6370  -62.7590  -16.5240  955    6090  5.1560  -16.9950  36.3480  955
11523  4.6650  -62.9690  -17.9510  958    7430  55.8950  18.6780  -9.8070  958
11528  4.6660  -63.0420  -19.3890  961    45154  12.4280  -60.0560  -4.6820  961
11535  4.4150  -60.8030  -19.9490  966    45156  33.0290  31.5700  29.0090  966
11540  11.0110  -62.2740  -22.1760  969    9485  43.0490  72.7170  -13.4950  969
11545  4.2480  -61.0930  -21.4200  974    1376  40.3440  -47.2770  -15.5420  974
11552  9.1340  -61.4600  -22.5780  979    4247  50.8940  -34.4010  31.1160  979
11563  7.6060  -61.5820  -24.5290  988    1560  15.1530  3.4320  -36.9420  988
11581  12.4740  -61.1750  -25.8530  995    627  33.5930  -13.7100  25.2370  995
11582  6.9450  -61.2520  -25.7640  996    1561  14.3170  2.7200  -38.1970  996
11586  4.6640  -61.0990  -25.6360  1000    1766  63.3610  -34.5350  -1.0380  1000
11623  9.7230  -60.8810  -27.1600  1012    9127  15.0210  51.4180  -0.2980  1012
11682  8.5980  -61.7850  -30.3190  1026    14854  31.6790  -64.8920  -6.6800  1026
11724  10.4260  -61.0220  -31.5900  1039    16220  32.5860  -34.5980  22.7890  1039
11752  13.3330  -61.1800  -32.4640  1046    20405  13.1620  65.2750  -42.9050  1046
11780  17.0710  -61.5970  -32.6370  1050    16343  42.0430  50.7510  -19.3190  1050
12346  5.9040  -59.2650  -11.7870  1055    43009  43.7680  59.1500  -26.6930  1055
12426  4.3970  -59.9610  -18.0040  1069    45131  20.8560  -39.9890  9.2060  1069
12434  13.3160  -60.9170  -21.4220  1072    1027  55.1540  -46.0340  7.3220  1072
12436  11.5660  -60.7630  -21.2070  1074    45175  41.3910  26.1390  -56.3630  1074
12444  14.4910  -60.8920  -22.6380  1077    625  7.6510  38.7030  -30.3610  1077
12449  8.7890  -60.0030  -22.2940  1082    1323  22.6100  -61.9360  22.2380  1082
12583  9.3960  -59.9450  -30.2420  1108    3829  68.3460  -8.9760  -9.1870  1108
12634  13.3680  -60.4550  -32.0410  1120    4715  13.7150  -34.5020  54.3790  1120
13255  6.2700  -58.6000  -10.9810  1132    43137  17.7730  83.3730  -19.8300  1132
13331  4.3320  -59.3740  -16.4530  1142    44136  51.6980  43.2130  9.2880  1142
13349  14.5710  -58.9810  -19.8520  1146    39424  16.6580  -70.4970  -30.8100  1146
13350  14.1730  -59.7940  -20.4390  1147    39440  35.7290  -15.0090  -44.1040  1147
13353  10.3680  -59.4920  -20.4650  1150    45190  37.3560  57.5340  -3.8100  1150
13355  4.2210  -59.1670  -20.6400  1152    1375  40.8480  -48.1910  -14.7550  1152
13371  16.0140  -59.0750  -21.9820  1159    1028  30.5700  -74.4680  -23.2760  1159
13377  4.4740  -59.4370  -22.6930  1165    1377  2.7930  33.8050  1.3630  1165
13386  23.4070  -59.0460  -22.4440  1166    123  27.0460  -22.9280  -21.3370  1166
13400  21.2950  -59.3020  -23.6080  1175    4073  42.3970  -39.6830  -32.3930  1175
13402  14.6550  -59.5030  -24.5360  1177    3271  37.5120  49.3200  17.7550  1177
13405  7.1640  -59.4480  -24.4440  1180    1322  28.8680  -30.9160  47.5780  1180
13411  19.7000  -59.7740  -25.1690  1183    4362  35.5930  9.5780  -39.8440  1183
13428  10.4720  -59.6990  -26.3150  1192    5927  42.9200  1.8490  14.3120  1192
13440  18.0280  -59.1950  -27.2760  1195    7436  32.0260  -62.8340  -0.9310  1195
13442  9.2340  -59.4650  -27.3330  1197    9149  8.8220  32.6610  4.7120  1197
13474  18.6590  -59.5290  -29.8730  1201    3043  53.7750  42.7260  1.5410  1201
13476  9.9370  -59.0750  -29.4700  1203    3864  20.9380  -23.2350  56.9180  1203
13491  18.9890  -59.5680  -30.3450  1205    3042  51.7590  43.1780  -0.1730  1205
13494  11.6190  -59.0570  -30.5410  1208    3830  67.8390  -7.9200  -9.8580  1208
13533  17.2990  -59.5240  -32.0660  1221    6015  45.3540  -2.7250  -9.0150  1221
13536  14.7500  -59.3290  -31.5490  1224    4714  15.5790  -33.7590  55.0130  1224
14085  4.9690  -57.6000  -10.6340  1232    33770  15.3740  7.1110  -33.7990  1232
14104  5.0620  -57.7520  -12.0450  1236    34831  31.5000  -35.5080  45.1470  1236
14119  4.9340  -58.1960  -12.9050  1237    40242  62.8950  -27.4460  16.3040  1237
14145  4.2910  -58.5000  -14.8300  1239    40990  61.0170  -26.8110  15.6330  1239
14179  13.0960  -57.9790  -18.1370  1243    39637  7.1620  31.1130  -39.9460  1243
14183  9.6750  -58.0280  -18.7980  1247    37436  7.5090  -71.1620  1.2990  1247
14184  3.9970  -57.9400  -18.3560  1248    38118  36.5760  -64.1750  -31.1010  1248
14189  11.1690  -58.6950  -19.0480  1251    44383  31.0690  -44.8340  34.7010  1251
14191  9.1390  -58.1430  -19.5190  1253    41849  53.1580  -56.0340  -14.3230  1253
14200  8.8960  -58.6000  -20.5100  1260    44506  43.6890  36.5600  -9.4770  1260
14206  7.7770  -58.1800  -21.7030  1264    1321  29.5680  -30.2560  46.9600  1264
14231  5.1000  -58.5970  -23.4950  1276    38630  43.8530  31.2760  -46.7180  1276
14238  21.7740  -58.0420  -23.6370  1278    4074  41.8090  -39.0520  -32.7300  1278
14240  20.5400  -58.5090  -24.6660  1280    4093  16.6150  -65.7310  -10.2990  1280
14262  13.1640  -58.9330  -25.5930  1290    4770  48.8100  -5.2030  -41.2930  1290
14264  10.5190  -58.7760  -26.0060  1292    5902  52.8630  51.2000  -9.7500  1292
14279  19.3010  -57.9770  -26.5660  1295    7482  65.5400  -19.5590  15.6540  1295
14318  19.3150  -58.5710  -29.7700  1309    3044  53.1530  41.3990  1.5720  1309
14849  6.4090  -57.1660  -10.0480  1343    33771  62.0210  -11.0700  -31.3060  1343
14937  9.8230  -56.7690  -16.9790  1354    32996  55.0390  -37.6690  -12.6750  1354
14939  3.9390  -57.6550  -16.5660  1356    41308  51.2320  26.5700  -31.8280  1356
14942  12.9240  -56.9630  -17.6330  1357    37123  53.6610  -46.9880  9.3100  1357
14958  14.1540  -57.6410  -18.6210  1371    39631  58.5230  25.7510  -26.1250  1371
14961  6.9690  -56.5010  -20.1460  1374    35073  51.7700  15.8440  -32.0380  1374
14979  23.8210  -57.2820  -22.5580  1382    39934  17.6290  -60.7240  6.6000  1382
14981  16.5480  -57.8920  -21.6010  1384    39423  39.5020  -33.5860  26.9070  1384
14998  23.3950  -56.8120  -23.0070  1389    40341  25.5600  41.2170  38.1090  1389
15001  16.3050  -56.0230  -21.1260  1392    39425  4.7060  41.9200  -44.5140  1392
15002  16.2810  -56.9390  -23.0650  1393    37009  7.4390  -59.9730  28.4740  1393
15025  15.3890  -57.3540  -24.1640  1404    40490  10.5200  -29.2850  -5.2410  1404
15049  11.1700  -57.9860  -25.4990  1416    41137  7.8890  72.4830  9.8370  1416
15057  20.8360  -56.9980  -26.0180  1419    40628  48.3440  45.6870  8.5570  1419
15060  9.3190  -57.6520  -26.5740  1422    38707  23.1700  -29.6140  -16.8680  1422
15064  20.6160  -57.0000  -26.9510  1423    41298  8.8550  34.4120  37.4580  1423
15066  19.1650  -57.7240  -27.8480  1425    41490  22.9170  33.2260  45.2540  1425
15074  9.8320  -57.3870  -28.1910  1430    39401  47.4230  -9.1060  -16.8370  1430
15084  11.4040  -57.6490  -29.0700  1435    39390  50.1370  -35.0160  33.8580  1435
15092  20.9960  -56.7720  -30.1780  1439    42825  34.6310  -46.3420  7.9150  1439
15097  12.5800  -57.7250  -30.0380  1444    3831  63.2660  -16.8010  -28.2210  1444
15105  16.0250  -57.4340  -31.5470  1449    4716  14.2740  -34.9360  53.8250  1449
15636  6.4610  -55.8070  -9.4090  1464    28259  20.7490  -16.5180  51.2560  1464
15638  5.2110  -56.0800  -9.5560  1466    29897  10.7730  72.4950  15.1330  1466
15705  4.5420  -56.3620  -13.6390  1474    36200  41.9420  37.4290  20.4360  1474
15723  8.3290  -55.7410  -16.1520  1477    33174  52.1420  46.0150  12.9090  1477
15725  3.9630  -56.6720  -15.8040  1479    33976  38.3030  -7.5580  -40.4310  1479
15739  12.9450  -56.4490  -17.6800  1486    34246  6.5160  -42.6770  6.6040  1486
15744  7.6810  -56.3510  -17.7460  1491    34258  11.4180  -34.9080  46.0770  1491
15746  4.2480  -56.4100  -17.8820  1493    34409  64.4280  -21.1280  -18.9390  1493
15750  7.4060  -56.5090  -19.0110  1495    32900  4.8860  -56.5300  7.0530  1495
15759  5.1430  -56.7630  -20.6170  1502    35120  52.8710  -40.3120  28.8400  1502
15771  5.3880  -57.0390  -21.3430  1506    38334  30.9300  58.2260  19.0330  1506
15790  24.5500  -56.3670  -22.3650  1508    36913  5.2030  -42.5610  1.7400  1508
15823  23.3890  -55.8560  -23.6290  1520    35276  48.2440  -30.9580  -42.8030  1520
15829  12.1070  -56.6890  -24.4810  1526    40758  5.3610  45.1410  -7.2410  1526
15832  9.4740  -56.4100  -25.0320  1529    36401  19.0970  -53.1560  -13.0360  1529
15835  22.4780  -55.9300  -25.0430  1530    35747  42.2600  -65.5150  7.4000  1530
15854  22.7610  -55.9440  -27.4580  1544    38997  57.7540  9.6790  -7.4010  1544
15862  23.0130  -56.1600  -28.7250  1549    38930  5.1120  12.5120  15.5560  1549
15874  22.1800  -56.5630  -29.3250  1556    41787  35.8200  -16.8960  -42.7360  1556
15896  22.4690  -55.6190  -30.9380  1569    39169  46.9010  14.3530  -56.5490  1569
15911  19.7270  -56.3850  -31.9330  1578    42826  39.6600  5.5840  24.3180  1578
16461  6.1370  -55.0940  -9.1580  1586    28326  35.1570  -0.5260  51.0830  1586
16488  4.9590  -55.1250  -10.3570  1589    28644  24.2370  -1.8410  -30.6710  1589
16521  4.9810  -55.4390  -11.9310  1591    32006  61.7390  13.9810  -37.7500  1591
16533  4.7720  -55.4410  -13.5430  1593    31953  26.6710  57.8130  27.4840  1593
16539  9.2270  -54.6950  -14.8770  1594    30448  4.9080  56.7020  -46.4090  1594
16540  8.3860  -54.7550  -14.8170  1595    29694  33.3110  -46.9300  39.0230  1595
16550  10.4030  -54.9680  -15.8970  1598    32273  45.2070  -61.8170  -33.6600  1598
16554  6.9450  -54.8210  -15.8290  1602    31947  28.8990  22.8720  -50.5600  1602
16577  12.5200  -55.3780  -18.3310  1617    32595  56.5070  -21.0800  -0.4320  1617
16583  13.2450  -55.3310  -19.2300  1621    34582  18.5930  31.7380  -37.6880  1621
16584  12.2660  -55.1110  -19.2490  1622    32859  35.6780  -33.6960  23.4520  1622
16586  5.8200  -55.2280  -19.1170  1624    33059  7.5170  7.2800  50.3600  1624
16596  11.8530  -55.1700  -20.2540  1628    33633  14.8390  60.7210  -23.0870  1628
16616  12.9410  -55.0880  -20.9640  1635    35676  44.9150  31.9600  -45.6620  1635
16617  11.7120  -55.4060  -21.3740  1636    35684  33.1320  -23.2530  -34.4080  1636
16643  9.2680  -55.2500  -23.1400  1648    34808  25.1700  66.2400  -29.6780  1648
16646  24.4950  -54.9220  -22.8680  1649    34222  18.2680  -70.3770  -17.1800  1649
16649  13.5610  -55.5580  -23.2740  1652    37008  39.7050  -17.0280  41.6850  1652
16651  10.8800  -55.9900  -23.3000  1654    37139  41.5530  27.0690  -8.5550  1654
16653  9.1890  -55.4430  -23.7520  1656    35284  44.6990  -36.3010  20.5550  1656
16673  23.7700  -54.8480  -26.8180  1669    36051  38.3150  -2.5550  49.3530  1669
16683  10.3580  -55.3090  -27.8220  1675    36887  36.4940  58.1180  13.4360  1675
16692  11.4150  -55.4480  -28.4500  1680    36563  33.6300  72.0060  -16.4850  1680
16702  13.3840  -55.3100  -29.4520  1685    37658  6.0170  -19.0270  22.7670  1685
16717  16.4250  -54.6000  -30.8090  1691    37514  40.3350  59.3120  -0.6780  1691
16731  18.4470  -55.0560  -31.7770  1697    38175  6.1320  -69.7290  0.1130  1697
16733  16.6610  -55.3060  -31.1710  1699    40551  35.3130  38.0430  4.1650  1699
17349  5.2800  -54.2820  -9.2530  1711    25552  19.6430  4.7010  52.9090  1711
17399  4.9910  -54.5180  -11.3250  1715    28340  34.3470  -1.5270  51.6010  1715
17406  4.9700  -54.5950  -12.1130  1716    24781  46.0430  -23.0680  -17.0690  1716
17422  7.2650  -54.2080  -14.4890  1723    29693  3.9510  -7.4600  5.7880  1723
17443  6.1280  -54.3000  -16.6840  1733    31439  16.1800  45.7370  33.0670  1733
17444  4.6640  -55.0600  -16.1680  1734    31648  33.2680  -26.7630  32.0950  1734
17447  11.0100  -54.2860  -17.6490  1736    32293  37.8710  41.4020  -30.7820  1736
17462  10.1600  -54.2740  -19.6100  1748    32891  54.4130  -35.3080  1.9300  1748
17463  9.5140  -54.1360  -20.2970  1749    33391  36.0300  41.5550  -32.5950  1749
17496  8.5400  -53.9150  -22.0010  1758    33978  61.0490  14.5500  -43.9410  1758
17518  24.4600  -53.7640  -24.3740  1769    34954  58.4440  -37.9480  -16.0640  1769
17526  8.7270  -54.9420  -25.6700  1774    35285  6.6780  50.1980  -33.6270  1774
17531  24.2920  -53.6440  -26.5200  1775    35605  18.3070  -45.3900  -7.1930  1775
17544  11.1490  -53.7310  -27.7920  1781    36400  19.2970  -54.5230  -11.5000  1781
17556  12.3790  -54.0910  -28.6080  1786    36562  46.3920  -3.4450  18.4660  1786
17569  24.2730  -54.1840  -28.9960  1789    36103  17.8470  -53.9790  -10.2870  1789
17584  23.9620  -54.2710  -29.8700  1794    38929  11.8820  -85.0170  -9.8350  1794
17605  22.8860  -54.4650  -31.7090  1807    38174  4.9000  -2.5350  37.9940  1807
18233  6.0290  -53.2060  -8.6000  1816    25551  15.6920  -79.3870  -17.7310  1816
18251  4.9930  -53.3140  -9.8530  1819    26280  23.3230  70.1690  -15.6220  1819
18299  6.2080  -53.7740  -14.4730  1832    29714  37.9790  -5.2480  -44.8330  1832
18300  5.2180  -54.3940  -14.0010  1833    29725  38.9850  -13.8040  48.8370  1833
18313  10.4020  -53.6620  -15.8760  1834    30449  20.9080  -65.6320  -25.2190  1834
18341  10.2890  -53.5250  -17.8330  1845    32883  7.5400  -13.4410  41.4020  1845
18364  8.5970  -53.0510  -19.7830  1854    33382  2.7930  11.0400  -10.6460  1854
18389  8.0780  -52.9300  -22.2460  1861    33960  35.3060  21.6960  -13.0990  1861
18393  25.6070  -53.2750  -22.8040  1862    34249  55.2810  -21.6170  19.5930  1862
18402  8.2280  -53.7860  -24.2790  1868    34972  12.7750  -85.0210  -8.4480  1868
18408  9.1890  -53.3750  -25.9920  1871    35286  7.9530  50.0130  -34.3840  1871
18452  16.2160  -52.7980  -29.7880  1888    37666  52.8750  -44.4970  -23.6810  1888
19126  5.3050  -52.0520  -8.2810  1911    25553  19.0950  4.7900  51.9030  1911
19127  4.9850  -52.0920  -8.4260  1912    25567  41.6870  5.5000  17.6420  1912
19181  5.1220  -52.7520  -11.4970  1919    24782  53.8530  -42.4310  22.2050  1919
19189  7.4880  -52.1960  -12.7710  1920    30129  11.1540  -37.9730  9.5280  1920
19207  6.9040  -52.8250  -12.9740  1926    29695  35.2660  -46.8140  38.6740  1926
19209  5.3960  -53.4830  -12.9310  1928    24780  57.4430  -32.6130  -41.7300  1928
19224  9.5560  -52.3940  -14.3110  1929    30447  24.9900  6.7260  -30.0670  1929
19257  9.8200  -52.2750  -16.2260  1941    32772  3.0000  48.7830  -13.1560  1941
19266  9.0690  -52.0600  -17.2930  1945    33342  25.6810  81.7940  -11.0270  1945
19284  8.4810  -52.6910  -19.1960  1951    33381  2.5700  11.1600  -11.9230  1951
19292  17.4590  -52.5270  -20.0580  1953    34909  36.6760  -2.2330  22.5190  1953
19294  16.2100  -52.5280  -20.5480  1955    34911  35.3030  6.8850  46.6290  1955
19296  7.5720  -52.2610  -20.4020  1957    34669  32.4530  21.2500  -32.7480  1957
19301  16.8310  -53.0070  -20.9940  1960    34910  40.9460  5.9240  14.3620  1960
19302  15.7710  -52.7010  -21.2670  1961    34919  4.9360  62.1910  -40.7100  1961
19304  14.0840  -52.3710  -21.7870  1963    35543  29.9950  1.9750  39.8620  1963
19311  27.0500  -52.9190  -22.1960  1966    34070  18.2740  75.8750  -33.9010  1966
19328  16.2710  -52.5800  -22.9960  1979    36024  19.8820  -50.8410  -10.3950  1979
19331  13.3380  -52.4040  -23.5200  1982    36063  32.5840  14.1870  24.0070  1982
19332  12.5970  -52.1700  -23.5350  1983    36081  4.7010  -63.6040  -26.2690  1983
19333  8.2510  -52.3240  -23.0170  1984    34441  21.7660  36.5430  33.3810  1984
19342  14.9860  -52.1910  -24.3810  1989    36587  30.0280  59.1740  0.8060  1989
19354  25.3920  -51.5450  -24.4040  1996    36435  7.2390  -33.0470  18.7110  1996
19355  24.8030  -51.9240  -25.1740  1997    34953  9.3760  -2.2260  10.8360  1997
19368  24.2710  -51.9930  -26.1630  2004    35259  9.0440  24.6600  -31.2570  2004
19379  23.7160  -52.2360  -27.8170  2009    36052  9.9260  -32.1540  52.0690  2009
19395  15.0050  -52.2010  -28.5230  2016    36564  57.4610  -22.9140  -34.9000  2016
19396  14.1250  -52.4110  -28.2940  2017    36585  26.0620  80.5500  -11.9470  2017
19430  18.9750  -52.0250  -30.2620  2030    37516  59.4740  -39.3890  -35.3070  2030
19449  19.3590  -52.5830  -30.7100  2038    37515  17.1580  30.3950  -32.9700  2038
20095  4.6320  -51.5780  -9.0110  2046    26288  42.1970  48.7290  -17.1630  2046
20121  4.6010  -51.3510  -10.0280  2050    27207  40.5650  42.4100  -28.2550  2050
20191  6.1760  -51.5410  -12.3050  2060    30248  45.0930  -37.8940  -11.1490  2060
20224  8.9550  -50.9130  -15.4220  2069    36264  33.8040  -62.9820  -16.7010  2069
20225  8.3630  -50.6500  -16.2300  2070    33369  23.1300  -31.4920  -26.3280  2070
20245  7.5600  -51.2670  -17.6400  2075    33746  57.7170  -30.4970  -14.3080  2075
20252  7.1760  -51.6400  -18.9230  2077    33745  24.0480  77.2930  -33.4480  2077
20259  7.0970  -51.7270  -19.9260  2079    34180  11.8360  -40.8860  32.3250  2079
20266  14.9920  -51.4800  -20.6580  2085    35544  17.6370  15.4170  -31.3020  2085
20271  19.5850  -51.6750  -21.4360  2088    35860  38.9470  16.0980  -31.9060  2088
20277  12.5260  -51.2570  -21.7810  2094    36250  31.4140  61.8870  -0.5660  2094
20290  11.4440  -51.0620  -22.5280  2102    38577  5.4250  25.5330  -20.8670  2102
20291  8.6400  -51.1700  -22.6470  2103    38662  37.4300  -13.4570  28.8010  2103
20298  27.4490  -51.6720  -22.5600  2105    36413  6.4940  41.2440  -44.3060  2105
20300  19.4470  -51.4810  -23.2550  2107    38561  44.3250  -33.9700  -5.6470  2107
20314  18.3860  -51.5270  -23.8710  2117    36567  46.8610  9.3960  -0.6560  2117
20321  10.6450  -51.4000  -24.3120  2124    34718  61.7390  -15.2050  16.2960  2124
20332  17.1000  -51.3040  -24.7010  2130    37050  48.8090  -40.7300  25.8450  2130
20338  11.5310  -51.8110  -25.3900  2136    37777  20.9370  -65.4650  21.6270  2136
20349  14.4840  -51.4000  -26.0960  2141    38625  8.4850  -60.2430  25.6970  2141
20350  13.4350  -51.6710  -26.1330  2142    38193  25.9670  24.6400  44.7370  2142
20380  16.2910  -51.4600  -28.4270  2154    41969  5.6000  -46.7450  5.3280  2154
20394  18.2840  -51.0600  -29.4730  2159    39973  47.3160  -18.4270  1.7770  2159
20407  22.6180  -51.4960  -30.1840  2163    39924  17.9470  34.2170  39.2480  2163
20420  22.2710  -51.6590  -30.8760  2168    40407  11.9770  -58.8080  12.7390  2168
21069  6.8520  -50.5330  -8.7090  2176    27118  42.7680  10.8360  40.8350  2176
21083  7.0500  -49.7630  -8.9940  2179    33335  36.8640  -48.3640  23.9200  2179
21118  4.7050  -50.6390  -11.2580  2182    32720  26.8560  62.3050  9.4430  2182
21135  5.0900  -50.7560  -11.7940  2183    33334  29.2050  -28.5240  19.7400  2183
21157  7.9190  -50.6020  -13.3440  2184    34958  43.1130  33.0410  -43.1980  2184
21159  6.4770  -50.0470  -12.6980  2186    34987  64.7920  -30.7760  -19.4790  2186
21186  21.9510  -50.8670  -15.8740  2194    33092  15.6460  -42.1990  8.8540  2194
21187  21.1220  -50.5220  -15.5380  2195    36209  24.5620  -46.4890  25.4610  2195
21189  19.6590  -50.2950  -14.9770  2197    31924  11.2250  -20.4950  23.2420  2197
21192  8.0480  -49.5460  -14.8560  2200    37825  30.1860  58.5850  12.4210  2200
21196  27.4100  -50.1120  -16.3200  2201    36025  62.9240  -15.1390  14.8790  2201
21199  24.6740  -50.5880  -16.5350  2204    36568  12.4860  -46.6920  17.3320  2204
21203  7.5990  -49.5050  -15.9900  2208    38324  12.0320  63.8270  26.1130  2208
21208  7.0550  -50.1520  -17.2120  2211    37032  31.4970  -74.3170  -30.0290  2211
21215  6.4050  -50.3530  -19.0710  2214    37415  6.4070  31.2960  -38.5270  2214
21219  17.6440  -50.8710  -19.8460  2216    37573  25.9950  58.8630  -1.0510  2216
21230  20.5470  -50.1820  -21.0620  2221    37911  7.1960  48.4240  -22.8630  2221
21237  13.7220  -50.8040  -21.0640  2228    38082  26.7460  80.4800  -15.8740  2228
21256  11.5920  -50.6770  -21.9860  2235    38585  58.8460  -37.6600  -7.3310  2235
21257  9.3730  -50.1770  -22.4870  2236    3570  53.5400  10.0770  -39.9020  2236
21259  8.2490  -50.6000  -21.8680  2238    38164  7.0640  -9.5090  -12.2080  2238
21277  20.9300  -50.4490  -22.8600  2241    40750  57.3170  38.1310  2.6130  2241
21298  27.2750  -50.2920  -23.0890  2248    41420  23.1270  35.0310  22.7200  2248
21300  20.5260  -50.5080  -23.8110  2250    41562  57.2920  46.0530  -13.9660  2250
21320  25.5400  -50.1410  -25.3300  2257    40030  46.7680  -52.8910  -17.9430  2257
21321  19.1140  -50.4180  -25.0760  2258    42213  47.1000  54.1320  -26.0000  2258
21322  18.1940  -50.3310  -25.6020  2259    42216  23.9300  -47.9240  -3.5330  2259
21340  16.5930  -50.5590  -26.3400  2266    40156  7.8190  29.7810  -37.4040  2266
21353  24.4120  -50.2030  -26.8740  2269    40135  24.0440  -84.3360  -16.5620  2269
21385  22.7910  -50.1710  -29.7310  2280    4373  67.1670  -24.1850  -21.1910  2280
21402  20.9230  -50.2710  -30.4370  2287    42273  39.3130  -56.1750  -11.3880  2287
22120  5.0200  -49.6700  -8.8930  2300    39023  35.0800  -39.5110  -34.2170  2300
22132  7.4260  -49.1800  -9.5150  2302    33868  15.4220  -50.5420  -6.7340  2302
22134  4.4680  -49.8380  -10.0160  2304    34095  33.6830  -37.9520  -11.3120  2304
22169  9.1130  -48.5730  -11.2210  2307    34779  58.4420  -29.8210  -5.9850  2307
22190  4.7150  -49.0370  -12.1350  2309    35557  27.0130  -16.7960  42.4600  2309
22225  18.6980  -49.9510  -14.8940  2315    37640  8.7940  -22.6970  42.1990  2315
22238  27.8540  -49.8560  -16.1890  2320    36003  27.2270  51.7740  27.6550  2320
22239  22.4170  -49.1490  -16.0360  2321    38132  37.4830  1.6600  -8.3030  2321
22247  6.9950  -48.3350  -15.1310  2329    42626  47.0810  -2.9580  41.1410  2329
22249  28.1410  -49.1450  -16.3130  2330    42730  15.1880  39.5180  -32.7480  2330
22274  7.4680  -49.3660  -20.6510  2346    14744  1.2290  3.5180  -28.8470  2346
22285  21.6500  -49.0540  -21.6530  2348    40824  35.7540  12.2890  -22.0940  2348
22287  19.9080  -49.7770  -20.7070  2350    39886  65.2070  -3.8370  3.7960  2350
22295  8.4580  -49.3440  -21.4860  2358    14762  17.7290  -14.1100  39.1530  2358
22314  13.9880  -49.0100  -21.7830  2363    43804  52.9600  45.6270  -7.8050  2363
22316  12.2110  -49.5720  -21.8220  2365    40839  4.9770  53.7650  -32.2630  2365
22339  11.8710  -48.7900  -22.1000  2374    41693  53.5360  26.5550  -34.1980  2374
22355  27.1380  -49.6950  -23.4530  2378    42166  53.9570  -55.8720  -17.2820  2378
22388  18.6230  -49.4520  -26.5840  2393    7707  30.9490  20.0830  -42.8090  2393
22401  18.1360  -49.1400  -27.3940  2399    43770  14.8000  -56.0610  -18.8010  2399
22439  21.9890  -49.2030  -30.4010  2413    4372  42.7880  16.6260  -64.3690  2413
23138  6.0560  -48.1620  -9.3470  2423    42029  51.1940  -48.1890  -14.0890  2423
23173  8.8310  -47.7710  -11.3450  2429    42571  11.8580  -56.1900  -17.0950  2429
23174  4.5690  -48.2130  -11.6710  2430    40631  29.6210  68.4710  -13.8240  2430
23197  11.0060  -48.6130  -12.8900  2432    41715  11.1450  25.0100  33.5770  2432
23199  9.7930  -47.5060  -12.3690  2434    42832  36.5980  50.8400  19.5560  2434
23226  12.8840  -48.2630  -14.1110  2437    42310  7.8000  38.0550  0.2000  2437
23230  5.2630  -48.1120  -12.8450  2441    4282  39.8110  -54.7530  27.2790  2441
23236  16.0520  -48.3280  -14.9320  2443    42599  44.3210  12.7230  26.3190  2443
23240  6.2500  -47.8860  -14.0990  2447    42636  24.9320  -40.2630  24.9300  2447
23246  22.7120  -48.8490  -16.0990  2451    42847  57.0330  6.0120  -5.6260  2451
23248  21.2280  -48.5670  -15.8630  2453    42848  13.6450  40.5510  -43.1280  2453
23254  6.6100  -47.7050  -15.2190  2459    42711  41.3690  51.6990  19.0810  2459
23259  27.5550  -48.3730  -16.5870  2462    42984  16.0910  3.6860  45.1020  2462
23261  25.4970  -48.5050  -16.5970  2464    42999  22.3220  -53.5960  -32.0910  2464
23268  6.7780  -48.0540  -17.6400  2469    43092  10.8630  34.2990  27.1690  2469
23283  7.6630  -48.6120  -20.4010  2475    11081  4.8850  14.8760  46.3570  2475
23295  21.7330  -48.3530  -21.4090  2477    43635  7.2140  -41.3150  8.9630  2477
23299  18.0960  -48.5930  -20.8350  2481    16017  26.5750  79.0070  -15.0060  2481
23300  17.0570  -48.8230  -20.8580  2482    43728  61.3160  -28.5720  1.4550  2482
23302  15.1940  -49.0310  -21.3940  2484    43740  41.6390  38.4800  -7.2340  2484
23328  22.8460  -48.4140  -22.3970  2499    2771  55.2700  -33.7360  -1.2670  2499
23332  13.5230  -48.0670  -22.7230  2503    19381  52.3400  56.0400  -20.2110  2503
23336  10.0240  -48.7430  -22.1020  2507    3569  20.4420  29.5010  28.5250  2507
23344  21.4230  -49.2360  -24.7390  2512    44116  26.1330  33.6360  20.6810  2512
23349  26.6530  -48.7490  -24.2190  2513    44608  50.6990  26.1890  -55.0210  2513
23360  25.5080  -48.5250  -26.1880  2518    7566  30.5940  -33.4150  -23.2210  2518
23372  24.7730  -48.2910  -27.5270  2524    22915  6.0320  -4.4590  15.9750  2524
23375  18.5340  -48.6290  -27.9470  2527    44843  39.3070  41.2750  27.1960  2527
23388  23.8120  -47.9310  -29.0920  2529    12520  20.6960  -71.1580  15.2630  2529
24151  7.3740  -47.3170  -10.2670  2551    42578  22.7350  -51.6150  -30.0590  2551
24214  12.8730  -47.5990  -14.2540  2561    3666  60.3160  -18.4770  19.2260  2561
24221  30.5850  -47.4160  -14.7090  2566    3366  14.8320  -65.6610  -16.7010  2566
24223  16.0860  -47.5170  -15.1450  2568    43921  1.2330  45.1190  -8.9100  2568
24228  5.8030  -46.9950  -14.2790  2573    5186  15.7740  -23.7090  56.1450  2573
24233  22.0430  -47.7580  -16.1970  2577    44091  6.5380  25.3110  47.9290  2577
24235  20.6340  -47.6060  -16.0830  2579    44101  55.2820  44.6590  -10.9490  2579
24244  28.7910  -47.3950  -16.4290  2587    7073  20.1550  -12.0650  -31.5350  2587
24245  27.9090  -47.4280  -16.6500  2588    7074  46.6020  -43.2250  -23.7790  2588
24247  25.8900  -47.4970  -16.6270  2590    44250  8.8270  -28.8090  0.5370  2590
24252  21.1480  -47.0980  -16.3100  2595    5961  36.4050  -68.4410  -6.4410  2595
24253  6.8170  -47.0710  -16.4310  2596    22865  6.6250  -12.7740  35.4270  2596
24256  7.0320  -47.3190  -17.2220  2598    44296  14.4810  -46.2790  6.2800  2598
24260  7.4370  -47.4430  -18.7170  2600    23586  43.6850  4.9370  19.4700  2600
24264  7.5080  -47.6660  -19.1700  2602    44409  7.8860  49.6290  34.0890  2602
24286  20.5480  -47.8530  -21.0810  2607    15976  41.8780  -41.1040  -17.1090  2607
24287  19.5720  -47.7700  -21.1460  2608    15975  57.3110  -41.5080  -26.2120  2608
24297  23.3070  -47.5560  -21.8550  2614    2772  55.8440  -32.9300  -1.7370  2614
24302  17.2940  -47.6090  -22.1570  2619    16154  23.3140  18.0440  -47.4630  2619
24304  15.6540  -47.8610  -22.7150  2621    30672  47.9850  -41.9370  -30.9010  2621
24313  28.4210  -47.8570  -22.6830  2625    15331  50.0830  51.2910  -21.1120  2625
24315  23.5440  -47.6430  -21.9900  2627    2770  19.2640  55.7380  25.8370  2627
24321  13.3240  -47.4800  -23.3650  2633    3568  51.3780  41.6380  0.2110  2633
24333  26.4520  -47.8460  -24.0980  2640    7587  40.3720  22.8070  -21.2200  2640
24336  22.3420  -48.4240  -24.7980  2643    19254  28.1000  27.3170  27.4180  2643
24362  21.4340  -47.4570  -26.7070  2657    22916  39.9720  -4.9600  44.4380  2657
24363  20.5850  -47.7450  -27.1060  2658    7706  44.9510  -46.4200  -21.9200  2658
24376  20.2540  -47.0490  -28.2870  2662    4371  48.0800  -5.5300  -12.5010  2662
25152  5.3470  -47.5400  -10.3110  2681    13349  51.4670  -32.1810  -10.9630  2681
25173  8.2660  -46.4380  -11.1060  2683    17016  21.6120  -65.6780  -36.0420  2683
25196  4.9510  -46.8910  -11.3920  2689    4281  36.0280  55.8660  11.4300  2689
25223  10.3140  -46.4400  -12.8370  2690    3665  45.6190  -64.5910  -17.3500  2690
25253  15.3600  -46.3260  -15.0900  2698    5101  49.9960  23.9290  28.8100  2698
25260  31.2840  -45.9310  -14.6700  2704    4402  12.2700  28.3000  48.3270  2704
25261  30.7500  -46.4990  -15.3520  2705    4875  40.1040  32.8890  13.1710  2705
25265  18.2940  -46.5450  -15.8970  2709    6268  33.8040  -74.0330  -29.4370  2709
25275  26.2630  -46.5090  -16.7100  2718    7099  19.9860  -68.5210  -35.6370  2718
25277  24.1960  -46.5260  -16.4520  2720    7262  35.8990  9.8560  -22.5140  2720
25284  6.6150  -46.4970  -15.8130  2727    5490  10.7810  -50.3270  38.8600  2727
25286  12.0210  -45.7910  -17.4370  2728    23267  58.8060  7.9580  -19.1020  2728
25288  7.9620  -46.8540  -17.9370  2730    23561  63.9600  10.9960  -35.7350  2730
25292  13.8110  -46.2930  -18.7180  2732    24244  7.5410  -70.6780  2.1160  2732
25306  8.5440  -47.3280  -19.7220  2742    11080  15.3620  -54.8550  22.4330  2742
25342  10.2490  -47.3380  -21.3900  2750    14745  37.7490  13.7460  -16.5400  2750
25348  27.7180  -46.3890  -22.0060  2753    15332  51.1470  52.2780  -21.2970  2753
25350  26.2880  -46.2980  -21.9730  2755    15452  66.0650  -20.6900  -31.8830  2755
25368  26.0620  -46.7320  -22.5030  2767    15428  53.1130  0.8430  -22.6010  2767
25372  18.4490  -45.9990  -23.0570  2771    16155  39.5070  19.3180  -21.4170  2771
25375  15.6860  -47.0450  -23.8920  2774    19382  51.6150  56.4130  -19.7410  2774
25378  11.3170  -46.9170  -22.4230  2777    18555  67.2480  -1.7450  -18.8900  2777
25407  22.6880  -47.6240  -25.7210  2796    7567  13.3840  -42.3300  33.1200  2796
25408  16.1440  -46.1420  -25.1940  2797    19383  42.8490  -41.2060  -32.1400  2797
25410  14.5680  -46.0840  -25.3320  2799    19766  46.8150  -53.2540  12.1370  2799
25411  13.8540  -45.7070  -25.0920  2800    18590  33.8930  22.6090  -55.0490  2800
25421  24.7850  -47.2500  -25.3670  2802    7568  46.8630  42.4710  8.3980  2802
26236  6.6970  -46.3310  -10.4980  2821    13350  18.2910  74.2550  -1.9440  2821
26262  7.8760  -45.7250  -11.0790  2825    17449  36.9020  -50.3490  21.9750  2825
26284  10.2080  -45.2310  -12.3060  2830    17015  20.1300  -64.9710  -35.3820  2830
26309  11.9950  -45.0800  -13.0630  2834    19125  14.2210  58.4600  -43.6850  2834
26325  14.3360  -45.0360  -14.1140  2839    20186  3.7650  4.1810  -4.5480  2839
26326  13.6760  -45.1780  -13.9260  2840    3667  58.4550  -18.7040  16.9460  2840
26330  5.3610  -45.5840  -13.1990  2844    4280  35.3880  54.8860  10.2610  2844
26344  19.4700  -45.5650  -16.2790  2855    5962  13.5130  26.5500  48.2890  2855
26349  6.4460  -45.3190  -15.1090  2860    5447  64.2890  -21.6480  -24.3900  2860
26354  28.7790  -45.5290  -16.9270  2864    7072  48.1140  42.3430  9.5240  2864
26357  25.5800  -45.5370  -16.7360  2867    7261  18.4250  77.7880  -3.3590  2867
26359  23.5300  -45.5350  -16.5950  2869    7310  6.2740  18.9790  12.4210  2869
26362  20.7940  -45.5550  -16.4760  2872    5960  36.4040  -4.2440  25.5080  2872
26370  10.1710  -45.8430  -16.8550  2879    23377  31.1040  -72.8640  5.9980  2879
26376  14.6460  -45.2980  -18.7600  2883    24245  8.0170  -69.9760  1.6200  2883
26380  10.7220  -46.4780  -17.4740  2887    23376  56.6230  -22.9590  -38.3930  2887
26428  12.8300  -46.3780  -20.3450  2901    11079  11.7070  -21.9100  22.7810  2901
26455  27.4500  -45.4500  -21.8030  2909    15588  37.9960  -0.4190  3.5570  2909
26457  25.7350  -44.9480  -21.9340  2911    29243  7.1500  -16.3620  52.5480  2911
26459  22.6420  -46.2170  -21.5900  2913    29570  12.5040  -81.3810  -9.1740  2913
26461  20.8490  -45.7310  -22.0050  2915    15977  42.6080  -39.5810  -16.4430  2915
26462  19.8350  -45.7820  -22.3890  2916    16018  27.2250  80.6390  -14.1430  2916
26484  17.9980  -45.8120  -23.6660  2927    30629  45.4620  46.3980  19.3940  2927
26496  24.2530  -45.8450  -22.0610  2934    18030  24.7420  -28.3280  -25.7150  2934
26499  20.7300  -44.4580  -23.4750  2937    31454  35.3390  53.2170  -4.9800  2937
26500  19.4160  -44.6410  -24.5080  2938    30612  39.5680  18.9930  32.0670  2938
26516  19.0910  -44.4870  -26.0950  2946    31497  25.1550  32.0170  -38.9180  2946
26531  18.9670  -44.4640  -27.0610  2953    32115  26.9670  18.3410  -63.1870  2953
27391  6.2680  -45.8630  -11.3160  2967    13351  4.6960  -19.9130  45.8080  2967
27408  12.0820  -44.0680  -12.4560  2969    19177  12.1010  -70.3130  7.2430  2969
27428  13.9550  -44.0270  -13.1320  2976    31644  62.1890  -21.6520  0.1770  2976
27433  5.8880  -45.2230  -12.2990  2981    17480  39.0370  6.6300  -38.0860  2981
27440  15.9270  -44.0120  -14.4090  2983    20875  32.3280  32.7210  -27.7620  2983
27457  19.0640  -44.7640  -16.2080  2998    21416  7.0830  -4.0490  48.8160  2998
27464  31.2920  -44.0040  -16.4480  3004    21914  44.0150  41.1100  -7.4990  3004
27467  28.0560  -44.4140  -17.2330  3007    22264  15.3230  -7.4240  16.3490  3007
27468  26.9330  -44.5660  -17.0990  3008    22303  17.0810  -24.7030  15.8890  3008
27469  25.8850  -44.5810  -17.0080  3009    22335  28.2730  -63.3950  26.5320  3009
27471  23.8390  -44.5640  -16.7800  3011    22397  7.8360  -37.1900  -8.9030  3011
27477  8.0960  -44.6510  -15.6100  3017    21870  36.3300  -64.7760  -2.8240  3017
27483  12.2690  -44.2380  -17.6630  3021    23265  25.8680  -69.5440  2.1710  3021
27484  11.3680  -44.3370  -17.1700  3022    23266  16.9000  -73.0430  -31.3800  3022
27487  8.9000  -45.2370  -16.2780  3025    23480  8.0960  66.4420  19.8800  3025
27502  14.7520  -44.6840  -18.8190  3028    24243  54.5210  39.2520  3.8500  3028
27534  15.2380  -44.7310  -20.7930  3032    27683  48.4890  -33.0040  -25.7690  3032
27542  13.3150  -44.8290  -21.8730  3038    36521  2.9660  16.8830  -19.4530  3038
27571  24.7360  -44.0030  -22.4860  3048    31232  14.2310  68.0590  10.1950  3048
27589  23.3200  -43.8660  -22.8160  3053    31255  17.8890  -74.2410  -14.4240  3053
27590  22.2770  -43.7810  -23.3040  3054    31279  7.4170  32.7860  -28.4020  3054
27605  21.7470  -43.2860  -24.7450  3060    38639  21.9860  36.4620  31.0230  3060
27614  21.2400  -43.3740  -26.0480  3065    39034  20.6960  -43.8590  -27.9060  3065
27615  20.5270  -43.8910  -26.4150  3066    31512  5.2880  -49.0320  8.7780  3066
27617  17.3130  -44.7150  -27.1070  3068    32960  46.9590  -56.9600  6.8740  3068
27628  18.6650  -44.2000  -27.7770  3075    39745  28.2540  -61.7600  -35.0790  3075
27639  20.8680  -43.6890  -28.0030  3078    39323  15.0380  54.7670  -43.7360  3078
27643  17.7600  -43.6150  -27.9500  3082    39797  9.5750  -23.4940  12.2870  3082
28467  7.4450  -45.0990  -11.5990  3084    29965  12.7600  5.2570  48.6890  3084
28479  10.2960  -44.0060  -12.3190  3089    31235  16.7030  -18.8920  -23.3830  3089
28482  7.4350  -44.5750  -12.1530  3092    36248  41.7040  -10.0640  41.5480  3092
28494  12.4540  -43.4120  -12.5610  3097    31843  51.1810  6.9490  -58.3210  3097
28506  15.2230  -43.5780  -13.9750  3102    31808  22.1260  -35.7470  -20.1280  3102
28510  32.4890  -43.0210  -14.9370  3105    32026  22.7110  -61.7470  -34.2170  3105
28512  17.3020  -43.4350  -15.4200  3107    32921  14.5170  51.5620  35.7540  3107
28515  7.2710  -43.8400  -14.3840  3110    32356  36.0390  -61.5270  -34.8190  3110
28518  32.3070  -42.9590  -15.6950  3112    32593  37.0700  53.6170  -9.9920  3112
28520  19.5520  -43.3690  -16.2990  3114    38364  24.2840  -44.3430  -22.4670  3114
28524  8.2140  -43.5860  -15.0160  3118    32953  18.5460  -50.5520  -0.5700  3118
28530  30.5980  -43.5820  -17.0830  3122    21933  16.6290  -8.4320  16.6260  3122
28538  22.0860  -43.5990  -16.6590  3130    33552  54.3760  -27.2370  29.0860  3130
28552  11.5380  -43.2190  -17.8530  3142    34098  9.1210  -56.0820  -2.5690  3142
28553  10.7180  -43.3500  -17.1860  3143    34146  30.3120  -28.1260  18.8740  3143
28555  9.3380  -44.0070  -16.0340  3145    33805  22.8620  36.9980  35.0420  3145
28599  13.9040  -42.9480  -19.0800  3153    6347  30.7800  15.8750  -64.7540  3153
28602  15.6310  -43.9770  -20.0980  3154    40908  8.0950  26.4970  -26.7230  3154
28614  27.9190  -43.4930  -21.9380  3159    36967  40.9270  0.1190  -50.9770  3159
28636  25.6900  -43.0500  -22.6290  3165    37844  53.9800  -11.7640  15.0520  3165
28656  24.5450  -42.7770  -23.2320  3170    37862  33.4750  -41.2990  25.0890  3170
28659  14.2030  -43.4330  -24.8820  3173    38674  37.4160  -11.1570  -40.3910  3173
28672  23.2940  -42.4830  -24.2740  3176    13009  43.9340  16.1120  -55.7480  3176
28675  14.9900  -43.3450  -25.7690  3179    13429  28.4390  58.5720  -34.6740  3179
28688  16.1760  -43.8510  -26.7850  3184    39370  34.1120  35.1300  28.9620  3184
28694  22.0450  -42.4400  -27.2280  3187    42944  38.2720  -60.8640  7.3520  3187
28706  20.8460  -43.2620  -28.7280  3191    16145  39.9170  56.3480  -0.7900  3191
28719  19.8530  -42.6000  -29.3270  3196    43302  28.1840  -54.6070  -31.3640  3196
29539  8.8720  -43.6710  -12.4940  3201    35491  19.8430  -66.5050  -28.3350  3201
29551  13.6800  -43.0520  -12.9890  3205    37390  58.6530  38.2750  -2.5880  3205
29558  7.8160  -43.4630  -13.2440  3212    42098  3.9920  -56.5180  -15.1020  3212
29566  16.0840  -43.3140  -14.6870  3215    37818  7.4020  -10.9650  15.0320  3215
29576  32.8890  -42.1770  -14.7120  3223    8052  9.5370  -59.0310  -20.4430  3223
29580  8.2890  -42.9510  -14.5040  3227    38156  13.9500  36.7850  10.9560  3227
29594  32.2930  -42.2180  -16.5160  3237    12404  10.0870  -29.5140  9.2650  3237
29597  25.8060  -42.8670  -17.3790  3240    39004  37.4460  20.3510  -64.0770  3240
29600  23.3790  -42.5270  -17.1230  3243    39028  10.2740  -20.0320  8.3310  3243
29605  9.2490  -42.3790  -15.8780  3248    38591  30.7280  2.6050  35.3810  3248
29620  29.5280  -42.5410  -17.5130  3252    39269  34.7710  43.4020  32.2980  3252
29622  27.4810  -42.5550  -17.3930  3254    3845  9.7220  -67.2800  -34.0010  3254
29628  10.7760  -42.5480  -17.9150  3260    5482  35.0460  46.7950  14.1400  3260
29629  10.1250  -42.2220  -17.2750  3261    39530  22.6730  -84.3470  -13.8700  3261
29652  12.5510  -42.4770  -18.9590  3264    6346  44.2190  -32.7280  -6.1910  3264
29665  14.1190  -42.2080  -19.9500  3271    6348  28.5580  -69.4030  -7.6910  3271
29668  18.0530  -42.0490  -21.5680  3273    7533  31.4380  -14.5310  -19.7120  3273
29670  17.0720  -42.7260  -21.3280  3275    44252  13.3490  -45.5380  35.8930  3275
29683  27.6420  -42.5900  -22.2230  3278    9654  58.6730  -26.9520  -19.0150  3278
29692  14.7290  -42.9840  -22.0810  3287    41150  5.1370  -65.1160  -28.0090  3287
29709  26.3480  -42.1570  -22.6920  3288    9725  37.8200  36.2960  -21.0060  3288
29713  18.8340  -42.1670  -22.8200  3292    13107  60.0200  -42.7500  -26.9420  3292
29716  16.0580  -43.1090  -23.1410  3295    44578  4.8010  -60.6030  -1.6880  3295
29718  14.3930  -43.4150  -23.6800  3297    41459  27.0280  51.0260  26.3200  3297
29728  24.3720  -42.0480  -23.7630  3298    11796  29.1120  17.1200  43.5890  3298
29732  16.7550  -42.7260  -24.0360  3302    13409  59.0740  -39.5400  10.4930  3302
29744  23.3780  -41.7630  -24.9940  3307    13033  6.9420  -13.2760  -3.4210  3307
29758  23.0460  -41.3550  -25.8750  3312    23675  61.2140  -14.4310  -44.9670  3312
29771  22.1280  -42.0490  -28.1390  3316    16144  6.5650  -44.1710  15.3660  3316
29773  17.1300  -42.7690  -27.4940  3318    14737  60.2270  -39.6080  -6.0790  3318
30646  10.8290  -42.3360  -13.2270  3331    35490  35.6790  24.3790  -31.3510  3331
30653  32.9860  -41.7960  -13.7990  3336    8051  22.5920  -22.9060  52.4460  3336
30660  12.1220  -41.9570  -13.6350  3341    44868  36.4930  -52.9230  34.0700  3341
30663  9.5330  -41.9840  -13.9230  3344    44896  29.2970  9.9380  -32.0890  3344
30674  15.0020  -42.2800  -14.7250  3353    44944  20.0840  84.5370  -15.8150  3353
30676  13.4470  -41.8160  -14.2830  3355    8542  5.3610  -55.5180  23.6910  3355
30680  10.0320  -41.3340  -14.4030  3359    8833  8.3250  14.8110  20.1800  3359
30687  33.1200  -41.5660  -15.3860  3364    8077  36.6460  12.8810  -8.1350  3364
30688  18.7290  -42.2970  -16.2460  3365    1046  56.4790  -9.0950  -10.4940  3365
30690  17.1230  -42.1060  -15.8990  3367    1080  45.0500  40.9520  17.2330  3367
30696  9.3690  -41.6070  -15.4290  3373    4411  33.0200  -17.0250  35.7830  3373
30712  22.4290  -41.6460  -17.0910  3378    246  21.7620  80.5240  -31.8320  3378
30713  21.4250  -41.8000  -16.7010  3379    247  22.8790  79.9120  -31.3030  3379
30737  30.7730  -41.7520  -17.5930  3387    15318  42.5180  17.5610  -59.0190  3387
30739  28.7720  -41.7150  -17.5290  3389    3844  31.1270  16.5440  -44.6160  3389
30742  25.6260  -41.6680  -17.5190  3392    3875  28.2540  25.4010  -63.0700  3392
30743  24.6300  -41.6420  -17.5350  3393    15918  12.5630  -29.2860  34.6340  3393
30746  9.8510  -41.2250  -17.3560  3396    4410  40.9940  34.1120  13.4450  3396
30747  9.6230  -41.6430  -16.6040  3397    4412  46.7190  -27.8890  4.8320  3397
30759  10.6740  -41.2590  -18.8380  3399    5481  28.1480  -46.8390  -16.6840  3399
30764  11.6430  -41.3280  -19.5570  3402    5480  56.9540  -37.5010  -33.0990  3402
30772  18.0590  -41.0260  -21.5810  3407    7532  32.5800  -50.2010  -34.4330  3407
30775  16.4550  -42.4430  -20.9890  3410    7531  62.6850  -1.3090  12.6000  3410
30798  14.5290  -41.9180  -20.7520  3422    19244  12.3770  54.3640  10.5890  3422
30829  17.5090  -42.2010  -24.6930  3433    13106  36.5070  57.0230  -14.3820  3433
30842  17.3130  -41.7700  -25.6660  3439    13408  28.3980  81.2400  -7.8750  3439
30850  23.2710  -40.7260  -26.3330  3442    24933  66.8390  -6.5050  -29.7090  3442
30862  17.9090  -41.3450  -27.8420  3447    15045  11.0170  15.4660  30.4110  3447
30878  22.3560  -41.2310  -28.5780  3450    16146  40.8320  57.8200  -0.3680  3450
30880  18.9980  -41.0540  -28.8430  3452    18162  5.8910  -4.5050  55.6970  3452
31716  11.4000  -40.9030  -14.6420  3465    8540  49.7690  -2.8190  -31.5430  3465
31730  15.7640  -41.5460  -16.0500  3473    10335  22.0840  46.7490  36.7450  3473
31735  11.1730  -40.3580  -15.2650  3478    8541  45.9520  -42.4130  33.3340  3478
31737  9.8070  -40.6500  -15.7710  3480    8832  8.4720  -74.7900  -31.6710  3480
31754  20.5360  -41.1380  -16.9030  3486    248  20.6650  80.7150  -31.4580  3486
31758  16.0910  -41.1090  -16.6390  3490    10336  20.4980  47.4350  36.1030  3490
31761  13.5140  -40.4900  -16.1890  3493    10480  24.4010  -34.7740  48.2860  3493
31783  28.0110  -40.8370  -17.4430  3504    3843  20.8660  40.7090  29.2190  3504
31789  21.7100  -40.5950  -17.4320  3510    12879  43.1950  -30.8470  -40.6880  3510
31791  19.6550  -40.6110  -17.3770  3512    12895  19.2340  -4.0400  -33.3300  3512
31811  10.3010  -40.2950  -18.3790  3521    5504  20.4860  80.1760  -2.2370  3521
31827  13.0350  -40.4480  -20.8910  3532    6838  12.3930  -30.0000  43.1490  3532
31838  29.6590  -40.7890  -22.4860  3533    9138  40.0960  -68.1120  -35.1790  3533
31844  17.1400  -40.2320  -21.6330  3539    18878  19.1960  -46.1730  -22.3280  3539
31861  27.8720  -40.5520  -22.6610  3545    11795  28.9590  15.4120  41.8660  3545
31865  20.3320  -40.0910  -24.0040  3549    10136  5.9930  64.0030  8.3630  3549
31875  25.9320  -40.0930  -23.6280  3551    13010  20.5250  78.6760  -12.0240  3551
31890  24.9720  -39.8580  -24.6390  3557    23656  30.5140  -36.4620  -9.5250  3557
31907  18.1100  -40.5580  -26.6990  3566    15607  59.4870  19.6480  -1.6190  3566
31917  23.4770  -39.7460  -26.9260  3568    16163  46.0200  -37.0240  -3.3940  3568
31933  19.3200  -40.3860  -28.9130  3574    15609  47.7370  -26.1910  10.6690  3574
31948  22.4290  -39.9540  -28.9010  3576    19671  5.9630  18.6340  -25.9990  3576
32719  32.9510  -39.0970  -11.1780  3580    21059  46.4940  15.6260  -3.5760  3580
32771  32.9250  -40.7930  -12.1980  3587    3969  61.2200  23.3970  11.5370  3587
32799  33.7090  -39.9210  -13.4670  3593    8050  9.0220  65.7440  5.1710  3593
32814  34.0860  -39.2740  -14.4400  3598    25431  51.5150  -11.9540  -39.5270  3598
32834  33.4830  -40.2180  -16.5560  3605    12403  33.1600  -39.7410  -24.6750  3605
32838  11.3420  -39.3500  -16.4340  3609    13656  27.4710  -73.6790  -36.1570  3609
32852  34.1990  -39.2760  -16.0700  3612    26698  45.6370  31.2870  -11.7910  3612
32856  31.3280  -40.3820  -18.0230  3616    15287  38.0060  -15.6280  -35.3680  3616
32860  27.1820  -39.9400  -17.5290  3620    15444  14.0170  -68.1330  10.2430  3620
32861  26.0370  -40.0150  -17.8560  3621    15466  49.8040  50.5370  -4.8740  3621
32863  23.9700  -40.2230  -17.8870  3623    15933  10.4200  -68.0530  9.9170  3623
32867  20.5030  -39.9720  -18.0230  3627    16467  2.0160  7.4390  -10.4770  3627
32870  17.6610  -40.1500  -17.8370  3630    16584  34.4430  66.9090  -2.8090  3630
32873  14.5860  -39.7260  -17.3610  3633    13581  31.1550  46.3570  -23.6020  3633
32877  10.6640  -39.0940  -17.1890  3637    27904  27.2640  -42.6580  3.0340  3637
32892  33.0920  -39.3450  -17.9510  3640    28583  7.0420  78.5450  -33.9610  3640
32893  32.3970  -39.6340  -18.1510  3641    28584  6.5670  10.7230  9.9630  3641
32896  29.8890  -39.6120  -17.9920  3644    28943  67.4000  -7.5220  -32.5390  3644
32899  26.2540  -39.0630  -17.9650  3647    29221  14.0810  -22.5040  -19.4800  3647
32900  24.9810  -39.2360  -18.2350  3648    29234  52.2670  -4.0510  31.9280  3648
32903  22.2940  -39.6650  -18.1130  3651    29335  47.7950  -55.4020  2.0430  3651
32911  10.5320  -39.1480  -18.1610  3659    16683  5.3720  44.1790  -26.0240  3659
32923  23.3390  -39.0770  -18.3350  3669    31328  14.1330  -73.2370  -15.7150  3669
32929  11.0550  -39.1870  -19.5210  3675    18145  56.0270  0.0170  26.5240  3675
32933  11.9980  -39.1900  -20.6470  3677    18267  46.5860  0.5150  -27.5980  3677
32948  30.6600  -39.4790  -22.7920  3680    20493  19.9380  81.7410  -15.1930  3680
32952  19.3530  -38.8440  -22.4520  3684    20977  12.4010  21.7090  30.0670  3684
32956  15.4670  -39.7010  -21.8480  3688    21081  5.8620  28.6700  9.4870  3688
32974  27.1610  -39.7900  -23.0740  3694    34615  16.3810  -56.7530  4.3920  3694
32976  20.5130  -39.5460  -23.7950  3696    20978  48.8240  -15.8590  29.9420  3696
33000  19.3200  -40.2430  -25.5660  3705    25032  51.6740  2.7930  -35.5360  3705
33025  18.9930  -39.1100  -28.1440  3713    15608  46.9590  31.9170  6.2010  3713
33037  23.2540  -38.9170  -27.8570  3715    3594  20.3040  31.8480  29.3790  3715
33039  19.2580  -39.3440  -28.5280  3717    27409  48.7160  20.0900  1.1050  3717
33866  32.9850  -38.1610  -10.5750  3727    9820  20.4980  22.2230  47.0860  3727
33897  33.3420  -38.1290  -11.0580  3731    9818  12.1080  86.0800  -14.4630  3731
33940  33.9100  -38.9710  -13.0550  3735    11233  34.5650  37.3850  -54.2490  3735
33954  34.3810  -38.0610  -16.0780  3739    14066  62.4280  -6.4010  21.8040  3739
33967  34.3700  -38.3540  -15.0090  3742    37859  44.5840  37.6300  19.1270  3742
33970  32.8760  -38.3860  -17.3140  3745    38049  36.1880  46.4290  -0.5760  3745
34001  31.2350  -38.3520  -17.9980  3755    38077  19.9610  49.0050  -32.7090  3755
34002  30.1010  -37.6500  -18.2010  3756    39013  34.5250  -46.4910  17.0080  3756
34004  28.5200  -37.5370  -17.4620  3758    39224  46.1210  -45.4420  -27.4800  3758
34005  27.5880  -37.4530  -17.6980  3759    20406  13.3080  63.4900  -43.3230  3759
34007  14.7900  -39.2060  -17.8640  3761    29907  11.0530  69.2320  -19.0800  3761
34009  12.7870  -38.5140  -17.3460  3763    29959  66.7470  -16.6560  -20.8120  3763
34011  11.1760  -38.2490  -17.4480  3765    30002  43.9900  -6.5390  41.5190  3765
34031  29.1340  -38.2070  -17.6470  3773    31028  31.2550  -38.6250  -30.2800  3773
34032  28.0620  -38.2070  -17.5530  3774    31029  20.1060  59.4920  11.9210  3774
34033  26.6550  -37.8400  -18.0580  3775    31243  37.0850  -9.9740  -25.9370  3775
34035  23.8380  -38.1240  -18.7550  3777    20621  57.7720  2.9640  -53.2850  3777
34037  21.9550  -38.0020  -18.6680  3779    32384  45.1500  -37.1240  27.8440  3779
34039  20.2890  -38.0530  -18.7110  3781    40573  25.8790  55.8290  29.4040  3781
34041  18.7130  -38.4080  -18.9200  3783    31627  34.6320  -26.4800  32.0010  3783
34043  16.5770  -38.6850  -18.6200  3785    29939  37.2470  59.3440  14.5320  3785
34046  10.9410  -37.8880  -18.7030  3788    30067  46.3640  -9.4340  4.1530  3788
34071  11.5200  -38.6900  -20.0270  3807    32679  6.4890  -14.7820  20.8800  3807
34075  13.1410  -38.2890  -21.5950  3808    41280  64.3730  -19.4660  13.5890  3808
34092  17.7050  -38.4130  -22.2460  3815    33787  21.8510  51.6990  34.2090  3815
34094  15.6870  -38.2250  -22.4140  3817    33826  44.1730  61.8770  4.7740  3817
34112  30.1840  -38.4540  -22.6570  3822    33412  47.1580  -49.0020  13.7770  3822
34115  26.9700  -38.9480  -23.4000  3825    34633  50.3460  -45.4020  -32.8630  3825
34132  26.9660  -38.3540  -23.5860  3831    25920  36.4910  -36.8890  35.4830  3831
34142  25.1500  -38.3530  -25.2590  3835    371  51.1420  -33.5180  -1.3400  3835
34144  20.5270  -39.0030  -25.4290  3837    2279  35.9480  -17.1970  40.0870  3837
34155  24.3660  -38.2330  -26.2860  3840    2048  44.3470  -67.2140  -32.0920  3840
34178  23.1820  -38.2350  -28.1110  3849    5040  40.3250  -34.8970  2.2370  3849
34180  19.6650  -38.0700  -28.5450  3851    37237  5.7850  11.2980  -34.3870  3851
34192  22.0780  -38.2250  -29.2950  3852    6086  41.3250  -28.2830  43.9800  3852
35138  29.4150  -36.3860  -15.9750  3860    38070  11.6280  -67.9910  7.4370  3860
35153  29.3600  -36.4850  -16.3890  3863    17213  51.3780  10.5790  -4.4070  3863
35179  28.9730  -36.8290  -17.1110  3869    39210  2.7170  47.2620  -19.2360  3869
35200  26.1470  -36.8990  -18.4610  3880    39452  31.6210  -62.4270  15.6580  3880
35201  25.3190  -37.2470  -18.7150  3881    40158  18.5970  -49.9690  -10.4510  3881
35204  22.1420  -37.4430  -18.9100  3884    20985  44.9370  -56.1330  17.0940  3884
35208  18.6480  -37.7050  -19.2060  3888    21101  10.0790  65.5030  25.8380  3888
35209  17.6710  -37.7930  -19.2030  3889    40757  20.3250  42.2660  36.9050  3889
35211  15.3580  -37.7880  -18.7630  3891    39511  34.6640  17.6180  -6.1090  3891
35213  12.9050  -37.1280  -17.9040  3893    21911  39.6700  -4.2230  47.2560  3893
35215  11.3260  -37.2870  -18.3040  3895    21973  50.5450  -9.5950  18.0680  3895
35224  11.3290  -37.3740  -19.1180  3897    21972  36.3010  -68.8070  -24.0600  3897
35228  12.1480  -37.1810  -20.3540  3898    23598  53.8340  -31.7000  -4.9360  3898
35232  13.2360  -37.1940  -21.5660  3900    24436  44.7050  -41.1940  -22.6420  3900
35242  19.1550  -37.3830  -22.8050  3902    26065  5.6640  -3.8520  38.8430  3902
35246  15.4130  -37.4620  -22.6380  3906    26410  35.5890  -46.3940  -29.8500  3906
35262  31.5280  -37.2330  -22.9190  3909    42253  44.9550  59.8620  -20.2660  3909
35263  30.5240  -37.5240  -22.7010  3910    25834  37.2020  11.1220  -14.3670  3910
35267  20.6790  -37.3790  -23.5520  3914    26172  16.2090  62.2060  24.9010  3914
35287  26.4090  -37.5560  -24.4170  3922    370  35.1460  -12.3540  22.7470  3922
35289  21.1620  -37.7350  -24.3210  3924    2280  37.3720  -17.1410  40.5110  3924
35313  19.8530  -37.7300  -27.1040  3931    3685  25.9290  71.5230  -7.3580  3931
35336  20.0610  -36.6400  -28.9850  3937    5551  45.4080  -15.9690  42.6540  3937
36276  33.7890  -36.7010  -11.5790  3946    9819  12.0220  84.8320  -13.3500  3946
36277  31.2350  -36.1520  -12.2320  3947    11633  20.3130  -53.3540  20.6910  3947
36299  34.0680  -37.5840  -12.8720  3949    11234  29.9940  15.4900  43.2080  3949
36301  30.9610  -36.2300  -12.8740  3951    11769  37.1420  10.0600  -26.7160  3951
36324  28.9800  -36.1140  -14.5920  3952    36291  64.9860  -30.2730  -8.9720  3952
36342  29.0010  -36.0190  -15.3250  3955    17212  27.4300  -61.7380  4.6520  3955
36366  28.8980  -36.1640  -16.6010  3957    20351  17.1870  -71.6490  -28.7160  3957
36377  28.1520  -36.2030  -17.1280  3959    20350  11.6000  53.7710  35.3030  3959
36378  27.3370  -36.1260  -17.7520  3960    20370  42.1290  -4.8360  -19.6100  3960
36387  26.5310  -36.1820  -18.4160  3963    20388  36.8730  28.8710  24.9450  3963
36388  25.4640  -36.2070  -19.0690  3964    20760  11.0970  -35.8360  21.1870  3964
36389  24.4090  -36.6780  -19.3000  3965    20601  37.1030  -43.1570  26.0130  3965
36393  20.4820  -36.9450  -19.2620  3969    21038  31.4350  -17.0850  -39.2190  3969
36396  17.6950  -37.0910  -19.4700  3972    21434  39.9790  -44.2520  -6.2320  3972
36398  15.4720  -36.6570  -19.1980  3974    21570  38.2550  -13.6230  -43.1440  3974
36401  12.4850  -36.4230  -18.5160  3977    21897  47.1410  18.4690  -41.1390  3977
36412  23.5540  -36.1380  -19.7560  3981    20603  37.2280  -44.2590  26.0970  3981
36413  22.5360  -36.2620  -19.7490  3982    20959  37.6570  -11.0610  18.7750  3982
36416  19.6920  -36.4400  -19.6960  3985    21100  10.5300  64.2340  27.8020  3985
36437  14.5810  -36.0090  -22.5370  3996    24573  43.1000  71.0120  -11.6610  3996
36450  31.6610  -36.0980  -23.0440  3998    25492  63.1560  -22.0220  9.9660  3998
36453  28.8600  -36.7480  -23.0970  4001    25870  61.0830  6.4120  -23.1090  4001
36459  17.3010  -36.1080  -23.5490  4007    26064  62.4900  -4.2650  2.1180  4007
36473  28.0960  -36.3730  -23.5650  4010    25921  11.9110  67.6100  -43.5040  4010
36475  26.6080  -36.5680  -24.6840  4012    372  52.3040  -33.9070  -1.0670  4012
36476  21.3880  -36.3300  -24.5260  4013    27500  37.3200  42.3870  -29.4390  4013
36479  19.1230  -35.6230  -23.7910  4016    26066  5.8800  81.4440  -28.7060  4016
36503  25.0370  -36.4530  -26.2190  4023    2205  44.6770  44.6660  -12.7190  4023
36505  20.5620  -36.7280  -26.5330  4025    2278  15.4150  -51.2320  33.0260  4025
36515  23.9640  -36.4430  -27.2990  4027    3660  17.1400  -66.3980  4.2400  4027
36528  22.9860  -36.4130  -28.5670  4031    5537  27.4400  -9.4130  -33.7820  4031
36531  19.9440  -36.0300  -28.4650  4034    5575  25.9020  -35.3950  30.4920  4034
36542  21.7500  -36.2130  -29.3570  4035    6419  27.9050  69.6090  11.7550  4035
37522  30.7100  -35.7990  -9.8870  4040    9846  11.3630  1.9770  31.9070  4040
37548  28.9110  -35.7950  -12.4980  4047    11749  62.7380  19.9420  4.8940  4047
37549  28.5200  -35.7780  -12.0330  4048    9876  16.2210  -4.7290  -32.0540  4048
37550  27.7990  -35.8390  -12.2020  4049    12288  8.8320  76.8280  -9.8970  4049
37567  28.7990  -35.4760  -12.9860  4051    35365  46.0120  27.0440  0.7680  4051
37596  28.9100  -35.5320  -15.4630  4055    17211  49.3830  -18.2500  -8.4160  4055
37608  28.7170  -35.6340  -16.2000  4056    37526  31.5720  47.8910  -13.1400  4056
37620  27.8290  -35.2790  -17.2080  4061    20352  36.4200  53.4760  8.3380  4061
37624  26.4720  -35.1480  -18.6270  4063    20387  58.1000  -31.5960  -13.5590  4063
37626  15.0040  -35.8390  -19.2460  4065    21585  48.2970  24.5330  -36.3160  4065
37635  24.6390  -35.0980  -19.9350  4071    20602  36.7170  -44.3720  27.4090  4071
37636  23.7810  -35.4800  -20.0990  4072    22639  49.3050  41.1790  -21.0350  4072
37637  22.7640  -35.4660  -20.2780  4073    22952  36.7820  -21.6420  35.6960  4073
37642  17.8300  -35.8000  -20.0760  4078    23137  40.5490  4.2360  -9.0740  4078
37643  16.7530  -35.6980  -19.9380  4079    21571  38.5220  -14.5160  -41.7900  4079
37646  13.7970  -35.1510  -19.1310  4082    22022  39.1790  -22.3610  15.5600  4082
37659  12.7070  -35.3240  -19.9040  4087    23580  54.2400  11.4680  -8.1530  4087
37662  13.2920  -35.1250  -21.4170  4088    24437  63.6330  12.5950  -9.5910  4088
37666  14.4350  -35.0700  -22.5540  4090    8810  34.8070  25.0970  26.1130  4090
37677  31.7990  -35.1000  -23.1870  4092    25493  20.6450  6.6520  -46.2920  4092
37678  30.8790  -35.3360  -22.9820  4093    25835  12.9180  -34.7480  33.2430  4093
37682  15.9280  -35.2380  -23.5270  4097    26411  41.5500  35.2010  -45.8230  4097
37701  19.7780  -35.0460  -24.3040  4104    27582  28.0480  65.6890  11.9390  4104
37704  16.9080  -35.0240  -23.9230  4107    26390  13.0020  56.6680  -37.5750  4107
37714  26.7550  -35.3940  -25.0410  4109    1971  17.5780  -36.2340  -19.8230  4109
37766  20.6000  -34.7440  -28.9490  4127    16880  5.2340  50.7590  -40.9860  4127
38726  28.0540  -35.2620  -12.3750  4133    35550  50.9780  -30.4950  -30.4410  4133
38727  27.4810  -35.1170  -12.1380  4134    35587  11.2390  75.7880  -40.9670  4134
38743  28.8290  -35.2940  -13.4180  4135    11377  64.9640  -32.6980  1.1200  4135
38752  28.8930  -35.0490  -14.0100  4138    11378  65.4870  -31.1830  0.0020  4138
38777  27.1910  -33.7850  -17.4030  4149    1538  50.9660  -9.1550  -40.9480  4149
38781  27.0040  -34.2180  -17.9760  4151    37917  14.4720  55.3700  -38.9490  4151
38785  25.6280  -34.1680  -19.6210  4153    3052  56.1010  23.6530  -16.8370  4153
38787  22.3970  -34.9570  -20.6280  4155    38421  29.5680  -39.9430  36.4990  4155
38789  20.9480  -35.1910  -20.4640  4157    38442  30.7930  36.1190  24.0210  4157
38790  20.0140  -35.2420  -20.4480  4158    38460  42.2060  60.4120  -33.2100  4158
38793  16.9410  -35.0030  -20.2890  4161    38632  54.9690  -29.5530  -0.9920  4161
38795  14.9000  -34.6020  -19.6290  4163    5474  30.5640  -81.0490  -24.2800  4163
38827  13.0360  -34.4290  -21.0870  4178    8093  36.2470  -46.5440  -32.1760  4178
38837  31.1810  -34.3060  -23.1090  4183    9376  67.7650  4.8390  0.4120  4183
38838  30.1540  -34.4560  -23.2060  4184    9498  43.6170  -50.4160  -36.5270  4184
38839  28.9730  -34.5540  -23.6610  4185    9551  59.2480  -27.3050  -19.6870  4185
38855  28.4770  -34.0120  -24.0270  4189    9598  9.8330  76.1700  -22.9280  4189
38860  18.2530  -34.4040  -24.7260  4194    13357  6.4090  18.2000  -32.9420  4194
38874  26.1180  -34.8220  -25.6750  4199    11157  51.8960  4.5270  1.4010  4199
38875  25.4260  -34.7040  -26.1410  4200    11180  6.1380  -63.9430  -5.6840  4200
38890  24.7840  -34.7500  -26.6290  4206    11505  42.0400  31.7570  13.7280  4206
38892  20.3900  -34.3530  -26.5990  4208    14582  31.0690  -21.0160  -39.7830  4208
38901  23.8060  -34.6740  -27.7250  4210    13144  37.4840  -69.8890  -13.1510  4210
38904  20.2210  -33.5710  -27.7960  4213    14584  7.2810  -12.8850  -3.4240  4213
38912  22.7610  -34.5070  -28.8310  4214    15833  22.6380  20.4690  -29.7010  4214
39845  28.0460  -34.3320  -12.9330  4226    9029  25.1660  -49.9050  28.0900  4226
39860  28.2640  -34.2740  -14.4850  4232    13104  43.9350  -55.6140  18.8740  4232
39873  27.3820  -33.5650  -16.2330  4236    14050  9.3970  68.9500  1.8240  4236
39885  26.5620  -33.3000  -18.5200  4240    1540  52.2690  -10.5660  -41.7830  4240
39887  26.1240  -33.3330  -19.3260  4241    2467  61.5760  -36.7100  3.6230  4241
39891  13.6350  -33.6170  -19.7280  4245    3375  14.9520  -35.0780  32.1160  4245
39892  13.1360  -33.8720  -19.7800  4246    3376  15.1860  -35.6740  31.7630  4246
39899  25.0010  -33.2960  -20.4600  4247    3053  37.3970  -24.5210  31.2620  4247
39900  24.2690  -33.4840  -20.8080  4248    16881  3.3440  -4.2020  -35.6250  4248
39901  23.3410  -33.5740  -21.1350  4249    4667  50.3270  -28.1870  3.5720  4249
39902  22.3730  -33.8430  -21.1970  4250    4668  50.9170  -28.5430  4.6230  4250
39903  21.4480  -33.9020  -21.2340  4251    1790  60.1230  -16.5150  14.0570  4251
39904  20.5100  -33.9660  -21.2500  4252    1792  10.8820  -35.3480  3.6430  4252
39906  18.5230  -33.9400  -21.2530  4254    19428  41.6810  33.1410  -11.6500  4254
39907  17.4570  -33.7250  -21.0960  4255    44221  1.1430  38.6710  -13.4850  4255
39908  16.2990  -33.2960  -20.7400  4256    5473  7.6240  28.7300  33.3770  4256
39928  19.8470  -33.3720  -21.7080  4264    19063  49.1500  43.7760  -29.3680  4264
39933  13.1820  -33.6030  -21.3980  4269    8092  35.0840  -48.5430  -32.1120  4269
39945  32.4220  -33.3540  -23.4020  4273    9375  58.1840  -22.5520  -25.6420  4273
39949  15.3440  -33.3920  -23.6500  4277    31130  18.0760  -66.1560  -27.8620  4277
39950  14.7440  -33.4600  -23.1750  4278    8851  11.9520  -37.8320  15.3190  4278
39964  27.2590  -33.6420  -24.6950  4281    11106  35.5190  60.0840  16.3270  4281
39965  26.4400  -33.3670  -25.0000  4282    11129  57.7910  -14.2330  -31.5560  4282
39966  16.3610  -33.0450  -24.4740  4283    13356  51.6000  -1.5680  28.9560  4283
39982  24.2290  -33.0060  -26.1870  4288    13145  17.6100  78.6860  -9.7230  4288
39983  18.9740  -33.4860  -25.8110  4289    14583  8.1360  -13.9180  -3.8380  4289
39997  23.4290  -32.9950  -27.4310  4295    14486  64.0680  18.6230  -2.0220  4295
40001  18.0040  -32.8280  -25.7780  4299    13749  35.0590  6.2690  -6.7710  4299
40013  22.4920  -32.7450  -28.2750  4302    15834  44.0790  23.4080  0.4910  4302
40873  26.1860  -33.3220  -11.7530  4314    9030  5.9760  -38.0640  14.8820  4314
40897  25.8940  -32.4750  -12.4650  4318    9028  33.9050  60.3820  -32.2030  4318
40898  24.9520  -32.2120  -11.9330  4319    9308  33.8610  17.0550  39.3480  4319
40913  26.5630  -32.6020  -13.5420  4322    11405  37.9600  55.0090  16.7510  4322
40920  26.5750  -32.5180  -14.6960  4325    24001  39.1980  44.0300  -26.4130  4325
40923  27.0790  -33.0280  -15.4130  4326    14049  8.6150  69.6240  1.3980  4326
40945  26.3920  -32.3060  -18.2280  4331    1539  51.2440  -10.4290  -41.1360  4331
40946  26.2000  -31.9670  -18.9830  4332    2441  43.9720  2.3930  38.8260  4332
40958  15.9880  -32.6190  -20.8350  4340    5472  67.3560  -11.5690  2.5120  4340
40961  13.5890  -32.7980  -20.2220  4343    3374  26.2450  3.5050  31.5710  4343
40975  23.2320  -32.5820  -21.5970  4346    4666  58.6420  -9.1500  -10.5690  4346
40976  22.3410  -32.4310  -21.9870  4347    3620  20.6990  -70.2720  20.9740  4347
40977  21.2410  -32.5070  -22.2040  4348    1791  35.1390  -6.5740  -38.9120  4348
40980  18.2480  -32.6340  -21.9430  4351    19442  42.5170  6.3650  12.4900  4351
40981  17.2630  -32.1190  -21.7430  4352    19521  15.9260  -33.7730  41.1140  4352
40984  13.1870  -32.8440  -20.9250  4355    8094  35.6730  -46.4900  -31.1050  4355
40997  19.4330  -32.0870  -22.5880  4360    19080  60.3510  -10.8530  -41.2330  4360
41000  13.7710  -32.5400  -22.3410  4363    8811  43.9050  -57.1270  -34.7900  4363
41004  31.9810  -32.3120  -23.2290  4365    9377  58.5550  15.5230  19.1710  4365
41005  30.9800  -32.4340  -23.1610  4366    9402  41.9880  -57.2480  -35.7200  4366
41006  30.0760  -32.4970  -23.3520  4367    9517  38.5480  55.0030  5.9730  4367
41007  29.2150  -32.5230  -23.6420  4368    9576  38.8880  -64.1890  -21.5240  4368
41016  27.5520  -32.6160  -24.2030  4373    10986  15.3500  82.6830  -1.8860  4373
41018  25.7200  -32.6280  -24.9460  4375    11482  17.2950  -48.7790  44.5090  4375
41019  25.1680  -32.0770  -24.9380  4376    13171  61.9570  -16.6910  5.9060  4376
41034  23.3590  -31.9550  -26.0510  4382    14487  37.1950  62.3260  -29.0310  4382
41035  17.0730  -32.0600  -25.4610  4383    13358  11.1410  86.0940  -17.4030  4383
41062  18.9030  -32.1910  -26.9570  4393    14794  46.3610  -31.3380  29.8800  4393
41072  21.9700  -32.2290  -28.1530  4395    16177  37.6590  -18.6710  -34.2900  4395
41074  20.6800  -32.2120  -28.2140  4397    17275  16.2420  55.4240  -3.7560  4397
41075  19.9930  -32.0980  -27.9580  4398    16244  38.1550  -11.8600  39.6120  4398
41939  23.6730  -31.1730  -12.4630  4402    22177  33.1660  68.2570  -8.6060  4402
41961  24.4720  -31.1060  -13.4590  4405    22111  23.0760  16.2340  28.3090  4405
41974  24.6290  -30.9830  -14.6680  4409    24030  13.5040  23.7580  50.4800  4409
41978  25.3550  -31.3990  -15.3550  4411    14048  30.2550  -49.2090  -29.3790  4411
41979  24.7190  -30.8440  -15.7410  4412    24785  52.6340  8.5410  6.1820  4412
41985  24.9160  -30.6130  -16.7070  4415    25119  28.4900  57.5990  -35.1690  4415
41991  26.0700  -31.6990  -16.9050  4416    14508  63.6780  19.9890  -1.7340  4416
41992  25.5410  -30.9380  -17.3590  4417    25510  17.4610  -25.3080  35.1070  4417
42002  25.9410  -31.2420  -18.4180  4420    16179  46.3170  -37.9080  28.4510  4420
42008  25.9090  -31.3250  -19.4360  4421    16200  58.4720  -25.4890  10.1290  4421
42010  25.5570  -31.5290  -20.2360  4422    16700  25.7450  -64.7360  6.5900  4422
42011  24.9750  -31.6570  -20.9290  4423    16855  5.7580  51.2440  -39.7760  4423
42012  14.9770  -31.6590  -20.7110  4424    17357  44.0270  11.4320  -4.1020  4424
42024  24.3160  -31.7200  -21.4450  4427    16941  55.5800  15.4810  3.8880  4427
42028  16.3990  -31.0430  -21.7030  4431    19522  57.5240  5.4460  -4.0180  4431
42043  22.6480  -31.4810  -22.3870  4436    19012  32.0570  -68.4610  -21.2620  4436
42044  21.7490  -31.1920  -22.8460  4437    29454  57.8320  21.1630  14.8960  4437
42045  20.8460  -31.3690  -23.0410  4438    19062  49.6390  47.9820  -31.6570  4438
42051  13.5020  -32.0220  -21.6560  4444    19638  39.5450  7.8720  -40.6550  4444
42058  31.9860  -31.3170  -23.1770  4445    21177  55.5740  7.9710  7.4760  4445
42071  32.7780  -31.6240  -23.4720  4454    21192  31.6540  -41.8760  -11.1910  4454
42074  27.0030  -31.7530  -24.0260  4457    22216  24.3920  12.4980  46.2070  4457
42075  26.2090  -31.7350  -24.3490  4458    22251  14.6950  86.4030  -17.2800  4458
42084  24.1680  -31.5730  -25.3900  4464    23288  22.0120  57.0140  -34.1740  4464
43017  23.9120  -30.4550  -15.0780  4483    25005  2.9210  8.3070  -20.6260  4483
43022  23.5130  -29.8120  -16.6960  4485    32349  24.8610  -6.6740  35.3340  4485
43028  24.4880  -30.0350  -17.3740  4487    25842  16.2480  -69.6520  -29.9630  4487
43040  24.8250  -29.8760  -18.2770  4490    32838  14.3970  -40.1100  35.5090  4490
43049  25.4740  -30.3890  -19.1060  4491    26734  57.9290  17.6300  7.7550  4491
43064  16.0530  -30.0930  -21.9010  4497    28350  42.3910  -35.1870  8.5640  4497
43067  14.0680  -30.6310  -21.3230  4500    28631  43.7660  -45.8880  -34.0100  4500
43080  24.4570  -30.3230  -21.7140  4501    34424  11.4410  45.0010  25.1610  4501
43081  23.9030  -30.6380  -22.0570  4502    28278  11.2980  75.1280  -24.2510  4502
43084  19.3300  -30.6920  -23.5320  4505    29494  22.5650  -56.5930  12.7350  4505
43085  18.7400  -30.7420  -23.2980  4506    29495  38.8710  74.1710  -25.8790  4506
43086  17.7010  -30.5220  -22.7880  4507    29758  11.3910  -24.9450  -16.0040  4507
43088  13.7630  -30.9110  -22.5780  4509    29818  9.6870  10.5990  37.5450  4509
43100  30.7220  -30.6980  -23.0040  4513    30394  34.3270  -27.3390  33.2180  4513
43102  22.7620  -30.0120  -22.9980  4515    36151  41.4530  -1.1890  -49.1280  4515
43115  29.1680  -30.6590  -23.3790  4524    30424  9.5230  -79.9660  -8.3190  4524
43120  15.9640  -30.7460  -25.0890  4529    31131  20.2880  -27.8510  -25.1720  4529
43122  14.5570  -30.3810  -23.8810  4531    30713  43.4830  -58.6120  -34.3750  4531
43130  17.1580  -30.6270  -26.1070  4535    31158  36.6900  -4.3930  26.8620  4535
43141  24.0890  -29.9240  -25.7660  4538    31612  5.4110  -47.4410  19.3370  4538
43142  23.6470  -30.5130  -25.9310  4539    32185  30.8120  48.7950  -29.2620  4539
43157  22.5740  -30.7480  -26.9490  4543    32209  37.0690  -72.5940  -13.9950  4543
43158  18.9840  -30.0940  -27.8210  4544    32795  9.8290  -71.3770  11.4190  4544
43159  18.3370  -30.1720  -27.2500  4545    32236  56.3130  -19.3990  32.3610  4545
43170  21.5900  -30.4080  -27.9120  4547    33150  41.5830  54.2010  -11.4600  4547
43172  20.3870  -30.0820  -28.4190  4549    33200  41.0040  65.4630  -30.4660  4549
44117  22.5140  -28.9070  -17.7960  4555    39885  58.0870  25.6930  -27.4830  4555
44129  24.0690  -28.9720  -18.6870  4558    40274  7.7700  58.9070  -11.4770  4558
44136  25.1990  -29.8360  -20.1390  4560    34008  13.1990  56.0000  -42.2700  4560
44138  24.8060  -29.9580  -21.2400  4561    34173  11.2610  45.4580  26.4290  4561
44153  23.6770  -29.6050  -22.5420  4567    35077  7.8440  55.4050  -32.3640  4567
44155  16.9840  -29.6590  -22.6580  4569    28594  1.0120  -0.0710  -13.1990  4569
44157  15.3040  -29.1080  -22.0920  4571    13920  47.8770  -17.4580  29.9290  4571
44159  13.9850  -29.5880  -22.2520  4573    34531  4.6310  58.8420  -41.4640  4573
44172  32.6760  -29.7510  -23.3570  4574    14718  16.1940  -4.5710  -34.7010  4574
44178  21.6800  -29.2920  -24.0820  4580    36166  4.9940  -53.9810  -11.5080  4580
44179  20.4400  -29.6280  -24.2250  4581    36184  55.5230  0.1100  24.6490  4581
44180  19.3860  -29.6220  -24.1490  4582    36339  41.0810  9.0850  -0.4000  4582
44181  18.3990  -29.3420  -23.8280  4583    36353  27.9990  -46.4770  24.2430  4583
44182  17.5680  -29.3760  -23.2410  4584    35584  6.7000  70.9450  -13.5020  4584
44195  33.4380  -29.6740  -23.6740  4588    35919  9.5100  58.5810  15.9270  4588
44196  30.3910  -29.1160  -23.0730  4589    17544  13.5250  51.6340  -42.3350  4589
44198  28.6960  -29.6860  -23.4150  4591    36649  50.6500  11.2010  21.0620  4591
44199  27.7030  -29.7750  -23.6720  4592    36658  26.9000  -54.8390  -12.8870  4592
44212  26.5880  -29.2770  -24.2500  4601    36700  30.4950  -59.1920  24.5880  4601
44214  25.1500  -29.5280  -25.1250  4603    37137  53.4950  -35.4810  -29.2930  4603
44216  15.8640  -29.1700  -25.4520  4605    37178  63.6790  -20.1350  15.2240  4605
44223  17.0240  -29.1180  -26.4860  4610    37746  36.3130  46.5100  3.0100  4610
44233  23.3190  -29.1500  -26.6480  4611    42846  20.9550  -44.2150  27.0830  4611
44235  19.0630  -29.1210  -28.1900  4613    1014  14.0460  -48.3010  -14.5300  4613
44250  20.6760  -29.1150  -28.6350  4617    2968  16.4680  -67.7840  -31.0940  4617
45238  24.0320  -28.5590  -19.4660  4625    40701  39.5210  -48.1240  -0.8340  4625
45250  24.7190  -29.0950  -20.7550  4627    40851  45.3480  36.9740  13.6160  4627
45255  24.3170  -28.3780  -21.1450  4630    11761  5.9660  16.2050  42.6370  4630
45262  24.1940  -29.2530  -22.1230  4631    41343  47.8830  -17.8890  22.0370  4631
45264  15.6000  -28.7310  -22.4230  4633    41405  51.8180  20.2030  29.1730  4633
45267  14.1410  -29.0370  -22.9030  4636    13922  42.9860  -37.4010  -39.2510  4636
45281  31.5360  -28.9330  -23.2000  4639    14719  49.7260  -3.4630  -14.0320  4639
45282  23.4920  -28.1270  -23.1110  4640    15253  41.0340  7.8160  -31.4330  4640
45283  22.6290  -28.2320  -24.0330  4641    15252  6.2270  -23.0120  42.7520  4641
45286  17.1450  -28.2890  -23.4960  4644    18585  59.6070  20.1050  -24.8520  4644
45310  20.2090  -28.1480  -25.0190  4657    18245  35.0400  -27.0770  48.9340  4657
45312  18.0190  -28.2900  -24.1660  4659    18584  11.3780  -81.9130  -8.4220  4659
45314  15.2080  -28.4250  -24.8930  4661    18714  7.5900  -69.8430  -18.2140  4661
45315  14.7070  -28.2670  -24.2140  4662    15794  38.7210  -6.8000  -47.4910  4662
45322  26.4200  -28.6340  -24.4350  4663    17709  29.6560  -63.0330  25.3180  4663
45324  25.0090  -28.4490  -25.4650  4665    17707  13.3180  58.2100  -41.4520  4665
45339  22.4780  -28.5620  -27.6420  4675    20363  25.9680  -47.2370  -23.5430  4675
45340  18.6080  -28.3130  -28.0730  4676    940  18.8540  39.4140  -37.7410  4676
45351  21.8320  -28.4800  -28.2450  4678    2969  45.4050  8.0630  -60.0030  4678
46364  23.9640  -28.1640  -20.0270  4686    11762  67.2350  -12.2570  -1.9990  4686
46381  22.0800  -27.1320  -20.2280  4691    11760  54.2970  15.5780  28.7750  4691
46384  23.8090  -27.5210  -21.3500  4692    13284  38.8620  18.7070  30.3630  4692
46387  23.7110  -27.4500  -22.3010  4694    22862  20.6530  53.8080  29.6720  4694
46388  14.9040  -27.9800  -22.9150  4695    13921  21.9930  47.6140  32.9870  4695
46405  16.5080  -27.4070  -23.7150  4703    15823  60.5620  -2.0860  7.7560  4703
46423  33.8640  -27.6920  -24.0330  4706    14720  38.4010  44.9000  -25.6600  4706
46427  29.7380  -27.6640  -23.4770  4710    17583  28.2980  16.9940  -61.3120  4710
46429  27.7630  -27.7140  -23.8020  4712    17633  50.2350  -54.0200  14.2330  4712
46431  22.5450  -27.0080  -24.3440  4714    15268  54.7470  -16.1110  -34.7110  4714
46432  21.6750  -27.1920  -25.0760  4715    18244  39.3790  -65.5310  -7.5300  4715
46451  24.8580  -27.3120  -25.8010  4725    15270  5.4360  -22.1120  41.7910  4725
46453  20.1010  -27.2470  -25.4490  4727    19398  37.1660  -64.7680  -35.9580  4727
46455  17.9310  -26.9050  -25.0100  4729    18583  11.5070  -81.3660  -7.2250  4729
46457  15.9590  -27.7150  -25.8370  4731    20219  28.6690  -60.7740  -23.7010  4731
46461  24.2090  -27.4790  -26.4600  4733    13400  19.6120  -33.7720  -9.7600  4733
46463  16.9620  -27.7080  -26.8100  4735    939  19.5820  38.6690  -37.1850  4735
46472  18.1690  -27.3510  -28.0340  4740    938  19.2660  37.2750  -38.1030  4740
46482  21.7440  -27.4960  -28.6610  4743    2970  30.9920  29.9430  29.4840  4743
46484  19.1990  -27.3530  -28.8700  4745    970  61.0940  -38.1670  -31.1230  4745
46497  20.5850  -27.2680  -29.2930  4747    3133  25.1080  -39.1280  5.3660  4747
47406  22.5720  -26.8290  -20.8170  4750    12162  58.6550  14.7830  14.5060  4750
47414  22.6180  -26.3610  -21.5630  4753    13311  23.2140  -2.3020  -40.1820  4753
47426  22.9700  -26.2610  -23.5230  4758    15251  13.8000  -42.2190  40.8280  4758
47442  32.3060  -26.7800  -23.7870  4763    17502  11.6570  76.3010  -6.1610  4763
47443  31.3030  -26.7650  -23.7330  4764    17521  12.9260  46.1610  -42.4340  4764
47445  29.3520  -26.7410  -23.7250  4766    17601  46.7110  -22.7660  -3.2650  4766
47447  27.4500  -26.7590  -24.1120  4768    17708  43.2070  29.6350  15.9480  4768
47453  15.8130  -26.7420  -24.4190  4774    15824  59.1710  -42.3500  -28.3090  4774
47470  21.4040  -26.3140  -25.4270  4778    18243  40.1100  57.6420  -29.0010  4778
47472  19.5650  -26.4950  -25.8280  4780    19824  54.2840  -0.6670  -0.5270  4780
47476  15.6660  -26.7110  -25.0990  4784    18690  22.1160  -46.0590  -3.8050  4784
47485  18.7160  -25.7310  -26.1280  4790    27059  37.1680  29.6720  4.6840  4790
47486  16.4530  -26.4710  -26.4770  4791    20200  27.9980  -73.4770  8.7780  4791
47493  23.4720  -26.5380  -27.4320  4794    20364  31.1750  -61.8400  -25.2790  4794
47494  22.8070  -26.9220  -27.9070  4795    21002  8.0080  39.7200  29.5070  4795
47496  17.7240  -26.4880  -27.9040  4797    21415  28.0440  -75.7100  3.4480  4797
47522  19.0040  -25.9380  -29.2470  4808    29082  21.8710  10.0440  37.9530  4808
48580  21.5500  -25.6220  -21.6980  4810    22945  16.5910  35.2660  -41.3840  4810
48588  21.6430  -25.0390  -22.4490  4812    23390  38.1760  -16.5240  -2.0630  4812
48601  33.6300  -26.0880  -24.2790  4815    24811  23.6270  -11.7090  54.3950  4815
48602  32.8410  -25.8770  -24.1660  4816    24810  22.8140  -73.2580  -33.1710  4816
48606  29.0470  -25.8940  -24.0470  4820    25220  6.3570  -23.4570  10.2340  4820
48630  28.1630  -24.9790  -24.6860  4830    38450  53.7690  -50.1810  -5.9410  4830
48632  26.3820  -25.6390  -24.8990  4832    25463  64.7130  -21.3230  9.3400  4832
48633  25.6260  -25.4160  -25.4600  4833    26619  9.2090  40.5650  0.7290  4833
48637  17.6860  -25.6010  -25.8780  4837    27313  6.6000  -72.0160  0.5700  4837
48638  16.7180  -25.8510  -25.4960  4838    25797  18.9580  78.7250  -30.9860  4838
48644  25.0450  -25.3060  -25.9720  4840    13399  21.0960  -33.5650  -10.4810  4840
48645  24.4350  -25.3300  -26.5400  4841    13398  33.6100  -72.5330  -20.9700  4841
48646  21.2460  -24.8350  -25.6630  4842    19685  6.6820  18.5340  -25.7980  4842
48651  16.4880  -25.9330  -26.1660  4847    27679  45.5750  -65.5390  -20.6300  4847
48658  17.1510  -25.7690  -27.4610  4851    27908  52.0170  7.1240  -27.2200  4851
48662  22.6920  -25.6100  -28.2140  4853    28368  9.2270  -53.3190  -13.8510  4853
48663  22.0830  -25.6300  -28.7710  4854    28792  58.6560  -36.5630  -39.1000  4854
48672  20.0710  -25.4430  -29.8630  4859    24925  46.6270  -31.5110  -4.5020  4859
48689  19.7830  -24.9100  -29.9600  4863    40448  29.0060  -52.4550  -22.3410  4863
49781  21.0730  -24.5080  -22.7140  4864    18337  11.5900  -73.7320  10.7920  4864
49788  21.5910  -24.4900  -23.4750  4866    18336  31.0880  -34.4940  22.3830  4866
49793  32.2570  -25.2000  -24.4820  4869    38200  55.8020  -48.9010  5.7850  4869
49795  30.4800  -25.2520  -24.3820  4871    38245  37.5560  -59.8850  17.0190  4871
49798  21.7070  -24.4830  -24.4880  4874    19131  36.7120  -63.9870  1.7700  4874
49812  34.6660  -24.8220  -25.1940  4875    21916  23.9540  -51.7170  7.2680  4875
49818  28.9810  -24.7280  -24.7670  4881    21343  28.0140  0.6360  -48.3510  4881
49820  27.1190  -24.5240  -25.1900  4883    22867  9.3730  81.5530  -19.4890  4883
49834  20.3770  -24.3290  -26.3170  4893    23034  16.9300  -48.9660  20.6010  4893
49835  19.3810  -24.4870  -26.6600  4894    23033  15.4680  -66.9380  -12.5030  4894
49836  18.5250  -24.6880  -26.6380  4895    23411  13.3500  64.7630  19.8040  4895
49842  23.4650  -24.5540  -27.3630  4899    23563  49.0910  -62.9550  -18.4220  4899
49844  17.4810  -24.8460  -27.4810  4901    40227  7.4400  -51.0420  -17.4400  4901
49851  21.8260  -24.6910  -29.0370  4905    24444  8.9980  -4.8560  8.1520  4905
49852  18.2240  -24.5070  -28.9920  4906    40431  23.8310  -36.8450  -10.2460  4906
49853  17.7650  -24.5980  -28.3660  4907    40226  26.4480  15.8280  -32.3550  4907
49858  21.1110  -24.7090  -29.6930  4908    24445  24.4500  -42.1700  23.1380  4908
50982  19.9260  -23.0860  -23.7740  4919    18335  29.6200  -34.8430  22.0250  4919
50988  20.7750  -23.3540  -24.4840  4921    19130  13.9280  44.9370  -44.1540  4921
51003  34.2580  -24.0950  -25.3910  4923    21962  16.8800  -57.2380  24.2800  4923
51004  33.3100  -23.9900  -25.3330  4924    22197  7.6420  1.9400  21.3740  4924
51006  31.1000  -24.0400  -25.2700  4926    21342  28.5350  -1.8710  -46.6530  4926
51009  27.9550  -23.8780  -25.5760  4929    21408  26.9270  -37.1380  43.2140  4929
51022  30.7370  -23.3290  -25.9260  4936    21344  16.2310  82.0110  -15.2890  4936
51023  29.6750  -23.3320  -26.0120  4937    21367  11.9410  86.7570  -16.6610  4937
51027  25.7220  -23.4450  -26.1650  4941    22904  58.3470  -0.3430  -51.6720  4941
51028  24.8600  -23.3450  -26.5640  4942    22919  49.9780  7.2230  -46.6910  4942
51037  23.9730  -23.5320  -26.9960  4947    23587  32.3640  -16.4720  -42.6090  4947
51039  22.6860  -23.7220  -27.9080  4949    23564  56.0420  13.6470  16.4850  4949
51040  19.4350  -22.8420  -26.8850  4950    23358  65.6990  -5.3390  13.2720  4950
51042  18.2320  -23.7500  -27.3360  4952    23410  13.2190  67.3030  20.3760  4952
51048  17.8950  -23.8340  -28.7450  4955    24757  33.0290  -3.4370  -1.5710  4955
51049  17.7750  -23.5560  -28.1270  4956    24017  46.3920  28.0990  18.3790  4956
51055  19.9730  -23.3890  -30.0650  4958    24926  43.6400  28.2380  16.4110  4958
51056  19.2340  -23.5160  -29.8060  4959    24984  12.0290  77.8080  -17.9910  4959
51057  18.3140  -23.4270  -29.2920  4960    25353  37.8790  3.0110  48.1370  4960
52253  19.2170  -22.4740  -23.9900  4965    19193  68.6110  -16.0140  -12.6100  4965
52263  20.5320  -22.9390  -24.8970  4966    19235  39.2170  1.3820  -54.0790  4966
52285  33.6140  -22.7690  -26.3340  4970    21976  7.0220  47.3990  21.0310  4970
52286  32.5520  -22.7110  -26.4190  4971    22415  39.1430  -72.8620  -29.9740  4971
52296  19.6680  -22.4100  -26.5720  4975    23032  12.3040  -40.0950  -20.7000  4975
52315  18.6190  -22.5430  -27.3530  4977    23988  46.2980  -38.4300  -2.2390  4977
