#!ascii label  , from subject FreeSurferMNI152 vox2ras=TkReg
1475
36271  13.762  -36.002  -10.358 0.0000000000
36287  14.156  -35.965  -10.726 0.0000000000
36288  13.718  -35.690  -10.922 0.0000000000
37523  13.283  -35.655  -9.890 0.0000000000
37524  12.837  -35.043  -10.161 0.0000000000
37539  15.170  -35.552  -10.695 0.0000000000
37540  14.544  -35.920  -10.757 0.0000000000
37541  13.179  -35.445  -10.696 0.0000000000
37542  12.747  -34.911  -10.754 0.0000000000
37558  14.803  -35.072  -11.230 0.0000000000
37559  14.248  -35.420  -11.230 0.0000000000
37560  13.443  -35.178  -11.296 0.0000000000
37561  12.930  -34.965  -11.180 0.0000000000
38698  12.473  -34.405  -10.448 0.0000000000
38717  15.924  -34.637  -10.382 0.0000000000
38718  12.582  -34.401  -11.147 0.0000000000
38735  15.227  -34.544  -11.019 0.0000000000
38736  14.508  -34.449  -11.523 0.0000000000
38737  13.749  -34.661  -11.708 0.0000000000
38738  12.993  -34.477  -11.714 0.0000000000
38746  13.981  -34.038  -11.935 0.0000000000
38747  13.410  -33.996  -12.100 0.0000000000
38748  12.855  -33.783  -12.149 0.0000000000
39717  8.994  -33.390  -1.422 0.0000000000
39792  12.030  -33.792  -10.055 0.0000000000
39793  11.405  -33.294  -9.680 0.0000000000
39813  16.574  -33.751  -10.068 0.0000000000
39814  15.763  -33.675  -10.582 0.0000000000
39815  12.133  -33.732  -10.890 0.0000000000
39816  11.628  -33.100  -10.490 0.0000000000
39817  10.805  -32.686  -10.156 0.0000000000
39834  15.080  -33.566  -11.192 0.0000000000
39835  14.422  -33.454  -11.738 0.0000000000
39836  12.386  -33.668  -11.704 0.0000000000
39837  11.797  -32.917  -11.355 0.0000000000
39838  11.299  -32.536  -10.849 0.0000000000
39848  13.802  -33.335  -12.164 0.0000000000
39849  13.161  -33.279  -12.435 0.0000000000
39850  12.545  -33.092  -12.297 0.0000000000
39851  12.092  -32.893  -12.002 0.0000000000
40690  9.713  -31.884  3.731 0.0000000000
40700  9.548  -32.026  2.952 0.0000000000
40711  9.440  -32.199  2.119 0.0000000000
40722  9.303  -32.376  1.204 0.0000000000
40723  8.702  -32.064  0.585 0.0000000000
40733  9.163  -32.595  0.264 0.0000000000
40734  8.579  -32.173  -0.149 0.0000000000
40745  8.965  -32.714  -0.617 0.0000000000
40746  8.455  -32.205  -0.798 0.0000000000
40770  8.978  -32.964  -1.131 0.0000000000
40771  8.439  -32.451  -1.550 0.0000000000
40772  7.862  -31.854  -1.895 0.0000000000
40795  8.310  -32.797  -2.481 0.0000000000
40796  7.875  -32.135  -2.422 0.0000000000
40807  8.258  -33.020  -2.861 0.0000000000
40808  7.978  -32.665  -3.115 0.0000000000
40811  7.719  -32.538  -3.994 0.0000000000
40820  7.567  -32.643  -7.427 0.0000000000
40832  8.068  -32.124  -9.044 0.0000000000
40833  7.789  -32.521  -8.501 0.0000000000
40846  8.345  -32.312  -9.547 0.0000000000
40847  7.948  -32.716  -9.209 0.0000000000
40864  17.260  -32.852  -10.040 0.0000000000
40865  16.412  -32.957  -10.333 0.0000000000
40866  10.914  -32.231  -10.748 0.0000000000
40867  10.262  -32.029  -10.547 0.0000000000
40868  9.130  -32.044  -10.118 0.0000000000
40881  18.023  -32.134  -10.558 0.0000000000
40882  16.965  -32.149  -10.601 0.0000000000
40883  15.855  -32.539  -10.886 0.0000000000
40884  15.000  -32.605  -11.494 0.0000000000
40885  11.736  -32.527  -11.913 0.0000000000
40886  11.156  -32.023  -11.531 0.0000000000
40887  10.393  -31.423  -11.238 0.0000000000
40901  14.330  -32.543  -12.022 0.0000000000
40902  13.607  -32.455  -12.521 0.0000000000
40903  12.818  -32.603  -12.793 0.0000000000
40904  11.885  -32.226  -12.651 0.0000000000
40905  11.194  -31.610  -12.445 0.0000000000
40915  13.185  -32.043  -12.917 0.0000000000
40916  12.620  -31.944  -13.117 0.0000000000
40917  12.145  -31.789  -13.265 0.0000000000
41649  8.197  -30.535  9.871 0.0000000000
41650  7.671  -30.819  9.870 0.0000000000
41651  6.855  -31.032  9.827 0.0000000000
41652  6.300  -30.957  9.544 0.0000000000
41662  10.998  -30.233  8.198 0.0000000000
41663  9.884  -30.302  8.465 0.0000000000
41664  8.664  -30.632  9.090 0.0000000000
41665  7.639  -31.145  9.056 0.0000000000
41666  6.801  -31.313  8.943 0.0000000000
41667  6.219  -31.046  8.746 0.0000000000
41677  10.696  -30.630  7.675 0.0000000000
41678  9.567  -30.755  7.950 0.0000000000
41679  8.489  -31.054  8.142 0.0000000000
41680  7.528  -31.344  8.138 0.0000000000
41681  6.713  -31.426  8.013 0.0000000000
41682  6.113  -31.143  7.790 0.0000000000
41691  10.467  -30.999  7.075 0.0000000000
41692  9.389  -31.043  7.183 0.0000000000
41693  8.356  -31.271  7.264 0.0000000000
41694  7.427  -31.442  7.208 0.0000000000
41695  6.634  -31.432  7.050 0.0000000000
41696  6.015  -31.203  6.827 0.0000000000
41704  10.397  -31.377  6.301 0.0000000000
41705  9.248  -31.305  6.404 0.0000000000
41706  8.255  -31.397  6.381 0.0000000000
41707  7.339  -31.477  6.263 0.0000000000
41708  6.532  -31.456  6.089 0.0000000000
41709  5.882  -31.181  5.902 0.0000000000
41715  10.029  -31.545  5.657 0.0000000000
41716  9.136  -31.470  5.596 0.0000000000
41717  8.190  -31.419  5.447 0.0000000000
41718  7.244  -31.437  5.302 0.0000000000
41719  6.431  -31.345  5.136 0.0000000000
41720  5.782  -30.998  4.969 0.0000000000
41727  9.913  -31.650  5.019 0.0000000000
41728  9.214  -31.548  4.589 0.0000000000
41729  8.071  -31.417  4.472 0.0000000000
41730  7.111  -31.387  4.334 0.0000000000
41731  6.326  -31.173  4.196 0.0000000000
41732  5.813  -30.697  4.055 0.0000000000
41739  8.871  -31.577  3.623 0.0000000000
41740  7.862  -31.412  3.476 0.0000000000
41741  6.909  -31.290  3.380 0.0000000000
41742  6.165  -30.958  3.309 0.0000000000
41743  5.768  -30.482  3.236 0.0000000000
41747  8.661  -31.687  2.545 0.0000000000
41748  7.563  -31.360  2.482 0.0000000000
41749  6.626  -31.077  2.491 0.0000000000
41750  5.899  -30.598  2.535 0.0000000000
41751  5.708  -30.405  2.860 0.0000000000
41754  8.955  -31.915  1.801 0.0000000000
41755  8.218  -31.678  1.392 0.0000000000
41756  7.114  -31.172  1.608 0.0000000000
41757  6.321  -30.814  1.671 0.0000000000
41759  8.037  -31.735  0.272 0.0000000000
41760  7.328  -31.307  0.676 0.0000000000
41761  6.687  -30.927  0.969 0.0000000000
41763  8.040  -31.819  -0.562 0.0000000000
41764  7.409  -31.345  -0.281 0.0000000000
41765  6.735  -30.855  0.153 0.0000000000
41769  8.165  -31.967  -1.067 0.0000000000
41770  7.642  -31.547  -1.297 0.0000000000
41771  6.853  -30.883  -0.848 0.0000000000
41788  7.448  -31.486  -2.220 0.0000000000
41789  6.964  -30.960  -1.815 0.0000000000
41807  7.456  -31.605  -3.237 0.0000000000
41808  7.131  -31.000  -2.570 0.0000000000
41823  7.443  -31.688  -4.446 0.0000000000
41839  7.549  -31.774  -5.550 0.0000000000
41851  7.700  -31.785  -6.661 0.0000000000
41867  7.883  -31.667  -7.710 0.0000000000
41887  8.319  -31.599  -9.195 0.0000000000
41888  8.145  -31.473  -8.578 0.0000000000
41904  8.704  -31.346  -9.720 0.0000000000
41916  9.807  -31.301  -10.736 0.0000000000
41917  9.271  -30.976  -10.361 0.0000000000
41924  19.797  -31.839  -11.401 0.0000000000
41925  18.811  -31.669  -11.312 0.0000000000
41926  17.791  -31.537  -11.247 0.0000000000
41927  16.721  -31.550  -11.296 0.0000000000
41928  15.739  -31.731  -11.573 0.0000000000
41929  14.962  -31.862  -11.884 0.0000000000
41930  10.565  -31.112  -12.029 0.0000000000
41931  10.054  -30.837  -11.413 0.0000000000
41941  21.575  -31.407  -12.056 0.0000000000
41942  20.588  -31.332  -12.072 0.0000000000
41943  19.601  -31.247  -12.059 0.0000000000
41944  18.612  -31.136  -12.015 0.0000000000
41945  17.602  -31.037  -11.994 0.0000000000
41946  16.576  -31.043  -12.068 0.0000000000
41947  15.568  -31.155  -12.219 0.0000000000
41948  14.468  -31.495  -12.466 0.0000000000
41949  13.690  -31.714  -12.819 0.0000000000
41950  11.421  -31.577  -12.901 0.0000000000
41951  10.996  -30.993  -12.935 0.0000000000
41963  14.005  -31.153  -12.954 0.0000000000
41964  13.275  -31.316  -13.176 0.0000000000
41965  12.483  -31.302  -13.453 0.0000000000
41966  11.698  -31.302  -13.375 0.0000000000
41967  11.212  -30.788  -13.480 0.0000000000
42775  7.321  -29.894  11.005 0.0000000000
42776  6.546  -29.970  11.115 0.0000000000
42777  6.059  -29.940  11.139 0.0000000000
42786  10.756  -29.353  9.244 0.0000000000
42787  9.673  -29.544  9.545 0.0000000000
42788  8.701  -30.061  9.915 0.0000000000
42789  7.807  -30.313  10.370 0.0000000000
42790  7.001  -30.540  10.545 0.0000000000
42791  6.123  -30.470  10.473 0.0000000000
42798  11.389  -29.849  8.659 0.0000000000
42799  10.293  -29.812  8.827 0.0000000000
42800  9.400  -30.072  9.178 0.0000000000
42801  5.911  -30.493  9.492 0.0000000000
42807  5.864  -30.538  8.496 0.0000000000
42814  5.789  -30.608  7.454 0.0000000000
42821  5.716  -30.732  6.573 0.0000000000
42827  5.632  -30.480  5.797 0.0000000000
42833  5.586  -30.235  4.816 0.0000000000
42841  5.571  -30.052  3.836 0.0000000000
42846  5.687  -30.234  2.256 0.0000000000
42847  5.606  -30.042  2.833 0.0000000000
42851  5.836  -30.341  1.715 0.0000000000
42852  5.648  -29.848  1.983 0.0000000000
42854  6.142  -30.458  0.801 0.0000000000
42855  5.767  -29.892  1.157 0.0000000000
42857  6.312  -30.238  -0.293 0.0000000000
42858  5.932  -29.926  0.414 0.0000000000
42861  6.639  -30.296  -1.409 0.0000000000
42869  6.917  -30.442  -2.373 0.0000000000
42874  7.271  -30.864  -3.937 0.0000000000
42875  7.135  -30.711  -3.139 0.0000000000
42883  7.476  -30.886  -4.945 0.0000000000
42897  7.695  -30.941  -6.036 0.0000000000
42912  7.963  -30.944  -7.047 0.0000000000
42925  8.551  -30.348  -8.392 0.0000000000
42926  8.296  -30.756  -8.021 0.0000000000
42939  8.543  -30.729  -8.955 0.0000000000
42940  8.302  -30.975  -8.522 0.0000000000
42948  9.027  -30.403  -9.943 0.0000000000
42950  9.706  -30.634  -10.932 0.0000000000
42951  9.488  -30.125  -10.716 0.0000000000
42954  10.102  -30.571  -11.922 0.0000000000
42955  9.774  -30.040  -11.601 0.0000000000
42956  9.573  -29.755  -11.097 0.0000000000
42962  22.336  -30.857  -12.607 0.0000000000
42963  21.381  -30.755  -12.678 0.0000000000
42964  20.388  -30.741  -12.729 0.0000000000
42965  19.406  -30.746  -12.749 0.0000000000
42966  18.427  -30.696  -12.747 0.0000000000
42967  17.436  -30.609  -12.753 0.0000000000
42968  16.413  -30.544  -12.799 0.0000000000
42969  15.379  -30.618  -12.847 0.0000000000
42970  14.599  -30.767  -12.980 0.0000000000
42971  10.214  -30.216  -12.524 0.0000000000
42972  9.863  -29.775  -12.245 0.0000000000
42982  22.206  -30.316  -13.399 0.0000000000
42983  21.158  -30.192  -13.415 0.0000000000
42984  20.161  -30.284  -13.425 0.0000000000
42985  19.201  -30.353  -13.461 0.0000000000
42986  18.242  -30.320  -13.477 0.0000000000
42987  17.270  -30.185  -13.492 0.0000000000
42988  16.185  -29.999  -13.624 0.0000000000
42989  15.111  -30.219  -13.400 0.0000000000
42990  14.093  -30.492  -13.411 0.0000000000
42991  13.063  -30.534  -13.735 0.0000000000
42992  12.195  -30.712  -13.885 0.0000000000
42993  11.474  -30.537  -13.870 0.0000000000
42994  10.778  -30.136  -13.540 0.0000000000
43002  23.058  -30.217  -14.273 0.0000000000
43003  21.899  -29.793  -14.472 0.0000000000
43004  20.829  -29.752  -14.061 0.0000000000
43005  19.908  -29.896  -14.085 0.0000000000
43006  18.977  -29.974  -14.136 0.0000000000
43007  18.049  -29.943  -14.160 0.0000000000
43008  17.173  -29.763  -14.153 0.0000000000
43009  16.574  -29.647  -14.227 0.0000000000
43010  12.564  -30.156  -14.126 0.0000000000
43011  11.945  -30.031  -14.250 0.0000000000
43012  11.242  -29.845  -14.163 0.0000000000
43013  10.830  -29.685  -14.003 0.0000000000
43018  22.959  -29.870  -15.532 0.0000000000
43019  22.128  -29.651  -15.292 0.0000000000
43823  7.391  -28.533  11.835 0.0000000000
43824  6.728  -28.598  11.883 0.0000000000
43825  6.406  -28.533  11.794 0.0000000000
43831  9.397  -28.509  10.610 0.0000000000
43832  8.541  -28.867  10.958 0.0000000000
43833  7.716  -29.142  11.308 0.0000000000
43834  6.935  -29.282  11.517 0.0000000000
43835  6.237  -29.177  11.475 0.0000000000
43843  11.350  -28.799  9.543 0.0000000000
43844  10.134  -28.787  9.896 0.0000000000
43845  9.060  -29.248  10.275 0.0000000000
43846  8.155  -29.630  10.674 0.0000000000
43847  5.864  -29.667  10.926 0.0000000000
43850  5.798  -29.701  10.208 0.0000000000
43853  5.846  -29.733  9.213 0.0000000000
43858  5.844  -29.773  8.110 0.0000000000
43865  5.755  -29.856  6.839 0.0000000000
43873  5.654  -29.565  5.668 0.0000000000
43880  5.600  -29.374  4.591 0.0000000000
43888  5.631  -29.283  3.531 0.0000000000
43895  5.736  -29.242  2.509 0.0000000000
43900  5.835  -29.285  1.538 0.0000000000
43904  5.921  -29.429  0.663 0.0000000000
43914  9.993  -29.133  -0.996 0.0000000000
43915  9.239  -29.355  -1.024 0.0000000000
43916  8.213  -29.394  -1.125 0.0000000000
43917  7.239  -29.404  -1.170 0.0000000000
43918  6.530  -29.655  -0.846 0.0000000000
43919  6.108  -29.601  -0.075 0.0000000000
43936  10.295  -28.869  -1.550 0.0000000000
43937  9.918  -29.328  -1.744 0.0000000000
43938  9.030  -29.537  -1.900 0.0000000000
43939  7.986  -29.585  -2.039 0.0000000000
43940  7.000  -29.737  -2.077 0.0000000000
43956  10.422  -28.890  -2.484 0.0000000000
43957  9.824  -29.425  -2.682 0.0000000000
43958  8.861  -29.615  -2.878 0.0000000000
43959  7.843  -29.738  -3.051 0.0000000000
43960  7.225  -30.155  -3.078 0.0000000000
43970  10.466  -29.107  -3.498 0.0000000000
43971  9.741  -29.513  -3.690 0.0000000000
43972  8.754  -29.752  -3.916 0.0000000000
43973  7.694  -30.122  -4.158 0.0000000000
43974  7.242  -30.418  -3.588 0.0000000000
43983  10.495  -29.222  -4.508 0.0000000000
43984  9.704  -29.612  -4.722 0.0000000000
43985  8.750  -29.859  -5.008 0.0000000000
43986  8.022  -30.281  -5.458 0.0000000000
43995  10.502  -29.304  -5.536 0.0000000000
43996  9.678  -29.686  -5.733 0.0000000000
43997  8.849  -30.006  -6.046 0.0000000000
43998  8.224  -30.367  -6.486 0.0000000000
44005  10.415  -29.385  -6.483 0.0000000000
44006  9.614  -29.684  -6.646 0.0000000000
44007  8.826  -29.928  -6.985 0.0000000000
44008  8.369  -30.383  -7.357 0.0000000000
44015  10.223  -29.455  -7.120 0.0000000000
44016  9.620  -29.587  -7.517 0.0000000000
44017  8.686  -30.018  -7.891 0.0000000000
44018  8.411  -30.369  -7.751 0.0000000000
44026  9.453  -29.575  -8.380 0.0000000000
44027  8.843  -29.944  -8.690 0.0000000000
44033  9.339  -29.555  -8.994 0.0000000000
44034  9.110  -29.811  -9.440 0.0000000000
44036  9.749  -28.982  -10.694 0.0000000000
44037  9.465  -29.500  -10.361 0.0000000000
44039  9.646  -29.268  -11.202 0.0000000000
44040  9.535  -29.647  -10.844 0.0000000000
44043  9.939  -29.622  -12.541 0.0000000000
44044  9.754  -29.204  -12.211 0.0000000000
44051  15.524  -29.858  -13.831 0.0000000000
44052  14.852  -29.810  -13.909 0.0000000000
44053  13.857  -29.850  -14.014 0.0000000000
44054  13.096  -29.876  -14.166 0.0000000000
44055  10.126  -29.283  -13.081 0.0000000000
44056  9.831  -28.804  -12.719 0.0000000000
44064  21.191  -29.576  -14.633 0.0000000000
44065  20.557  -29.525  -14.696 0.0000000000
44066  19.641  -29.564  -14.744 0.0000000000
44067  18.714  -29.605  -14.776 0.0000000000
44068  17.820  -29.574  -14.780 0.0000000000
44069  16.962  -29.422  -14.725 0.0000000000
44070  15.874  -29.443  -14.424 0.0000000000
44071  14.587  -29.230  -14.591 0.0000000000
44072  13.481  -29.365  -14.545 0.0000000000
44073  12.572  -29.546  -14.558 0.0000000000
44074  11.691  -29.208  -14.709 0.0000000000
44075  10.894  -29.245  -14.312 0.0000000000
44076  10.555  -29.387  -13.824 0.0000000000
44082  22.182  -29.579  -15.803 0.0000000000
44083  21.383  -29.440  -15.342 0.0000000000
44084  20.291  -29.248  -15.401 0.0000000000
44085  19.308  -29.241  -15.410 0.0000000000
44086  18.381  -29.273  -15.385 0.0000000000
44087  17.537  -29.192  -15.337 0.0000000000
44088  16.637  -28.937  -15.441 0.0000000000
44089  15.478  -28.847  -15.194 0.0000000000
44090  14.632  -28.707  -15.223 0.0000000000
44091  13.834  -28.817  -15.059 0.0000000000
44092  12.928  -28.948  -15.000 0.0000000000
44093  12.328  -29.082  -14.965 0.0000000000
44097  22.628  -29.537  -16.466 0.0000000000
44098  21.759  -29.302  -16.314 0.0000000000
44099  20.873  -29.045  -16.132 0.0000000000
44100  19.879  -28.853  -16.139 0.0000000000
44101  18.854  -28.917  -16.016 0.0000000000
44102  17.951  -28.949  -15.906 0.0000000000
44103  17.357  -28.906  -15.733 0.0000000000
44108  22.184  -29.163  -17.081 0.0000000000
44109  21.291  -28.826  -16.953 0.0000000000
44110  20.518  -28.708  -16.665 0.0000000000
44118  21.807  -28.791  -17.545 0.0000000000
44900  7.589  -27.443  12.516 0.0000000000
44901  7.319  -27.303  12.594 0.0000000000
44909  9.340  -27.636  11.383 0.0000000000
44910  8.744  -27.691  11.722 0.0000000000
44911  7.915  -27.756  12.123 0.0000000000
44912  7.120  -27.835  12.354 0.0000000000
44913  6.577  -28.015  12.057 0.0000000000
44924  12.770  -27.651  10.127 0.0000000000
44925  11.661  -27.539  10.270 0.0000000000
44926  10.638  -27.569  10.524 0.0000000000
44927  9.762  -27.806  10.932 0.0000000000
44928  8.970  -28.169  11.218 0.0000000000
44929  8.176  -28.381  11.554 0.0000000000
44930  6.259  -28.216  11.642 0.0000000000
44940  12.045  -28.238  9.824 0.0000000000
44941  10.954  -28.138  10.005 0.0000000000
44942  10.142  -28.155  10.383 0.0000000000
44943  5.915  -28.703  10.922 0.0000000000
44949  5.940  -28.766  9.910 0.0000000000
44954  6.135  -28.820  8.858 0.0000000000
44958  6.173  -28.829  7.697 0.0000000000
44963  6.073  -28.751  6.528 0.0000000000
44970  5.931  -28.587  5.417 0.0000000000
44979  5.912  -28.491  4.302 0.0000000000
44987  5.982  -28.525  3.183 0.0000000000
44997  10.055  -28.105  1.920 0.0000000000
44998  9.567  -28.223  1.960 0.0000000000
44999  8.749  -28.309  1.960 0.0000000000
45000  6.580  -28.297  1.845 0.0000000000
45001  6.233  -28.527  2.067 0.0000000000
45012  10.337  -27.724  0.942 0.0000000000
45013  10.106  -28.162  1.315 0.0000000000
45014  9.226  -28.500  1.299 0.0000000000
45015  8.059  -28.448  1.398 0.0000000000
45016  6.882  -28.396  1.284 0.0000000000
45017  6.212  -28.867  0.967 0.0000000000
45033  10.242  -27.984  0.337 0.0000000000
45034  9.792  -28.587  0.448 0.0000000000
45035  8.827  -28.809  0.537 0.0000000000
45036  7.720  -28.753  0.464 0.0000000000
45037  6.764  -28.749  0.273 0.0000000000
45038  6.208  -29.129  0.136 0.0000000000
45059  10.192  -28.442  -0.723 0.0000000000
45060  9.511  -29.013  -0.292 0.0000000000
45061  8.496  -29.153  -0.272 0.0000000000
45062  7.462  -29.085  -0.388 0.0000000000
45063  6.659  -29.157  -0.434 0.0000000000
45064  6.306  -29.361  -0.323 0.0000000000
45080  10.379  -28.348  -1.907 0.0000000000
45086  10.454  -28.289  -2.728 0.0000000000
45092  10.532  -28.459  -3.436 0.0000000000
45099  10.662  -28.557  -4.362 0.0000000000
45110  10.837  -28.614  -5.377 0.0000000000
45120  11.329  -28.502  -7.292 0.0000000000
45121  11.051  -28.736  -6.465 0.0000000000
45130  11.426  -28.522  -7.839 0.0000000000
45131  10.960  -29.143  -7.404 0.0000000000
45132  10.312  -29.369  -7.533 0.0000000000
45140  11.487  -28.491  -8.128 0.0000000000
45141  11.191  -28.699  -8.346 0.0000000000
45142  10.311  -29.291  -8.063 0.0000000000
45152  11.204  -28.523  -9.290 0.0000000000
45153  10.142  -29.201  -9.068 0.0000000000
45154  9.492  -29.443  -9.318 0.0000000000
45160  11.290  -28.298  -9.914 0.0000000000
45161  10.385  -28.782  -10.181 0.0000000000
45162  9.656  -29.326  -9.694 0.0000000000
45165  9.992  -28.625  -10.979 0.0000000000
45168  9.785  -28.518  -11.681 0.0000000000
45173  9.991  -28.369  -13.066 0.0000000000
45174  9.772  -28.398  -12.415 0.0000000000
45182  11.512  -28.620  -15.050 0.0000000000
45183  11.050  -28.623  -14.713 0.0000000000
45184  10.461  -28.470  -13.963 0.0000000000
45191  16.550  -28.601  -15.999 0.0000000000
45192  15.943  -28.542  -15.871 0.0000000000
45193  15.047  -28.413  -15.760 0.0000000000
45194  14.128  -28.357  -15.634 0.0000000000
45195  13.208  -28.432  -15.516 0.0000000000
45196  12.165  -28.446  -15.378 0.0000000000
45197  11.320  -28.076  -15.199 0.0000000000
45198  10.852  -27.948  -14.696 0.0000000000
45204  19.962  -28.530  -16.806 0.0000000000
45205  19.236  -28.533  -16.664 0.0000000000
45206  18.299  -28.584  -16.558 0.0000000000
45207  17.212  -28.585  -16.278 0.0000000000
45208  16.338  -28.317  -16.406 0.0000000000
45209  15.507  -28.075  -16.409 0.0000000000
45210  14.505  -27.953  -16.260 0.0000000000
45211  13.484  -27.935  -16.107 0.0000000000
45212  12.725  -28.013  -15.869 0.0000000000
45216  21.258  -28.523  -17.641 0.0000000000
45217  20.503  -28.414  -17.338 0.0000000000
45218  19.619  -28.237  -17.261 0.0000000000
45219  18.758  -28.138  -17.246 0.0000000000
45220  17.747  -28.152  -17.104 0.0000000000
45221  16.733  -28.043  -16.990 0.0000000000
45222  16.009  -27.971  -16.866 0.0000000000
45227  21.794  -28.457  -18.202 0.0000000000
45228  20.874  -28.128  -18.155 0.0000000000
45229  19.957  -27.989  -17.891 0.0000000000
45230  19.267  -27.948  -17.688 0.0000000000
45240  22.090  -28.093  -18.962 0.0000000000
45241  21.361  -28.025  -18.699 0.0000000000
46040  8.236  -26.766  12.547 0.0000000000
46041  7.691  -26.855  12.626 0.0000000000
46042  7.038  -26.931  12.509 0.0000000000
46043  6.788  -26.558  12.304 0.0000000000
46054  10.730  -26.614  10.989 0.0000000000
46055  10.340  -26.563  11.242 0.0000000000
46056  9.543  -26.988  11.598 0.0000000000
46057  8.613  -27.047  12.197 0.0000000000
46058  8.003  -27.223  12.494 0.0000000000
46059  6.753  -27.523  12.313 0.0000000000
46060  6.538  -27.172  12.023 0.0000000000
46071  12.390  -26.904  10.518 0.0000000000
46072  11.264  -26.793  10.727 0.0000000000
46073  10.256  -27.100  11.026 0.0000000000
46074  9.712  -27.397  11.256 0.0000000000
46075  6.238  -27.485  11.297 0.0000000000
46082  6.151  -27.689  10.485 0.0000000000
46090  6.240  -27.742  9.535 0.0000000000
46097  6.371  -27.719  8.471 0.0000000000
46101  6.429  -27.720  7.347 0.0000000000
46104  6.407  -27.737  6.257 0.0000000000
46108  6.440  -27.652  5.175 0.0000000000
46116  8.020  -27.359  3.984 0.0000000000
46117  7.532  -27.426  3.937 0.0000000000
46118  6.613  -27.756  3.976 0.0000000000
46130  10.416  -26.727  2.978 0.0000000000
46131  10.177  -27.141  3.166 0.0000000000
46132  9.372  -27.522  3.308 0.0000000000
46133  8.239  -27.599  3.431 0.0000000000
46134  7.186  -27.746  3.097 0.0000000000
46135  6.496  -28.157  2.823 0.0000000000
46151  10.404  -27.044  2.465 0.0000000000
46152  10.001  -27.773  2.420 0.0000000000
46153  8.982  -27.988  2.617 0.0000000000
46154  7.866  -28.076  2.378 0.0000000000
46155  6.792  -28.122  2.256 0.0000000000
46156  6.445  -28.247  2.373 0.0000000000
46174  10.365  -27.435  1.582 0.0000000000
46175  10.242  -27.918  1.834 0.0000000000
46176  7.242  -28.224  1.814 0.0000000000
46177  6.817  -28.227  1.791 0.0000000000
46194  10.180  -27.189  0.499 0.0000000000
46195  9.798  -26.754  0.191 0.0000000000
46206  10.066  -27.560  -0.504 0.0000000000
46207  9.740  -26.943  -0.313 0.0000000000
46211  10.119  -27.727  -1.531 0.0000000000
46212  9.495  -26.981  -1.306 0.0000000000
46213  8.924  -26.662  -1.675 0.0000000000
46217  10.222  -27.810  -2.496 0.0000000000
46218  9.646  -27.324  -2.284 0.0000000000
46219  9.020  -26.835  -2.173 0.0000000000
46223  10.304  -27.896  -3.361 0.0000000000
46224  9.739  -27.480  -3.194 0.0000000000
46225  9.055  -27.083  -2.989 0.0000000000
46229  10.419  -27.963  -4.232 0.0000000000
46230  9.849  -27.556  -4.098 0.0000000000
46231  9.133  -27.223  -3.912 0.0000000000
46237  10.599  -27.917  -5.195 0.0000000000
46238  10.001  -27.509  -4.989 0.0000000000
46239  9.323  -27.200  -4.873 0.0000000000
46247  11.311  -28.067  -7.002 0.0000000000
46248  10.871  -27.854  -6.289 0.0000000000
46249  9.999  -27.274  -6.029 0.0000000000
46250  9.561  -27.190  -5.492 0.0000000000
46262  11.495  -28.034  -7.687 0.0000000000
46263  10.919  -27.368  -7.407 0.0000000000
46264  10.466  -27.280  -6.699 0.0000000000
46275  11.533  -28.247  -8.125 0.0000000000
46276  11.498  -27.723  -8.502 0.0000000000
46286  11.776  -27.840  -9.551 0.0000000000
46296  11.915  -27.394  -10.840 0.0000000000
46297  11.303  -27.837  -10.433 0.0000000000
46298  10.540  -28.384  -10.769 0.0000000000
46305  11.985  -27.232  -11.280 0.0000000000
46306  11.214  -27.517  -11.554 0.0000000000
46307  10.471  -28.145  -11.281 0.0000000000
46309  10.630  -27.415  -12.432 0.0000000000
46310  10.109  -27.829  -11.973 0.0000000000
46313  10.370  -27.490  -13.328 0.0000000000
46314  10.037  -27.854  -12.670 0.0000000000
46320  10.720  -27.387  -14.283 0.0000000000
46328  12.287  -27.812  -15.843 0.0000000000
46329  11.742  -27.484  -15.770 0.0000000000
46330  11.098  -27.180  -15.159 0.0000000000
46337  15.604  -27.771  -16.907 0.0000000000
46338  15.002  -27.565  -16.851 0.0000000000
46339  13.826  -27.327  -16.809 0.0000000000
46340  12.560  -27.343  -16.402 0.0000000000
46341  11.773  -26.805  -16.305 0.0000000000
46346  18.855  -27.862  -17.758 0.0000000000
46347  18.263  -27.803  -17.792 0.0000000000
46348  17.208  -27.636  -17.707 0.0000000000
46349  15.872  -27.402  -17.494 0.0000000000
46350  14.612  -26.983  -17.387 0.0000000000
46351  13.741  -26.689  -17.392 0.0000000000
46354  20.929  -27.842  -18.717 0.0000000000
46355  20.327  -27.690  -18.608 0.0000000000
46356  19.147  -27.601  -18.335 0.0000000000
46357  17.905  -27.236  -18.509 0.0000000000
46358  16.746  -27.033  -18.305 0.0000000000
46359  15.901  -26.723  -18.275 0.0000000000
46367  21.202  -27.475  -19.375 0.0000000000
46368  19.881  -27.172  -19.220 0.0000000000
46369  18.792  -26.976  -19.153 0.0000000000
46370  18.011  -26.716  -19.184 0.0000000000
46382  21.314  -26.856  -20.216 0.0000000000
47114  8.800  -25.940  12.342 0.0000000000
47115  8.243  -26.102  12.509 0.0000000000
47116  7.600  -26.046  12.511 0.0000000000
47117  7.098  -25.963  12.346 0.0000000000
47118  6.733  -26.066  12.056 0.0000000000
47130  13.336  -25.362  11.217 0.0000000000
47131  12.375  -25.590  11.064 0.0000000000
47132  11.173  -26.048  11.092 0.0000000000
47133  10.113  -26.071  11.556 0.0000000000
47134  9.230  -26.214  12.048 0.0000000000
47135  8.614  -26.436  12.377 0.0000000000
47136  6.483  -26.366  11.557 0.0000000000
47146  13.188  -26.160  10.836 0.0000000000
47147  11.966  -26.296  10.807 0.0000000000
47148  11.458  -26.373  10.857 0.0000000000
47149  6.315  -26.575  10.886 0.0000000000
47157  6.292  -26.664  10.084 0.0000000000
47166  6.398  -26.623  9.166 0.0000000000
47176  6.512  -26.441  8.113 0.0000000000
47183  6.630  -26.690  7.016 0.0000000000
47185  6.756  -26.861  6.110 0.0000000000
47187  10.124  -25.896  4.999 0.0000000000
47188  9.639  -26.023  5.091 0.0000000000
47189  8.690  -26.189  5.180 0.0000000000
47190  7.714  -26.401  5.247 0.0000000000
47191  6.970  -26.790  5.410 0.0000000000
47194  10.477  -25.862  4.133 0.0000000000
47195  10.145  -26.182  4.526 0.0000000000
47196  9.225  -26.633  4.577 0.0000000000
47197  8.163  -26.965  4.459 0.0000000000
47198  7.239  -27.093  4.629 0.0000000000
47199  6.773  -27.327  4.797 0.0000000000
47203  10.419  -26.332  3.567 0.0000000000
47204  9.772  -26.932  3.928 0.0000000000
47205  8.858  -27.263  4.027 0.0000000000
47206  8.293  -27.331  4.006 0.0000000000
47209  10.412  -26.277  2.656 0.0000000000
47210  10.097  -26.048  2.063 0.0000000000
47217  10.325  -26.643  1.904 0.0000000000
47218  9.948  -26.224  1.462 0.0000000000
47225  10.230  -26.758  1.201 0.0000000000
47226  9.673  -26.367  0.652 0.0000000000
47227  9.021  -26.135  0.200 0.0000000000
47229  9.373  -26.514  -0.061 0.0000000000
47230  8.675  -26.217  -0.410 0.0000000000
47231  8.100  -26.139  -0.890 0.0000000000
47233  9.219  -26.608  -0.670 0.0000000000
47234  8.669  -26.456  -1.218 0.0000000000
47235  7.802  -26.239  -1.537 0.0000000000
47236  7.220  -26.281  -1.961 0.0000000000
47238  8.411  -26.545  -1.954 0.0000000000
47239  7.712  -26.473  -2.341 0.0000000000
47240  6.992  -26.398  -2.652 0.0000000000
47241  6.553  -26.378  -3.146 0.0000000000
47244  8.365  -26.724  -2.721 0.0000000000
47245  7.659  -26.622  -3.191 0.0000000000
47246  7.015  -26.543  -3.619 0.0000000000
47247  6.515  -26.452  -3.930 0.0000000000
47250  8.382  -26.880  -3.614 0.0000000000
47251  7.675  -26.712  -4.159 0.0000000000
47252  7.000  -26.595  -4.587 0.0000000000
47253  6.501  -26.476  -4.921 0.0000000000
47257  8.488  -26.939  -4.653 0.0000000000
47258  7.690  -26.715  -5.231 0.0000000000
47259  6.920  -26.558  -5.573 0.0000000000
47260  6.472  -26.397  -5.903 0.0000000000
47264  9.550  -26.959  -6.398 0.0000000000
47265  8.826  -26.852  -6.050 0.0000000000
47266  7.463  -26.572  -6.276 0.0000000000
47267  6.761  -26.416  -6.427 0.0000000000
47268  6.469  -26.262  -6.598 0.0000000000
47274  10.411  -26.821  -7.728 0.0000000000
47275  9.768  -26.828  -7.101 0.0000000000
47276  8.631  -26.577  -7.277 0.0000000000
47277  7.845  -26.504  -7.063 0.0000000000
47278  7.012  -26.305  -7.203 0.0000000000
47279  6.618  -26.273  -6.890 0.0000000000
47289  10.784  -26.826  -8.314 0.0000000000
47290  9.944  -26.527  -8.130 0.0000000000
47291  8.907  -26.301  -8.205 0.0000000000
47292  7.954  -26.308  -7.851 0.0000000000
47293  7.450  -26.272  -7.585 0.0000000000
47306  11.256  -26.739  -9.433 0.0000000000
47307  10.220  -26.205  -8.767 0.0000000000
47308  9.549  -26.190  -8.552 0.0000000000
47319  12.459  -26.877  -10.819 0.0000000000
47320  12.067  -27.043  -10.122 0.0000000000
47332  12.062  -26.889  -11.789 0.0000000000
47333  11.296  -27.220  -12.190 0.0000000000
47342  12.133  -26.481  -12.341 0.0000000000
47343  11.373  -26.878  -12.810 0.0000000000
47345  10.941  -26.752  -13.781 0.0000000000
47348  10.993  -26.537  -14.676 0.0000000000
47354  11.374  -26.636  -15.862 0.0000000000
47355  11.159  -26.263  -15.485 0.0000000000
47364  12.942  -26.680  -17.176 0.0000000000
47365  12.055  -26.335  -16.901 0.0000000000
47366  11.458  -26.171  -16.425 0.0000000000
47367  11.189  -26.063  -16.046 0.0000000000
47374  15.071  -26.596  -18.029 0.0000000000
47375  14.142  -26.346  -17.849 0.0000000000
47376  13.251  -26.037  -17.704 0.0000000000
47377  12.540  -25.996  -17.387 0.0000000000
47382  17.257  -26.636  -18.968 0.0000000000
47383  16.374  -26.412  -18.833 0.0000000000
47384  15.451  -26.090  -18.727 0.0000000000
47385  14.491  -25.886  -18.399 0.0000000000
47386  13.779  -25.741  -18.101 0.0000000000
47392  20.456  -26.738  -20.016 0.0000000000
47393  19.413  -26.565  -19.873 0.0000000000
47394  18.475  -26.416  -19.727 0.0000000000
47395  17.670  -26.240  -19.555 0.0000000000
47396  16.885  -26.042  -19.391 0.0000000000
47397  16.047  -25.801  -19.300 0.0000000000
47408  21.025  -26.326  -20.678 0.0000000000
47409  19.981  -25.998  -20.737 0.0000000000
47410  18.960  -26.025  -20.386 0.0000000000
47411  18.076  -25.849  -20.187 0.0000000000
47416  20.882  -25.800  -21.200 0.0000000000
47417  20.305  -25.572  -21.290 0.0000000000
48191  8.750  -25.322  12.356 0.0000000000
48192  8.139  -25.207  12.445 0.0000000000
48193  7.555  -25.083  12.357 0.0000000000
48194  7.032  -24.932  12.159 0.0000000000
48195  6.699  -25.256  11.710 0.0000000000
48208  13.934  -24.735  11.645 0.0000000000
48209  12.840  -24.792  11.434 0.0000000000
48210  11.754  -24.992  11.331 0.0000000000
48211  10.711  -25.218  11.530 0.0000000000
48212  9.829  -25.383  11.904 0.0000000000
48213  9.206  -25.522  12.192 0.0000000000
48214  6.510  -25.489  11.148 0.0000000000
48226  6.396  -25.645  10.482 0.0000000000
48239  6.369  -25.647  9.732 0.0000000000
48254  6.396  -25.504  8.916 0.0000000000
48271  6.437  -25.281  8.246 0.0000000000
48280  6.605  -25.582  7.561 0.0000000000
48286  7.949  -25.043  6.425 0.0000000000
48287  7.529  -25.231  6.471 0.0000000000
48288  6.938  -25.772  6.694 0.0000000000
48291  10.531  -24.922  5.018 0.0000000000
48292  10.169  -25.399  5.281 0.0000000000
48293  9.271  -25.494  5.632 0.0000000000
48294  8.194  -25.511  5.942 0.0000000000
48295  7.341  -26.002  5.961 0.0000000000
48296  7.016  -26.385  6.066 0.0000000000
48298  10.471  -25.378  4.563 0.0000000000
48299  10.295  -25.747  4.872 0.0000000000
48302  10.448  -25.399  3.755 0.0000000000
48303  10.098  -25.184  3.212 0.0000000000
48305  10.373  -25.718  3.132 0.0000000000
48306  9.869  -25.425  2.541 0.0000000000
48307  9.233  -25.203  2.059 0.0000000000
48310  9.615  -25.682  1.791 0.0000000000
48311  8.927  -25.379  1.468 0.0000000000
48312  8.366  -25.363  1.067 0.0000000000
48315  9.449  -25.845  1.196 0.0000000000
48316  8.875  -25.725  0.714 0.0000000000
48317  8.042  -25.486  0.499 0.0000000000
48318  7.332  -25.425  0.074 0.0000000000
48319  6.853  -25.435  -0.327 0.0000000000
48321  8.490  -25.864  0.130 0.0000000000
48322  7.904  -25.783  -0.332 0.0000000000
48323  7.208  -25.662  -0.650 0.0000000000
48324  6.714  -25.623  -0.919 0.0000000000
48325  6.387  -25.607  -1.050 0.0000000000
48327  7.587  -25.942  -0.961 0.0000000000
48328  7.079  -25.938  -1.374 0.0000000000
48329  6.530  -25.852  -1.549 0.0000000000
48330  6.186  -25.774  -1.618 0.0000000000
48332  6.771  -26.165  -1.958 0.0000000000
48333  6.383  -26.133  -2.347 0.0000000000
48334  5.975  -25.969  -2.389 0.0000000000
48335  5.821  -25.952  -2.590 0.0000000000
48338  6.192  -26.277  -3.160 0.0000000000
48339  5.953  -26.152  -3.069 0.0000000000
48343  6.215  -26.355  -4.099 0.0000000000
48348  6.295  -26.381  -5.358 0.0000000000
48354  6.294  -26.224  -6.438 0.0000000000
48361  6.795  -26.026  -7.698 0.0000000000
48362  6.535  -26.079  -7.259 0.0000000000
48363  6.310  -26.039  -7.176 0.0000000000
48369  8.522  -25.893  -8.761 0.0000000000
48370  7.989  -25.932  -8.570 0.0000000000
48371  7.223  -25.949  -8.157 0.0000000000
48372  6.692  -25.801  -8.107 0.0000000000
48373  6.460  -25.850  -7.821 0.0000000000
48385  11.049  -25.864  -9.707 0.0000000000
48386  10.336  -25.764  -9.394 0.0000000000
48387  9.174  -25.788  -9.057 0.0000000000
48388  8.174  -25.611  -9.166 0.0000000000
48389  7.454  -25.530  -9.152 0.0000000000
48390  6.899  -25.496  -8.951 0.0000000000
48391  6.620  -25.546  -8.678 0.0000000000
48406  12.530  -26.184  -11.044 0.0000000000
48407  11.739  -25.906  -10.310 0.0000000000
48408  10.570  -25.381  -10.042 0.0000000000
48409  9.470  -25.256  -9.842 0.0000000000
48410  8.434  -25.253  -9.728 0.0000000000
48411  7.764  -25.291  -9.615 0.0000000000
48424  12.616  -25.940  -11.724 0.0000000000
48425  12.123  -25.545  -11.027 0.0000000000
48448  12.912  -25.541  -12.970 0.0000000000
48449  12.309  -26.028  -12.856 0.0000000000
48450  11.531  -26.508  -13.449 0.0000000000
48473  13.020  -25.381  -13.579 0.0000000000
48474  12.341  -25.683  -13.793 0.0000000000
48475  11.534  -26.105  -14.083 0.0000000000
48497  12.557  -25.314  -14.382 0.0000000000
48498  11.817  -25.534  -14.684 0.0000000000
48499  11.281  -25.764  -15.135 0.0000000000
48515  11.425  -25.100  -16.304 0.0000000000
48516  11.253  -25.534  -15.965 0.0000000000
48531  12.138  -25.711  -17.234 0.0000000000
48532  11.668  -25.386  -16.793 0.0000000000
48533  11.318  -25.767  -16.326 0.0000000000
48542  13.316  -25.471  -18.021 0.0000000000
48543  12.616  -25.134  -17.659 0.0000000000
48544  12.024  -24.857  -17.187 0.0000000000
48552  15.476  -25.601  -19.182 0.0000000000
48553  14.878  -25.398  -18.979 0.0000000000
48554  13.775  -24.943  -18.535 0.0000000000
48555  13.058  -24.557  -18.183 0.0000000000
48561  17.342  -25.727  -19.917 0.0000000000
48562  16.608  -25.435  -19.877 0.0000000000
48563  15.557  -25.030  -19.704 0.0000000000
48564  14.606  -24.724  -19.272 0.0000000000
48565  14.141  -24.444  -19.105 0.0000000000
48572  19.287  -25.669  -20.868 0.0000000000
48573  18.622  -25.463  -20.828 0.0000000000
48574  17.458  -25.084  -20.667 0.0000000000
48575  16.369  -24.850  -20.312 0.0000000000
48576  15.842  -24.611  -20.215 0.0000000000
48581  20.771  -25.309  -21.697 0.0000000000
48582  19.623  -25.134  -21.521 0.0000000000
48583  18.394  -24.897  -21.301 0.0000000000
48584  17.799  -24.658  -21.276 0.0000000000
48589  20.599  -24.805  -22.173 0.0000000000
48590  20.034  -24.632  -22.150 0.0000000000
49394  14.794  -23.757  12.665 0.0000000000
49395  8.746  -24.384  12.357 0.0000000000
49396  8.074  -24.193  12.396 0.0000000000
49397  7.503  -24.028  12.292 0.0000000000
49398  7.121  -23.868  12.124 0.0000000000
49399  6.856  -24.171  11.830 0.0000000000
49408  14.370  -24.025  12.281 0.0000000000
49409  13.322  -24.033  11.933 0.0000000000
49410  12.256  -24.165  11.725 0.0000000000
49411  11.237  -24.346  11.718 0.0000000000
49412  10.322  -24.542  11.885 0.0000000000
49413  9.470  -24.670  12.161 0.0000000000
49414  6.654  -24.395  11.336 0.0000000000
49421  6.492  -24.600  10.710 0.0000000000
49426  6.399  -24.844  10.123 0.0000000000
49431  6.335  -24.617  9.476 0.0000000000
49448  6.325  -24.482  8.708 0.0000000000
49468  6.706  -24.182  7.510 0.0000000000
49469  6.434  -24.481  7.940 0.0000000000
49479  10.193  -24.140  6.174 0.0000000000
49480  9.557  -24.247  6.464 0.0000000000
49481  8.717  -24.294  6.655 0.0000000000
49482  7.885  -24.488  6.739 0.0000000000
49483  7.120  -24.550  7.009 0.0000000000
49484  6.727  -24.901  7.344 0.0000000000
49492  10.407  -24.401  5.482 0.0000000000
49493  9.861  -24.841  5.973 0.0000000000
49494  8.996  -24.897  6.209 0.0000000000
49495  8.324  -24.865  6.422 0.0000000000
49503  10.435  -24.367  4.578 0.0000000000
49504  10.104  -23.953  4.190 0.0000000000
49508  10.452  -24.889  4.119 0.0000000000
49509  9.907  -24.414  3.607 0.0000000000
49510  9.179  -23.997  3.239 0.0000000000
49513  9.757  -24.868  2.964 0.0000000000
49514  8.946  -24.512  2.574 0.0000000000
49515  7.810  -24.191  2.168 0.0000000000
49516  7.270  -23.955  2.162 0.0000000000
49521  8.807  -24.992  1.917 0.0000000000
49522  8.169  -24.872  1.566 0.0000000000
49523  7.137  -24.388  1.576 0.0000000000
49524  6.546  -24.391  1.200 0.0000000000
49525  6.315  -24.339  1.149 0.0000000000
49532  7.979  -25.231  1.018 0.0000000000
49533  7.518  -25.087  0.858 0.0000000000
49534  6.765  -25.038  0.345 0.0000000000
49535  6.406  -24.782  0.513 0.0000000000
49543  6.537  -25.422  -0.516 0.0000000000
49544  6.293  -25.409  -0.659 0.0000000000
49554  5.965  -25.739  -1.728 0.0000000000
49564  5.833  -25.843  -2.216 0.0000000000
49598  7.430  -25.196  -9.695 0.0000000000
49599  7.107  -25.116  -9.715 0.0000000000
49600  6.739  -25.021  -9.728 0.0000000000
49611  11.646  -25.280  -10.842 0.0000000000
49612  10.938  -25.059  -10.698 0.0000000000
49613  9.783  -24.850  -10.533 0.0000000000
49614  8.684  -24.780  -10.398 0.0000000000
49615  7.638  -24.818  -10.195 0.0000000000
49616  6.935  -24.521  -10.379 0.0000000000
49617  6.584  -24.184  -10.672 0.0000000000
49630  12.799  -25.344  -11.888 0.0000000000
49631  11.660  -24.778  -11.470 0.0000000000
49632  10.188  -24.442  -11.165 0.0000000000
49633  9.041  -24.327  -11.070 0.0000000000
49634  8.041  -24.258  -10.972 0.0000000000
49635  7.239  -24.124  -10.912 0.0000000000
49636  6.740  -23.936  -10.963 0.0000000000
49637  6.471  -23.797  -10.979 0.0000000000
49648  13.329  -24.827  -12.782 0.0000000000
49649  12.633  -24.784  -12.164 0.0000000000
49650  11.896  -24.192  -11.915 0.0000000000
49658  13.818  -24.678  -14.044 0.0000000000
49659  13.417  -24.900  -13.806 0.0000000000
49675  13.343  -24.621  -14.683 0.0000000000
49676  12.704  -24.906  -14.888 0.0000000000
49677  11.979  -25.059  -15.129 0.0000000000
49678  11.536  -25.298  -15.315 0.0000000000
49698  12.764  -24.532  -15.337 0.0000000000
49699  12.172  -24.689  -15.540 0.0000000000
49700  11.587  -24.905  -15.847 0.0000000000
49701  11.377  -25.364  -15.600 0.0000000000
49721  12.051  -24.421  -16.735 0.0000000000
49722  11.650  -24.767  -16.503 0.0000000000
49739  12.313  -24.347  -17.259 0.0000000000
49740  11.852  -24.709  -16.914 0.0000000000
49753  13.286  -24.068  -18.516 0.0000000000
49754  12.807  -24.167  -17.914 0.0000000000
49761  14.933  -24.409  -19.769 0.0000000000
49762  14.391  -24.098  -19.564 0.0000000000
49763  13.829  -24.042  -19.081 0.0000000000
49769  16.700  -24.499  -20.828 0.0000000000
49770  16.078  -24.326  -20.564 0.0000000000
49771  15.382  -24.174  -20.277 0.0000000000
49772  14.780  -23.955  -20.011 0.0000000000
49775  18.825  -24.533  -21.794 0.0000000000
49776  18.088  -24.389  -21.692 0.0000000000
49777  17.273  -24.202  -21.452 0.0000000000
49778  16.364  -23.918  -21.098 0.0000000000
49779  15.790  -23.863  -20.717 0.0000000000
49783  19.507  -24.288  -22.322 0.0000000000
49784  18.511  -23.978  -22.228 0.0000000000
49785  17.798  -23.899  -22.019 0.0000000000
50580  7.689  -22.534  12.578 0.0000000000
50581  7.451  -22.430  12.530 0.0000000000
50589  14.762  -23.110  13.057 0.0000000000
50590  14.136  -22.615  12.989 0.0000000000
50591  10.233  -23.359  12.204 0.0000000000
50592  9.510  -23.521  12.295 0.0000000000
50593  8.656  -23.327  12.437 0.0000000000
50594  7.973  -23.073  12.462 0.0000000000
50595  7.350  -22.980  12.309 0.0000000000
50596  6.928  -23.201  11.998 0.0000000000
50601  14.440  -23.514  12.622 0.0000000000
50602  13.778  -23.172  12.541 0.0000000000
50603  12.670  -23.385  12.163 0.0000000000
50604  11.681  -23.541  12.013 0.0000000000
50605  10.741  -23.682  12.027 0.0000000000
50606  10.035  -23.950  12.077 0.0000000000
50607  6.724  -23.318  11.548 0.0000000000
50612  6.533  -23.474  10.920 0.0000000000
50616  6.342  -23.721  10.097 0.0000000000
50619  6.216  -23.570  9.213 0.0000000000
50624  6.274  -23.542  8.468 0.0000000000
50639  7.661  -23.291  7.338 0.0000000000
50640  7.016  -23.536  7.428 0.0000000000
50641  6.499  -23.515  7.873 0.0000000000
50660  10.466  -23.433  5.955 0.0000000000
50661  10.067  -23.520  6.624 0.0000000000
50662  9.259  -23.634  6.913 0.0000000000
50663  8.331  -23.590  7.129 0.0000000000
50664  7.551  -23.885  7.122 0.0000000000
50675  10.453  -23.508  5.154 0.0000000000
50687  10.146  -23.464  4.511 0.0000000000
50688  9.726  -23.541  4.045 0.0000000000
50699  9.275  -23.579  3.610 0.0000000000
50700  8.522  -23.541  3.224 0.0000000000
50701  7.639  -23.277  3.019 0.0000000000
50702  7.169  -23.242  2.810 0.0000000000
50714  8.067  -23.813  2.668 0.0000000000
50715  7.440  -23.663  2.519 0.0000000000
50716  6.909  -23.572  2.366 0.0000000000
50717  6.408  -23.423  2.267 0.0000000000
50718  5.922  -23.462  1.990 0.0000000000
50730  6.603  -23.910  1.825 0.0000000000
50731  6.313  -23.873  1.701 0.0000000000
50834  10.438  -23.976  -11.654 0.0000000000
50835  9.436  -23.837  -11.632 0.0000000000
50836  8.438  -23.710  -11.545 0.0000000000
50837  7.592  -23.607  -11.414 0.0000000000
50838  6.958  -23.520  -11.322 0.0000000000
50839  6.551  -23.403  -11.303 0.0000000000
50840  6.418  -23.594  -11.139 0.0000000000
50844  12.809  -24.082  -12.389 0.0000000000
50845  12.063  -23.742  -12.244 0.0000000000
50846  11.106  -23.683  -12.053 0.0000000000
50847  9.920  -23.345  -12.096 0.0000000000
50848  8.894  -23.139  -12.057 0.0000000000
50849  7.983  -23.052  -11.927 0.0000000000
50850  7.254  -23.063  -11.746 0.0000000000
50851  6.786  -23.131  -11.597 0.0000000000
50854  14.481  -24.026  -13.726 0.0000000000
50855  13.956  -24.145  -13.321 0.0000000000
50856  13.178  -23.844  -12.809 0.0000000000
50857  12.463  -23.498  -12.519 0.0000000000
50868  13.987  -24.391  -14.345 0.0000000000
50883  13.442  -24.220  -15.537 0.0000000000
50884  12.442  -24.369  -15.907 0.0000000000
50885  11.963  -24.546  -15.911 0.0000000000
50903  13.504  -23.650  -16.493 0.0000000000
50904  12.707  -23.937  -16.675 0.0000000000
50905  12.028  -24.497  -16.286 0.0000000000
50928  12.890  -23.697  -17.524 0.0000000000
50949  13.619  -23.363  -18.879 0.0000000000
50950  13.243  -23.503  -18.179 0.0000000000
50961  14.521  -23.672  -19.905 0.0000000000
50962  14.169  -23.340  -19.628 0.0000000000
50964  15.420  -23.649  -20.613 0.0000000000
50965  14.854  -23.285  -20.360 0.0000000000
50966  14.359  -22.962  -20.034 0.0000000000
50968  17.384  -23.650  -22.009 0.0000000000
50969  16.707  -23.283  -21.898 0.0000000000
50970  15.677  -23.250  -21.108 0.0000000000
50971  15.171  -22.833  -20.898 0.0000000000
50975  19.107  -23.509  -22.867 0.0000000000
50976  17.785  -23.157  -22.656 0.0000000000
50977  16.978  -22.851  -22.472 0.0000000000
50983  18.772  -22.846  -23.378 0.0000000000
50984  18.139  -22.596  -23.278 0.0000000000
51782  14.912  -21.912  14.164 0.0000000000
51783  7.559  -22.052  12.787 0.0000000000
51784  7.188  -22.176  12.462 0.0000000000
51785  6.930  -22.018  12.214 0.0000000000
51790  15.114  -22.555  13.763 0.0000000000
51791  14.405  -22.151  13.519 0.0000000000
51792  13.484  -22.147  13.052 0.0000000000
51793  12.427  -22.022  12.796 0.0000000000
51794  11.435  -22.131  12.594 0.0000000000
51795  10.339  -22.537  12.456 0.0000000000
51796  9.265  -22.461  12.611 0.0000000000
51797  8.507  -22.372  12.724 0.0000000000
51798  8.002  -22.187  12.812 0.0000000000
51799  6.985  -22.542  12.158 0.0000000000
51800  6.778  -22.295  11.865 0.0000000000
51805  12.886  -22.697  12.572 0.0000000000
51806  12.041  -22.780  12.376 0.0000000000
51807  11.135  -22.955  12.253 0.0000000000
51808  10.603  -23.129  12.225 0.0000000000
51809  6.528  -22.358  11.239 0.0000000000
51814  6.291  -22.461  10.490 0.0000000000
51819  6.123  -22.535  9.661 0.0000000000
51822  6.110  -22.600  8.874 0.0000000000
51824  6.328  -22.705  8.255 0.0000000000
51828  10.604  -21.800  7.129 0.0000000000
51829  10.184  -22.119  7.409 0.0000000000
51830  9.301  -22.405  7.539 0.0000000000
51831  8.297  -22.754  7.466 0.0000000000
51832  7.344  -22.703  7.560 0.0000000000
51833  6.704  -22.748  7.799 0.0000000000
51846  10.481  -22.424  6.606 0.0000000000
51847  9.811  -22.941  7.185 0.0000000000
51848  8.931  -23.107  7.303 0.0000000000
51849  8.506  -23.157  7.307 0.0000000000
51863  10.368  -22.472  5.504 0.0000000000
51864  9.888  -22.262  4.918 0.0000000000
51880  10.197  -22.844  4.836 0.0000000000
51881  9.450  -22.649  4.374 0.0000000000
51882  8.435  -22.196  4.052 0.0000000000
51883  8.003  -21.963  4.008 0.0000000000
51900  9.329  -23.173  3.950 0.0000000000
51901  8.817  -22.938  3.775 0.0000000000
51902  7.890  -22.576  3.589 0.0000000000
51903  7.045  -22.699  3.195 0.0000000000
51904  6.542  -22.547  3.121 0.0000000000
51905  6.402  -22.348  3.218 0.0000000000
51923  7.069  -22.996  3.016 0.0000000000
51924  6.669  -22.982  2.768 0.0000000000
51925  6.337  -22.791  2.796 0.0000000000
52093  6.565  -23.023  -11.606 0.0000000000
52094  6.389  -23.076  -11.537 0.0000000000
52098  12.024  -23.256  -12.531 0.0000000000
52099  11.455  -23.093  -12.517 0.0000000000
52100  10.462  -22.857  -12.522 0.0000000000
52101  9.448  -22.589  -12.478 0.0000000000
52102  8.456  -22.287  -12.393 0.0000000000
52103  7.633  -22.495  -12.118 0.0000000000
52104  6.974  -22.674  -11.899 0.0000000000
52105  6.736  -22.606  -11.874 0.0000000000
52114  14.176  -23.221  -13.369 0.0000000000
52115  13.337  -23.010  -13.016 0.0000000000
52116  12.224  -22.811  -12.761 0.0000000000
52117  11.048  -22.353  -12.829 0.0000000000
52118  10.040  -22.107  -12.853 0.0000000000
52119  9.185  -21.872  -12.726 0.0000000000
52120  8.690  -21.704  -12.643 0.0000000000
52162  13.565  -23.173  -17.036 0.0000000000
52163  13.186  -23.480  -16.917 0.0000000000
52186  13.826  -22.775  -17.747 0.0000000000
52187  13.227  -23.352  -17.303 0.0000000000
52211  13.712  -22.807  -18.473 0.0000000000
52212  13.371  -23.202  -17.832 0.0000000000
52233  14.315  -22.192  -19.728 0.0000000000
52234  13.940  -22.704  -19.273 0.0000000000
52238  14.473  -22.544  -20.218 0.0000000000
52239  14.200  -22.715  -19.787 0.0000000000
52242  15.955  -22.680  -21.782 0.0000000000
52243  15.339  -22.388  -21.379 0.0000000000
52244  14.860  -22.445  -20.757 0.0000000000
52246  17.094  -22.517  -22.802 0.0000000000
52247  16.420  -22.360  -22.458 0.0000000000
52248  15.733  -22.110  -22.036 0.0000000000
52254  18.454  -22.249  -23.747 0.0000000000
52255  17.555  -22.129  -23.368 0.0000000000
52256  16.824  -22.028  -23.010 0.0000000000
52266  18.097  -21.591  -24.081 0.0000000000
52995  14.544  -21.183  14.613 0.0000000000
52996  14.022  -20.817  14.355 0.0000000000
52997  7.870  -21.462  13.068 0.0000000000
52998  7.306  -21.412  12.785 0.0000000000
52999  7.005  -21.748  12.444 0.0000000000
53003  14.464  -21.583  13.980 0.0000000000
53004  13.847  -21.241  13.818 0.0000000000
53005  12.825  -21.249  13.357 0.0000000000
53006  11.845  -21.245  13.066 0.0000000000
53007  10.844  -21.380  12.907 0.0000000000
53008  9.828  -21.496  12.884 0.0000000000
53009  8.908  -21.567  12.965 0.0000000000
53010  8.312  -21.676  13.012 0.0000000000
53011  7.121  -20.920  12.715 0.0000000000
53012  6.866  -21.318  12.307 0.0000000000
53016  6.523  -21.303  11.643 0.0000000000
53020  6.240  -21.316  10.895 0.0000000000
53025  6.031  -21.395  10.068 0.0000000000
53028  6.009  -21.516  9.223 0.0000000000
53030  6.762  -21.386  8.239 0.0000000000
53031  6.275  -21.796  8.542 0.0000000000
53034  10.469  -21.162  7.501 0.0000000000
53035  9.691  -21.571  7.836 0.0000000000
53036  8.710  -21.809  7.808 0.0000000000
53037  7.758  -21.966  7.770 0.0000000000
53038  6.985  -22.017  7.823 0.0000000000
53039  6.531  -22.115  8.100 0.0000000000
53042  10.692  -21.330  6.779 0.0000000000
53044  10.458  -21.458  5.983 0.0000000000
53045  9.655  -21.423  5.178 0.0000000000
53046  9.030  -21.027  4.912 0.0000000000
53048  9.480  -21.957  4.759 0.0000000000
53049  8.825  -21.512  4.602 0.0000000000
53050  7.764  -21.532  4.169 0.0000000000
53051  6.955  -21.377  3.993 0.0000000000
53052  6.620  -21.351  3.876 0.0000000000
53054  7.750  -21.900  3.950 0.0000000000
53055  7.272  -22.012  3.726 0.0000000000
53056  6.597  -21.929  3.568 0.0000000000
53057  6.354  -22.152  3.362 0.0000000000
53163  7.916  -22.185  -12.286 0.0000000000
53164  7.580  -21.950  -12.306 0.0000000000
53165  7.164  -22.177  -12.145 0.0000000000
53182  12.711  -22.127  -13.147 0.0000000000
53183  11.667  -21.883  -13.126 0.0000000000
53184  10.635  -21.611  -13.062 0.0000000000
53185  9.721  -21.418  -12.987 0.0000000000
53186  8.981  -21.321  -12.828 0.0000000000
53187  8.286  -21.510  -12.582 0.0000000000
53188  7.910  -21.325  -12.517 0.0000000000
53249  14.073  -22.327  -18.426 0.0000000000
53278  14.119  -22.141  -19.036 0.0000000000
53296  14.663  -21.817  -20.452 0.0000000000
53300  15.429  -21.485  -21.715 0.0000000000
53301  14.943  -21.881  -21.128 0.0000000000
53305  16.429  -21.728  -22.892 0.0000000000
53306  15.957  -21.530  -22.562 0.0000000000
53311  17.445  -21.423  -23.814 0.0000000000
53312  16.793  -21.322  -23.416 0.0000000000
53313  16.315  -21.396  -22.970 0.0000000000
53328  17.216  -21.090  -23.919 0.0000000000
54027  13.923  -20.394  14.892 0.0000000000
54028  13.302  -20.104  14.483 0.0000000000
54029  12.742  -19.904  14.164 0.0000000000
54030  7.969  -21.071  13.181 0.0000000000
54031  7.746  -21.030  13.105 0.0000000000
54041  13.656  -20.594  14.259 0.0000000000
54042  13.110  -20.550  13.914 0.0000000000
54043  12.224  -20.352  13.630 0.0000000000
54044  11.319  -20.454  13.342 0.0000000000
54045  10.381  -20.483  13.231 0.0000000000
54046  9.382  -20.588  13.211 0.0000000000
54047  8.298  -20.779  13.155 0.0000000000
54048  7.515  -20.512  12.965 0.0000000000
54049  7.001  -20.399  12.588 0.0000000000
54058  6.638  -20.376  12.067 0.0000000000
54065  6.296  -20.121  11.334 0.0000000000
54071  6.067  -20.245  10.470 0.0000000000
54074  6.067  -20.313  9.631 0.0000000000
54076  10.596  -19.703  8.184 0.0000000000
54077  10.277  -19.941  8.333 0.0000000000
54078  9.535  -20.160  8.463 0.0000000000
54079  8.533  -20.301  8.401 0.0000000000
54080  7.412  -20.516  8.350 0.0000000000
54081  6.456  -20.551  8.786 0.0000000000
54084  10.601  -20.094  7.833 0.0000000000
54085  10.037  -20.709  8.136 0.0000000000
54086  9.114  -20.973  8.163 0.0000000000
54087  8.115  -21.160  8.079 0.0000000000
54088  7.350  -21.404  8.037 0.0000000000
54090  10.739  -20.302  6.997 0.0000000000
54091  10.386  -20.030  6.375 0.0000000000
54093  10.539  -20.708  6.369 0.0000000000
54094  9.939  -20.391  5.774 0.0000000000
54095  8.898  -20.363  5.145 0.0000000000
54096  8.272  -19.977  5.003 0.0000000000
54098  8.697  -20.852  4.834 0.0000000000
54099  8.096  -20.529  4.707 0.0000000000
54100  7.229  -20.609  4.402 0.0000000000
54101  6.643  -20.832  4.178 0.0000000000
54105  6.387  -21.349  3.805 0.0000000000
54106  6.435  -21.583  3.751 0.0000000000
54214  7.609  -21.563  -12.411 0.0000000000
54236  12.335  -21.455  -13.302 0.0000000000
54237  11.257  -21.214  -13.190 0.0000000000
54238  10.243  -20.998  -13.096 0.0000000000
54239  9.433  -20.876  -12.984 0.0000000000
54240  8.778  -20.859  -12.864 0.0000000000
54241  8.303  -20.893  -12.708 0.0000000000
54242  8.002  -20.844  -12.662 0.0000000000
54335  15.369  -20.753  -21.391 0.0000000000
54336  14.984  -21.357  -21.070 0.0000000000
54342  15.826  -20.539  -22.485 0.0000000000
54350  16.204  -21.028  -23.005 0.0000000000
55062  13.570  -19.765  15.445 0.0000000000
55063  13.232  -19.021  15.886 0.0000000000
55070  13.439  -19.888  14.902 0.0000000000
55071  12.971  -19.323  14.839 0.0000000000
55072  12.075  -19.282  14.094 0.0000000000
55073  11.491  -18.751  14.024 0.0000000000
55076  11.664  -19.859  13.627 0.0000000000
55077  11.040  -19.414  13.591 0.0000000000
55078  10.003  -19.557  13.411 0.0000000000
55079  9.041  -19.569  13.300 0.0000000000
55080  8.094  -19.562  13.160 0.0000000000
55081  7.326  -19.474  12.762 0.0000000000
55082  6.840  -19.741  12.397 0.0000000000
55085  6.911  -19.089  12.400 0.0000000000
55086  6.551  -19.320  11.941 0.0000000000
55089  6.276  -19.070  11.377 0.0000000000
55092  6.093  -19.184  10.809 0.0000000000
55094  6.055  -19.151  10.070 0.0000000000
55097  10.508  -19.402  8.397 0.0000000000
55098  10.033  -19.426  8.729 0.0000000000
55099  9.083  -19.485  8.772 0.0000000000
55100  8.040  -19.517  8.648 0.0000000000
55101  7.090  -19.436  8.727 0.0000000000
55102  6.431  -19.089  9.326 0.0000000000
55105  10.789  -19.308  8.068 0.0000000000
55107  10.747  -19.365  7.418 0.0000000000
55108  10.486  -19.332  6.697 0.0000000000
55110  9.927  -19.390  6.107 0.0000000000
55111  9.209  -19.436  5.615 0.0000000000
55112  8.308  -19.322  5.266 0.0000000000
55113  7.558  -19.067  5.097 0.0000000000
55114  7.075  -19.054  4.927 0.0000000000
55116  7.892  -19.721  4.948 0.0000000000
55117  7.403  -19.758  4.758 0.0000000000
55118  6.839  -19.668  4.626 0.0000000000
55119  6.624  -19.868  4.535 0.0000000000
55255  12.103  -21.039  -13.292 0.0000000000
55256  10.684  -20.754  -13.148 0.0000000000
55257  9.826  -20.586  -13.050 0.0000000000
55258  9.187  -20.478  -12.990 0.0000000000
55259  8.688  -20.488  -12.869 0.0000000000
55260  8.375  -20.585  -12.783 0.0000000000
56194  12.565  -18.315  15.465 0.0000000000
56195  12.147  -17.813  15.290 0.0000000000
56197  12.419  -18.728  14.701 0.0000000000
56198  11.897  -18.174  14.621 0.0000000000
56199  10.913  -18.232  13.985 0.0000000000
56200  10.393  -17.750  13.933 0.0000000000
56202  10.446  -18.887  13.592 0.0000000000
56203  9.856  -18.393  13.571 0.0000000000
56204  8.757  -18.501  13.268 0.0000000000
56205  7.883  -18.494  12.988 0.0000000000
56206  7.237  -18.453  12.581 0.0000000000
56208  6.736  -18.408  12.181 0.0000000000
56209  6.397  -18.380  11.660 0.0000000000
56211  6.123  -18.321  11.114 0.0000000000
56214  5.995  -18.182  10.485 0.0000000000
56217  6.115  -17.909  9.796 0.0000000000
56220  10.613  -18.570  8.561 0.0000000000
56221  9.718  -18.674  9.068 0.0000000000
56222  8.630  -18.697  9.052 0.0000000000
56223  7.722  -18.759  8.914 0.0000000000
56224  7.061  -18.365  9.008 0.0000000000
56225  6.565  -17.930  9.364 0.0000000000
56227  10.838  -18.563  7.775 0.0000000000
56229  10.619  -18.517  7.095 0.0000000000
56230  9.923  -18.402  6.403 0.0000000000
56231  9.216  -18.131  5.987 0.0000000000
56233  9.416  -18.751  5.916 0.0000000000
56234  8.701  -18.432  5.676 0.0000000000
56235  7.820  -18.285  5.451 0.0000000000
56236  7.137  -18.291  5.251 0.0000000000
56237  6.722  -18.550  4.985 0.0000000000
56238  6.488  -18.470  4.968 0.0000000000
56241  6.600  -19.129  4.774 0.0000000000
57445  12.180  -17.686  15.788 0.0000000000
57446  11.732  -17.307  15.450 0.0000000000
57447  11.199  -16.959  15.058 0.0000000000
57449  11.323  -17.533  14.660 0.0000000000
57450  10.716  -17.206  14.447 0.0000000000
57451  10.034  -17.260  13.963 0.0000000000
57454  9.288  -17.436  13.518 0.0000000000
57455  8.454  -17.499  13.164 0.0000000000
57456  7.632  -17.427  12.715 0.0000000000
57457  7.006  -17.753  12.391 0.0000000000
57460  7.071  -17.045  12.359 0.0000000000
57461  6.547  -17.399  11.915 0.0000000000
57462  6.224  -17.718  11.406 0.0000000000
57471  6.195  -17.104  11.390 0.0000000000
57472  6.004  -17.360  10.914 0.0000000000
57484  5.902  -17.163  10.263 0.0000000000
57496  6.024  -16.877  9.795 0.0000000000
57510  10.732  -17.646  8.666 0.0000000000
57511  10.325  -17.764  9.148 0.0000000000
57512  9.289  -17.814  9.300 0.0000000000
57513  8.035  -17.782  9.199 0.0000000000
57514  7.033  -17.308  9.169 0.0000000000
57515  6.390  -16.987  9.474 0.0000000000
57530  10.886  -17.534  7.975 0.0000000000
57531  10.647  -16.935  7.540 0.0000000000
57547  10.763  -18.010  7.454 0.0000000000
57548  10.337  -17.419  7.023 0.0000000000
57549  9.178  -17.301  6.225 0.0000000000
57550  8.477  -16.760  6.045 0.0000000000
57568  8.814  -17.798  5.896 0.0000000000
57569  8.196  -17.335  5.790 0.0000000000
57570  7.289  -17.241  5.551 0.0000000000
57571  6.762  -17.515  5.317 0.0000000000
57572  6.556  -17.833  5.198 0.0000000000
58866  11.286  -16.662  15.656 0.0000000000
58867  10.792  -16.266  15.249 0.0000000000
58868  10.249  -15.852  14.759 0.0000000000
58880  10.307  -16.553  14.452 0.0000000000
58881  9.629  -16.264  13.993 0.0000000000
58882  8.963  -15.972  13.531 0.0000000000
58895  8.937  -16.710  13.425 0.0000000000
58896  8.293  -16.372  13.072 0.0000000000
58897  7.472  -16.295  12.577 0.0000000000
58910  6.794  -16.308  12.122 0.0000000000
58911  6.327  -16.423  11.564 0.0000000000
58927  6.046  -16.594  11.118 0.0000000000
58928  5.875  -16.411  10.634 0.0000000000
58941  5.836  -16.225  10.044 0.0000000000
58952  10.734  -16.149  9.148 0.0000000000
58953  10.425  -16.159  9.334 0.0000000000
58954  9.629  -16.155  9.552 0.0000000000
58955  8.744  -16.104  9.533 0.0000000000
58956  6.609  -15.997  9.468 0.0000000000
58957  6.283  -16.103  9.568 0.0000000000
58968  10.792  -16.661  8.863 0.0000000000
58969  9.975  -16.935  9.399 0.0000000000
58970  8.923  -16.906  9.447 0.0000000000
58971  7.807  -16.562  9.375 0.0000000000
58972  6.792  -16.325  9.396 0.0000000000
58973  6.428  -16.471  9.469 0.0000000000
58982  10.745  -16.421  7.933 0.0000000000
58983  10.298  -16.363  7.291 0.0000000000
58994  9.605  -16.382  6.697 0.0000000000
58995  8.736  -16.233  6.285 0.0000000000
58996  7.884  -16.160  5.906 0.0000000000
58997  7.328  -15.676  5.812 0.0000000000
59009  7.596  -16.714  5.720 0.0000000000
59010  7.156  -16.120  5.685 0.0000000000
59011  6.718  -16.406  5.532 0.0000000000
59012  6.517  -16.788  5.441 0.0000000000
60242  10.739  -15.824  15.958 0.0000000000
60243  10.296  -15.276  15.754 0.0000000000
60253  9.755  -15.222  14.719 0.0000000000
60254  9.153  -15.276  14.045 0.0000000000
60261  8.562  -15.316  13.448 0.0000000000
60262  7.898  -15.367  12.911 0.0000000000
60270  7.150  -15.214  12.333 0.0000000000
60271  6.501  -15.452  11.733 0.0000000000
60281  6.027  -15.655  11.094 0.0000000000
60282  5.818  -15.460  10.417 0.0000000000
60290  5.919  -15.323  9.860 0.0000000000
60298  10.746  -15.590  9.089 0.0000000000
60299  10.168  -15.395  9.525 0.0000000000
60300  9.258  -15.359  9.644 0.0000000000
60301  8.068  -15.508  9.543 0.0000000000
60302  6.925  -15.555  9.445 0.0000000000
60303  6.336  -15.176  9.578 0.0000000000
60312  10.782  -15.562  8.361 0.0000000000
60313  7.260  -15.985  9.431 0.0000000000
60314  6.938  -15.959  9.427 0.0000000000
60323  10.396  -15.488  7.601 0.0000000000
60324  9.785  -15.529  7.010 0.0000000000
60334  9.104  -15.471  6.586 0.0000000000
60335  8.255  -15.303  6.284 0.0000000000
60336  7.446  -15.175  5.992 0.0000000000
60337  6.947  -15.248  5.769 0.0000000000
60345  6.605  -15.389  5.656 0.0000000000
60346  6.306  -15.382  5.613 0.0000000000
61516  9.533  -14.343  15.447 0.0000000000
61517  9.098  -13.966  14.813 0.0000000000
61525  9.274  -14.604  14.594 0.0000000000
61526  8.680  -14.313  14.019 0.0000000000
61527  8.114  -13.971  13.420 0.0000000000
61534  8.205  -14.655  13.305 0.0000000000
61535  7.628  -14.349  12.849 0.0000000000
61542  7.037  -14.240  12.392 0.0000000000
61543  6.622  -14.480  11.940 0.0000000000
61551  6.194  -14.623  11.375 0.0000000000
61552  5.890  -14.611  10.770 0.0000000000
61558  5.837  -14.543  10.179 0.0000000000
61565  10.585  -14.562  9.319 0.0000000000
61566  9.900  -14.484  9.757 0.0000000000
61567  8.856  -14.476  9.747 0.0000000000
61568  7.737  -14.501  9.580 0.0000000000
61569  6.791  -14.462  9.551 0.0000000000
61570  6.142  -14.457  9.744 0.0000000000
61577  10.817  -14.628  8.704 0.0000000000
61584  10.562  -14.579  7.952 0.0000000000
61585  9.766  -14.499  7.190 0.0000000000
61586  9.256  -13.955  6.905 0.0000000000
61594  9.385  -14.974  6.815 0.0000000000
61595  8.811  -14.415  6.629 0.0000000000
61596  7.716  -14.324  6.259 0.0000000000
61597  6.776  -14.293  5.892 0.0000000000
61598  6.260  -13.881  5.800 0.0000000000
61604  6.588  -14.821  5.738 0.0000000000
61605  6.201  -14.328  5.717 0.0000000000
61606  5.790  -13.952  5.710 0.0000000000
62723  8.737  -13.501  14.589 0.0000000000
62724  8.247  -13.256  13.928 0.0000000000
62731  7.638  -13.356  13.132 0.0000000000
62732  7.114  -13.106  12.666 0.0000000000
62738  7.209  -13.698  12.638 0.0000000000
62739  6.655  -13.469  12.182 0.0000000000
62740  6.226  -13.242  11.626 0.0000000000
62748  6.314  -13.889  11.638 0.0000000000
62749  5.997  -13.663  11.123 0.0000000000
62756  5.873  -13.745  10.485 0.0000000000
62763  10.426  -13.536  9.540 0.0000000000
62764  9.580  -13.487  9.936 0.0000000000
62765  8.480  -13.506  9.815 0.0000000000
62766  7.415  -13.541  9.674 0.0000000000
62767  6.552  -13.605  9.729 0.0000000000
62768  5.971  -13.697  9.971 0.0000000000
62775  10.897  -13.719  9.001 0.0000000000
62783  10.717  -13.746  8.381 0.0000000000
62784  10.175  -13.595  7.700 0.0000000000
62785  9.478  -13.497  7.182 0.0000000000
62793  8.897  -13.440  6.834 0.0000000000
62794  8.091  -13.390  6.534 0.0000000000
62795  7.125  -13.323  6.181 0.0000000000
62796  6.212  -13.202  5.917 0.0000000000
62797  5.723  -12.719  5.907 0.0000000000
62804  6.032  -13.657  5.778 0.0000000000
62805  5.658  -13.164  5.781 0.0000000000
62806  5.268  -12.848  5.774 0.0000000000
63987  7.481  -12.164  13.623 0.0000000000
63994  7.739  -12.700  13.574 0.0000000000
63995  7.259  -12.521  13.027 0.0000000000
64002  6.750  -12.566  12.507 0.0000000000
64003  6.320  -12.552  11.937 0.0000000000
64011  6.036  -12.670  11.296 0.0000000000
64018  5.921  -12.901  10.715 0.0000000000
64025  10.263  -12.364  9.832 0.0000000000
64026  9.177  -12.503  10.085 0.0000000000
64027  8.063  -12.574  9.919 0.0000000000
64028  7.057  -12.682  9.814 0.0000000000
64029  6.309  -12.866  9.956 0.0000000000
64030  5.955  -13.093  10.262 0.0000000000
64036  10.852  -12.618  9.057 0.0000000000
64044  10.848  -13.203  8.672 0.0000000000
64059  5.842  -12.205  6.052 0.0000000000
64067  5.386  -12.257  5.929 0.0000000000
64068  5.102  -12.234  5.822 0.0000000000
64069  4.842  -11.914  5.825 0.0000000000
65272  7.022  -11.839  13.204 0.0000000000
65277  6.842  -12.139  12.799 0.0000000000
65278  6.461  -11.662  12.477 0.0000000000
65283  6.089  -11.749  11.581 0.0000000000
65288  6.000  -11.968  10.894 0.0000000000
65296  7.605  -11.706  10.048 0.0000000000
65297  6.700  -11.941  10.084 0.0000000000
65298  6.153  -12.338  10.373 0.0000000000
66537  6.112  -10.772  11.874 0.0000000000
66544  6.085  -10.932  11.107 0.0000000000
66558  6.384  -11.328  10.526 0.0000000000
