#!ascii label  , from subject FreeSurferMNI152_0.3 vox2ras=TkReg
674
32080  6.561  25.730  24.904 1.0000000000
32119  39.427  -36.936  33.319 2.0000000000
32183  29.280  72.046  -35.533 3.0000000000
19755  8.587  -18.770  28.129 4.0000000000
4812  27.213  13.351  29.868 5.0000000000
4811  43.427  25.736  33.167 6.0000000000
4956  27.463  78.774  -18.710 8.0000000000
5021  37.989  54.336  24.546 9.0000000000
6253  43.903  58.725  10.817 10.0000000000
10533  42.370  45.015  27.423 11.0000000000
11219  42.974  -0.997  -47.154 13.0000000000
13601  60.755  -34.877  -23.905 14.0000000000
4925  48.802  37.688  7.988 16.0000000000
23360  41.258  75.118  -17.236 18.0000000000
8830  43.226  -47.988  1.790 28.0000000000
8829  45.185  -50.332  2.616 32.0000000000
19690  7.590  -25.127  -12.007 37.0000000000
5050  64.497  -7.504  -22.525 44.0000000000
5565  63.141  -44.885  -21.802 45.0000000000
3873  42.242  -36.121  4.238 46.0000000000
6220  2.248  8.252  -34.696 47.0000000000
4813  56.080  25.605  -55.127 49.0000000000
4957  63.668  -21.993  14.039 50.0000000000
4992  37.843  20.895  -12.408 52.0000000000
5564  7.195  -34.630  2.069 55.0000000000
6344  28.460  34.723  43.617 56.0000000000
1571  46.208  -16.159  2.832 57.0000000000
3251  3.713  63.400  -17.100 59.0000000000
129  27.223  7.539  53.170 61.0000000000
130  27.947  -5.417  53.611 63.0000000000
456  70.295  -15.648  -2.338 65.0000000000
3253  51.261  10.128  -15.266 69.0000000000
11287  24.850  13.772  -57.379 77.0000000000
4700  44.182  17.696  -12.236 79.0000000000
4961  51.424  -0.557  -7.913 88.0000000000
37  3.307  -22.239  24.933 96.0000000000
7034  14.807  -8.853  18.787 100.0000000000
14923  63.905  -13.568  -36.437 103.0000000000
16246  22.410  8.291  -29.437 107.0000000000
43289  5.762  31.377  -23.663 109.0000000000
1543  18.737  76.886  -0.368 110.0000000000
1542  19.335  77.073  0.644 114.0000000000
2782  26.321  76.106  -3.554 117.0000000000
2783  55.047  31.612  -24.821 118.0000000000
3278  17.816  72.029  10.484 120.0000000000
3676  61.008  -22.726  32.183 122.0000000000
3677  45.877  6.042  30.778 123.0000000000
5609  13.645  -23.775  55.174 131.0000000000
5706  48.401  20.929  -57.125 132.0000000000
3436  43.070  -44.862  -38.222 133.0000000000
3602  26.010  -1.260  56.150 134.0000000000
43952  3.204  21.106  -16.649 135.0000000000
4127  61.259  -18.692  29.622 137.0000000000
6242  28.572  6.557  -40.386 138.0000000000
6272  27.684  6.750  -40.638 139.0000000000
42407  36.715  -63.046  -35.145 140.0000000000
7105  19.824  -74.472  7.727 147.0000000000
44105  4.368  -33.455  17.143 149.0000000000
43932  68.166  -32.664  -26.124 150.0000000000
7179  39.095  -11.627  -31.415 153.0000000000
44273  45.957  29.801  -27.891 156.0000000000
7209  13.816  -50.124  -29.172 160.0000000000
21214  24.101  30.493  -64.216 161.0000000000
1672  13.106  -24.321  59.772 162.0000000000
44869  29.888  -56.270  23.472 164.0000000000
44953  48.040  -15.666  3.374 165.0000000000
1385  11.365  -35.827  9.344 167.0000000000
45047  34.783  27.759  -41.776 169.0000000000
1721  50.798  -5.457  21.311 172.0000000000
3252  51.176  11.871  -17.224 173.0000000000
44961  46.582  65.017  -12.094 176.0000000000
131  29.429  -6.111  52.506 178.0000000000
425  38.998  55.149  -35.735 180.0000000000
1671  15.389  -24.363  60.423 184.0000000000
1670  60.160  39.463  6.055 200.0000000000
6224  25.063  -51.650  -15.474 215.0000000000
2814  8.504  76.270  -4.195 222.0000000000
3968  65.866  -38.443  -25.807 227.0000000000
41316  9.274  -38.266  -20.219 230.0000000000
41437  65.020  27.549  -3.733 233.0000000000
41515  30.872  3.649  -54.025 237.0000000000
43409  60.980  20.912  -49.007 239.0000000000
41667  51.028  62.832  -10.111 242.0000000000
41947  4.417  32.316  -30.364 243.0000000000
43739  31.566  -49.094  18.152 246.0000000000
43937  41.591  -66.410  -18.167 252.0000000000
43961  10.382  -17.904  52.627 255.0000000000
44189  18.910  -62.036  30.835 256.0000000000
44046  32.874  -69.714  10.231 260.0000000000
42951  23.678  -32.291  -15.164 261.0000000000
43931  29.799  -8.208  -45.222 266.0000000000
43951  38.908  34.079  -33.349 268.0000000000
44199  56.486  38.063  13.686 272.0000000000
42424  55.924  -53.169  6.866 273.0000000000
44281  17.127  -51.050  -10.894 279.0000000000
44106  35.845  -72.549  -24.396 280.0000000000
44111  17.102  54.282  29.629 281.0000000000
42528  8.589  41.229  13.949 282.0000000000
41766  13.014  56.993  -2.539 283.0000000000
40744  66.986  9.773  14.507 284.0000000000
44129  6.451  -21.609  27.626 285.0000000000
44180  41.139  -32.506  32.983 286.0000000000
44186  56.409  -32.598  19.953 287.0000000000
42717  11.165  -32.738  23.097 288.0000000000
43091  37.680  27.442  -7.100 291.0000000000
42966  61.302  28.772  -12.279 294.0000000000
43048  11.527  -71.375  11.643 297.0000000000
42916  50.771  -48.094  18.005 298.0000000000
40313  7.903  -53.393  -17.093 302.0000000000
43066  46.350  55.327  -9.819 303.0000000000
43179  38.678  39.717  19.576 305.0000000000
42091  24.513  -59.635  -35.433 308.0000000000
41246  3.377  -29.847  23.026 309.0000000000
40312  7.514  -53.190  -16.579 310.0000000000
40311  58.956  29.329  -0.393 311.0000000000
44586  54.570  28.893  -21.589 312.0000000000
43920  53.321  -55.261  -0.624 313.0000000000
43049  44.167  -54.492  -3.496 314.0000000000
44593  51.568  -49.977  -16.113 315.0000000000
43597  40.575  -21.828  45.317 319.0000000000
43273  49.921  -12.659  43.624 320.0000000000
43910  48.079  34.577  -50.022 323.0000000000
43400  31.307  33.381  -35.969 325.0000000000
44703  57.113  -51.864  5.774 327.0000000000
44715  42.409  6.514  -64.571 328.0000000000
44181  28.852  -59.528  28.124 329.0000000000
44182  62.131  29.759  -4.651 330.0000000000
44827  8.072  -62.121  25.311 333.0000000000
43716  51.507  36.030  -47.043 334.0000000000
44095  38.674  51.772  -37.941 335.0000000000
44159  36.846  32.938  -35.893 337.0000000000
44165  5.918  42.171  -46.941 338.0000000000
44877  36.951  28.946  -12.687 343.0000000000
44899  2.906  -16.172  36.895 344.0000000000
44036  8.423  -37.366  -16.401 347.0000000000
44097  42.149  39.790  20.382 352.0000000000
491  43.386  33.638  -62.167 354.0000000000
42055  20.673  86.548  -7.418 362.0000000000
44432  44.824  -65.656  -15.528 374.0000000000
4103  2.658  -10.787  33.059 380.0000000000
4188  49.095  -21.141  -17.830 382.0000000000
36  2.735  -20.679  25.090 384.0000000000
2231  7.115  26.188  -38.702 386.0000000000
2233  54.692  -27.246  32.204 390.0000000000
38415  21.232  -18.753  -14.701 404.0000000000
41315  58.365  9.691  14.007 406.0000000000
38851  46.021  39.323  -24.995 408.0000000000
39139  8.572  -80.728  -4.930 412.0000000000
39580  4.033  16.900  10.816 417.0000000000
39720  12.428  57.376  -38.878 419.0000000000
41968  45.338  22.640  -63.427 420.0000000000
42266  19.900  60.099  31.563 421.0000000000
40136  17.339  13.338  -40.802 424.0000000000
39955  31.542  -19.978  34.042 428.0000000000
40401  57.377  29.488  -17.436 432.0000000000
42408  45.080  25.019  -17.782 433.0000000000
42704  60.795  28.919  -11.061 435.0000000000
42718  63.033  15.558  -29.392 437.0000000000
42732  14.926  -32.677  -15.598 439.0000000000
43087  23.621  54.190  35.408 440.0000000000
39939  20.953  13.796  -39.909 442.0000000000
42683  39.240  -5.092  -52.092 446.0000000000
42961  10.313  1.187  29.562 449.0000000000
43042  7.316  56.943  -44.446 451.0000000000
35695  12.164  -18.497  60.721 456.0000000000
40497  55.933  -52.774  9.552 461.0000000000
42831  23.329  19.677  -38.694 463.0000000000
40267  8.033  20.178  36.673 465.0000000000
42952  44.133  -43.368  35.739 469.0000000000
42967  60.325  28.741  -12.235 471.0000000000
41264  57.476  24.938  -19.313 477.0000000000
40774  21.380  42.997  -37.539 479.0000000000
41095  10.586  31.791  -35.828 480.0000000000
40601  19.758  -59.699  27.912 486.0000000000
43808  42.700  -66.036  -16.621 488.0000000000
43373  5.089  -53.386  -6.545 489.0000000000
43383  49.955  21.054  -43.439 491.0000000000
43395  3.560  58.583  18.756 493.0000000000
41348  38.813  -59.480  26.606 499.0000000000
43826  69.211  -31.134  -22.670 510.0000000000
44019  53.199  34.765  -28.277 521.0000000000
35759  10.975  28.997  21.672 522.0000000000
41898  36.703  35.110  -31.656 534.0000000000
36577  9.386  33.744  -41.243 536.0000000000
41606  10.926  57.827  -2.323 544.0000000000
37712  7.129  0.089  25.775 549.0000000000
42261  4.446  2.493  33.207 553.0000000000
38  3.013  -20.322  26.494 556.0000000000
2232  6.959  28.038  -40.438 563.0000000000
2815  9.035  76.346  -5.299 569.0000000000
4726  4.226  52.634  23.648 574.0000000000
42922  43.536  -42.659  -39.646 577.0000000000
44895  45.716  34.662  -53.043 578.0000000000
32590  17.503  -60.261  37.245 579.0000000000
37245  29.210  83.284  -18.881 581.0000000000
37430  43.240  56.559  -8.945 582.0000000000
38416  46.306  -22.655  37.312 584.0000000000
38629  51.877  21.158  -44.122 586.0000000000
38787  53.267  50.699  -32.564 587.0000000000
38852  10.072  -41.524  -6.100 589.0000000000
20234  11.359  17.401  -32.497 592.0000000000
39106  43.061  -28.290  36.504 593.0000000000
39092  66.098  -33.116  -14.340 594.0000000000
39509  57.077  -24.884  36.367 598.0000000000
39553  7.136  58.105  -36.001 600.0000000000
39581  2.758  28.956  18.937 602.0000000000
40108  32.557  -4.069  -43.756 610.0000000000
40261  38.565  -27.590  26.945 617.0000000000
40373  43.478  43.077  -37.318 619.0000000000
40769  42.591  40.238  18.947 623.0000000000
40770  20.927  -51.311  0.954 624.0000000000
29337  14.508  84.453  -35.271 635.0000000000
35702  50.495  -57.956  13.231 638.0000000000
40775  16.266  -38.697  -16.406 639.0000000000
36305  4.143  57.755  -30.824 648.0000000000
36053  2.468  34.000  -26.287 650.0000000000
41096  47.013  68.230  -22.938 651.0000000000
41301  6.787  21.281  -38.399 656.0000000000
36265  51.920  -56.265  8.463 658.0000000000
31521  69.692  -9.228  0.246 663.0000000000
31636  20.323  -38.305  -1.067 667.0000000000
38122  41.638  -64.563  -14.416 679.0000000000
38107  43.114  2.427  -10.741 681.0000000000
32775  46.850  3.749  31.611 684.0000000000
28463  21.852  26.877  -66.226 688.0000000000
33995  58.678  -46.865  -32.201 690.0000000000
29581  27.719  -17.370  -26.751 693.0000000000
42909  42.475  -17.900  35.701 694.0000000000
43200  49.767  38.088  -21.457 700.0000000000
39477  16.808  18.927  -42.150 705.0000000000
43165  3.213  57.445  -31.769 708.0000000000
22763  3.571  67.951  22.411 709.0000000000
31393  22.691  -17.272  -24.599 710.0000000000
23754  4.172  -73.231  -5.851 711.0000000000
32625  45.875  22.008  3.173 714.0000000000
31992  62.364  15.301  17.598 715.0000000000
31990  36.188  -75.604  -34.208 717.0000000000
25205  39.239  -48.700  -37.217 720.0000000000
32573  60.244  -1.280  -22.982 724.0000000000
25520  67.951  1.697  -7.731 725.0000000000
25609  10.522  -58.766  -11.187 727.0000000000
29500  57.269  -15.488  10.288 729.0000000000
24994  49.462  -13.444  36.370 730.0000000000
20235  4.105  -18.807  4.679 731.0000000000
27696  65.146  20.976  -5.481 736.0000000000
28804  2.538  -14.090  44.654 740.0000000000
35694  40.053  40.121  -42.246 744.0000000000
20592  53.307  29.507  -56.511 748.0000000000
29338  64.856  8.769  -46.410 749.0000000000
29565  1.570  16.108  -7.806 753.0000000000
35726  62.058  -31.525  26.224 754.0000000000
23883  13.868  66.716  -10.905 758.0000000000
30070  43.072  43.284  24.492 761.0000000000
36054  30.457  32.131  -39.536 762.0000000000
36484  23.727  -8.002  50.147 768.0000000000
30342  19.877  12.999  -29.892 769.0000000000
36830  15.753  -62.083  35.813 775.0000000000
26037  3.330  -46.171  -11.820 781.0000000000
32123  25.522  -8.390  -45.975 783.0000000000
32782  12.302  -79.325  -26.375 787.0000000000
7898  50.204  66.151  -25.196 790.0000000000
22549  19.017  74.384  1.147 800.0000000000
30300  3.271  -1.197  23.062 803.0000000000
34456  67.712  -28.469  8.181 806.0000000000
33329  45.618  -5.918  46.105 808.0000000000
39472  54.249  29.294  -12.240 809.0000000000
33371  3.608  -33.283  47.260 810.0000000000
39876  64.050  22.347  -20.743 814.0000000000
32627  33.246  33.942  -41.694 819.0000000000
14828  2.594  66.446  0.762 824.0000000000
22689  46.580  -62.924  -3.859 826.0000000000
14829  66.831  6.237  -26.931 827.0000000000
23755  23.650  -44.521  48.825 830.0000000000
15007  6.678  -47.826  -7.785 832.0000000000
14852  26.515  77.110  -21.378 835.0000000000
16186  62.058  23.812  -41.118 837.0000000000
16727  2.453  -18.880  50.000 846.0000000000
17393  2.951  80.581  -7.856 848.0000000000
16169  51.494  -10.112  23.466 849.0000000000
17392  21.346  77.338  -22.839 851.0000000000
24995  2.774  81.567  -23.886 852.0000000000
20236  72.120  -9.403  -24.003 853.0000000000
29352  41.962  26.131  11.083 866.0000000000
29580  26.795  -49.520  27.899 868.0000000000
22166  46.507  -17.707  -19.487 870.0000000000
23212  4.732  81.099  -39.694 873.0000000000
23211  50.861  6.948  -35.857 875.0000000000
24569  43.163  26.867  -63.837 878.0000000000
23054  7.517  23.161  36.528 880.0000000000
23884  9.116  -37.266  34.144 884.0000000000
30914  2.481  72.422  -11.344 886.0000000000
23860  26.005  74.371  -2.799 889.0000000000
26124  59.358  10.567  14.355 890.0000000000
31065  55.244  25.285  20.167 894.0000000000
26795  38.502  -35.607  35.756 897.0000000000
26420  4.113  -62.507  -10.743 900.0000000000
26071  35.958  -62.579  -6.354 901.0000000000
26794  23.895  73.050  -20.214 903.0000000000
27951  69.723  -1.742  -37.696 907.0000000000
29868  12.864  54.241  7.406 912.0000000000
29856  46.585  69.208  -21.825 916.0000000000
28877  33.416  67.634  8.782 919.0000000000
33328  14.732  -18.926  -23.032 920.0000000000
29115  12.651  -27.748  36.880 921.0000000000
29132  59.669  -39.477  1.042 922.0000000000
30287  6.667  -76.807  -28.510 926.0000000000
29950  46.456  72.192  -25.238 930.0000000000
33509  25.806  73.971  -18.504 936.0000000000
30886  44.161  42.490  -48.197 937.0000000000
34473  29.339  -41.584  40.665 940.0000000000
31719  35.173  42.683  -50.313 941.0000000000
31565  10.472  36.000  -37.848 947.0000000000
7705  40.771  22.305  -59.862 954.0000000000
7070  54.184  -5.535  -4.048 956.0000000000
7704  51.938  48.300  1.204 959.0000000000
9186  17.140  -22.803  28.078 962.0000000000
16726  18.960  31.535  47.859 963.0000000000
9246  16.076  -28.847  -29.049 970.0000000000
17710  6.202  -9.753  26.191 973.0000000000
11395  24.210  60.440  15.186 974.0000000000
11396  25.372  -49.069  -15.414 977.0000000000
12204  25.670  19.015  -67.546 979.0000000000
945  25.775  -18.855  35.760 981.0000000000
2020  3.773  83.756  -6.979 983.0000000000
2845  54.316  21.939  30.853 984.0000000000
14883  8.370  22.822  -24.474 988.0000000000
23516  25.503  -51.853  44.880 992.0000000000
16621  5.180  49.598  40.242 993.0000000000
24547  65.994  -39.287  -10.960 994.0000000000
16554  44.281  2.031  -55.008 1001.0000000000
16555  43.391  17.715  -30.864 1002.0000000000
17258  65.522  -25.998  -29.140 1011.0000000000
17256  53.589  -1.472  16.378 1012.0000000000
17764  23.503  4.383  -32.665 1013.0000000000
17794  25.127  -50.667  21.478 1014.0000000000
26406  35.558  24.702  -37.333 1015.0000000000
16170  49.679  -11.023  22.983 1017.0000000000
26123  11.929  83.359  -29.731 1019.0000000000
17257  32.777  -29.769  25.540 1021.0000000000
19983  27.215  22.767  41.700 1031.0000000000
19400  21.481  16.177  -32.763 1032.0000000000
26439  27.790  70.497  -15.682 1033.0000000000
7899  49.973  67.041  -25.666 1035.0000000000
28050  12.006  83.499  4.485 1040.0000000000
28061  27.557  28.483  -65.934 1042.0000000000
22585  3.198  -61.735  -4.602 1046.0000000000
22586  34.711  34.096  -8.524 1048.0000000000
22102  1.124  43.656  -7.435 1051.0000000000
14518  8.707  34.687  20.166 1055.0000000000
29921  3.846  9.579  47.846 1060.0000000000
11302  30.002  65.533  2.543 1067.0000000000
29582  10.956  -77.195  -18.088 1070.0000000000
25365  50.391  60.340  -2.369 1079.0000000000
31228  52.576  -28.978  14.025 1081.0000000000
31227  24.117  -72.784  17.040 1084.0000000000
26640  34.444  -56.350  24.710 1086.0000000000
7069  5.024  40.839  -1.023 1090.0000000000
7742  4.340  -5.243  -33.921 1099.0000000000
7068  59.855  38.431  7.228 1101.0000000000
11417  6.227  -57.027  -26.967 1106.0000000000
11397  49.061  -26.309  6.192 1110.0000000000
2846  54.154  20.270  31.695 1121.0000000000
3749  45.084  37.792  -27.578 1124.0000000000
5097  26.527  61.649  1.562 1128.0000000000
16572  44.481  0.940  -55.408 1133.0000000000
16638  43.298  -11.756  -39.287 1135.0000000000
16556  43.288  -6.627  45.746 1141.0000000000
16622  58.567  5.154  -28.432 1143.0000000000
7454  37.062  -13.257  -30.600 1146.0000000000
9248  64.994  -31.633  -15.546 1152.0000000000
9755  53.997  10.543  -33.188 1154.0000000000
17731  33.856  -73.608  5.826 1155.0000000000
19982  10.551  88.690  -10.243 1160.0000000000
9151  49.154  -63.289  -13.089 1163.0000000000
9150  25.277  59.788  16.090 1164.0000000000
19375  58.296  13.121  11.240 1166.0000000000
21285  3.232  72.135  3.813 1170.0000000000
10489  10.556  71.044  -45.862 1173.0000000000
10488  52.495  -36.246  -1.084 1175.0000000000
9774  56.927  -49.663  -3.763 1176.0000000000
20572  9.561  32.816  21.162 1178.0000000000
7900  3.207  22.834  6.933 1181.0000000000
11444  38.941  11.173  -24.527 1185.0000000000
21981  32.703  30.521  42.574 1187.0000000000
13051  36.750  -44.727  42.985 1196.0000000000
13096  61.393  -12.507  18.109 1198.0000000000
11442  37.115  7.038  -38.406 1199.0000000000
12389  14.202  57.149  0.858 1200.0000000000
12902  12.317  -78.826  8.281 1206.0000000000
12935  5.561  59.192  -27.012 1207.0000000000
14870  2.983  -15.789  17.278 1209.0000000000
12341  43.566  22.870  -37.458 1210.0000000000
17102  8.641  -80.080  -1.740 1218.0000000000
26568  25.397  -14.260  -24.497 1221.0000000000
7703  23.420  -39.729  39.585 1226.0000000000
7772  6.334  16.072  54.316 1228.0000000000
7916  58.468  7.907  27.786 1234.0000000000
9185  35.248  74.244  2.056 1236.0000000000
9217  57.751  28.963  -36.439 1237.0000000000
9325  39.923  39.758  -20.358 1239.0000000000
946  24.711  -19.246  37.526 1244.0000000000
947  25.962  -18.358  36.362 1246.0000000000
2055  13.811  -64.155  -14.924 1252.0000000000
2918  2.801  21.572  -11.605 1253.0000000000
3393  2.780  62.178  10.988 1254.0000000000
3498  36.802  -4.758  -2.696 1255.0000000000
2894  48.701  51.691  -22.972 1259.0000000000
3771  47.749  -2.613  -1.936 1265.0000000000
5098  61.823  -8.626  -22.189 1269.0000000000
16171  4.278  -73.261  -19.699 1271.0000000000
7453  38.171  -13.098  -30.892 1277.0000000000
9304  4.378  -30.781  18.660 1280.0000000000
9173  17.000  -66.181  -36.361 1295.0000000000
9152  47.640  -62.668  -13.129 1296.0000000000
9220  30.885  3.667  -58.218 1297.0000000000
9274  46.536  -7.049  -24.528 1298.0000000000
9736  2.770  -5.701  16.123 1299.0000000000
22550  19.777  74.199  3.264 1302.0000000000
11301  9.333  -18.805  -12.984 1303.0000000000
10490  17.381  -71.882  -17.092 1308.0000000000
13050  36.030  -43.590  43.434 1320.0000000000
11443  37.229  -67.780  4.563 1325.0000000000
11473  34.547  80.370  -13.059 1326.0000000000
11925  41.221  51.916  -2.931 1329.0000000000
11972  24.091  -56.655  -11.277 1330.0000000000
12290  3.078  -23.416  -0.593 1331.0000000000
12958  49.141  32.158  -58.595 1337.0000000000
14853  53.420  16.558  -40.698 1344.0000000000
15501  70.337  -19.348  -12.418 1347.0000000000
313  58.503  3.452  -42.060 1353.0000000000
17879  31.219  -3.512  -50.492 1355.0000000000
18721  58.068  -19.839  24.800 1357.0000000000
6492  26.106  -39.727  42.523 1359.0000000000
4341  32.782  46.712  -15.246 1360.0000000000
40508  4.856  33.448  -31.761 1373.0000000000
40543  29.488  -19.173  35.266 1375.0000000000
43463  22.180  -60.580  35.163 1377.0000000000
40419  45.857  -5.257  45.636 1378.0000000000
43593  50.997  -32.826  -6.231 1380.0000000000
40230  35.835  -32.627  30.128 1384.0000000000
40924  14.623  46.784  41.228 1385.0000000000
43992  13.375  -54.599  -7.397 1386.0000000000
43774  13.277  46.596  8.529 1388.0000000000
43775  34.320  -59.022  28.479 1390.0000000000
41143  2.910  24.496  -26.280 1394.0000000000
44293  58.188  -45.849  14.633 1395.0000000000
44299  36.471  -59.213  26.639 1396.0000000000
43991  21.669  -65.707  30.225 1397.0000000000
43799  20.206  -54.872  3.199 1404.0000000000
2938  26.231  -9.339  33.920 1407.0000000000
3664  52.443  -8.318  -18.231 1410.0000000000
44388  5.941  29.468  -42.404 1412.0000000000
44396  54.247  -26.821  6.113 1414.0000000000
44450  42.018  -66.980  -18.368 1416.0000000000
44138  15.372  -62.572  34.736 1418.0000000000
41674  51.235  27.388  -4.888 1427.0000000000
41821  3.332  48.900  -17.500 1432.0000000000
41822  26.737  -43.183  26.588 1433.0000000000
5237  26.985  -54.775  -29.361 1436.0000000000
6012  54.903  9.802  6.655 1439.0000000000
7455  34.127  -71.869  -12.545 1442.0000000000
7918  58.693  7.128  -58.430 1447.0000000000
11300  2.983  -25.715  20.152 1454.0000000000
12924  4.075  -37.033  47.291 1455.0000000000
13049  22.833  -30.116  41.345 1458.0000000000
13478  32.292  -44.915  44.763 1459.0000000000
13526  3.186  72.946  15.103 1460.0000000000
43054  38.397  -66.282  -37.861 1473.0000000000
43162  42.969  -5.097  32.501 1474.0000000000
43234  54.424  40.260  7.489 1475.0000000000
45119  49.082  26.412  -22.315 1476.0000000000
43238  15.462  -83.371  -31.263 1479.0000000000
14185  33.602  73.698  -8.199 1481.0000000000
312  57.368  4.967  -42.346 1483.0000000000
311  55.102  -57.807  -8.283 1486.0000000000
1238  2.681  66.873  12.240 1491.0000000000
1778  59.568  -47.597  7.996 1493.0000000000
6491  28.321  -39.838  43.921 1498.0000000000
40928  23.829  16.546  -58.358 1512.0000000000
40483  40.680  -72.754  -7.213 1517.0000000000
40918  62.779  -24.893  1.852 1527.0000000000
41472  64.744  -27.281  -28.673 1536.0000000000
41473  41.032  -62.857  -34.796 1538.0000000000
22436  13.848  9.796  -33.023 1543.0000000000
32985  32.663  36.604  -27.457 1550.0000000000
33265  3.652  -35.796  10.388 1554.0000000000
23879  19.701  28.648  48.474 1558.0000000000
25664  59.535  -18.795  21.949 1568.0000000000
34674  9.107  -4.946  59.342 1571.0000000000
35210  17.035  -8.760  21.401 1581.0000000000
35460  52.607  -3.739  18.236 1589.0000000000
43170  3.629  -24.903  -3.143 1595.0000000000
1779  58.519  -49.583  7.978 1601.0000000000
4283  56.168  1.972  13.337 1605.0000000000
22435  46.025  -0.866  -5.039 1618.0000000000
33253  24.808  -20.939  41.864 1622.0000000000
33301  45.877  -50.187  32.159 1624.0000000000
33323  37.953  45.023  -40.036 1625.0000000000
23806  24.468  -36.922  36.239 1629.0000000000
8323  3.900  -12.669  30.514 1630.0000000000
24776  17.176  29.155  43.970 1634.0000000000
9742  42.269  -68.254  -39.923 1642.0000000000
25973  37.354  -18.205  40.237 1644.0000000000
26974  5.758  -72.844  -16.172 1648.0000000000
34673  35.017  41.783  -48.697 1651.0000000000
34728  49.307  -33.850  -4.766 1652.0000000000
28485  7.732  3.083  -39.531 1653.0000000000
35209  42.953  -28.395  29.883 1655.0000000000
35281  38.616  -47.418  -30.975 1656.0000000000
29268  12.287  -27.842  -17.919 1659.0000000000
29312  26.926  73.195  -21.326 1665.0000000000
35581  65.381  -11.212  -38.621 1667.0000000000
36581  69.111  -4.336  16.429 1674.0000000000
31803  41.696  76.526  -15.755 1678.0000000000
32358  29.070  -48.476  45.298 1681.0000000000
8579  42.469  -55.730  -7.724 1683.0000000000
23268  53.172  -26.056  -40.883 1689.0000000000
23269  39.109  4.278  -37.747 1691.0000000000
22434  19.044  -58.652  38.812 1693.0000000000
8342  65.493  18.299  -17.941 1696.0000000000
8755  30.663  -80.502  -16.742 1697.0000000000
8813  66.573  -38.656  -16.519 1698.0000000000
24063  24.675  -20.598  37.688 1699.0000000000
7373  33.237  28.756  -37.536 1703.0000000000
8200  57.943  2.019  12.140 1707.0000000000
9743  42.442  -67.394  -39.375 1713.0000000000
9763  8.158  -33.845  31.297 1719.0000000000
11132  71.311  -19.157  -8.273 1721.0000000000
10468  46.497  51.999  -1.532 1723.0000000000
25989  28.593  64.228  -2.134 1727.0000000000
16616  66.039  -28.578  -17.548 1728.0000000000
11712  19.612  2.896  -48.095 1729.0000000000
27352  6.440  -58.190  -27.776 1738.0000000000
7785  5.839  78.063  -18.701 1739.0000000000
28408  26.266  81.290  3.362 1740.0000000000
28409  0.832  41.727  -6.234 1743.0000000000
28486  53.493  -30.219  9.934 1744.0000000000
7784  49.945  62.016  -13.046 1747.0000000000
29217  39.755  62.192  -14.105 1748.0000000000
29269  37.469  -17.298  37.287 1749.0000000000
6428  57.462  -40.774  26.925 1757.0000000000
30279  3.301  70.804  -9.611 1758.0000000000
30310  29.391  5.597  -32.173 1759.0000000000
30333  41.337  -44.489  -38.819 1760.0000000000
21331  23.539  49.612  -30.785 1767.0000000000
31723  9.351  -59.963  -24.990 1768.0000000000
31773  34.029  37.237  -24.295 1769.0000000000
32194  27.207  11.383  -44.809 1772.0000000000
32907  55.973  5.453  -8.798 1776.0000000000
6776  51.978  -30.631  -40.557 1779.0000000000
6756  2.745  69.046  -25.176 1780.0000000000
7288  8.122  6.046  27.626 1782.0000000000
8198  25.025  -42.825  25.848 1784.0000000000
8199  26.107  -42.992  25.645 1786.0000000000
7374  29.300  58.912  4.767 1795.0000000000
10467  66.871  -36.618  -22.507 1805.0000000000
10469  3.683  72.270  -3.891 1807.0000000000
11131  71.556  -15.822  -7.308 1812.0000000000
11130  2.885  9.206  30.235 1813.0000000000
10964  4.073  -67.100  -14.393 1817.0000000000
10965  4.433  -66.609  -13.886 1818.0000000000
12354  14.281  74.976  17.391 1819.0000000000
12852  57.543  -11.400  7.414 1821.0000000000
11736  39.123  0.674  22.412 1826.0000000000
12277  68.421  -16.870  -39.156 1830.0000000000
12851  11.792  24.500  53.793 1832.0000000000
14272  36.903  -62.597  14.588 1845.0000000000
14271  45.244  7.121  -4.558 1846.0000000000
1795  25.110  10.241  -66.209 1847.0000000000
1793  25.943  9.615  -66.208 1848.0000000000
768  38.455  -3.178  25.957 1852.0000000000
4441  48.274  -8.556  19.328 1857.0000000000
22249  46.541  -22.281  -14.044 1873.0000000000
7972  24.451  -35.032  53.165 1874.0000000000
8322  3.746  -4.423  46.772 1878.0000000000
41453  42.946  20.975  -60.164 1879.0000000000
41526  54.496  29.680  9.710 1880.0000000000
41992  36.619  25.304  -7.621 1882.0000000000
6757  38.411  -35.110  28.056 1883.0000000000
6755  37.636  -59.445  9.350 1884.0000000000
7415  13.028  37.216  14.991 1886.0000000000
8376  5.430  -63.254  20.760 1892.0000000000
8784  26.162  33.744  31.068 1893.0000000000
44726  40.798  6.273  -64.379 1899.0000000000
24900  7.337  22.937  35.466 1900.0000000000
9744  3.563  62.050  -6.636 1901.0000000000
42748  36.509  -62.938  -37.648 1903.0000000000
44824  57.315  -26.295  -2.066 1904.0000000000
11691  4.329  -3.742  -8.400 1909.0000000000
10843  42.636  -32.354  40.325 1912.0000000000
43178  22.221  -62.012  31.518 1915.0000000000
12892  48.722  20.181  35.298 1916.0000000000
12907  18.243  24.619  -39.279 1917.0000000000
43243  59.914  -28.486  -3.775 1918.0000000000
43844  65.308  -34.262  -13.529 1920.0000000000
45085  29.069  75.700  -1.510 1933.0000000000
12942  53.022  -58.488  2.688 1939.0000000000
41795  11.145  -55.555  11.530 1944.0000000000
41803  49.565  5.354  35.412 1953.0000000000
769  58.815  3.341  -3.564 1957.0000000000
876  71.063  -6.877  -18.500 1958.0000000000
767  38.947  -4.573  26.191 1964.0000000000
4440  65.652  -30.863  -37.524 1967.0000000000
5167  46.444  -1.177  -7.237 1970.0000000000
5291  4.673  7.375  39.301 1972.0000000000
6427  39.558  -0.381  25.713 1975.0000000000
32874  56.705  -1.991  28.654 1983.0000000000
38982  49.133  38.803  -36.206 1986.0000000000
32873  19.112  75.921  0.239 1988.0000000000
42088  13.763  31.903  -39.320 1997.0000000000
33966  4.154  -5.719  -21.824 2000.0000000000
42087  51.223  -47.593  28.119 2002.0000000000
33965  21.328  -36.169  51.793 2007.0000000000
40280  41.814  -64.707  -4.538 2008.0000000000
42420  10.043  42.261  -39.477 2009.0000000000
40083  18.729  -18.232  60.048 2013.0000000000
40571  22.137  -50.808  0.826 2015.0000000000
40106  4.230  -58.170  29.955 2019.0000000000
43177  5.068  -22.628  25.098 2030.0000000000
43637  7.660  -73.331  -17.027 2037.0000000000
44070  61.812  30.316  -2.103 2038.0000000000
42223  5.787  31.713  -23.923 2045.0000000000
22684  63.592  2.032  19.433 2048.0000000000
875  71.379  -7.896  -17.717 2053.0000000000
1794  24.438  9.595  -65.101 2057.0000000000
830  11.072  -49.905  5.801 2062.0000000000
5168  2.561  -41.043  29.631 2067.0000000000
5191  31.013  -69.070  -6.583 2068.0000000000
42881  38.284  -47.696  26.044 2070.0000000000
42908  8.213  56.638  -42.398 2071.0000000000
42934  39.572  24.738  -12.156 2073.0000000000
43140  54.891  35.923  -37.349 2075.0000000000
44778  65.719  0.394  -46.127 2078.0000000000
44629  67.040  -23.204  -10.977 2079.0000000000
44665  56.112  -51.499  -18.795 2081.0000000000
44671  3.709  28.313  -33.710 2082.0000000000
44773  20.261  -58.531  21.111 2087.0000000000
44826  54.956  -25.712  -1.401 2092.0000000000
44866  39.703  -1.409  -2.427 2094.0000000000
44876  40.593  -71.014  -1.591 2096.0000000000
10989  12.282  21.939  20.825 2098.0000000000
19415  20.485  15.700  -33.437 2106.0000000000
38998  3.192  33.322  -20.173 2114.0000000000
34262  28.419  77.791  -3.438 2125.0000000000
34372  34.690  77.876  -5.276 2126.0000000000
19413  45.839  3.700  18.238 2132.0000000000
34216  17.086  18.283  -46.652 2134.0000000000
36293  66.888  -14.539  -36.780 2139.0000000000
22184  32.389  -68.224  8.670 2143.0000000000
22186  33.075  -17.677  44.873 2144.0000000000
37074  15.666  45.829  38.224 2147.0000000000
36829  13.111  -39.991  -7.120 2149.0000000000
36844  40.735  3.672  -3.362 2151.0000000000
42265  64.028  -2.639  -50.751 2158.0000000000
37073  45.734  -37.855  0.859 2159.0000000000
37080  13.829  -58.684  21.077 2160.0000000000
37119  2.581  51.434  1.973 2162.0000000000
42555  43.246  18.669  15.266 2163.0000000000
23604  3.682  80.721  -18.893 2165.0000000000
43021  64.715  -33.014  -38.066 2187.0000000000
37910  25.957  -27.470  41.704 2194.0000000000
19414  33.156  39.272  -43.453 2210.0000000000
36868  15.205  74.203  17.144 2240.0000000000
22685  65.062  1.997  20.608 2241.0000000000
36828  54.814  24.393  27.839 2247.0000000000
36867  34.900  26.229  9.143 2249.0000000000
23537  25.867  66.916  21.832 2250.0000000000
37909  47.008  62.944  0.233 2268.0000000000
35770  32.499  -64.581  26.467 2273.0000000000
22683  27.801  63.424  1.277 2292.0000000000
22706  26.086  8.078  52.566 2297.0000000000
23189  8.539  83.075  -38.487 2299.0000000000
23538  25.933  68.671  20.993 2306.0000000000
23605  3.692  79.191  -19.111 2308.0000000000
