#!ascii label  , from subject FreeSurferMNI152_0.3 vox2ras=TkReg
1156
8588  -22.559  -68.117  -38.242 1.0000000000
6561  -56.601  0.120  -10.849 2.0000000000
8654  -49.074  2.565  31.387 3.0000000000
6340  -26.350  80.062  -14.619 5.0000000000
8537  -4.400  -22.062  34.001 6.0000000000
8589  -37.999  16.144  28.167 7.0000000000
9322  -23.316  -59.528  15.133 9.0000000000
10002  -23.850  7.411  -39.102 12.0000000000
18259  -24.553  -67.873  3.436 13.0000000000
5724  -9.411  -51.903  25.041 14.0000000000
16383  -44.140  -40.528  -28.724 15.0000000000
7283  -58.828  11.823  16.094 16.0000000000
8449  -19.672  -29.763  53.190 17.0000000000
16494  -28.147  12.510  38.552 18.0000000000
8655  -55.328  10.801  27.630 19.0000000000
18228  -24.171  18.311  36.672 23.0000000000
18291  -18.338  27.615  35.684 24.0000000000
19161  -39.312  -28.417  39.712 26.0000000000
19209  -44.854  -42.356  37.165 27.0000000000
19249  -9.729  -22.020  -17.659 28.0000000000
4978  -51.449  21.820  -22.599 29.0000000000
4979  -29.530  2.378  53.473 30.0000000000
5091  -37.557  -71.284  -38.266 31.0000000000
5684  -23.205  -85.594  -13.819 32.0000000000
8673  -38.547  46.347  -35.926 40.0000000000
408  -4.057  62.023  33.197 42.0000000000
407  -3.201  60.968  33.499 43.0000000000
1595  -45.829  -54.509  25.305 44.0000000000
10055  -9.153  -19.809  26.366 45.0000000000
10054  -0.668  6.498  25.387 46.0000000000
10079  -40.589  -56.066  13.456 47.0000000000
11217  -33.069  -43.343  41.075 48.0000000000
10306  -11.880  -27.232  -21.562 49.0000000000
4791  -21.899  -47.047  -28.636 51.0000000000
5016  -21.311  -11.787  38.105 54.0000000000
5000  -15.873  8.435  -35.778 55.0000000000
5725  -22.662  -38.713  -29.846 58.0000000000
7284  -8.973  -30.055  56.519 59.0000000000
44487  -55.053  38.892  -8.606 64.0000000000
466  -34.752  -64.691  -9.461 68.0000000000
607  -29.427  -35.741  -25.929 70.0000000000
2605  -37.909  -45.670  -3.450 71.0000000000
1643  -39.778  13.375  -3.336 72.0000000000
1596  -19.511  -67.430  1.619 73.0000000000
1770  -61.688  9.795  -28.269 74.0000000000
1361  -20.514  -54.290  21.112 75.0000000000
3979  -64.159  -23.187  2.387 76.0000000000
1602  -22.124  45.203  -40.256 78.0000000000
3221  -0.338  61.350  -32.947 79.0000000000
4895  -33.341  -80.080  -26.289 81.0000000000
3273  -32.266  -40.892  29.094 82.0000000000
3980  -49.512  4.519  26.759 83.0000000000
4116  -13.601  -84.882  -34.940 86.0000000000
1600  -36.196  6.537  -4.131 88.0000000000
3921  -31.592  31.104  43.388 89.0000000000
4896  -60.633  -34.300  -8.800 90.0000000000
4955  -48.249  49.205  2.822 91.0000000000
4873  -15.715  7.144  -35.958 94.0000000000
6585  -19.963  -28.018  -33.869 96.0000000000
44525  -3.548  60.915  -11.155 101.0000000000
43948  -32.516  -29.754  49.678 102.0000000000
43957  -22.492  -57.243  31.955 103.0000000000
44231  -56.199  10.475  -52.770 104.0000000000
43963  -22.339  -56.003  30.275 105.0000000000
44225  0.166  64.899  -16.453 107.0000000000
43966  -28.234  -59.333  33.387 110.0000000000
41667  -18.486  -55.198  -32.262 113.0000000000
43580  0.396  -53.901  33.311 116.0000000000
557  -41.033  23.594  -61.449 119.0000000000
639  -40.525  48.835  -22.613 123.0000000000
511  -42.183  -12.176  -45.320 124.0000000000
1690  -41.637  -51.005  23.501 126.0000000000
409  -5.213  60.218  34.727 127.0000000000
381  -26.051  -15.632  47.917 128.0000000000
1360  -20.583  -54.551  23.278 129.0000000000
382  -25.574  -15.508  50.030 135.0000000000
2300  -41.267  15.432  -67.697 136.0000000000
3305  -22.683  7.876  43.402 140.0000000000
1601  -36.120  7.888  -4.302 141.0000000000
4032  -21.489  54.647  31.868 144.0000000000
2301  -19.127  55.285  -40.500 145.0000000000
5173  -21.097  39.611  43.919 153.0000000000
4087  -29.108  34.361  -7.458 154.0000000000
4120  -67.098  -19.393  -29.875 155.0000000000
1029  -24.571  9.109  -66.409 159.0000000000
37943  -28.871  -18.038  -26.026 161.0000000000
41053  -43.051  25.396  -34.691 164.0000000000
41196  -9.038  -48.538  -12.686 166.0000000000
43279  -53.335  28.633  -19.430 169.0000000000
43794  -20.108  -69.487  5.374 175.0000000000
43221  -1.489  -32.963  18.709 176.0000000000
44320  -0.176  61.457  -8.934 179.0000000000
1458  -53.186  -8.840  -5.388 180.0000000000
380  -8.814  -25.542  17.843 183.0000000000
43952  -14.189  25.825  50.337 187.0000000000
416  0.587  -52.605  20.756 190.0000000000
3306  -24.687  -65.713  6.428 194.0000000000
3336  0.311  52.221  32.269 196.0000000000
3903  -36.303  9.032  -48.744 197.0000000000
3950  -66.871  -26.979  -25.000 198.0000000000
2449  -18.591  -7.774  51.730 199.0000000000
3280  -28.895  -83.429  -20.996 201.0000000000
4874  -9.353  -47.951  41.137 203.0000000000
4060  -12.706  10.603  50.827 206.0000000000
5200  -42.154  -44.885  -21.890 207.0000000000
1027  -50.101  3.213  37.181 211.0000000000
1080  -19.456  77.190  -21.481 213.0000000000
44449  -25.447  -58.407  26.727 214.0000000000
33855  -40.096  25.604  13.104 217.0000000000
34000  -49.138  -10.793  -27.096 219.0000000000
38001  -1.612  -22.765  5.730 223.0000000000
41615  -33.046  40.781  -21.623 225.0000000000
43222  -34.503  42.013  -22.068 230.0000000000
43220  -17.340  23.689  -64.880 233.0000000000
43714  -4.240  -29.774  41.370 236.0000000000
42175  -28.094  -56.630  -34.879 237.0000000000
42372  -30.234  56.593  -29.968 240.0000000000
43807  -10.683  -59.325  35.856 243.0000000000
42329  -5.812  -30.550  48.152 245.0000000000
39800  -43.787  -59.243  -30.528 248.0000000000
42446  -7.718  -72.078  15.904 251.0000000000
42462  -2.112  48.408  40.641 255.0000000000
42715  -54.502  -48.477  -6.867 263.0000000000
44228  -32.124  11.618  33.827 264.0000000000
42729  -16.225  23.795  -41.132 266.0000000000
44398  -31.845  -26.355  22.389 268.0000000000
44290  -38.579  0.500  -55.896 270.0000000000
40306  -43.868  -22.064  24.351 274.0000000000
44335  -52.445  -48.479  -19.834 275.0000000000
1028  -26.777  9.415  -66.439 278.0000000000
43330  0.531  -52.859  28.804 281.0000000000
37942  -30.626  5.277  -51.781 285.0000000000
34372  -46.169  53.075  3.816 291.0000000000
41634  -54.174  -31.163  27.957 295.0000000000
38332  -32.117  57.590  -34.459 296.0000000000
38635  -17.171  -37.727  52.188 297.0000000000
41705  -3.576  26.955  -39.867 298.0000000000
42051  -47.852  44.149  4.213 300.0000000000
42055  -52.861  -45.151  4.211 304.0000000000
39186  -42.418  -52.715  -13.092 311.0000000000
38873  -19.821  82.649  -4.635 315.0000000000
39560  -64.514  11.876  -33.400 319.0000000000
42445  -1.938  25.234  -26.533 321.0000000000
39590  -29.030  51.056  30.398 323.0000000000
42696  -13.073  86.539  -24.491 325.0000000000
43107  -1.433  -55.970  35.809 333.0000000000
40292  -39.519  -57.223  -28.458 334.0000000000
43232  -19.021  -67.796  -37.903 336.0000000000
43241  -1.421  -80.187  1.133 337.0000000000
40821  -7.505  -46.306  -6.702 338.0000000000
40860  -30.840  31.627  -35.701 345.0000000000
40448  -15.103  -51.417  46.537 348.0000000000
29018  -29.447  -47.162  41.686 349.0000000000
34282  0.718  0.147  -10.757 354.0000000000
34576  -42.275  24.971  -22.943 358.0000000000
34293  -19.892  -33.905  -33.179 359.0000000000
34584  -42.292  -50.829  -17.203 361.0000000000
34908  -58.116  -50.610  -9.994 363.0000000000
35654  -42.273  26.031  7.832 368.0000000000
35850  -22.163  42.092  35.420 370.0000000000
35862  0.149  -4.452  36.758 372.0000000000
39192  -49.462  -52.635  -31.154 381.0000000000
35941  -21.824  6.133  36.939 385.0000000000
30689  -44.211  -23.431  3.497 386.0000000000
36337  -0.410  68.589  20.389 390.0000000000
36402  -12.521  -46.971  -9.200 393.0000000000
30688  -43.048  -22.030  2.992 396.0000000000
25949  -40.260  29.623  11.403 397.0000000000
36653  -0.307  -17.325  27.261 401.0000000000
32261  -0.919  24.626  -27.015 404.0000000000
37217  -52.036  -59.955  -20.539 406.0000000000
37309  -52.379  -58.158  -25.308 407.0000000000
37077  -19.715  -52.172  -28.514 411.0000000000
37516  -60.382  -29.521  -12.805 419.0000000000
37533  -5.500  -0.093  27.226 422.0000000000
27723  -64.218  -19.941  -35.261 423.0000000000
27724  -6.098  -16.660  -9.253 424.0000000000
28032  -20.899  73.539  -17.982 425.0000000000
33660  -27.243  50.213  -36.190 426.0000000000
33680  0.638  -24.883  -2.272 427.0000000000
33710  -5.020  -66.501  -16.716 431.0000000000
28999  -36.135  28.819  10.039 432.0000000000
29099  -65.269  10.302  -1.163 435.0000000000
33759  -5.467  41.125  -46.066 437.0000000000
20624  -59.838  10.440  -0.334 438.0000000000
29766  -9.109  46.969  -46.581 442.0000000000
34577  -35.117  25.587  -13.939 444.0000000000
34896  -40.439  -33.378  31.501 447.0000000000
30444  -18.647  20.126  -55.549 448.0000000000
35143  -30.234  -31.536  -25.942 449.0000000000
30467  -14.954  -41.231  -5.203 453.0000000000
35882  -14.208  -47.528  -8.220 456.0000000000
30797  -30.140  44.762  -11.892 460.0000000000
31156  -1.151  -79.608  -33.771 466.0000000000
31448  -0.316  -18.314  34.758 468.0000000000
25950  -0.983  21.148  43.387 472.0000000000
31155  -42.240  -6.565  34.511 474.0000000000
32803  -3.335  -53.591  -9.874 487.0000000000
32928  -39.984  24.356  4.658 488.0000000000
33662  -8.784  -36.951  8.767 490.0000000000
37361  -42.143  25.178  5.177 493.0000000000
27182  -38.299  1.384  -56.197 505.0000000000
16947  -45.389  15.444  -56.751 506.0000000000
26138  -7.500  58.800  -43.476 507.0000000000
27179  -8.236  -63.127  24.740 508.0000000000
17358  -53.145  -10.253  21.736 510.0000000000
27605  -32.715  -6.619  -33.991 511.0000000000
18008  -22.280  -0.120  -38.487 514.0000000000
18441  -64.422  12.007  -35.073 516.0000000000
28072  -20.472  44.556  25.000 517.0000000000
18509  -35.198  38.676  -12.591 518.0000000000
28787  -20.851  36.546  24.495 519.0000000000
2941  -0.296  24.391  43.345 521.0000000000
3574  -57.138  -27.684  -31.720 523.0000000000
28798  -5.172  -47.254  40.891 525.0000000000
29339  -3.706  20.513  21.742 528.0000000000
29767  -18.298  -87.166  -28.487 529.0000000000
21145  -36.286  9.070  -24.692 530.0000000000
30796  -22.836  20.606  33.415 533.0000000000
21690  -20.033  -82.945  -7.915 536.0000000000
30468  -10.720  50.068  37.936 537.0000000000
21123  -52.124  -57.683  3.147 541.0000000000
23010  -50.508  26.204  9.204 549.0000000000
31447  -55.016  -54.327  -12.056 552.0000000000
31724  -14.420  -40.538  -26.220 553.0000000000
14356  -53.694  53.450  -14.057 559.0000000000
23140  -0.357  67.942  -13.970 563.0000000000
25108  0.631  8.698  -29.423 565.0000000000
32246  -24.295  6.999  -63.632 572.0000000000
24569  1.467  11.363  2.561 573.0000000000
16307  -7.781  77.413  17.779 577.0000000000
25173  -24.370  -28.065  -25.361 578.0000000000
26336  -39.734  -11.210  49.332 581.0000000000
27619  -26.420  -47.614  46.108 584.0000000000
26049  -44.270  -33.342  0.119 589.0000000000
33702  -54.217  -54.683  -14.969 590.0000000000
26473  -21.083  27.947  34.087 594.0000000000
26821  -11.014  47.569  -37.862 598.0000000000
15776  -47.157  -9.344  -11.721 602.0000000000
16598  -25.898  13.581  36.597 603.0000000000
15777  -10.733  -28.098  -26.018 604.0000000000
16965  -37.899  -8.756  -1.696 607.0000000000
17357  -53.555  -11.108  22.724 608.0000000000
17356  -1.299  19.418  23.016 610.0000000000
17912  -27.372  72.877  -1.476 612.0000000000
18910  -28.082  -54.654  9.173 622.0000000000
5878  -17.628  -34.264  -20.857 624.0000000000
19558  -50.405  -9.723  41.347 626.0000000000
3699  -60.649  -27.998  -33.672 627.0000000000
20049  -47.972  18.443  -61.828 630.0000000000
8117  -35.182  -18.632  18.438 632.0000000000
21021  -45.627  10.790  -20.884 633.0000000000
9018  -56.870  -46.454  -19.793 634.0000000000
10988  -61.701  -40.696  -18.337 636.0000000000
8174  -10.717  -64.431  -14.474 637.0000000000
8175  -11.017  -63.428  -14.923 639.0000000000
8830  -42.126  -64.129  -1.693 640.0000000000
8987  -17.585  -17.808  -22.133 645.0000000000
13805  -52.656  -19.864  12.192 646.0000000000
21689  -42.235  11.692  -22.526 647.0000000000
22496  -45.475  -22.137  -47.243 653.0000000000
22520  -29.001  10.341  -45.186 654.0000000000
23139  -0.549  66.814  -14.337 655.0000000000
23543  -0.335  -37.940  7.092 656.0000000000
12133  -45.590  -37.452  -38.938 657.0000000000
13184  -15.488  14.965  -51.308 658.0000000000
24109  -56.778  0.987  18.163 660.0000000000
15142  -42.860  -42.297  -27.920 674.0000000000
15182  -25.227  -15.256  39.587 676.0000000000
24550  -40.184  1.604  15.967 678.0000000000
17223  -29.241  -71.224  3.676 679.0000000000
25988  -22.383  -10.265  45.531 681.0000000000
15183  0.296  51.815  12.816 686.0000000000
26003  -34.733  76.039  -2.240 690.0000000000
17811  -33.452  -70.856  -14.414 692.0000000000
17940  -39.443  -67.680  -40.913 698.0000000000
42353  -27.199  27.723  -42.003 710.0000000000
15817  -1.059  -21.712  5.876 712.0000000000
15799  -29.764  -0.295  -37.279 714.0000000000
15837  -44.609  -10.340  46.431 715.0000000000
42504  -37.034  14.375  -2.486 717.0000000000
42546  -39.641  29.900  -31.116 719.0000000000
16948  -52.384  5.325  -11.670 720.0000000000
17387  -24.755  -14.992  38.480 721.0000000000
17892  -61.413  0.114  19.594 724.0000000000
17986  -3.033  -73.369  15.632 725.0000000000
18416  -35.298  62.467  9.433 726.0000000000
18496  -64.119  -9.763  22.747 728.0000000000
1899  -21.882  -11.476  -27.509 730.0000000000
2940  -0.756  23.353  42.794 734.0000000000
1164  -5.299  -38.459  48.915 736.0000000000
1898  -24.239  -9.669  -28.790 738.0000000000
2557  -11.019  66.053  -24.921 741.0000000000
1165  -4.004  21.743  33.630 747.0000000000
4460  -25.515  71.107  -7.209 750.0000000000
4461  -23.193  38.806  42.092 752.0000000000
1897  -32.547  41.668  -26.698 754.0000000000
2570  -42.729  1.360  -6.373 755.0000000000
4248  -30.785  25.919  -56.190 761.0000000000
6653  -41.860  63.272  -18.746 762.0000000000
4459  -6.720  68.629  -25.047 765.0000000000
4971  -34.124  -3.126  -32.218 766.0000000000
5916  -59.720  -3.822  -51.990 769.0000000000
8173  -36.307  20.960  -10.275 770.0000000000
8195  -24.737  31.689  37.622 771.0000000000
8861  -18.016  81.048  -19.888 773.0000000000
6025  -48.761  57.571  -3.834 774.0000000000
6044  -54.577  23.901  -39.814 776.0000000000
6605  -4.991  -43.857  -8.228 777.0000000000
9334  -13.698  64.208  -42.256 778.0000000000
9520  0.539  15.130  45.944 779.0000000000
9608  -48.549  6.800  12.687 780.0000000000
10175  -1.720  6.122  25.723 781.0000000000
6654  -11.678  -27.471  39.833 783.0000000000
6806  -37.227  -7.969  28.187 784.0000000000
7244  -49.428  -40.799  -33.842 785.0000000000
9070  -21.215  17.980  -32.596 796.0000000000
9521  -64.821  -37.811  -12.960 797.0000000000
9609  0.018  -0.683  17.481 798.0000000000
10283  -31.817  69.472  -35.168 801.0000000000
10326  -36.534  50.871  23.138 802.0000000000
11577  -52.869  -20.867  14.817 807.0000000000
12224  -15.190  27.505  50.423 814.0000000000
12269  -30.506  -20.692  -19.877 815.0000000000
13804  -54.170  -18.568  12.602 817.0000000000
11060  -17.969  15.193  -34.442 819.0000000000
14357  -54.167  52.908  -16.075 823.0000000000
13160  -48.529  24.664  7.764 825.0000000000
15211  -41.406  14.232  -11.777 831.0000000000
14515  -3.969  -41.640  -15.151 833.0000000000
15098  0.299  1.821  32.442 835.0000000000
16717  -44.575  43.351  -24.615 840.0000000000
17168  -67.356  -5.269  -25.221 842.0000000000
491  -42.615  29.225  -51.981 846.0000000000
16249  -43.449  -60.173  -33.573 847.0000000000
17189  -13.768  -14.730  22.485 855.0000000000
492  -45.557  -11.477  -9.995 858.0000000000
1317  -24.074  -42.455  32.423 860.0000000000
38785  -21.406  -38.729  53.225 866.0000000000
39477  -48.112  34.401  -47.187 869.0000000000
39902  -47.206  -35.041  38.515 875.0000000000
42735  -45.500  -61.322  -32.815 878.0000000000
40746  -24.854  -30.296  51.510 880.0000000000
40045  -33.054  33.822  -47.662 881.0000000000
40863  -54.832  25.036  -35.951 885.0000000000
40393  -3.436  -56.909  -24.978 887.0000000000
43054  -1.716  25.498  -27.308 888.0000000000
43152  -60.761  -17.083  23.669 889.0000000000
41113  -29.263  35.533  -61.814 891.0000000000
41112  -27.875  35.985  -61.364 893.0000000000
43173  -25.424  -68.291  -32.324 895.0000000000
43254  -6.675  22.071  35.127 896.0000000000
43266  -23.649  -52.285  27.748 897.0000000000
1163  -4.507  -39.550  49.415 900.0000000000
41486  -42.032  13.493  -18.751 901.0000000000
41694  -9.446  8.486  52.282 903.0000000000
2744  -39.230  9.572  -30.819 910.0000000000
39669  -36.223  48.927  -36.493 911.0000000000
2942  0.072  52.111  -37.624 912.0000000000
3573  -58.241  -29.259  -32.935 915.0000000000
41994  -0.767  -68.791  18.276 920.0000000000
43575  -7.525  -59.491  38.646 921.0000000000
2743  -34.606  -6.183  -51.285 926.0000000000
5877  -65.181  -4.519  18.092 929.0000000000
8228  -24.792  59.920  23.063 930.0000000000
43791  -64.470  -31.382  -24.664 934.0000000000
42233  -21.168  -53.822  27.584 936.0000000000
6679  -36.810  17.726  16.790 939.0000000000
9685  -49.488  -14.107  1.295 955.0000000000
38193  -6.946  -56.288  -20.935 960.0000000000
8118  -43.119  17.556  32.736 962.0000000000
11037  -10.674  29.894  47.308 963.0000000000
10830  -24.098  75.081  -35.132 968.0000000000
42941  -8.850  86.157  -28.451 969.0000000000
10989  -61.222  -40.155  -18.411 970.0000000000
11649  -0.009  66.505  -40.614 973.0000000000
43384  -19.313  -57.461  38.926 982.0000000000
43135  -54.696  27.510  -19.038 987.0000000000
17167  -0.216  35.443  -34.776 991.0000000000
17224  -29.520  -68.768  2.810 992.0000000000
15099  -49.793  11.095  -63.756 995.0000000000
230  -6.726  65.166  3.646 997.0000000000
16718  -45.537  41.375  -24.942 999.0000000000
17941  -52.202  9.271  4.026 1001.0000000000
17169  -68.084  -6.151  -26.633 1003.0000000000
229  -23.963  48.246  33.296 1009.0000000000
1316  -5.023  -42.306  18.571 1022.0000000000
35781  -25.943  -27.448  -25.041 1023.0000000000
38446  -53.986  45.497  3.086 1024.0000000000
39120  -28.976  -35.414  33.189 1025.0000000000
38784  -37.994  5.778  -55.358 1026.0000000000
39205  -49.301  -45.334  -33.498 1028.0000000000
36978  -45.304  -51.350  -27.156 1032.0000000000
36983  -6.014  -26.991  54.250 1033.0000000000
39901  -40.365  -62.649  -0.198 1035.0000000000
37627  -20.648  83.053  -1.070 1038.0000000000
38138  -4.119  -55.789  -23.185 1039.0000000000
37808  -37.651  -59.171  -25.497 1041.0000000000
38754  -60.249  -35.006  15.569 1045.0000000000
40751  -30.058  -15.705  -46.661 1049.0000000000
39097  -22.417  19.052  -40.916 1050.0000000000
39310  -48.135  35.834  -33.443 1052.0000000000
41256  -31.902  35.088  -62.217 1054.0000000000
39643  -39.138  17.667  -8.191 1062.0000000000
41523  -15.024  27.814  -38.693 1063.0000000000
41643  -21.553  13.250  -42.146 1064.0000000000
39244  -49.981  -53.490  -32.189 1066.0000000000
41693  -12.964  37.814  -38.153 1067.0000000000
39506  -35.777  26.842  -8.468 1073.0000000000
41481  -22.900  -52.517  36.181 1075.0000000000
41655  -33.663  10.751  45.669 1079.0000000000
40220  -4.408  78.833  -14.015 1088.0000000000
41849  -4.097  -30.471  45.405 1091.0000000000
41973  -48.531  -47.618  -7.096 1093.0000000000
40221  1.400  27.095  -11.217 1098.0000000000
42476  -2.175  24.596  -28.572 1105.0000000000
37924  -57.547  -1.448  -4.708 1115.0000000000
40786  -45.184  -4.065  -2.866 1118.0000000000
40431  -49.255  33.955  -29.590 1123.0000000000
33629  1.165  -24.527  -2.300 1127.0000000000
41314  -29.303  44.906  14.975 1140.0000000000
13240  -37.316  -19.896  22.396 1141.0000000000
43236  -6.166  -60.376  36.620 1142.0000000000
38668  -1.962  -48.963  -19.268 1143.0000000000
40845  -28.792  44.525  -24.394 1144.0000000000
41700  -2.130  45.537  -31.541 1150.0000000000
41496  -35.932  48.161  -18.950 1154.0000000000
39427  -58.039  -50.225  -9.002 1160.0000000000
41981  -25.647  -56.254  -34.424 1161.0000000000
228  -23.648  46.832  32.866 1168.0000000000
41524  -3.312  -48.912  39.589 1169.0000000000
41964  -50.928  28.446  -24.339 1172.0000000000
42112  -36.626  -61.363  -34.681 1177.0000000000
1315  -3.266  -41.417  18.611 1183.0000000000
490  -43.052  31.871  -53.256 1184.0000000000
33591  -47.292  -53.007  -16.375 1187.0000000000
34543  -43.329  19.165  -32.082 1188.0000000000
31908  -48.567  -9.829  -5.551 1189.0000000000
35022  -61.789  -33.549  -7.263 1190.0000000000
35312  -47.193  -49.668  -23.593 1191.0000000000
35313  -18.791  -65.159  32.071 1193.0000000000
35780  -26.999  -38.307  32.004 1194.0000000000
33364  -65.767  -0.305  5.745 1196.0000000000
33378  -37.104  -7.420  -6.212 1198.0000000000
33482  -30.708  2.020  -59.098 1200.0000000000
34779  -51.238  17.409  -42.146 1205.0000000000
34477  -41.992  -18.436  28.399 1207.0000000000
34687  -3.792  -61.355  14.863 1208.0000000000
37626  -49.602  51.931  -24.414 1210.0000000000
35063  -42.981  46.068  1.554 1211.0000000000
35794  -53.647  -6.146  -8.261 1212.0000000000
38066  -29.017  57.913  19.014 1216.0000000000
38494  -9.353  -61.222  -14.195 1217.0000000000
38675  -3.243  -44.242  47.185 1218.0000000000
38718  -55.187  -45.418  6.068 1219.0000000000
35671  -23.312  -77.793  6.933 1221.0000000000
38478  -2.353  -29.553  -7.602 1226.0000000000
38495  -52.271  -56.736  -27.241 1228.0000000000
38676  -25.624  -42.013  -15.770 1229.0000000000
38755  -32.813  26.840  -43.298 1235.0000000000
39090  -27.550  31.252  -36.244 1240.0000000000
36712  -0.660  36.697  3.476 1247.0000000000
37579  -29.894  37.029  -60.764 1253.0000000000
37017  -19.937  39.420  -37.684 1254.0000000000
37128  -18.603  -38.928  -14.675 1255.0000000000
37994  -32.967  -22.075  50.632 1260.0000000000
37995  -4.714  46.471  -30.667 1272.0000000000
38437  -7.739  85.620  -30.434 1277.0000000000
40775  -13.817  -11.069  -27.271 1282.0000000000
34387  -42.356  -19.503  -45.816 1288.0000000000
40857  -11.055  -45.054  -5.027 1290.0000000000
38438  -25.565  -67.556  -29.424 1292.0000000000
39570  -52.453  -10.233  -4.734 1303.0000000000
35946  -11.340  -27.027  59.243 1304.0000000000
35244  -53.449  8.255  21.533 1306.0000000000
36187  -1.321  -9.225  8.363 1319.0000000000
40191  -27.039  48.499  -38.894 1328.0000000000
36223  -4.150  -55.550  -22.763 1329.0000000000
40374  -47.253  -43.732  8.652 1330.0000000000
40196  -56.321  44.441  -6.472 1333.0000000000
40549  -2.267  -36.320  14.985 1336.0000000000
24748  -3.309  75.720  -4.061 1338.0000000000
31080  -39.341  -66.150  -6.139 1339.0000000000
31414  -12.773  -54.043  -11.665 1341.0000000000
31736  -21.921  -46.824  28.961 1342.0000000000
32008  -46.206  -30.441  -10.898 1344.0000000000
26762  -1.635  3.116  54.618 1346.0000000000
27350  -37.329  -8.252  48.014 1347.0000000000
28792  -3.332  60.062  -27.723 1353.0000000000
29136  -64.815  -31.060  8.636 1354.0000000000
34760  -54.418  -54.030  -16.593 1358.0000000000
29726  -20.521  75.842  -19.970 1360.0000000000
34761  -38.628  -30.002  27.286 1365.0000000000
29725  -51.455  -48.494  24.014 1366.0000000000
35306  -15.064  1.239  -43.133 1368.0000000000
35579  -12.547  66.915  24.218 1370.0000000000
30091  -7.430  -5.635  59.562 1372.0000000000
35278  -1.063  14.996  11.227 1376.0000000000
35508  -58.070  25.974  -24.765 1378.0000000000
36169  -36.499  9.576  -6.311 1379.0000000000
36505  -63.002  -38.855  2.479 1393.0000000000
32808  -18.615  50.184  26.400 1394.0000000000
32456  -57.267  -50.164  -0.119 1396.0000000000
32499  -63.246  -21.910  22.691 1399.0000000000
32760  -19.552  -41.731  -16.660 1401.0000000000
33891  -19.764  -45.611  43.765 1404.0000000000
33890  -30.687  -14.515  42.273 1406.0000000000
34114  -66.261  -31.253  -11.776 1408.0000000000
33442  -7.322  63.841  -46.416 1412.0000000000
34115  -3.293  43.140  12.928 1422.0000000000
34610  -11.314  -24.908  37.716 1427.0000000000
34130  -9.094  -46.596  -2.883 1432.0000000000
18048  -35.438  -77.113  -14.026 1433.0000000000
38883  -0.292  63.812  -0.913 1437.0000000000
35706  -15.864  -19.400  55.540 1442.0000000000
34828  -6.215  -68.457  -31.154 1446.0000000000
35070  -0.610  39.254  10.836 1450.0000000000
27686  -22.722  2.450  -31.647 1453.0000000000
35727  -53.872  24.905  -19.943 1462.0000000000
36451  -11.281  39.010  -35.035 1469.0000000000
36433  -35.146  -73.385  -14.585 1470.0000000000
36853  -54.324  -35.291  18.505 1481.0000000000
23610  -4.979  -37.712  4.426 1482.0000000000
24307  -31.833  76.087  0.521 1483.0000000000
12648  -32.508  -22.297  -21.051 1487.0000000000
25837  -0.052  43.531  -29.245 1488.0000000000
13433  -40.469  -36.608  -42.077 1489.0000000000
2385  -24.340  -69.727  14.044 1492.0000000000
27674  -21.130  -43.593  -30.276 1494.0000000000
16004  -50.657  56.897  -10.165 1495.0000000000
16666  -37.216  39.702  -26.993 1498.0000000000
28625  -13.829  78.654  -24.271 1503.0000000000
18064  -38.804  -12.829  20.009 1505.0000000000
28762  0.507  38.515  -15.833 1506.0000000000
18739  -19.652  -19.568  -21.788 1510.0000000000
29809  -4.936  -54.073  -7.175 1513.0000000000
20386  -27.235  -16.568  53.974 1514.0000000000
19255  -25.790  65.368  17.281 1515.0000000000
30450  -63.997  -17.121  13.703 1521.0000000000
30603  -35.236  77.125  -23.040 1523.0000000000
31383  -10.673  -54.970  -8.755 1533.0000000000
23454  -44.051  23.439  2.532 1534.0000000000
32455  -9.208  -88.678  -23.615 1538.0000000000
22965  -66.111  -34.397  -13.091 1540.0000000000
24342  -27.254  16.132  -40.154 1543.0000000000
3503  -36.320  -11.875  -29.351 1551.0000000000
3501  -47.866  19.740  -40.976 1562.0000000000
25354  -3.030  -65.353  -15.975 1563.0000000000
15823  -3.891  -28.062  -12.959 1565.0000000000
34087  -0.547  32.281  -27.755 1575.0000000000
26713  -62.370  -29.522  -34.744 1577.0000000000
26935  0.705  -54.565  -0.761 1581.0000000000
26636  -20.454  43.645  27.318 1586.0000000000
19105  -19.455  78.708  9.180 1591.0000000000
7784  -21.159  21.268  -41.683 1593.0000000000
28348  -39.985  72.985  -14.280 1595.0000000000
28439  -44.559  54.621  -7.284 1600.0000000000
29069  -46.346  4.393  -62.108 1609.0000000000
29113  -32.590  -10.856  -0.733 1611.0000000000
36583  -64.033  -32.390  -24.869 1615.0000000000
30181  -30.932  -17.612  -25.934 1618.0000000000
37045  -56.031  25.768  -45.277 1622.0000000000
9932  -29.453  9.404  46.485 1629.0000000000
10205  -33.327  49.301  21.375 1630.0000000000
11281  -39.072  -5.397  44.220 1631.0000000000
11828  -9.403  57.628  -7.595 1632.0000000000
12824  -0.858  72.929  -32.947 1634.0000000000
1389  -53.562  27.944  -49.559 1636.0000000000
1390  -24.611  -22.020  -21.799 1637.0000000000
2451  -19.418  75.076  -24.048 1641.0000000000
3187  -11.766  -27.131  41.454 1642.0000000000
1645  -39.744  15.479  -4.320 1644.0000000000
4062  -37.417  21.885  -37.702 1648.0000000000
17089  -21.278  -41.040  -31.117 1650.0000000000
5019  -22.540  81.515  -32.843 1654.0000000000
5692  -1.819  -80.220  -23.991 1656.0000000000
18122  -14.880  38.818  45.831 1657.0000000000
18815  -3.688  -10.199  -16.565 1661.0000000000
7079  -14.343  -59.086  17.028 1663.0000000000
7171  -12.304  19.646  54.253 1665.0000000000
19849  -8.380  -15.828  54.274 1669.0000000000
19951  -28.128  55.367  16.102 1672.0000000000
10391  -29.870  -29.780  -39.729 1675.0000000000
11285  -9.573  56.098  -6.563 1677.0000000000
12230  -41.225  67.128  -4.725 1680.0000000000
2217  0.242  -37.814  27.956 1683.0000000000
4539  -40.330  31.441  37.622 1687.0000000000
14529  -33.018  50.344  17.770 1692.0000000000
3502  -36.795  -9.692  -31.301 1696.0000000000
14565  0.204  -26.643  9.954 1702.0000000000
15839  -12.421  -28.216  -28.445 1707.0000000000
25223  -0.277  19.302  48.560 1708.0000000000
16441  -11.131  75.873  17.994 1718.0000000000
3779  -27.251  -40.822  50.131 1722.0000000000
26712  -52.195  -1.995  -5.783 1725.0000000000
17975  -28.123  21.166  -37.142 1727.0000000000
7783  -14.967  16.895  53.683 1732.0000000000
27628  1.087  -60.178  -2.864 1734.0000000000
27715  -26.964  74.235  -5.298 1738.0000000000
29112  -64.684  -31.409  6.279 1749.0000000000
21335  -3.064  69.816  -5.285 1751.0000000000
10945  -26.497  72.729  -35.328 1753.0000000000
21504  -62.201  -36.181  -5.796 1756.0000000000
29670  -36.391  -43.892  34.089 1757.0000000000
30107  -48.850  6.700  -32.792 1758.0000000000
22252  -49.731  -25.013  -17.487 1761.0000000000
22815  -25.842  80.422  -8.709 1763.0000000000
9326  -10.654  57.829  35.014 1766.0000000000
9931  -27.750  8.066  46.341 1767.0000000000
10414  -62.120  -41.833  -26.179 1768.0000000000
11306  -50.177  6.879  -33.859 1769.0000000000
12647  -64.792  3.207  -7.617 1771.0000000000
12850  -0.829  19.030  39.821 1772.0000000000
1425  -66.182  -19.254  -29.166 1773.0000000000
1388  -41.629  74.357  -23.312 1775.0000000000
1646  -24.402  83.031  -6.410 1776.0000000000
4061  -10.529  8.994  51.693 1783.0000000000
3392  -24.247  4.739  -38.610 1784.0000000000
4175  -65.098  0.720  -10.107 1788.0000000000
5691  -58.714  -39.384  -18.845 1790.0000000000
4207  -20.892  29.990  29.001 1791.0000000000
5566  -21.787  -15.982  46.634 1795.0000000000
5638  -28.606  27.171  -59.016 1797.0000000000
11811  -37.788  -8.580  48.904 1814.0000000000
12058  -32.842  11.999  36.010 1816.0000000000
12013  -17.465  -14.415  -25.077 1825.0000000000
1121  -24.407  65.720  5.794 1827.0000000000
2521  -33.473  8.149  -5.092 1843.0000000000
15822  -20.484  -85.377  -9.704 1844.0000000000
3143  -19.961  78.874  -22.753 1847.0000000000
2303  -21.429  53.718  -40.577 1849.0000000000
5547  -45.739  -22.162  32.737 1854.0000000000
5639  -28.710  27.376  -60.114 1856.0000000000
6186  -8.210  34.967  10.312 1865.0000000000
4422  -49.784  43.110  -29.470 1867.0000000000
7852  -1.042  31.319  34.717 1872.0000000000
7649  -45.123  -31.016  -35.516 1877.0000000000
7056  -42.237  1.419  -47.288 1880.0000000000
19688  0.973  -59.548  3.301 1881.0000000000
9082  -23.352  73.485  12.310 1882.0000000000
9824  -39.692  -13.020  -39.170 1884.0000000000
22338  2.093  -18.529  -2.384 1900.0000000000
43027  -21.476  33.588  35.590 1903.0000000000
40193  -34.957  35.545  39.244 1904.0000000000
43289  -10.906  -53.288  31.075 1905.0000000000
40403  -62.605  11.831  -24.006 1906.0000000000
43290  -27.557  -52.241  33.322 1907.0000000000
43405  -30.094  -16.890  -21.661 1909.0000000000
43363  -44.303  29.906  -30.737 1910.0000000000
43485  -1.866  -29.829  42.663 1911.0000000000
43443  -12.535  27.754  -36.427 1912.0000000000
41549  -56.373  10.059  20.346 1915.0000000000
1426  -38.493  10.711  -67.818 1917.0000000000
1647  -26.361  -34.033  30.127 1918.0000000000
42310  -42.290  28.742  -27.872 1921.0000000000
42275  -5.803  25.676  -39.368 1922.0000000000
4088  -28.618  34.404  -7.916 1925.0000000000
44109  -38.987  -18.376  25.716 1927.0000000000
44158  -49.078  -18.260  -1.572 1929.0000000000
5728  -21.731  -46.678  -14.906 1931.0000000000
11283  -67.473  -24.764  -27.721 1947.0000000000
43099  -52.928  29.094  -48.331 1948.0000000000
11990  -52.602  41.088  -23.642 1950.0000000000
10390  -58.238  21.167  -46.940 1952.0000000000
11284  -67.091  -25.417  -29.699 1954.0000000000
43303  -20.703  27.335  -45.577 1960.0000000000
1119  -25.292  -66.964  -28.113 1962.0000000000
264  -48.591  -42.695  3.420 1970.0000000000
2218  0.391  -38.365  25.834 1975.0000000000
263  -47.899  -42.743  5.564 1978.0000000000
2522  -33.079  6.978  -5.166 1984.0000000000
3227  -48.429  48.610  13.052 1991.0000000000
5460  -3.814  -37.964  -14.297 1996.0000000000
7689  -58.211  21.108  -29.531 2018.0000000000
8384  -63.266  9.275  14.764 2021.0000000000
8351  -20.079  -67.982  -38.389 2023.0000000000
9761  -17.322  81.074  -22.376 2028.0000000000
21519  -50.401  -40.798  6.202 2032.0000000000
10979  -0.753  79.542  -23.620 2034.0000000000
22193  -2.435  81.896  -2.691 2036.0000000000
12406  0.146  64.686  -43.009 2038.0000000000
22625  -52.249  -1.130  -55.740 2040.0000000000
12980  -12.567  -42.895  -6.721 2042.0000000000
39869  -2.614  85.361  -7.046 2044.0000000000
34111  -17.459  -13.698  -27.530 2047.0000000000
34563  -13.027  15.663  52.907 2049.0000000000
40601  -32.940  32.438  -33.343 2050.0000000000
35879  -41.506  42.877  24.480 2052.0000000000
41072  -0.582  -43.829  24.485 2053.0000000000
35830  -27.664  -70.406  18.881 2054.0000000000
36462  -23.429  42.942  21.643 2055.0000000000
41094  -4.885  -78.431  -20.203 2056.0000000000
41409  -35.965  -7.797  44.201 2057.0000000000
41400  -45.713  -42.732  13.036 2058.0000000000
36309  -43.410  -64.264  -39.050 2059.0000000000
41425  -52.736  32.080  -27.793 2061.0000000000
41755  -17.905  -45.116  50.763 2063.0000000000
41749  -53.574  -33.606  26.259 2064.0000000000
36766  -28.005  25.106  -44.630 2065.0000000000
41879  -13.098  -58.671  -33.544 2067.0000000000
42159  -20.652  -54.397  -32.919 2072.0000000000
42174  -18.469  -55.899  -34.017 2073.0000000000
42318  -32.280  -26.766  23.025 2079.0000000000
42411  -47.541  -59.743  -34.033 2080.0000000000
38611  -5.454  -23.950  31.210 2084.0000000000
38872  -57.296  -4.209  -40.596 2086.0000000000
265  -9.572  59.680  -46.611 2092.0000000000
38796  -2.782  67.514  -22.355 2093.0000000000
1120  -27.355  34.538  40.639 2102.0000000000
2216  -42.639  -28.586  -44.011 2106.0000000000
1157  0.548  -48.773  20.604 2110.0000000000
2273  -3.645  -62.409  -12.775 2117.0000000000
3248  -18.398  -30.867  41.057 2118.0000000000
33834  -6.255  -41.131  -21.085 2120.0000000000
5458  -52.251  -5.167  18.112 2127.0000000000
5619  -44.353  5.464  -21.742 2129.0000000000
4176  -8.774  -54.597  13.879 2131.0000000000
4750  -44.853  -20.228  21.639 2132.0000000000
7785  -38.321  66.251  -35.689 2142.0000000000
7081  -48.153  56.209  1.243 2145.0000000000
9823  -27.981  -69.324  -10.168 2156.0000000000
42258  -38.383  46.775  -35.037 2171.0000000000
12407  0.214  65.943  -42.557 2174.0000000000
37561  -45.954  -56.673  -31.779 2176.0000000000
33750  -0.543  67.966  -35.642 2178.0000000000
23337  -17.923  81.656  -5.261 2179.0000000000
24262  -20.834  -40.078  52.988 2181.0000000000
25155  -21.534  44.773  29.269 2185.0000000000
25138  -35.992  -73.160  4.704 2187.0000000000
35329  -54.599  -11.250  28.708 2190.0000000000
35866  -24.403  -51.650  -25.192 2192.0000000000
35838  -59.948  18.538  -45.198 2195.0000000000
23999  -0.438  62.935  4.462 2205.0000000000
22630  -36.198  -17.948  -3.297 2207.0000000000
30687  -19.513  72.955  17.237 2209.0000000000
31545  -36.374  37.187  -29.607 2210.0000000000
31173  -59.333  9.513  21.681 2218.0000000000
23279  -48.977  -51.925  2.579 2219.0000000000
31510  -51.273  -3.016  19.925 2220.0000000000
31750  -1.400  -18.183  6.697 2223.0000000000
27780  -10.640  -29.827  13.974 2225.0000000000
24565  -20.115  84.290  -6.516 2229.0000000000
39620  -9.786  37.992  -42.250 2236.0000000000
33824  -11.991  -48.533  -12.615 2238.0000000000
33709  -3.494  -67.759  -17.252 2245.0000000000
7798  -3.094  81.917  -14.453 2252.0000000000
35787  -0.494  54.303  -25.602 2254.0000000000
35321  -13.924  -19.937  -22.974 2257.0000000000
36053  -12.940  -55.515  -11.644 2277.0000000000
36498  -64.963  -28.962  12.523 2279.0000000000
42018  -36.111  33.925  10.210 2283.0000000000
36716  -37.571  3.658  -4.972 2287.0000000000
36942  -56.590  24.384  -32.625 2291.0000000000
37160  -38.575  -72.718  -16.365 2295.0000000000
22219  -42.024  51.970  3.504 2311.0000000000
21683  -60.714  -24.787  -14.903 2324.0000000000
23741  -42.533  -41.154  -41.400 2326.0000000000
23809  -58.963  -20.998  -18.023 2328.0000000000
25800  -60.913  -32.203  22.700 2341.0000000000
32309  -11.322  -44.111  35.777 2346.0000000000
33383  -44.759  -20.307  -2.287 2350.0000000000
25965  -38.221  -72.680  -6.773 2357.0000000000
27840  -2.113  -42.101  22.447 2362.0000000000
27266  -28.490  -61.396  7.735 2364.0000000000
28498  -5.481  -31.652  11.558 2369.0000000000
35822  -30.160  24.598  -43.077 2383.0000000000
35983  -43.337  -20.950  -45.224 2386.0000000000
15281  -43.243  39.411  29.319 2397.0000000000
31174  -0.111  -70.154  -18.086 2402.0000000000
37090  -53.155  -56.078  -22.461 2408.0000000000
37286  -58.275  -1.105  29.273 2412.0000000000
32090  -33.530  37.092  -29.675 2414.0000000000
27239  -32.220  -4.187  -33.892 2419.0000000000
37515  -50.093  59.925  -29.381 2420.0000000000
7454  -52.817  -32.131  32.869 2427.0000000000
2970  -50.269  -20.128  1.015 2430.0000000000
22835  -44.635  -56.216  6.230 2432.0000000000
23173  -0.241  67.137  -15.588 2435.0000000000
4456  -30.822  -37.851  22.815 2437.0000000000
5046  -41.803  13.323  -24.116 2439.0000000000
5212  -42.187  -68.881  -2.883 2441.0000000000
3738  -35.630  12.740  -67.824 2449.0000000000
7484  -46.050  60.714  0.952 2459.0000000000
24603  -47.092  -22.180  -21.103 2463.0000000000
24691  -4.432  -37.153  51.292 2465.0000000000
25906  -60.964  -6.575  -24.589 2470.0000000000
10800  -22.425  75.279  -35.602 2474.0000000000
27123  -64.040  -17.683  16.520 2480.0000000000
10801  -2.743  -35.612  1.395 2484.0000000000
29064  -23.817  69.729  -2.409 2495.0000000000
29650  -44.685  63.242  -3.626 2499.0000000000
29909  -30.860  -8.453  -39.217 2501.0000000000
14636  -18.760  26.641  29.993 2505.0000000000
14550  -47.382  -34.050  -3.633 2506.0000000000
15218  -44.309  -61.160  -27.438 2515.0000000000
31532  -3.350  57.238  -7.033 2517.0000000000
17355  -39.580  -44.641  -1.496 2519.0000000000
17982  -18.263  53.111  19.404 2525.0000000000
17932  -27.018  54.099  -31.215 2531.0000000000
5047  -41.228  14.550  -26.317 2534.0000000000
2938  -9.093  53.471  -3.370 2536.0000000000
2937  -9.464  52.864  -1.883 2538.0000000000
3540  -66.061  -24.901  -11.333 2540.0000000000
3696  -39.425  21.942  -65.706 2541.0000000000
4334  -14.795  2.453  -44.134 2543.0000000000
5185  -17.780  9.735  48.594 2548.0000000000
6000  -58.128  36.527  -7.523 2550.0000000000
6650  -35.210  -4.796  -6.935 2565.0000000000
12559  -45.202  19.736  -26.687 2580.0000000000
14551  -29.167  38.709  -8.626 2582.0000000000
15280  -31.558  12.141  37.656 2590.0000000000
16192  -48.527  -48.361  -31.066 2596.0000000000
17981  -50.029  -15.246  37.195 2601.0000000000
18459  2.370  -0.625  -28.295 2612.0000000000
3569  -36.394  62.170  -37.132 2617.0000000000
32031  -61.914  19.557  -8.120 2619.0000000000
4356  -26.706  -37.128  -28.580 2621.0000000000
5048  -12.695  -33.272  19.216 2624.0000000000
32174  -31.847  59.429  -34.672 2625.0000000000
2939  -0.221  24.621  40.273 2626.0000000000
6651  -1.233  -40.296  10.210 2640.0000000000
7455  -41.945  62.245  -20.821 2648.0000000000
10799  -21.581  73.341  -36.152 2652.0000000000
12538  -6.485  -19.183  51.217 2655.0000000000
29651  0.413  28.551  9.011 2657.0000000000
14637  -23.603  3.612  -31.379 2663.0000000000
14549  -42.187  -35.323  -29.503 2667.0000000000
16174  -23.118  32.377  25.408 2675.0000000000
16578  -52.813  -31.111  31.155 2679.0000000000
17960  -52.266  8.788  4.037 2683.0000000000
17983  -18.711  54.987  21.882 2685.0000000000
9539  -38.712  -19.975  17.865 2693.0000000000
9611  -24.691  10.423  37.888 2695.0000000000
11320  -23.386  -49.843  -29.224 2697.0000000000
11864  -52.548  -45.507  23.345 2708.0000000000
12688  -0.347  -20.155  16.290 2716.0000000000
15080  -6.372  67.310  -42.038 2717.0000000000
17875  -17.907  -8.993  -42.447 2725.0000000000
17876  -2.221  -0.825  9.910 2732.0000000000
19561  -37.656  -51.391  3.851 2735.0000000000
19611  -44.386  56.505  10.216 2736.0000000000
19050  -66.595  6.330  -32.452 2738.0000000000
21077  -58.195  -0.734  2.969 2742.0000000000
36795  -42.184  -43.794  -27.076 2753.0000000000
22559  -24.639  75.220  2.759 2759.0000000000
22591  -35.459  -41.917  -39.340 2761.0000000000
23381  -26.072  76.186  1.508 2763.0000000000
23447  -22.819  44.248  20.746 2765.0000000000
23813  -3.592  -80.687  -29.162 2770.0000000000
9538  -21.488  7.714  -38.101 2773.0000000000
11319  -52.219  3.212  29.985 2781.0000000000
11865  -53.543  19.316  26.070 2786.0000000000
12566  -54.649  -13.129  33.224 2789.0000000000
11321  -9.172  -25.327  47.805 2792.0000000000
12567  -53.690  -25.525  -12.546 2794.0000000000
15118  -42.328  -40.401  -27.225 2798.0000000000
23234  -30.249  -47.987  25.507 2802.0000000000
17877  -38.746  8.281  -66.841 2805.0000000000
20006  -16.241  -57.079  3.010 2813.0000000000
20083  -41.238  11.818  -15.725 2815.0000000000
19937  -13.920  -72.096  8.270 2819.0000000000
21078  -20.588  48.845  -32.251 2826.0000000000
22560  -62.039  -21.190  -17.206 2828.0000000000
22479  -22.568  -48.413  44.611 2830.0000000000
9540  -62.638  10.708  14.678 2850.0000000000
11866  -5.663  -66.992  -34.736 2860.0000000000
15079  -50.840  11.285  -63.078 2870.0000000000
17965  -8.676  70.996  25.124 2880.0000000000
20005  -9.420  -75.318  13.534 2882.0000000000
38087  -56.330  8.383  5.579 2883.0000000000
19560  -51.448  -9.536  39.990 2887.0000000000
19559  -50.419  -11.465  41.176 2888.0000000000
20004  -37.150  72.548  -2.466 2892.0000000000
38894  -2.858  -33.738  50.132 2903.0000000000
22561  -60.322  -21.830  -17.162 2910.0000000000
22478  -43.315  2.775  17.421 2911.0000000000
22615  -0.133  -4.732  -23.418 2915.0000000000
22968  -53.068  5.166  -25.853 2918.0000000000
31779  -53.714  -30.838  23.316 2920.0000000000
23429  -64.849  -1.202  14.891 2923.0000000000
23506  -44.713  -51.331  24.619 2924.0000000000
22365  -0.539  24.826  -27.642 2931.0000000000
22380  -0.448  33.309  -42.485 2932.0000000000
22364  -53.274  -54.230  2.612 2935.0000000000
22463  -0.678  -15.590  53.309 2939.0000000000
34995  -47.525  -40.064  6.290 2943.0000000000
24220  -20.186  -41.509  52.601 2947.0000000000
34996  -30.526  4.714  -38.665 2949.0000000000
35015  0.062  -28.204  1.939 2950.0000000000
24221  -9.495  64.197  -22.006 2952.0000000000
35117  -34.318  23.596  -34.916 2959.0000000000
24555  0.316  31.523  11.045 2961.0000000000
25440  -14.894  -12.077  -35.063 2963.0000000000
25503  -28.361  4.745  -53.375 2964.0000000000
27362  -48.295  -1.240  -6.754 2969.0000000000
28433  -45.143  3.942  -7.151 2973.0000000000
29283  -25.983  33.790  -46.450 2976.0000000000
38909  -54.505  -50.848  -2.777 2996.0000000000
30674  -48.397  -15.310  -22.217 3001.0000000000
31162  -46.924  -40.168  -0.139 3003.0000000000
31255  -30.171  -0.281  53.878 3009.0000000000
31551  -37.872  16.148  16.761 3013.0000000000
32399  -3.635  -31.275  13.793 3015.0000000000
34456  -3.212  72.422  -20.471 3030.0000000000
22363  -54.599  -2.736  -42.181 3033.0000000000
23040  -61.426  -4.351  9.101 3035.0000000000
7281  -7.036  -65.464  -31.066 3042.0000000000
4930  -24.070  61.885  3.274 3044.0000000000
3158  -25.922  -41.639  50.283 3055.0000000000
26339  -23.777  21.845  43.833 3059.0000000000
12418  -0.998  -8.274  42.737 3070.0000000000
29886  -47.364  46.593  -25.607 3075.0000000000
14961  -0.929  80.343  2.396 3077.0000000000
14873  -12.322  -27.652  32.185 3080.0000000000
15523  0.752  -9.264  21.690 3084.0000000000
16019  -52.264  -43.326  -9.199 3093.0000000000
17375  -41.688  2.780  -13.792 3101.0000000000
18680  -38.955  5.667  -45.769 3104.0000000000
18331  -0.155  -31.484  25.366 3106.0000000000
22399  -23.146  -26.738  -31.362 3110.0000000000
42382  -56.773  -31.402  -33.691 3116.0000000000
121  -21.986  -85.649  -29.320 3118.0000000000
4931  -24.855  60.541  4.185 3121.0000000000
4952  -14.061  43.247  -45.121 3124.0000000000
25441  -7.598  55.856  1.569 3125.0000000000
25489  -7.597  -24.616  58.248 3129.0000000000
7282  -7.042  61.139  -39.814 3139.0000000000
11781  0.286  61.126  -24.465 3144.0000000000
11782  0.142  62.488  -24.352 3145.0000000000
11148  -41.250  68.508  -2.858 3148.0000000000
14540  -5.893  -37.708  33.391 3157.0000000000
15485  0.589  -7.395  23.439 3164.0000000000
16434  -0.310  -84.986  -12.407 3170.0000000000
18330  -1.432  44.880  -47.156 3176.0000000000
120  -23.840  -85.020  -28.919 3187.0000000000
39298  -53.370  39.510  -4.989 3191.0000000000
122  -23.672  -83.965  -31.971 3196.0000000000
4932  -33.333  -3.391  -32.556 3197.0000000000
32753  -47.798  -53.256  -12.912 3211.0000000000
11780  -39.047  8.483  45.976 3223.0000000000
11149  -13.404  10.744  -32.747 3226.0000000000
14390  -40.562  12.018  -32.973 3236.0000000000
14853  -2.442  20.221  39.026 3237.0000000000
14960  -41.427  -73.544  -17.744 3239.0000000000
16405  -17.876  16.214  -40.236 3246.0000000000
17042  -39.439  -65.115  -5.822 3253.0000000000
18332  -21.050  -65.561  -27.322 3259.0000000000
18681  -38.515  5.120  -44.933 3260.0000000000
29748  -64.954  10.626  -31.652 3266.0000000000
30008  -10.326  -27.704  58.218 3275.0000000000
30503  -19.784  -75.094  -6.301 3278.0000000000
30070  -32.918  23.945  -9.119 3281.0000000000
31340  -16.457  -15.693  -24.089 3283.0000000000
31399  -7.863  58.619  -39.704 3285.0000000000
33581  -55.393  -17.732  12.275 3297.0000000000
33799  -41.661  36.927  31.578 3301.0000000000
33240  -44.158  24.702  21.101 3302.0000000000
33860  -14.192  -49.726  -13.581 3308.0000000000
34116  -16.220  -42.513  -30.817 3311.0000000000
41776  -29.308  8.819  -45.206 3313.0000000000
34849  -35.351  0.500  0.706 3317.0000000000
24526  -39.668  74.719  -11.419 3318.0000000000
35474  -61.324  -41.217  -29.124 3324.0000000000
35235  -53.075  7.990  20.477 3326.0000000000
42227  -2.349  -35.952  33.497 3332.0000000000
29749  -10.700  -0.801  -41.620 3339.0000000000
30032  -55.594  29.806  -4.855 3340.0000000000
30033  -12.899  -66.486  26.125 3341.0000000000
20092  -22.204  -48.167  43.843 3353.0000000000
22294  -30.628  -47.561  26.580 3363.0000000000
34450  -35.122  26.849  10.033 3372.0000000000
35187  -29.166  72.708  5.800 3383.0000000000
25643  -39.406  73.723  -12.999 3388.0000000000
25841  -44.029  47.809  19.588 3395.0000000000
29750  -40.120  -66.357  -4.396 3400.0000000000
30749  -14.927  84.198  -32.619 3404.0000000000
30034  -29.401  33.996  -45.954 3405.0000000000
20090  -23.286  -48.164  43.299 3407.0000000000
31341  -29.743  2.680  -51.817 3415.0000000000
30777  -21.724  62.340  16.956 3416.0000000000
31386  -6.582  -51.673  -12.455 3420.0000000000
22515  -35.121  47.402  18.772 3427.0000000000
22270  -17.613  -44.892  -31.546 3428.0000000000
22268  -42.373  0.915  17.614 3434.0000000000
23598  -44.162  16.211  -11.376 3438.0000000000
23644  -26.266  68.915  13.746 3439.0000000000
23007  -57.952  0.216  -54.554 3440.0000000000
24398  -26.811  -73.284  5.503 3442.0000000000
24525  -18.965  -78.283  -8.738 3444.0000000000
24816  -53.931  -30.358  34.021 3450.0000000000
24804  -57.555  -16.243  -2.458 3452.0000000000
25253  0.274  -59.964  11.710 3459.0000000000
20091  -22.512  -47.655  42.310 3489.0000000000
14122  -32.362  -10.591  -38.059 3491.0000000000
22293  -26.834  50.778  -33.482 3500.0000000000
22269  -14.568  -35.574  -29.223 3504.0000000000
23600  -43.273  -23.071  42.713 3507.0000000000
24397  -27.735  -73.685  5.078 3510.0000000000
24770  -32.180  -75.930  1.797 3512.0000000000
24432  -26.885  -76.192  5.704 3518.0000000000
28248  -12.278  -15.675  -22.977 3524.0000000000
25644  -38.709  74.930  -12.236 3526.0000000000
25695  -58.457  31.877  -2.029 3531.0000000000
20781  -63.456  -33.421  -9.328 3539.0000000000
19639  -65.006  -25.089  -35.041 3541.0000000000
20684  -51.847  30.926  17.980 3543.0000000000
20821  -23.667  65.179  13.952 3548.0000000000
19640  -64.649  -24.025  -34.001 3549.0000000000
24435  -44.580  28.463  23.465 3557.0000000000
14121  -46.387  -55.075  8.840 3558.0000000000
25268  -43.711  34.137  -19.880 3570.0000000000
26038  -58.668  -41.145  -0.802 3577.0000000000
39936  -12.664  -74.755  17.900 3586.0000000000
27510  -67.717  -6.090  -9.635 3588.0000000000
40815  -41.572  -47.560  1.021 3598.0000000000
20698  -36.728  -2.756  17.848 3606.0000000000
20683  -1.930  -70.368  -18.153 3624.0000000000
24434  -38.336  45.379  -38.690 3635.0000000000
25270  -1.807  -27.576  -4.191 3644.0000000000
26454  2.358  -3.226  -30.916 3649.0000000000
26486  -16.053  14.703  51.210 3650.0000000000
26347  -36.995  69.532  -35.032 3652.0000000000
1125  -9.597  -42.796  -2.332 3658.0000000000
1162  -3.843  -38.827  48.758 3662.0000000000
1041  -23.043  30.875  46.026 3663.0000000000
3622  -9.970  -30.916  15.016 3669.0000000000
3785  -45.781  -33.950  -44.378 3671.0000000000
19638  -65.665  -22.970  -34.880 3674.0000000000
20685  -64.023  -39.944  -11.675 3675.0000000000
20723  0.089  61.181  12.544 3677.0000000000
20797  -6.510  56.995  -45.987 3679.0000000000
21206  -41.911  -20.631  19.256 3685.0000000000
14120  -2.457  -3.502  24.913 3692.0000000000
26079  -25.392  52.322  -38.058 3694.0000000000
25269  -57.705  -37.501  24.192 3699.0000000000
26037  -15.023  -19.388  21.195 3705.0000000000
26047  -4.797  8.144  26.529 3708.0000000000
26453  -57.236  -10.802  30.848 3710.0000000000
1042  -23.189  32.035  44.600 3712.0000000000
1126  -10.799  -42.320  -1.561 3714.0000000000
1127  -66.177  -29.282  -29.804 3721.0000000000
3101  -21.333  46.878  27.447 3727.0000000000
19670  -39.950  0.709  -19.693 3733.0000000000
23795  1.152  11.042  5.440 3735.0000000000
25408  -54.709  27.352  16.529 3739.0000000000
25156  -20.893  44.109  28.649 3743.0000000000
20138  -50.859  12.306  -37.441 3753.0000000000
20137  -22.684  66.815  17.831 3754.0000000000
21697  -15.714  8.139  -50.132 3760.0000000000
1043  -53.101  -50.142  19.609 3779.0000000000
3591  -39.688  42.004  25.208 3785.0000000000
3784  -46.686  -33.876  -44.903 3790.0000000000
23926  -50.886  -2.891  14.978 3793.0000000000
23794  1.088  11.721  6.132 3796.0000000000
23796  -6.896  15.223  55.691 3803.0000000000
25407  -0.039  4.427  17.702 3808.0000000000
23927  -2.698  -39.094  9.449 3810.0000000000
20136  -11.662  -26.413  49.581 3816.0000000000
27291  -38.826  23.954  12.750 3822.0000000000
27743  -19.585  -17.966  45.757 3827.0000000000
28188  -6.137  47.833  -42.496 3829.0000000000
40617  -50.926  -19.602  -16.495 3831.0000000000
28796  -39.569  5.550  -5.457 3835.0000000000
29354  -39.062  8.325  -10.735 3836.0000000000
29291  -50.553  45.060  13.220 3842.0000000000
29355  -0.506  62.240  -31.365 3843.0000000000
29588  -25.496  -24.182  50.495 3846.0000000000
25409  -35.530  -4.586  26.883 3855.0000000000
25157  -29.460  45.767  16.512 3858.0000000000
34730  -16.408  58.745  30.026 3862.0000000000
26000  -34.447  24.633  7.559 3872.0000000000
27744  -45.191  47.613  -21.869 3877.0000000000
36087  -40.427  63.871  6.761 3885.0000000000
17423  -22.384  69.563  -11.642 3887.0000000000
18112  -36.043  61.265  8.528 3890.0000000000
18865  -59.089  11.350  3.602 3896.0000000000
29353  -43.428  26.716  25.521 3899.0000000000
29260  -37.590  -9.336  33.782 3901.0000000000
19739  -43.652  5.308  37.327 3903.0000000000
11881  -0.529  -34.814  -0.257 3913.0000000000
11882  -17.872  -47.350  -31.983 3915.0000000000
12932  -32.215  -11.890  0.007 3916.0000000000
12931  -32.721  -12.894  1.116 3917.0000000000
14657  -5.493  67.965  -42.523 3921.0000000000
14953  -61.815  22.501  4.820 3926.0000000000
15141  -56.231  -8.305  24.708 3928.0000000000
35536  -35.645  -34.677  47.618 3929.0000000000
16220  -49.920  -35.987  36.146 3931.0000000000
36905  -52.903  -55.430  -21.411 3953.0000000000
18864  -24.325  61.319  -33.135 3955.0000000000
20080  -43.866  69.307  -13.101 3961.0000000000
14658  -17.157  16.414  -53.923 3973.0000000000
12157  -33.795  -28.979  48.579 3975.0000000000
14555  -13.470  -10.853  20.439 3977.0000000000
16326  -0.692  23.987  24.731 3985.0000000000
16219  -55.505  1.904  32.801 3986.0000000000
16327  -3.080  42.029  10.514 3992.0000000000
16832  -16.726  -74.646  14.128 3994.0000000000
17424  -22.669  69.345  -9.605 3997.0000000000
18110  -34.959  59.812  7.137 4002.0000000000
37241  -56.566  -21.427  9.170 4008.0000000000
25380  -38.194  -18.138  23.600 4018.0000000000
12933  -45.572  -42.402  -29.928 4023.0000000000
14659  -17.270  14.322  -54.592 4026.0000000000
14927  -6.179  58.458  -9.264 4027.0000000000
14974  -0.989  12.531  -9.560 4028.0000000000
15068  -2.324  77.986  -42.586 4029.0000000000
16328  -20.348  -74.822  14.275 4037.0000000000
27164  -58.639  -36.968  20.587 4040.0000000000
18866  -46.305  -50.118  29.832 4048.0000000000
19738  -37.374  -20.104  20.005 4057.0000000000
28484  -26.048  -5.112  -34.322 4059.0000000000
25379  -58.576  22.500  -28.442 4064.0000000000
26181  -45.492  -49.096  -1.845 4065.0000000000
41945  -38.527  53.266  -6.089 4067.0000000000
26592  -66.455  -27.169  -9.532 4068.0000000000
27361  -53.995  30.003  5.640 4079.0000000000
27645  -54.011  29.893  4.102 4080.0000000000
28468  -56.272  -13.555  -0.686 4084.0000000000
27770  -39.173  -44.940  38.451 4089.0000000000
26593  -37.083  -17.739  21.868 4101.0000000000
26971  -66.904  -7.014  5.754 4106.0000000000
27360  -3.070  -52.737  -8.381 4107.0000000000
27755  -49.061  -51.828  -0.114 4113.0000000000
28040  -35.277  -8.516  46.264 4114.0000000000
28038  -38.036  -10.176  -1.209 4118.0000000000
28467  0.491  -31.976  11.182 4119.0000000000
28466  -24.356  75.171  -13.620 4120.0000000000
26970  -40.519  -38.021  1.564 4127.0000000000
27013  -45.850  20.690  3.668 4129.0000000000
27623  -5.257  60.826  -26.444 4134.0000000000
27710  -8.972  40.161  -45.011 4137.0000000000
27972  -19.911  23.097  -48.924 4138.0000000000
28469  -8.569  -52.756  -10.484 4144.0000000000
28806  -0.261  48.745  -46.399 4147.0000000000
28851  -8.608  -88.704  -12.303 4148.0000000000
24535  -44.972  -16.335  27.584 4157.0000000000
25130  -63.664  -15.764  -1.891 4162.0000000000
25619  -54.969  -45.168  -8.621 4163.0000000000
25534  -2.375  31.176  16.708 4166.0000000000
27954  -19.553  -17.583  45.682 4169.0000000000
26053  -46.479  22.427  -45.725 4171.0000000000
43073  -56.764  -32.109  -45.329 4172.0000000000
26514  -12.728  40.605  -39.060 4175.0000000000
26379  -37.177  76.898  -8.298 4176.0000000000
28391  -49.288  27.453  20.197 4177.0000000000
28423  -15.692  -54.160  -0.595 4180.0000000000
43256  -37.958  -59.063  -38.266 4182.0000000000
26760  -42.933  -18.604  -6.097 4186.0000000000
24534  -45.625  -15.693  28.149 4192.0000000000
25620  -25.483  73.899  -1.289 4194.0000000000
25209  -1.839  -28.059  -4.037 4195.0000000000
26054  -11.067  -50.334  6.967 4199.0000000000
25741  -60.280  -43.116  7.779 4201.0000000000
26438  -33.788  23.422  -6.618 4204.0000000000
26418  -58.852  -20.525  11.751 4209.0000000000
