#!ascii label  , from subject FreeSurferMNI152_0.3 vox2ras=TkReg
1419
43358  2.571  50.658  -24.864 1.0000000000
19022  1.745  18.457  -11.933 7.0000000000
19710  48.518  17.634  -66.272 8.0000000000
4254  62.493  -30.379  -4.858 11.0000000000
1530  20.864  -55.242  -10.810 12.0000000000
1469  47.999  -16.398  34.263 13.0000000000
1470  52.082  -45.855  13.518 15.0000000000
1471  6.644  -79.634  -11.707 23.0000000000
22663  39.314  -48.515  -34.378 25.0000000000
4253  61.224  -30.592  -4.884 27.0000000000
2332  12.596  -36.522  -14.247 32.0000000000
24599  38.327  -21.195  -42.238 35.0000000000
19732  27.625  11.456  -41.978 40.0000000000
32280  13.465  -59.682  39.233 41.0000000000
25107  7.537  -14.677  7.817 47.0000000000
25155  3.360  -0.477  53.221 49.0000000000
33186  60.956  -31.979  -27.123 57.0000000000
34080  28.185  34.776  -34.342 63.0000000000
26445  55.623  54.302  -3.770 64.0000000000
34311  4.518  -23.311  40.043 66.0000000000
25193  59.994  -38.911  24.244 78.0000000000
34349  9.653  17.550  -35.035 82.0000000000
34888  40.526  30.867  9.099 87.0000000000
39935  19.528  -11.884  51.942 94.0000000000
40075  18.322  18.682  -50.474 96.0000000000
40389  44.162  20.101  -25.622 103.0000000000
40569  41.822  44.869  22.078 105.0000000000
40598  5.277  43.249  -47.221 107.0000000000
35521  26.794  -45.441  -28.120 110.0000000000
40909  35.783  -71.747  -8.542 112.0000000000
40919  38.036  -14.035  25.802 113.0000000000
40950  22.121  17.310  -57.452 115.0000000000
41252  29.688  38.086  26.577 117.0000000000
9318  16.044  -25.847  33.594 121.0000000000
12125  13.121  -29.572  16.571 122.0000000000
40127  57.583  31.292  10.815 131.0000000000
43785  40.332  59.203  19.135 133.0000000000
44006  50.162  61.137  0.455 137.0000000000
44025  39.887  -21.477  43.862 139.0000000000
2112  9.797  -38.483  34.553 142.0000000000
44226  5.753  -51.270  -6.695 149.0000000000
44371  62.608  -25.378  -41.655 159.0000000000
3124  64.666  15.164  6.544 161.0000000000
4790  11.320  -75.137  13.103 167.0000000000
5328  66.172  5.170  -25.104 168.0000000000
3125  2.586  -31.217  36.590 172.0000000000
1351  70.973  -26.000  -14.996 177.0000000000
4814  67.856  -27.383  3.170 179.0000000000
1350  70.062  -28.748  -16.827 181.0000000000
9317  22.601  -38.380  0.904 189.0000000000
43685  7.702  -77.143  -28.355 194.0000000000
14615  21.276  -13.941  -39.666 205.0000000000
3258  30.312  -78.045  -15.766 215.0000000000
18089  12.801  -29.008  -20.055 217.0000000000
16210  55.052  -10.750  2.834 219.0000000000
2111  10.832  -39.495  34.416 221.0000000000
2930  71.922  -10.799  -28.011 225.0000000000
4996  14.198  -56.839  15.216 235.0000000000
2929  72.212  -11.656  -26.844 240.0000000000
9657  30.683  -69.005  -8.731 245.0000000000
9656  39.618  -33.520  40.337 246.0000000000
9319  14.587  -26.765  36.549 268.0000000000
12127  11.961  41.743  16.254 274.0000000000
14614  13.804  -23.244  43.174 276.0000000000
12126  34.835  -12.322  -36.178 278.0000000000
14613  18.597  -46.170  -29.669 280.0000000000
2113  14.239  87.281  -10.745 287.0000000000
3126  28.277  -37.055  -14.685 297.0000000000
3697  13.945  -61.414  19.512 300.0000000000
18090  43.578  -1.436  -54.626 303.0000000000
5327  8.685  -36.141  53.525 310.0000000000
2931  15.605  -72.866  -35.570 311.0000000000
23064  49.487  -36.196  -32.701 325.0000000000
9655  37.046  -34.001  40.874 329.0000000000
25812  59.575  -25.498  -40.406 333.0000000000
26184  36.207  -15.871  -25.222 335.0000000000
11615  5.494  -11.154  39.780 337.0000000000
11531  35.386  21.163  -67.980 340.0000000000
11656  39.504  57.641  -10.945 343.0000000000
17243  5.474  8.240  24.892 348.0000000000
12221  10.473  54.376  -44.737 351.0000000000
14857  43.968  -18.946  27.750 363.0000000000
4789  67.470  -27.913  3.447 379.0000000000
21993  13.057  -10.607  21.491 380.0000000000
23369  68.654  -11.265  -19.791 387.0000000000
24433  43.927  -44.751  -5.835 399.0000000000
24432  20.530  67.570  18.115 401.0000000000
36673  36.121  -22.044  18.279 411.0000000000
35981  5.627  19.746  -26.265 415.0000000000
36685  35.470  24.082  -7.297 418.0000000000
36754  16.706  84.779  -12.561 420.0000000000
25880  36.020  -16.933  -24.307 423.0000000000
26302  9.765  73.571  -5.941 427.0000000000
26327  48.016  64.907  -23.130 433.0000000000
30117  27.677  -10.553  47.338 442.0000000000
29928  60.404  43.269  -3.458 447.0000000000
4849  50.817  10.707  7.584 450.0000000000
4850  50.001  9.725  7.940 451.0000000000
2698  39.382  79.021  -15.117 452.0000000000
6930  34.837  57.128  23.751 457.0000000000
6286  22.241  23.540  -37.057 461.0000000000
8365  32.572  11.530  27.361 469.0000000000
34677  6.357  88.109  -21.247 471.0000000000
34890  53.725  -60.032  -22.743 474.0000000000
11172  62.371  -9.621  9.198 476.0000000000
36027  6.202  57.917  4.990 478.0000000000
13314  21.339  56.263  14.765 483.0000000000
13186  41.297  -69.790  -20.361 486.0000000000
14759  50.576  16.610  -55.996 491.0000000000
13313  31.191  -57.998  28.491 494.0000000000
14760  49.992  18.464  -57.458 501.0000000000
17603  46.524  -19.776  28.533 503.0000000000
17635  49.612  -7.599  44.655 505.0000000000
16097  12.274  62.221  -13.391 511.0000000000
17733  24.114  13.692  -59.642 517.0000000000
19361  4.779  31.860  22.691 519.0000000000
39702  9.864  -32.703  -15.640 525.0000000000
22518  31.736  9.733  34.743 531.0000000000
2697  39.814  78.021  -16.035 538.0000000000
6287  56.258  -56.375  -18.229 541.0000000000
4848  10.105  7.877  -35.074 546.0000000000
8366  41.023  37.822  6.206 549.0000000000
6285  10.996  15.888  56.153 551.0000000000
13312  44.225  7.235  -9.115 562.0000000000
14284  1.229  3.518  -28.847 572.0000000000
14283  37.350  -45.378  42.289 573.0000000000
14784  11.594  58.472  34.952 575.0000000000
14869  64.634  4.853  -27.419 578.0000000000
17602  7.034  57.913  -32.662 581.0000000000
16116  66.960  -12.217  24.434 586.0000000000
16240  10.122  -67.468  -16.528 587.0000000000
17604  46.236  -20.118  26.945 589.0000000000
18739  57.842  -19.211  24.419 598.0000000000
20485  4.696  11.487  25.434 600.0000000000
22539  63.137  -21.006  22.361 602.0000000000
22520  12.174  9.711  -33.416 609.0000000000
6929  26.589  14.554  -46.374 614.0000000000
7013  34.615  -60.146  21.890 616.0000000000
6314  7.089  -28.221  44.498 622.0000000000
33210  60.696  24.664  -31.503 629.0000000000
11147  9.350  -23.445  33.514 632.0000000000
36069  42.443  40.522  -18.568 636.0000000000
36350  44.532  41.266  31.111 641.0000000000
18251  36.395  59.816  -35.746 653.0000000000
36854  11.578  -80.747  -11.254 657.0000000000
19362  32.261  51.360  30.999 662.0000000000
37723  51.799  39.519  -24.003 668.0000000000
34122  53.812  40.356  -16.692 683.0000000000
34144  55.136  29.370  -4.573 685.0000000000
34310  6.446  -56.899  17.241 686.0000000000
34324  52.313  51.431  -1.024 687.0000000000
35337  65.917  16.931  -34.054 694.0000000000
12773  28.962  -43.240  -16.176 697.0000000000
37033  11.228  -40.775  35.714 704.0000000000
36835  56.668  -45.420  -27.175 708.0000000000
1340  38.518  -35.463  33.741 712.0000000000
38190  7.792  -33.100  -14.421 718.0000000000
15629  47.124  -7.497  -26.513 720.0000000000
38189  43.969  16.042  29.424 722.0000000000
4052  9.250  64.388  -21.944 724.0000000000
4051  8.878  64.979  -20.568 726.0000000000
24040  37.870  -14.729  26.305 728.0000000000
6271  45.007  40.578  1.440 729.0000000000
3467  23.470  43.208  -40.513 734.0000000000
3222  1.074  9.362  8.440 735.0000000000
3834  2.896  -1.319  13.870 736.0000000000
6833  26.108  64.046  6.582 737.0000000000
3998  23.167  81.799  -35.121 740.0000000000
3961  28.805  77.031  -16.446 742.0000000000
5476  22.213  -85.211  -8.186 747.0000000000
6887  8.091  15.439  55.348 749.0000000000
8920  61.752  12.373  -0.542 750.0000000000
10849  52.636  -28.402  -45.887 751.0000000000
12792  51.645  23.523  0.087 759.0000000000
92  42.827  -69.978  -35.292 765.0000000000
91  43.048  -70.915  -33.155 770.0000000000
1341  50.126  -26.028  -41.013 774.0000000000
14975  9.623  -69.748  13.370 778.0000000000
6240  55.938  -57.079  -17.311 787.0000000000
6270  43.279  40.077  1.752 791.0000000000
4053  14.771  -78.049  -13.554 792.0000000000
6994  17.969  -49.099  -13.031 796.0000000000
3220  4.441  64.261  -16.256 803.0000000000
3934  46.062  54.883  -39.097 807.0000000000
4384  47.987  16.205  -15.575 808.0000000000
4525  7.544  67.534  -16.543 815.0000000000
5499  1.250  11.915  5.182 817.0000000000
5524  56.044  -48.382  -16.451 821.0000000000
6832  23.508  48.426  -31.113 822.0000000000
8921  58.772  12.554  2.110 825.0000000000
12682  31.902  26.593  -66.049 829.0000000000
90  42.019  -70.196  -36.218 840.0000000000
1342  51.668  -25.814  -42.463 846.0000000000
14999  61.734  -12.123  -36.340 854.0000000000
15684  51.182  -60.576  3.532 856.0000000000
6238  19.612  -58.425  8.505 858.0000000000
18402  38.414  59.848  -14.420 866.0000000000
6965  46.559  -16.234  31.891 867.0000000000
6239  11.046  -74.068  16.050 873.0000000000
14246  3.947  -47.146  -7.364 877.0000000000
14245  43.041  1.109  -49.842 878.0000000000
15638  14.960  -19.517  -18.890 879.0000000000
16006  13.087  -71.151  9.093 881.0000000000
16082  53.925  -51.796  -21.239 882.0000000000
3221  0.913  10.349  8.130 885.0000000000
3872  14.473  34.825  47.953 888.0000000000
4610  27.552  8.998  37.263 892.0000000000
14375  46.060  2.670  42.870 894.0000000000
18970  32.384  -62.188  -32.765 895.0000000000
10848  6.229  -16.697  56.028 908.0000000000
10847  6.659  -16.642  57.125 910.0000000000
12772  2.292  54.862  -46.890 916.0000000000
23616  58.856  -11.056  16.633 918.0000000000
13059  3.159  16.148  -27.769 920.0000000000
14465  8.904  25.310  53.215 926.0000000000
15630  47.945  -6.450  -27.857 932.0000000000
15701  61.923  1.494  -28.464 934.0000000000
16079  6.227  87.124  -27.460 937.0000000000
16282  19.363  84.823  -9.831 939.0000000000
26652  46.443  4.169  -14.093 943.0000000000
16842  8.352  -13.204  -10.611 946.0000000000
18007  53.204  -29.162  19.456 947.0000000000
18476  37.958  -50.064  -33.936 951.0000000000
27173  15.532  -36.295  41.836 954.0000000000
30063  45.535  68.565  -22.289 964.0000000000
16047  54.573  -52.912  -22.489 970.0000000000
17774  25.546  -72.665  14.098 974.0000000000
20480  53.603  1.318  -3.108 981.0000000000
20971  49.532  63.393  -8.515 984.0000000000
21651  69.280  -4.261  3.576 985.0000000000
21685  10.314  -34.068  13.071 986.0000000000
23550  11.006  -1.125  21.915 991.0000000000
24518  39.180  27.703  25.784 997.0000000000
25031  28.002  -50.546  -35.158 1001.0000000000
32773  25.105  -43.041  45.942 1014.0000000000
27849  29.445  -50.774  43.655 1030.0000000000
29072  15.473  -14.765  -30.572 1037.0000000000
20223  63.006  -37.002  -4.820 1045.0000000000
34763  33.350  -0.550  -54.384 1046.0000000000
26811  37.907  -35.449  36.306 1055.0000000000
26726  47.395  -44.334  -15.423 1057.0000000000
28309  51.658  18.221  -42.470 1059.0000000000
28573  53.341  44.064  -27.448 1060.0000000000
28595  21.965  -40.055  1.907 1061.0000000000
36532  9.626  -30.660  26.634 1062.0000000000
36872  49.474  -14.314  -42.618 1067.0000000000
29048  2.672  59.168  -7.397 1068.0000000000
29363  67.930  -8.681  2.996 1070.0000000000
29455  45.152  -10.051  -45.074 1071.0000000000
30371  48.514  58.048  -8.140 1074.0000000000
30410  18.128  78.250  11.326 1076.0000000000
37934  0.968  8.160  8.103 1080.0000000000
31571  52.796  -12.210  -3.610 1082.0000000000
38426  5.219  -38.833  38.458 1086.0000000000
32237  56.482  -45.083  -27.969 1087.0000000000
33307  13.019  -78.748  -16.160 1095.0000000000
40469  47.355  -4.829  -44.815 1099.0000000000
33625  15.931  79.010  0.715 1101.0000000000
33660  4.061  69.900  -25.690 1103.0000000000
12573  57.374  -0.322  -42.035 1107.0000000000
34957  8.846  -61.580  -25.241 1116.0000000000
34986  20.392  -80.083  5.597 1118.0000000000
35784  37.290  -49.528  36.514 1124.0000000000
35826  6.113  -59.622  -28.912 1127.0000000000
13857  21.187  23.986  -66.310 1134.0000000000
21135  6.551  7.209  54.982 1141.0000000000
36879  20.521  -53.651  8.825 1143.0000000000
37131  3.517  -57.440  22.926 1144.0000000000
37278  46.249  39.751  -38.196 1146.0000000000
37292  23.088  -47.583  45.539 1147.0000000000
37270  35.813  -55.970  16.123 1150.0000000000
3337  34.644  10.244  -67.736 1152.0000000000
4368  44.995  5.736  -52.981 1155.0000000000
37420  3.866  -5.846  47.680 1156.0000000000
6482  25.338  22.000  39.083 1159.0000000000
37747  35.811  30.518  -7.142 1161.0000000000
6570  54.187  -39.981  3.281 1166.0000000000
7681  41.583  48.398  -34.180 1171.0000000000
8665  37.883  54.723  -29.572 1173.0000000000
8664  37.239  54.191  -28.440 1181.0000000000
39965  11.738  -80.285  -7.757 1184.0000000000
11390  13.856  -29.553  58.940 1187.0000000000
12617  44.420  68.885  -33.706 1194.0000000000
12572  58.302  -1.132  -42.003 1200.0000000000
14493  64.498  -18.922  -17.181 1215.0000000000
14594  56.702  -44.330  -15.776 1217.0000000000
16295  45.245  71.097  -31.171 1222.0000000000
14474  22.497  -42.530  -4.278 1225.0000000000
16978  44.570  -0.504  -52.362 1227.0000000000
16293  8.195  -15.030  -11.640 1228.0000000000
31351  15.382  -23.572  52.354 1232.0000000000
1808  46.660  -40.780  -25.098 1233.0000000000
3336  35.539  9.078  -66.759 1234.0000000000
3391  66.012  -31.175  10.923 1237.0000000000
3485  59.513  45.979  -14.577 1238.0000000000
4370  45.769  60.357  -1.690 1240.0000000000
3335  25.397  -76.486  7.352 1242.0000000000
5736  9.941  77.586  -17.747 1246.0000000000
6483  54.749  47.204  3.381 1253.0000000000
7279  6.575  -14.125  27.234 1260.0000000000
7657  41.936  -16.707  32.622 1262.0000000000
11391  15.355  -31.544  58.391 1281.0000000000
14476  65.673  -18.207  -17.382 1289.0000000000
15862  45.825  17.725  -8.532 1296.0000000000
14475  65.878  -19.766  -16.185 1303.0000000000
14572  3.463  -65.678  0.144 1305.0000000000
16294  7.350  -16.344  -11.695 1312.0000000000
17073  66.634  -13.907  -36.899 1316.0000000000
4369  68.539  -21.625  13.179 1317.0000000000
5004  25.903  76.015  -18.463 1319.0000000000
3541  56.439  -20.667  -17.119 1321.0000000000
4949  50.601  38.798  7.392 1322.0000000000
15100  42.040  -15.223  2.380 1326.0000000000
5737  57.480  9.422  -50.551 1327.0000000000
17381  39.895  -8.458  -0.279 1330.0000000000
6524  5.069  73.093  -7.127 1331.0000000000
8131  43.293  -13.601  23.032 1338.0000000000
8132  30.213  -76.237  4.589 1340.0000000000
18554  4.518  43.490  -2.298 1343.0000000000
19538  29.408  39.256  -43.638 1349.0000000000
12691  51.046  -54.390  -35.682 1353.0000000000
12574  36.456  18.311  -4.939 1358.0000000000
12644  21.119  83.792  1.385 1360.0000000000
12598  29.401  41.000  39.496 1366.0000000000
13876  45.005  40.388  -9.791 1368.0000000000
16422  7.601  -9.828  -18.238 1375.0000000000
16979  25.984  11.088  -40.032 1381.0000000000
23966  48.416  31.785  12.574 1390.0000000000
16189  34.260  66.616  -36.268 1395.0000000000
16297  51.889  -48.193  19.102 1397.0000000000
16239  10.063  -68.558  -16.650 1398.0000000000
30526  8.044  -48.993  38.987 1399.0000000000
17395  24.666  -29.517  -35.647 1401.0000000000
34488  18.551  -80.571  -35.075 1406.0000000000
18118  3.393  -0.485  30.287 1409.0000000000
35271  40.681  41.404  -56.176 1412.0000000000
35328  60.733  -32.185  -15.673 1414.0000000000
35912  7.905  -57.976  -30.006 1421.0000000000
36098  47.694  39.318  -49.795 1423.0000000000
21820  4.083  -39.760  -8.914 1433.0000000000
37105  48.737  -58.445  -34.574 1438.0000000000
19307  43.859  -4.160  -51.400 1445.0000000000
24692  31.891  -57.902  33.922 1448.0000000000
26145  15.405  -30.088  15.066 1452.0000000000
26188  56.279  -30.844  16.739 1454.0000000000
21880  39.119  -3.941  -35.549 1463.0000000000
7340  38.774  40.575  -20.634 1468.0000000000
7342  39.446  80.012  -22.645 1472.0000000000
35869  68.383  -10.398  -42.053 1474.0000000000
43634  26.923  46.075  39.101 1477.0000000000
36983  30.412  40.391  -52.218 1483.0000000000
36984  3.451  53.474  34.596 1484.0000000000
17741  13.031  -64.020  -34.844 1496.0000000000
17772  2.914  -9.416  25.573 1498.0000000000
20660  4.358  63.373  -46.330 1507.0000000000
20695  18.722  78.097  -25.733 1510.0000000000
20749  48.485  7.976  -18.801 1513.0000000000
7341  39.136  40.117  -21.758 1518.0000000000
10375  19.375  33.386  47.850 1521.0000000000
12236  6.281  -5.444  8.898 1524.0000000000
12294  44.413  18.013  35.677 1528.0000000000
17740  69.996  -29.183  -22.439 1530.0000000000
19306  28.494  -74.913  -15.701 1536.0000000000
19305  55.807  -12.701  14.212 1537.0000000000
20150  33.736  26.962  44.329 1540.0000000000
38385  42.438  33.118  -17.264 1542.0000000000
20659  3.455  62.836  -45.045 1544.0000000000
20728  3.053  -37.335  30.382 1548.0000000000
21844  35.369  51.973  17.680 1551.0000000000
23481  35.878  -68.427  6.890 1553.0000000000
10374  57.910  -6.877  -5.824 1555.0000000000
12237  46.486  -1.410  40.050 1557.0000000000
21988  11.111  53.316  -43.773 1559.0000000000
17742  15.493  -64.478  -35.485 1563.0000000000
20661  51.225  -36.525  -36.349 1581.0000000000
40309  55.732  51.174  -0.047 1591.0000000000
25393  62.390  -24.469  -40.518 1593.0000000000
21987  7.267  -36.298  -13.586 1596.0000000000
35489  53.281  -55.482  11.512 1601.0000000000
37427  7.857  -23.946  -12.757 1603.0000000000
38067  2.581  80.443  -20.947 1608.0000000000
20149  57.863  12.942  -36.189 1612.0000000000
38380  7.101  30.305  20.361 1616.0000000000
38454  46.016  51.468  -2.886 1618.0000000000
38785  57.522  30.512  -18.752 1621.0000000000
402  9.421  -57.743  15.188 1623.0000000000
39450  50.727  -60.946  -31.813 1626.0000000000
3584  51.490  -45.053  12.116 1631.0000000000
8633  7.686  -25.829  53.329 1634.0000000000
5089  5.790  -23.061  56.212 1636.0000000000
39531  22.958  -44.088  3.511 1641.0000000000
42739  38.264  -63.260  -35.531 1644.0000000000
40232  26.897  38.297  28.572 1646.0000000000
41726  55.115  -24.849  1.133 1649.0000000000
42047  42.053  26.863  4.087 1654.0000000000
23697  3.976  0.420  -2.984 1656.0000000000
403  7.802  -56.957  12.748 1667.0000000000
5031  13.453  -57.862  16.357 1677.0000000000
40754  57.216  28.637  -42.412 1681.0000000000
17143  13.809  -2.358  18.601 1684.0000000000
43338  11.214  46.255  43.866 1686.0000000000
17631  57.399  7.015  -12.319 1688.0000000000
18707  18.546  -18.734  25.194 1691.0000000000
21994  12.919  -9.570  21.372 1693.0000000000
24434  10.581  13.528  -34.503 1701.0000000000
401  4.940  -5.251  25.517 1705.0000000000
3585  55.155  35.093  21.580 1714.0000000000
8100  57.282  -51.562  3.076 1718.0000000000
8015  17.372  -45.517  51.369 1719.0000000000
8016  19.412  -45.264  51.096 1720.0000000000
5030  7.262  49.799  -47.745 1723.0000000000
8017  10.823  -74.294  13.208 1728.0000000000
8053  53.678  36.211  12.854 1729.0000000000
9919  68.554  -25.065  -29.025 1732.0000000000
17144  14.825  -4.049  18.682 1734.0000000000
17630  47.075  -58.747  -3.625 1735.0000000000
17142  40.191  28.095  -40.019 1736.0000000000
18735  22.347  12.913  -64.821 1741.0000000000
20979  61.252  -20.996  18.789 1744.0000000000
22043  50.496  -8.664  -3.045 1746.0000000000
20649  40.367  -74.404  -13.018 1750.0000000000
23717  6.895  72.889  -46.241 1752.0000000000
24435  26.206  -25.361  -38.093 1756.0000000000
24477  44.681  -64.144  -4.082 1757.0000000000
2653  40.265  35.949  10.128 1761.0000000000
27828  46.127  -61.638  -14.240 1772.0000000000
27360  44.238  -40.056  -13.371 1774.0000000000
28968  26.934  -26.954  44.596 1778.0000000000
8183  37.749  53.928  20.453 1782.0000000000
9892  42.162  -13.565  22.124 1788.0000000000
30338  70.827  -16.183  -16.858 1789.0000000000
10578  16.144  -77.778  10.134 1792.0000000000
17663  12.165  87.902  -4.321 1795.0000000000
17701  19.587  64.502  -39.445 1796.0000000000
17813  60.481  13.545  14.285 1798.0000000000
17632  50.804  15.308  -49.108 1799.0000000000
25187  22.785  -71.038  -31.573 1802.0000000000
18758  34.251  -62.887  11.716 1805.0000000000
18807  45.413  8.038  44.107 1806.0000000000
19226  4.533  35.663  18.024 1808.0000000000
21995  11.738  -9.533  22.577 1809.0000000000
22013  8.258  41.086  46.052 1810.0000000000
28816  35.704  14.245  28.293 1812.0000000000
22831  24.978  -20.394  -35.921 1813.0000000000
23004  64.091  -38.148  12.079 1816.0000000000
19738  34.497  0.794  -36.669 1817.0000000000
23698  11.037  -47.002  36.369 1819.0000000000
28831  35.503  20.171  -5.952 1821.0000000000
20420  37.075  50.393  30.490 1822.0000000000
22444  58.201  14.249  -15.296 1823.0000000000
43557  7.202  -66.050  -14.077 1827.0000000000
25946  70.128  3.425  -11.506 1837.0000000000
27719  51.314  33.766  10.259 1840.0000000000
31510  25.210  -43.774  1.224 1843.0000000000
27720  52.749  33.033  10.126 1846.0000000000
30962  4.373  60.888  17.016 1857.0000000000
30982  63.510  -8.821  11.842 1858.0000000000
34087  30.712  -48.842  37.363 1860.0000000000
44724  57.289  -21.901  -12.045 1861.0000000000
31215  27.486  -82.171  -31.654 1862.0000000000
31258  34.750  30.426  -7.574 1863.0000000000
11624  33.964  -1.503  -47.888 1865.0000000000
11090  4.898  -60.475  3.778 1871.0000000000
11205  29.180  -71.451  11.460 1873.0000000000
27364  39.555  3.013  -38.574 1879.0000000000
26330  61.344  -32.812  -15.153 1881.0000000000
26409  41.282  38.722  -21.521 1885.0000000000
26713  32.817  -10.641  -30.134 1892.0000000000
23017  30.594  70.955  -8.872 1896.0000000000
27650  46.047  61.070  -9.837 1900.0000000000
28502  3.268  -16.051  38.223 1908.0000000000
28762  67.916  12.526  -20.190 1911.0000000000
30455  61.139  -43.574  5.684 1916.0000000000
29871  58.794  16.662  -10.692 1918.0000000000
29872  25.561  46.655  23.473 1920.0000000000
29909  46.099  -43.378  -15.087 1921.0000000000
29203  19.954  -38.500  -0.351 1924.0000000000
30272  6.717  -61.339  -10.916 1926.0000000000
29870  4.577  9.870  50.512 1933.0000000000
30250  7.242  23.843  26.132 1935.0000000000
30262  29.302  -33.668  53.020 1940.0000000000
30887  42.045  43.108  -47.231 1941.0000000000
30931  11.744  -42.166  -0.195 1942.0000000000
31420  26.655  46.395  -35.664 1946.0000000000
32014  3.515  -6.881  47.521 1953.0000000000
19969  59.999  23.057  -49.658 1958.0000000000
33779  52.567  -5.914  -50.482 1960.0000000000
23232  70.499  -14.576  -17.978 1961.0000000000
37571  35.924  7.215  -64.473 1967.0000000000
24059  38.883  25.679  -58.522 1970.0000000000
24289  14.237  -11.164  -23.793 1974.0000000000
9716  3.792  23.024  32.381 1979.0000000000
26358  27.797  17.441  38.782 1980.0000000000
26771  16.591  72.024  22.227 1983.0000000000
27365  39.449  3.456  -37.834 1985.0000000000
11103  52.326  17.470  -19.855 1986.0000000000
11551  23.933  62.250  18.141 1988.0000000000
28445  49.220  68.152  -21.052 1995.0000000000
13506  62.236  6.201  -45.998 1997.0000000000
13569  4.305  75.270  16.207 2000.0000000000
28503  47.104  12.923  40.831 2002.0000000000
15308  11.589  -34.041  -22.374 2005.0000000000
15507  39.154  12.975  -5.606 2011.0000000000
14730  24.315  50.055  -33.832 2014.0000000000
29226  38.606  -0.024  20.544 2015.0000000000
16791  62.228  -7.955  1.290 2017.0000000000
29542  30.187  -16.286  -26.352 2019.0000000000
30445  45.615  39.660  8.714 2020.0000000000
17313  48.950  21.252  -25.545 2022.0000000000
15459  7.874  -44.396  41.710 2026.0000000000
43903  44.275  -66.657  -16.152 2027.0000000000
17314  43.999  5.277  -2.577 2030.0000000000
18304  9.136  -46.255  36.889 2031.0000000000
18914  60.177  -46.012  -10.147 2033.0000000000
23254  45.217  -6.027  -5.151 2041.0000000000
8492  39.850  69.586  -19.294 2052.0000000000
9640  32.116  8.998  -36.438 2053.0000000000
9091  23.027  -39.901  38.453 2057.0000000000
9641  56.852  -43.178  -33.371 2059.0000000000
9642  22.132  18.638  -60.406 2060.0000000000
9690  29.531  3.648  -42.358 2061.0000000000
9826  41.379  58.210  -10.355 2066.0000000000
12905  64.957  -23.014  24.271 2068.0000000000
11102  51.615  18.198  -20.838 2070.0000000000
11503  37.989  23.543  -66.349 2072.0000000000
13568  1.773  53.676  -31.434 2075.0000000000
11668  1.607  22.437  4.348 2076.0000000000
14729  31.134  73.758  -7.916 2078.0000000000
12963  4.057  12.168  29.187 2079.0000000000
15458  7.062  -44.305  43.480 2085.0000000000
14747  5.041  55.841  36.288 2088.0000000000
15307  45.463  69.606  -23.258 2090.0000000000
16792  22.686  25.464  50.866 2094.0000000000
17372  43.348  -0.513  -20.766 2099.0000000000
16731  44.782  -23.904  45.420 2105.0000000000
17315  56.932  -17.122  -14.171 2111.0000000000
21678  3.906  -4.652  -18.771 2120.0000000000
37472  22.277  10.025  45.272 2124.0000000000
37484  23.775  61.571  29.815 2125.0000000000
37502  50.473  -64.796  -16.765 2126.0000000000
24057  24.914  -21.584  38.408 2129.0000000000
24058  40.292  24.163  -58.711 2131.0000000000
24646  1.592  22.239  -7.702 2133.0000000000
8433  12.707  -23.768  48.747 2134.0000000000
9092  42.871  18.596  38.803 2136.0000000000
9827  32.644  31.596  -46.481 2141.0000000000
31873  8.430  -21.973  26.966 2143.0000000000
12906  57.718  -46.179  -27.991 2144.0000000000
10984  14.847  -23.976  46.055 2145.0000000000
31945  4.832  68.645  -18.234 2146.0000000000
11479  23.222  -49.586  -14.208 2147.0000000000
32042  1.963  36.078  -41.144 2155.0000000000
13900  55.515  6.529  23.657 2160.0000000000
33072  46.272  6.028  -4.596 2165.0000000000
17691  6.207  -70.367  -16.150 2170.0000000000
17690  2.565  -29.879  34.530 2171.0000000000
34370  46.771  12.519  -66.795 2176.0000000000
18366  23.503  46.877  -41.625 2179.0000000000
18412  31.058  -24.861  20.877 2181.0000000000
18451  63.179  23.751  -15.158 2182.0000000000
18305  29.008  11.024  27.426 2186.0000000000
19970  36.782  12.985  34.824 2189.0000000000
21679  50.408  -43.323  -40.316 2190.0000000000
23231  71.264  -15.659  -17.524 2194.0000000000
24288  2.632  42.364  24.519 2209.0000000000
30025  11.404  88.088  -26.294 2211.0000000000
11915  4.604  63.795  -7.678 2214.0000000000
13511  52.493  -38.312  -32.798 2217.0000000000
32230  2.892  69.676  -30.109 2221.0000000000
31270  45.734  -63.975  -3.823 2222.0000000000
13790  65.314  -22.439  16.565 2225.0000000000
13811  5.894  -48.306  -7.076 2227.0000000000
33333  15.593  40.052  42.516 2232.0000000000
21193  51.901  9.680  -48.651 2244.0000000000
18894  32.133  -78.001  -34.445 2245.0000000000
35233  59.686  -29.090  6.103 2247.0000000000
19447  40.798  -1.092  -3.431 2252.0000000000
19484  26.847  3.705  -33.784 2253.0000000000
21194  26.838  -69.159  9.185 2257.0000000000
22219  32.365  -8.678  -38.829 2259.0000000000
25648  53.620  -39.249  -37.988 2270.0000000000
24697  3.462  -17.216  41.507 2272.0000000000
24698  61.219  -14.521  -20.056 2273.0000000000
25959  16.607  29.603  43.981 2276.0000000000
27344  36.500  -14.140  23.933 2280.0000000000
11280  27.502  -84.054  -18.867 2282.0000000000
11914  36.381  -51.029  -36.005 2283.0000000000
12636  33.612  -76.173  -0.248 2288.0000000000
12437  18.440  47.200  -43.965 2289.0000000000
13440  3.580  57.011  -48.559 2291.0000000000
13899  54.926  5.805  24.116 2296.0000000000
13901  52.925  4.307  22.991 2298.0000000000
13439  22.328  -44.257  -30.256 2301.0000000000
13810  3.827  62.729  28.896 2302.0000000000
16141  72.099  -19.442  -18.268 2304.0000000000
16805  2.232  10.653  -6.133 2307.0000000000
16804  36.503  -76.850  -27.539 2309.0000000000
18935  43.366  0.795  -22.831 2319.0000000000
18972  64.886  -37.296  -22.828 2320.0000000000
19367  38.371  21.689  -7.152 2322.0000000000
19525  18.655  -64.716  -36.140 2327.0000000000
22271  26.796  86.343  -16.066 2333.0000000000
22780  15.857  -42.548  52.740 2336.0000000000
23652  3.839  42.554  -1.054 2340.0000000000
40040  48.989  58.704  -2.773 2353.0000000000
27484  4.416  -10.895  8.430 2359.0000000000
27355  29.888  -54.688  24.460 2360.0000000000
11916  2.864  -37.278  -0.576 2362.0000000000
1907  53.933  39.251  8.252 2365.0000000000
13512  52.013  -37.948  -35.166 2368.0000000000
12637  43.500  72.625  -5.279 2369.0000000000
16123  42.586  -16.844  27.914 2375.0000000000
16803  61.022  24.918  -44.015 2379.0000000000
14376  8.242  -15.467  -7.326 2382.0000000000
21195  45.055  65.070  4.035 2386.0000000000
18893  38.334  -7.102  -30.465 2388.0000000000
18954  13.101  -28.944  19.463 2390.0000000000
19350  31.126  14.480  35.632 2392.0000000000
19430  21.982  -41.949  -9.402 2394.0000000000
19471  12.137  62.104  -44.571 2395.0000000000
35168  27.628  -40.874  38.748 2399.0000000000
35431  22.901  15.914  -67.538 2403.0000000000
8973  27.346  59.871  3.225 2408.0000000000
36946  59.449  -33.278  -6.047 2411.0000000000
22220  32.350  -10.553  -37.600 2415.0000000000
14156  58.940  8.790  25.210 2417.0000000000
23289  36.340  -73.009  -4.821 2420.0000000000
39249  15.395  38.556  41.952 2427.0000000000
25649  25.420  17.671  -58.583 2430.0000000000
24699  60.217  -17.484  -18.457 2431.0000000000
25943  2.883  61.314  -47.459 2432.0000000000
39688  53.802  -47.385  18.233 2436.0000000000
39687  28.186  -32.241  53.349 2439.0000000000
40029  22.542  -51.557  1.650 2444.0000000000
27345  34.082  -55.110  23.846 2447.0000000000
15968  20.137  6.400  -51.481 2449.0000000000
40644  50.986  39.330  -23.696 2450.0000000000
40670  40.076  -13.124  26.244 2452.0000000000
40695  35.215  -67.521  6.018 2454.0000000000
34093  59.428  -31.057  31.160 2461.0000000000
1908  48.594  -23.352  32.387 2464.0000000000
34517  2.786  -3.618  23.369 2466.0000000000
3658  33.249  30.882  -61.193 2472.0000000000
34823  11.710  -25.326  -23.386 2474.0000000000
4708  14.529  -49.175  -12.392 2476.0000000000
4222  21.992  -52.784  -15.014 2479.0000000000
5617  2.845  -11.642  32.149 2483.0000000000
6742  27.783  42.719  -42.367 2489.0000000000
37130  65.581  13.643  -44.177 2492.0000000000
2713  34.400  -61.409  28.965 2494.0000000000
37771  56.362  -25.413  -41.858 2503.0000000000
38496  7.570  -65.035  22.576 2506.0000000000
9729  38.755  32.992  40.960 2508.0000000000
12383  30.985  -73.717  9.159 2511.0000000000
9870  18.469  -42.768  11.230 2513.0000000000
15424  21.678  -72.671  5.682 2517.0000000000
14567  8.528  57.659  36.891 2518.0000000000
40822  36.722  -16.617  50.518 2532.0000000000
17756  14.267  48.622  -38.778 2541.0000000000
42646  54.925  -45.849  -5.562 2546.0000000000
17703  61.806  -33.218  20.200 2548.0000000000
20327  19.707  -40.576  -7.923 2550.0000000000
17916  4.292  -17.753  -11.767 2553.0000000000
20553  34.498  -64.471  -6.653 2555.0000000000
2007  40.353  -68.057  -1.781 2558.0000000000
2009  25.349  45.072  25.134 2559.0000000000
1906  55.062  37.608  9.647 2561.0000000000
4134  34.938  -49.241  10.671 2564.0000000000
5534  11.710  -79.889  -15.120 2571.0000000000
6080  47.977  -21.452  -9.609 2575.0000000000
6277  69.928  1.074  -8.715 2576.0000000000
6278  40.355  18.613  42.347 2577.0000000000
4707  47.786  -17.657  35.173 2583.0000000000
6279  45.769  -48.661  -15.432 2587.0000000000
6335  7.304  -72.526  -16.404 2588.0000000000
6898  46.149  -0.142  -43.919 2592.0000000000
9042  60.864  40.827  -5.135 2594.0000000000
11293  17.112  -42.857  10.783 2595.0000000000
9662  41.539  23.543  -63.926 2599.0000000000
12334  28.780  71.784  -3.869 2603.0000000000
12776  43.848  58.079  15.603 2605.0000000000
11951  50.264  18.767  -40.071 2611.0000000000
15970  12.565  85.718  -29.592 2622.0000000000
15969  33.123  -9.377  -31.860 2625.0000000000
17757  49.999  64.475  -4.264 2630.0000000000
41541  15.190  -25.726  60.003 2633.0000000000
20552  39.237  26.932  -62.940 2636.0000000000
17702  17.670  67.909  -40.195 2639.0000000000
20343  30.232  79.816  -14.815 2641.0000000000
3592  52.010  -12.975  -2.943 2647.0000000000
3  16.115  -41.662  -6.103 2648.0000000000
1109  57.905  -38.386  -42.418 2650.0000000000
5512  3.859  -38.808  18.525 2654.0000000000
5593  28.206  -41.096  45.532 2656.0000000000
2714  33.248  -61.667  29.385 2661.0000000000
2895  10.154  -23.946  57.746 2663.0000000000
5520  2.634  10.904  -18.586 2664.0000000000
9758  40.961  13.465  -2.576 2671.0000000000
10319  40.800  24.479  5.166 2672.0000000000
9871  18.986  -43.819  11.471 2679.0000000000
14155  34.740  80.953  -19.965 2682.0000000000
10345  49.173  -41.924  -26.574 2683.0000000000
14664  60.903  -0.770  -43.017 2687.0000000000
14436  29.565  -22.085  -29.028 2688.0000000000
14437  22.467  -41.622  -4.442 2690.0000000000
12858  68.705  -7.387  6.958 2691.0000000000
14435  52.154  5.252  -10.622 2697.0000000000
17758  25.247  50.887  36.594 2708.0000000000
19683  7.430  -27.573  -0.711 2718.0000000000
17898  12.051  -62.797  -34.213 2720.0000000000
20551  33.542  -4.163  -51.117 2724.0000000000
78  16.045  -75.803  -32.521 2726.0000000000
2847  40.661  -17.097  34.163 2729.0000000000
4  14.328  -42.102  -5.501 2730.0000000000
1110  59.207  -37.381  -42.630 2733.0000000000
3109  13.362  -19.361  33.016 2735.0000000000
3892  15.151  87.127  -11.953 2746.0000000000
9848  7.796  40.905  -46.060 2751.0000000000
6130  52.627  38.355  -13.636 2756.0000000000
9739  23.539  -29.961  41.787 2757.0000000000
9775  57.895  -49.168  -5.108 2758.0000000000
10318  33.345  -17.150  28.966 2762.0000000000
13967  19.015  -33.199  56.059 2766.0000000000
15796  31.865  -1.565  -51.110 2775.0000000000
13968  10.045  45.116  6.097 2776.0000000000
16241  39.351  54.511  -7.438 2780.0000000000
14458  37.011  -18.981  -46.225 2783.0000000000
17332  41.851  1.907  -1.200 2785.0000000000
17333  3.021  34.114  5.864 2790.0000000000
17704  3.694  -36.748  -7.034 2791.0000000000
20119  50.184  7.951  -33.686 2793.0000000000
41545  56.162  55.297  -25.315 2797.0000000000
42060  23.383  -27.710  54.651 2798.0000000000
18432  11.573  62.367  -40.186 2800.0000000000
20008  55.257  6.787  -8.974 2803.0000000000
21965  8.675  -29.868  18.859 2810.0000000000
2848  41.688  -18.122  36.148 2816.0000000000
5  12.950  -42.576  -6.147 2817.0000000000
3011  52.110  -37.112  -42.416 2819.0000000000
3039  8.444  50.348  -26.216 2820.0000000000
2896  39.012  -10.217  -29.544 2823.0000000000
33194  7.100  -49.382  40.710 2824.0000000000
5519  2.742  9.817  -19.805 2826.0000000000
5426  32.899  -66.084  8.934 2829.0000000000
9847  6.260  -33.365  30.536 2831.0000000000
34558  27.897  -81.451  -5.359 2842.0000000000
14546  37.493  -57.294  27.218 2846.0000000000
33725  24.734  -47.498  -32.037 2847.0000000000
15795  17.911  -58.471  8.020 2854.0000000000
16132  69.917  7.342  -30.849 2856.0000000000
16219  55.701  42.455  -10.688 2858.0000000000
16299  45.259  -21.161  24.392 2860.0000000000
36812  31.678  -53.360  18.869 2863.0000000000
38268  62.746  -32.876  18.063 2867.0000000000
38296  58.878  -30.662  -4.323 2869.0000000000
38333  6.401  -54.598  8.715 2871.0000000000
18433  20.777  22.587  -41.652 2876.0000000000
19406  17.211  -12.199  41.197 2885.0000000000
20085  18.492  30.616  47.239 2888.0000000000
20153  34.704  41.494  -21.058 2890.0000000000
2561  28.088  -41.651  49.452 2899.0000000000
33104  9.050  -32.960  10.846 2903.0000000000
33133  6.746  76.165  -3.183 2904.0000000000
33085  2.488  54.471  14.990 2906.0000000000
43606  67.442  -30.220  -15.963 2907.0000000000
43614  61.026  30.516  0.586 2908.0000000000
9580  46.422  46.848  -20.215 2910.0000000000
33612  56.622  22.483  -55.401 2913.0000000000
9652  12.003  -23.113  -25.270 2914.0000000000
33682  47.804  40.560  -47.113 2916.0000000000
34503  61.324  32.384  -7.849 2918.0000000000
10471  53.559  -36.657  -0.944 2920.0000000000
14327  26.826  31.778  39.130 2928.0000000000
38072  5.767  -4.403  8.833 2931.0000000000
38492  33.617  -54.411  7.061 2934.0000000000
13788  3.609  -27.032  0.951 2938.0000000000
16103  60.858  -18.311  -13.283 2939.0000000000
16178  19.966  -44.144  7.703 2943.0000000000
15986  27.454  -8.548  -30.746 2949.0000000000
17830  69.463  0.832  -1.227 2950.0000000000
19463  31.657  -57.220  -36.972 2957.0000000000
19744  3.995  -23.621  -10.695 2962.0000000000
20542  70.391  -4.008  -19.698 2966.0000000000
21134  40.710  38.326  -13.341 2967.0000000000
2559  29.405  78.534  -14.448 2971.0000000000
2560  3.584  -37.264  32.333 2975.0000000000
9832  35.063  12.793  32.070 2976.0000000000
29785  38.258  13.530  35.528 2977.0000000000
9579  23.054  32.322  -54.497 2978.0000000000
9578  40.215  -39.967  40.049 2984.0000000000
9833  33.745  12.011  33.201 2987.0000000000
10470  3.943  71.103  -4.731 2988.0000000000
11823  33.909  53.299  28.540 2992.0000000000
12459  2.785  -33.652  20.599 2993.0000000000
14877  41.973  -51.075  -38.523 2999.0000000000
12868  46.932  -68.199  -13.555 3001.0000000000
14750  47.305  33.991  -54.163 3003.0000000000
16718  52.384  -9.123  23.580 3011.0000000000
16798  1.703  10.913  -4.726 3013.0000000000
14878  70.954  -20.713  -7.434 3015.0000000000
16121  57.801  -2.921  -21.500 3017.0000000000
18440  52.190  42.715  19.511 3021.0000000000
11657  40.307  58.124  -10.891 3024.0000000000
20490  13.137  -17.529  -17.822 3031.0000000000
9834  55.342  1.471  -25.671 3048.0000000000
29794  44.969  -37.877  37.675 3049.0000000000
11850  33.105  52.648  29.178 3053.0000000000
14326  27.979  34.216  40.070 3057.0000000000
14223  16.653  88.021  -23.640 3060.0000000000
31579  30.078  -36.594  -36.686 3061.0000000000
16102  24.130  -35.924  -16.984 3063.0000000000
16625  31.597  -20.449  43.185 3067.0000000000
16702  25.473  -73.701  4.949 3069.0000000000
16734  30.223  55.966  29.312 3070.0000000000
16799  1.901  8.952  -3.954 3072.0000000000
16005  53.900  31.194  -45.963 3075.0000000000
5198  32.647  -33.262  -38.599 3076.0000000000
9865  49.929  -4.638  20.697 3083.0000000000
11658  7.714  21.218  34.753 3088.0000000000
19745  47.264  17.331  -66.886 3090.0000000000
20132  57.253  13.505  -36.737 3092.0000000000
20543  71.294  -4.747  -18.141 3094.0000000000
21133  9.106  -57.600  -6.499 3098.0000000000
16183  23.092  -18.021  48.246 3101.0000000000
16938  15.258  -14.932  -22.252 3106.0000000000
29944  49.601  29.901  29.433 3107.0000000000
29955  60.192  42.309  -5.655 3108.0000000000
30547  35.264  76.648  -8.155 3110.0000000000
29978  61.790  -13.327  12.387 3111.0000000000
30601  34.914  -62.492  -7.019 3114.0000000000
31411  38.653  62.720  16.936 3117.0000000000
31811  47.898  28.572  26.587 3120.0000000000
6395  44.533  38.462  6.486 3127.0000000000
7682  42.735  48.325  -34.941 3132.0000000000
6275  3.466  58.025  22.626 3140.0000000000
34058  58.639  41.368  -15.980 3146.0000000000
13583  67.862  -12.950  -34.163 3156.0000000000
14151  52.290  -11.905  5.132 3162.0000000000
1729  55.125  51.267  -24.868 3173.0000000000
28072  27.567  -58.041  -30.975 3175.0000000000
42659  34.509  -50.383  9.068 3176.0000000000
2474  29.955  -7.249  50.159 3177.0000000000
2475  27.728  6.747  32.706 3182.0000000000
1731  51.205  17.018  -39.450 3184.0000000000
5379  32.105  38.099  36.775 3188.0000000000
5774  3.113  -19.782  16.640 3190.0000000000
6274  1.561  39.015  -33.152 3192.0000000000
6973  61.455  38.393  2.260 3195.0000000000
7089  29.589  33.759  -62.796 3197.0000000000
7170  46.803  39.434  5.900 3198.0000000000
7721  22.547  -40.337  -31.414 3201.0000000000
5197  32.377  -30.237  -39.202 3204.0000000000
7169  68.380  -26.463  3.346 3211.0000000000
7698  58.678  -19.755  -46.716 3213.0000000000
7733  50.335  47.660  0.491 3214.0000000000
9866  2.414  39.474  -44.947 3216.0000000000
11623  35.991  -1.786  -47.092 3217.0000000000
12530  44.943  68.250  -34.006 3221.0000000000
14152  5.721  72.101  -24.064 3229.0000000000
14915  55.998  -45.229  -6.852 3232.0000000000
14801  3.420  24.233  -27.632 3235.0000000000
14775  5.136  -48.642  2.060 3237.0000000000
16182  22.239  -17.498  50.345 3249.0000000000
18485  51.080  -12.054  4.239 3252.0000000000
22226  34.621  -9.226  -0.503 3253.0000000000
28071  2.661  70.422  15.881 3255.0000000000
2473  24.432  -18.852  -34.316 3257.0000000000
1730  54.579  50.409  -24.799 3259.0000000000
2508  59.770  12.362  -14.234 3262.0000000000
5773  26.470  -53.468  -31.425 3270.0000000000
6521  35.761  -1.038  24.100 3274.0000000000
7011  68.416  -22.574  12.406 3275.0000000000
10404  5.338  69.724  -18.197 3282.0000000000
10504  31.739  -22.854  51.818 3284.0000000000
10520  4.066  24.412  -19.792 3285.0000000000
9952  41.199  -45.664  -34.498 3287.0000000000
27384  27.351  32.154  30.464 3290.0000000000
5234  10.215  74.669  -16.351 3295.0000000000
13582  11.876  46.254  5.270 3300.0000000000
33093  42.996  42.633  -22.030 3306.0000000000
33737  24.733  -48.454  -32.434 3311.0000000000
15851  62.427  36.054  -5.178 3314.0000000000
18323  11.447  -48.147  -12.187 3316.0000000000
18395  3.852  23.430  44.462 3318.0000000000
18486  51.151  -11.685  1.868 3320.0000000000
22256  32.341  -12.880  -47.280 3330.0000000000
28073  45.693  15.901  28.140 3334.0000000000
28620  59.335  -9.534  -36.213 3339.0000000000
29251  43.460  -19.478  -47.789 3343.0000000000
29472  17.902  67.796  10.010 3346.0000000000
29515  28.723  40.224  27.775 3348.0000000000
29223  28.025  53.751  22.355 3351.0000000000
2844  55.349  19.811  30.687 3355.0000000000
31504  40.305  28.115  29.092 3358.0000000000
4763  35.095  -78.396  -28.676 3361.0000000000
5454  58.773  -47.640  -14.917 3363.0000000000
23848  24.933  41.498  24.864 3366.0000000000
23849  34.099  -14.014  -27.294 3368.0000000000
7509  3.164  -64.893  -23.295 3372.0000000000
7667  46.547  -2.821  43.659 3374.0000000000
5905  10.459  -66.447  -16.139 3376.0000000000
7329  4.105  51.041  -37.641 3378.0000000000
11459  21.429  20.684  -61.002 3382.0000000000
13820  10.237  -45.598  24.922 3385.0000000000
16271  59.986  5.228  -28.249 3390.0000000000
16383  63.310  -27.289  -41.789 3393.0000000000
19054  60.618  -45.513  6.691 3406.0000000000
19055  40.796  11.459  -9.460 3408.0000000000
39712  14.095  -39.434  -15.496 3413.0000000000
39713  8.417  19.399  -30.402 3414.0000000000
39848  36.577  -18.249  -33.968 3415.0000000000
39854  45.281  39.629  -21.180 3417.0000000000
39723  46.088  19.395  -23.165 3419.0000000000
40171  23.832  -58.465  -31.479 3420.0000000000
40354  39.147  14.298  40.472 3422.0000000000
2843  49.673  60.383  -1.698 3425.0000000000
40228  58.101  22.329  -20.120 3427.0000000000
4764  46.842  71.081  -18.691 3428.0000000000
2842  37.887  -68.367  -3.910 3437.0000000000
5453  59.473  -48.590  -14.758 3446.0000000000
7584  32.692  46.811  -17.442 3448.0000000000
7452  37.692  -11.189  -32.026 3455.0000000000
7666  33.371  68.408  8.362 3458.0000000000
15782  15.713  -31.642  14.472 3469.0000000000
16322  26.330  56.549  32.536 3475.0000000000
17653  62.746  0.297  -52.835 3484.0000000000
21358  31.747  -54.099  36.427 3489.0000000000
26193  39.241  -68.887  8.581 3499.0000000000
28731  39.474  -51.166  33.694 3504.0000000000
4765  28.282  11.896  28.161 3512.0000000000
28766  56.659  -15.600  10.648 3514.0000000000
5235  46.181  -30.967  36.596 3517.0000000000
7435  52.045  18.741  -17.878 3521.0000000000
7858  40.463  5.026  48.468 3524.0000000000
5906  50.998  -19.207  -45.884 3525.0000000000
31434  1.478  53.866  -34.623 3528.0000000000
32279  12.313  -58.755  39.916 3529.0000000000
10098  18.706  -48.285  -23.672 3532.0000000000
12785  3.118  21.036  23.739 3537.0000000000
32306  27.434  51.681  -39.417 3539.0000000000
32952  44.923  -46.473  -0.815 3541.0000000000
32355  27.285  50.179  -38.883 3543.0000000000
12784  37.128  9.719  -41.922 3545.0000000000
15781  65.874  -22.841  21.682 3548.0000000000
15852  4.759  50.494  11.644 3550.0000000000
15898  34.975  36.398  -8.401 3551.0000000000
16272  4.012  24.185  49.253 3553.0000000000
2524  3.254  -56.253  -8.445 3560.0000000000
3470  9.832  -39.499  18.684 3564.0000000000
4809  18.922  -48.487  8.776 3568.0000000000
25891  26.617  -21.303  -29.909 3571.0000000000
25940  24.490  72.313  -20.586 3573.0000000000
25892  31.799  29.689  42.218 3575.0000000000
27184  17.416  72.597  19.729 3577.0000000000
27235  59.954  4.154  10.353 3579.0000000000
27154  38.805  -32.667  38.578 3582.0000000000
30096  18.964  13.147  -52.865 3583.0000000000
28730  43.957  42.036  -9.922 3585.0000000000
30149  4.633  43.003  14.463 3594.0000000000
31477  49.377  -20.941  -38.252 3608.0000000000
32271  25.010  30.885  28.153 3610.0000000000
32489  43.554  -58.057  25.476 3617.0000000000
1480  36.186  9.409  -63.505 3623.0000000000
1479  3.396  70.285  8.814 3629.0000000000
1719  20.995  49.320  -42.780 3631.0000000000
3560  19.380  -70.477  -27.246 3640.0000000000
4924  50.472  37.831  8.308 3644.0000000000
20974  24.444  -15.432  53.308 3647.0000000000
20972  47.900  64.881  -9.136 3649.0000000000
21372  41.357  -30.056  47.611 3651.0000000000
23844  42.959  -72.433  -20.249 3657.0000000000
30095  54.621  30.338  20.347 3664.0000000000
25030  41.354  0.622  27.384 3665.0000000000
31397  25.937  -19.019  -32.860 3668.0000000000
26240  62.170  0.140  -43.203 3669.0000000000
32229  4.964  -32.083  50.717 3670.0000000000
31476  23.365  -43.200  51.455 3674.0000000000
32920  63.945  -38.892  -2.805 3680.0000000000
32995  62.003  -4.735  -51.404 3683.0000000000
32994  34.387  -14.912  -34.416 3685.0000000000
45089  38.388  -35.159  26.567 3690.0000000000
29314  27.774  6.048  -31.305 3692.0000000000
26988  22.846  77.887  -36.855 3694.0000000000
2405  23.275  52.359  14.110 3703.0000000000
2523  2.800  -54.937  -8.886 3705.0000000000
4838  35.225  10.910  -68.245 3720.0000000000
5164  65.993  2.470  -5.395 3722.0000000000
21332  46.655  -46.679  -14.889 3729.0000000000
21371  15.742  -58.015  41.566 3731.0000000000
22419  17.070  68.398  23.833 3737.0000000000
24929  5.787  62.248  -45.586 3745.0000000000
26211  49.294  64.641  -22.136 3749.0000000000
27030  9.762  43.870  7.732 3752.0000000000
27105  8.332  73.043  -20.613 3753.0000000000
27431  58.519  -48.162  -30.436 3756.0000000000
27003  56.635  -14.527  13.955 3759.0000000000
27104  12.535  2.588  -39.275 3762.0000000000
27393  15.144  61.762  31.427 3763.0000000000
29171  6.721  76.643  -44.974 3764.0000000000
29348  11.337  -80.160  -23.689 3766.0000000000
1481  36.441  9.396  -65.159 3772.0000000000
1667  4.956  23.630  -33.234 3778.0000000000
2779  11.451  -24.033  58.207 3785.0000000000
3433  22.258  -36.482  -13.779 3787.0000000000
4810  3.037  68.144  9.280 3794.0000000000
5163  63.597  3.686  -6.415 3799.0000000000
5162  45.243  -52.749  -22.300 3800.0000000000
20973  14.466  -47.763  -11.694 3802.0000000000
21395  39.589  -30.173  48.825 3806.0000000000
22451  2.545  60.920  -10.189 3807.0000000000
25029  28.961  9.882  -37.866 3811.0000000000
24930  58.669  -49.297  -28.475 3812.0000000000
25011  12.111  60.275  -46.290 3816.0000000000
35767  47.434  39.254  10.227 3817.0000000000
26239  42.985  60.932  -15.030 3818.0000000000
26222  63.483  21.263  -36.959 3820.0000000000
36808  41.892  -44.420  -34.989 3821.0000000000
37689  42.407  1.166  -3.865 3828.0000000000
29313  27.649  5.426  -31.708 3836.0000000000
38163  43.901  37.618  -37.482 3840.0000000000
38339  6.463  -5.260  8.707 3842.0000000000
1541  18.852  78.125  0.237 3847.0000000000
30903  69.211  -8.766  1.029 3852.0000000000
13816  11.661  -22.167  31.716 3856.0000000000
30992  44.474  -11.909  -2.186 3860.0000000000
39794  17.427  -51.479  13.414 3862.0000000000
34204  3.356  83.652  -8.986 3875.0000000000
42092  4.308  -23.720  4.241 3879.0000000000
2632  13.683  -24.556  58.233 3880.0000000000
34858  3.739  -36.458  5.465 3882.0000000000
2630  2.537  -13.362  51.895 3883.0000000000
5646  39.778  66.054  11.427 3887.0000000000
7638  4.130  52.112  21.764 3894.0000000000
9207  62.015  4.226  27.640 3898.0000000000
37946  58.341  30.728  -14.706 3902.0000000000
9840  12.595  -36.941  49.140 3903.0000000000
11168  14.507  -77.722  10.504 3911.0000000000
38860  53.639  41.999  4.739 3913.0000000000
38399  44.047  -71.580  -28.524 3915.0000000000
13635  8.722  70.809  -24.849 3921.0000000000
14381  10.312  -13.389  -7.583 3926.0000000000
39727  26.535  18.942  38.142 3928.0000000000
15468  11.879  69.965  -26.910 3936.0000000000
16756  15.658  62.773  30.653 3939.0000000000
16780  10.913  80.912  -31.755 3940.0000000000
17008  15.861  -35.568  -27.934 3944.0000000000
31867  30.582  -49.861  33.417 3946.0000000000
17896  3.097  -17.486  8.554 3947.0000000000
2631  56.438  -45.982  -16.355 3952.0000000000
5647  3.495  10.653  -24.623 3955.0000000000
5671  31.579  51.582  -37.457 3956.0000000000
7541  14.914  -25.283  53.032 3959.0000000000
8485  2.973  -30.658  13.512 3961.0000000000
9772  2.208  -8.911  12.098 3967.0000000000
9813  1.820  1.604  7.577 3971.0000000000
10647  47.481  -3.715  -6.159 3974.0000000000
11641  6.205  -8.702  8.723 3977.0000000000
13636  9.159  72.269  -23.746 3978.0000000000
10646  15.525  -73.261  9.380 3980.0000000000
11144  53.223  9.410  32.350 3982.0000000000
12570  31.317  -30.966  28.902 3984.0000000000
15030  2.604  14.496  23.317 3995.0000000000
15581  67.292  13.277  -10.154 3999.0000000000
15469  8.930  74.758  -24.439 4005.0000000000
19454  22.618  -41.950  -11.244 4016.0000000000
7191  33.368  -61.262  18.040 4017.0000000000
7504  56.636  3.244  -7.258 4018.0000000000
7542  48.930  -5.020  19.274 4021.0000000000
30815  20.548  -71.917  -30.850 4022.0000000000
8484  8.935  20.239  38.013 4023.0000000000
9208  63.287  5.712  24.014 4026.0000000000
9771  2.410  -9.174  14.538 4029.0000000000
32086  6.960  -10.417  28.512 4038.0000000000
11678  26.808  -67.215  -37.933 4046.0000000000
32801  28.985  -46.996  -25.920 4050.0000000000
32812  33.291  23.470  44.171 4052.0000000000
13634  68.772  -6.403  4.878 4055.0000000000
13817  36.942  33.735  8.987 4056.0000000000
14382  43.051  58.987  12.857 4059.0000000000
16755  30.934  9.997  -41.688 4069.0000000000
34672  29.744  -21.964  46.854 4073.0000000000
17914  37.462  19.768  17.238 4076.0000000000
17897  15.966  32.245  44.247 4078.0000000000
31702  45.557  -8.476  -46.786 4091.0000000000
712  24.122  23.936  37.239 4094.0000000000
22126  2.761  79.007  -37.394 4097.0000000000
804  34.774  -34.634  21.664 4098.0000000000
32628  29.255  -52.675  19.739 4101.0000000000
3073  2.441  43.387  -29.307 4108.0000000000
2209  40.154  48.320  -39.542 4117.0000000000
5935  38.108  22.345  -13.600 4124.0000000000
34748  56.466  40.380  14.317 4128.0000000000
7333  16.832  -76.878  -17.399 4136.0000000000
7920  3.421  -18.497  7.753 4140.0000000000
9344  12.079  -13.570  59.519 4145.0000000000
41160  23.062  -45.415  -25.452 4147.0000000000
711  23.818  23.642  35.899 4152.0000000000
22124  46.680  -12.721  -20.665 4154.0000000000
23320  64.196  -16.703  -18.367 4168.0000000000
3859  3.243  57.428  27.794 4170.0000000000
3860  3.450  56.146  25.878 4172.0000000000
4399  30.579  9.927  -44.614 4174.0000000000
22517  5.093  43.146  -2.992 4176.0000000000
5934  41.427  0.282  -18.331 4178.0000000000
6851  40.890  57.903  10.181 4184.0000000000
7366  24.621  -4.322  -29.405 4187.0000000000
8036  9.842  -73.049  13.320 4192.0000000000
7332  54.852  35.720  13.503 4197.0000000000
9345  11.636  -14.117  59.700 4199.0000000000
21324  3.700  -1.773  6.626 4202.0000000000
710  41.792  -37.922  29.528 4205.0000000000
22125  46.439  -11.303  -20.581 4208.0000000000
805  16.090  -23.232  60.686 4209.0000000000
2056  47.593  -60.375  -8.238 4213.0000000000
3858  3.468  57.345  25.697 4220.0000000000
4377  7.091  34.367  30.885 4222.0000000000
4432  11.303  -30.537  21.221 4223.0000000000
23340  48.737  -59.942  -4.081 4226.0000000000
23378  3.464  -7.921  35.898 4227.0000000000
24123  38.235  -30.536  29.202 4232.0000000000
5936  1.505  49.744  -36.440 4236.0000000000
5963  21.008  -26.555  58.520 4237.0000000000
7919  2.592  -38.990  15.265 4245.0000000000
26877  3.579  18.413  38.123 4255.0000000000
26985  58.711  -34.905  -2.443 4257.0000000000
9346  3.421  21.662  -16.624 4258.0000000000
10129  39.729  23.304  -37.145 4261.0000000000
21325  68.470  10.044  -29.931 4267.0000000000
22214  31.121  -55.523  35.862 4272.0000000000
23264  2.195  18.684  -19.919 4277.0000000000
24645  1.568  24.537  -8.090 4279.0000000000
24813  35.629  3.592  51.769 4284.0000000000
23324  45.724  -20.165  37.562 4286.0000000000
23326  21.665  -10.520  56.369 4287.0000000000
34993  52.897  60.388  -16.913 4293.0000000000
26520  2.363  36.535  -21.253 4298.0000000000
26555  10.966  -42.115  41.877 4304.0000000000
27664  34.632  -8.146  -39.310 4306.0000000000
35976  15.644  -4.490  -37.281 4310.0000000000
36208  23.142  -44.706  -31.462 4318.0000000000
33579  58.764  -4.966  -51.914 4324.0000000000
33580  60.730  -21.136  21.762 4325.0000000000
3411  33.812  6.234  -51.303 4326.0000000000
33813  8.095  59.744  -35.086 4330.0000000000
27015  48.279  -38.544  -14.642 4335.0000000000
39144  27.150  -48.629  27.199 4336.0000000000
34701  32.057  10.024  -67.264 4339.0000000000
35656  5.392  -8.283  25.968 4345.0000000000
24755  14.197  -74.812  -17.374 4348.0000000000
23325  20.795  -10.889  57.514 4349.0000000000
7269  7.434  2.728  31.681 4358.0000000000
35958  56.548  26.667  -8.014 4361.0000000000
36312  53.404  41.178  -6.823 4365.0000000000
36454  68.639  -13.817  -38.902 4367.0000000000
36101  9.800  73.769  22.400 4369.0000000000
40725  34.903  65.135  17.368 4374.0000000000
41212  36.212  62.832  13.367 4379.0000000000
36926  39.708  30.719  -12.993 4380.0000000000
14127  31.655  -30.012  53.611 4384.0000000000
29197  11.570  -82.839  -24.363 4385.0000000000
3410  59.124  -20.469  -15.670 4387.0000000000
4265  3.450  -67.358  -7.173 4390.0000000000
4894  9.254  12.272  27.236 4394.0000000000
4266  20.858  18.801  -56.145 4396.0000000000
5729  41.628  70.120  -18.484 4399.0000000000
7035  51.514  48.150  -33.680 4405.0000000000
40038  3.401  -52.111  11.103 4408.0000000000
8519  41.253  46.396  0.225 4413.0000000000
12197  34.651  -22.653  -27.496 4421.0000000000
12196  35.068  -23.715  -27.064 4424.0000000000
41013  26.146  -58.892  -33.068 4427.0000000000
41189  36.451  62.003  12.748 4432.0000000000
12971  19.336  -73.245  7.443 4437.0000000000
13441  25.937  76.132  -21.456 4440.0000000000
13606  51.672  -45.048  -5.793 4443.0000000000
14610  10.937  26.951  52.936 4450.0000000000
3412  60.460  -21.646  14.909 4455.0000000000
4893  9.813  13.899  27.285 4460.0000000000
5730  11.830  -24.109  54.085 4465.0000000000
5749  3.065  51.642  -48.502 4466.0000000000
6504  45.960  -13.223  22.940 4469.0000000000
7289  21.425  81.410  -27.799 4470.0000000000
7036  52.259  45.884  -31.480 4473.0000000000
8520  26.297  62.596  20.217 4475.0000000000
8674  2.463  -29.129  12.618 4476.0000000000
7107  10.217  -45.236  -24.531 4478.0000000000
7270  30.015  -38.840  -27.993 4480.0000000000
8673  4.993  -10.566  28.960 4486.0000000000
12972  53.490  53.184  -33.078 4492.0000000000
13331  46.939  -54.572  -24.368 4497.0000000000
13492  31.492  -1.973  -50.782 4500.0000000000
13653  7.243  -36.926  20.690 4503.0000000000
14128  2.518  46.568  6.329 4506.0000000000
4294  3.680  52.781  -25.286 4508.0000000000
21333  11.178  32.383  20.594 4513.0000000000
5643  32.187  45.489  -15.465 4515.0000000000
12198  34.354  -24.063  -26.415 4527.0000000000
22389  49.338  -8.570  -3.546 4528.0000000000
9414  31.161  13.269  -50.913 4531.0000000000
9443  13.387  -73.041  11.036 4532.0000000000
7108  3.341  24.210  -30.575 4535.0000000000
24671  36.230  -53.061  22.339 4540.0000000000
13303  23.486  6.867  41.547 4547.0000000000
12973  53.656  54.897  -32.860 4549.0000000000
13442  14.263  88.179  -23.718 4551.0000000000
13605  50.671  0.785  41.688 4554.0000000000
26504  34.578  -63.371  26.532 4563.0000000000
27383  56.973  9.780  -60.347 4568.0000000000
14609  39.809  -42.994  25.481 4570.0000000000
14651  2.806  15.721  38.931 4571.0000000000
20665  29.616  -14.674  54.077 4575.0000000000
22829  45.634  23.418  -61.050 4581.0000000000
31161  25.884  39.958  24.835 4582.0000000000
22323  57.715  -33.983  31.565 4584.0000000000
22814  35.948  -1.967  -2.012 4589.0000000000
32350  54.856  25.908  4.450 4598.0000000000
25685  3.634  62.377  -47.718 4606.0000000000
26054  5.356  63.893  17.026 4608.0000000000
26901  4.983  60.841  -2.666 4612.0000000000
26977  20.503  -1.575  -32.497 4615.0000000000
34351  50.053  29.226  16.774 4622.0000000000
34563  35.831  41.655  -47.614 4626.0000000000
34601  9.805  -38.276  49.424 4627.0000000000
14797  64.098  2.457  -50.534 4635.0000000000
40348  47.326  -4.676  -43.714 4641.0000000000
31701  27.371  46.723  21.266 4642.0000000000
32318  4.998  39.467  44.912 4647.0000000000
32929  62.763  -37.931  -2.468 4649.0000000000
33125  11.500  -69.644  -13.982 4654.0000000000
33166  65.374  -32.084  -4.882 4656.0000000000
33215  62.639  6.401  -9.040 4664.0000000000
34851  57.354  30.406  -8.749 4675.0000000000
34923  2.594  26.866  31.051 4680.0000000000
21738  59.377  -46.070  -11.295 4682.0000000000
23247  43.378  -38.887  9.938 4688.0000000000
24199  35.122  -34.576  -38.644 4693.0000000000
40565  44.742  0.382  18.127 4695.0000000000
40583  20.041  -52.860  2.395 4698.0000000000
15478  50.334  -29.739  -35.270 4701.0000000000
17713  43.150  -5.987  43.426 4704.0000000000
17416  10.962  -43.424  37.321 4707.0000000000
41311  16.225  86.367  -1.383 4708.0000000000
17817  45.592  -39.212  5.597 4710.0000000000
41658  45.423  22.276  -62.196 4711.0000000000
41760  30.595  -61.480  -36.024 4713.0000000000
17417  10.574  -44.385  38.234 4716.0000000000
18192  50.734  40.089  -11.408 4717.0000000000
20287  28.855  61.680  4.404 4722.0000000000
42351  61.914  26.242  -22.093 4730.0000000000
22168  53.930  -8.004  34.805 4737.0000000000
22521  63.049  8.793  -10.490 4739.0000000000
22540  64.966  -20.770  22.604 4741.0000000000
23626  3.670  13.245  29.780 4747.0000000000
24200  35.927  -34.315  -38.437 4752.0000000000
15477  50.013  21.780  19.551 4753.0000000000
16424  4.373  -74.433  -13.079 4756.0000000000
15476  51.009  22.414  18.680 4758.0000000000
17712  5.890  -11.337  26.890 4764.0000000000
17816  11.127  82.836  -33.650 4769.0000000000
19377  31.177  13.641  34.330 4773.0000000000
19890  10.521  -57.729  -5.736 4775.0000000000
20288  36.440  -63.308  9.445 4777.0000000000
19376  28.849  -45.356  33.029 4778.0000000000
21141  69.638  -21.292  -28.400 4785.0000000000
21739  31.876  51.927  26.897 4788.0000000000
22069  37.552  24.493  21.562 4789.0000000000
22169  10.142  2.328  58.668 4791.0000000000
22170  33.705  -15.487  52.679 4799.0000000000
22522  63.696  11.036  -11.464 4801.0000000000
23248  44.631  -38.042  11.237 4804.0000000000
23373  46.817  42.255  -10.598 4808.0000000000
23680  33.851  -21.163  37.099 4812.0000000000
24588  61.061  -24.152  -39.697 4815.0000000000
17439  36.766  9.865  -64.167 4821.0000000000
33879  31.897  47.045  -41.332 4827.0000000000
34422  32.350  -38.581  49.311 4834.0000000000
20642  30.421  33.466  28.946 4839.0000000000
18329  10.832  63.049  -4.734 4840.0000000000
35185  9.145  5.656  -37.734 4842.0000000000
21740  30.576  50.718  27.714 4848.0000000000
22070  32.214  -76.347  -14.673 4850.0000000000
23101  24.754  -24.698  -37.450 4854.0000000000
36453  30.636  -48.553  32.756 4857.0000000000
24099  24.575  -71.342  -34.659 4863.0000000000
24201  35.382  -34.258  -39.023 4866.0000000000
24216  20.485  65.713  23.108 4867.0000000000
24660  3.955  -59.356  -8.622 4869.0000000000
36778  3.921  -53.127  11.552 4870.0000000000
36932  13.123  -84.433  -26.130 4872.0000000000
36992  29.232  38.962  -51.296 4876.0000000000
34396  53.247  -53.838  16.293 4881.0000000000
34275  50.463  -19.782  -42.890 4884.0000000000
35164  59.522  -40.899  4.228 4889.0000000000
34682  48.784  40.783  -41.532 4891.0000000000
35713  53.652  -13.844  12.038 4898.0000000000
35852  40.798  -40.985  37.997 4901.0000000000
41430  6.495  37.298  47.257 4910.0000000000
37086  5.868  -60.175  -29.174 4914.0000000000
24662  6.855  54.372  38.704 4916.0000000000
41575  15.071  -16.158  47.918 4917.0000000000
37652  2.841  -4.404  10.347 4923.0000000000
37827  60.157  17.663  -6.725 4927.0000000000
41925  5.568  49.395  8.202 4931.0000000000
41965  29.163  -17.819  46.883 4933.0000000000
42084  25.597  46.699  23.705 4937.0000000000
41542  41.095  35.164  -30.181 4949.0000000000
40364  34.350  -31.960  30.534 4951.0000000000
40913  31.216  38.537  -60.942 4953.0000000000
40938  19.130  -59.283  27.319 4955.0000000000
41775  15.571  -29.990  -20.557 4958.0000000000
41131  43.556  -51.496  -2.333 4963.0000000000
42297  46.299  25.429  -23.322 4968.0000000000
41304  25.898  47.309  39.036 4972.0000000000
41635  39.734  18.394  17.253 4977.0000000000
42121  46.385  21.342  -65.977 4982.0000000000
43129  28.169  60.469  5.155 4986.0000000000
42526  37.860  35.156  -30.211 4993.0000000000
43041  52.244  -32.763  -41.439 4995.0000000000
43246  30.222  30.308  -39.123 4998.0000000000
43305  7.020  -49.652  0.367 4999.0000000000
43325  10.435  -61.872  34.193 5001.0000000000
43558  1.402  28.946  -15.939 5009.0000000000
43602  52.330  27.523  -10.141 5010.0000000000
43319  44.286  15.481  -11.707 5011.0000000000
41543  21.042  12.744  -40.685 5016.0000000000
41943  48.159  -26.114  32.984 5018.0000000000
41609  8.251  -37.061  8.256 5021.0000000000
41833  43.201  -45.781  -4.006 5022.0000000000
42317  29.602  50.911  -30.752 5028.0000000000
42032  11.874  -26.768  55.217 5031.0000000000
42202  25.442  -46.031  44.508 5033.0000000000
41502  47.597  -27.871  -46.387 5035.0000000000
42336  43.161  -9.998  -2.404 5037.0000000000
40681  62.512  -31.619  24.973 5039.0000000000
41461  20.860  71.423  15.462 5042.0000000000
41746  13.994  -79.158  -12.277 5046.0000000000
43107  5.709  29.937  -19.873 5047.0000000000
42963  16.535  -60.333  35.258 5048.0000000000
42419  32.842  -46.125  44.565 5050.0000000000
42429  40.054  24.345  12.421 5055.0000000000
43193  59.349  29.365  -2.449 5062.0000000000
41491  4.437  36.464  45.550 5063.0000000000
42978  13.069  -80.522  4.668 5066.0000000000
41976  6.467  -40.352  40.557 5071.0000000000
41817  15.961  -24.141  -24.313 5076.0000000000
41460  45.573  -59.898  -35.322 5081.0000000000
41462  38.228  -58.615  27.368 5083.0000000000
39674  18.618  -58.959  34.944 5089.0000000000
41644  12.291  -53.126  -5.335 5091.0000000000
41678  12.837  -77.598  -28.763 5093.0000000000
40687  6.458  -36.005  10.080 5096.0000000000
39673  64.361  -32.889  14.888 5098.0000000000
39832  22.790  -51.224  2.076 5104.0000000000
38006  54.052  20.293  -41.993 5106.0000000000
42747  39.721  48.712  -1.487 5110.0000000000
40178  53.817  59.444  -17.145 5111.0000000000
39974  44.386  -38.620  11.594 5115.0000000000
39157  18.419  12.001  -34.934 5118.0000000000
41507  3.106  65.929  5.134 5126.0000000000
39754  45.233  41.526  1.003 5128.0000000000
41560  48.413  38.579  -26.578 5130.0000000000
40933  4.158  -8.905  7.994 5138.0000000000
39831  19.490  75.114  -38.270 5148.0000000000
39158  62.823  17.438  -10.602 5156.0000000000
38659  28.629  38.049  34.116 5160.0000000000
38661  22.622  -11.361  57.457 5161.0000000000
40942  8.892  86.549  -2.260 5163.0000000000
40190  59.765  -2.751  -40.332 5178.0000000000
38849  12.898  -51.294  3.504 5193.0000000000
39181  7.972  -47.652  26.970 5194.0000000000
38584  3.605  -67.959  -29.858 5201.0000000000
39159  39.929  24.961  12.308 5211.0000000000
38660  49.357  -23.581  -7.760 5214.0000000000
36548  29.806  -28.628  31.765 5217.0000000000
39523  44.222  39.784  -20.040 5218.0000000000
38850  46.848  40.591  -24.161 5230.0000000000
40205  29.738  32.435  -44.254 5231.0000000000
39569  8.814  -54.973  8.990 5243.0000000000
39568  46.472  15.094  -13.397 5245.0000000000
32008  2.884  15.194  17.294 5250.0000000000
35810  4.727  42.856  -3.049 5252.0000000000
37655  40.511  32.800  -15.146 5253.0000000000
33801  33.325  -30.125  34.974 5257.0000000000
38040  64.763  25.816  -10.503 5258.0000000000
36859  39.130  -4.743  49.646 5261.0000000000
36552  5.976  -34.921  17.692 5270.0000000000
36858  49.375  -14.306  -41.481 5275.0000000000
37522  40.482  39.002  5.022 5276.0000000000
34960  2.846  52.254  -24.138 5287.0000000000
32010  26.763  -44.048  30.363 5288.0000000000
33800  64.635  -39.782  -5.723 5293.0000000000
36086  32.149  -54.737  20.892 5294.0000000000
35849  66.640  -10.659  -40.235 5295.0000000000
34671  14.636  -61.928  36.286 5305.0000000000
35255  11.204  63.707  -40.388 5310.0000000000
34949  24.842  -45.214  -29.896 5313.0000000000
33269  13.492  -80.269  -29.872 5321.0000000000
29447  25.052  -47.316  -14.670 5322.0000000000
30188  16.210  78.009  3.098 5325.0000000000
33775  63.300  0.448  9.079 5326.0000000000
30171  47.781  -26.967  -34.397 5329.0000000000
30172  39.997  -48.645  -37.091 5330.0000000000
34149  35.319  -40.285  42.339 5332.0000000000
30109  48.511  22.898  -43.787 5335.0000000000
30816  61.725  15.397  21.015 5337.0000000000
31142  13.287  -78.049  -24.626 5341.0000000000
29836  22.927  -58.417  -33.770 5346.0000000000
29835  66.040  -5.495  25.669 5351.0000000000
30119  33.060  74.023  4.717 5356.0000000000
30170  58.874  -7.888  33.794 5358.0000000000
23281  46.654  -25.166  -35.979 5361.0000000000
24052  30.003  -27.021  -39.111 5367.0000000000
22035  30.652  -32.618  -28.883 5369.0000000000
16342  27.404  27.880  48.667 5370.0000000000
22947  59.042  37.225  -15.079 5371.0000000000
12272  67.228  7.405  -42.962 5373.0000000000
10282  54.767  -2.792  39.519 5378.0000000000
6822  11.116  -43.414  1.316 5383.0000000000
7016  58.712  -46.299  11.173 5386.0000000000
