#!ascii label  , from subject FreeSurferMNI152_0.3 vox2ras=TkReg
240
669  -47.235  -20.229  -45.508 1.0000000000
4826  -58.299  -34.163  -9.802 4.0000000000
6234  -62.630  -40.670  -18.559 8.0000000000
8016  -18.256  -39.151  -25.059 9.0000000000
9995  -59.864  8.471  22.172 12.0000000000
9994  -16.347  15.020  -32.616 14.0000000000
12017  -40.930  19.625  15.026 15.0000000000
10114  -28.688  8.836  -54.199 18.0000000000
31047  -11.284  -49.531  -13.373 19.0000000000
31286  -13.437  -53.633  -12.466 22.0000000000
26979  -8.917  -31.892  -21.848 24.0000000000
20223  -40.333  8.746  -24.999 26.0000000000
23837  -1.969  -54.077  2.424 27.0000000000
23836  -1.205  82.982  -6.419 28.0000000000
30340  -54.194  21.327  -34.353 30.0000000000
30388  -40.627  40.035  -42.876 33.0000000000
21393  -48.190  -49.082  28.753 44.0000000000
23379  -37.401  24.077  20.540 47.0000000000
23810  -9.913  -36.195  -15.369 49.0000000000
22723  -49.761  -13.333  -7.130 51.0000000000
22838  -55.716  -33.449  17.640 52.0000000000
24577  -8.495  -14.553  52.157 55.0000000000
23811  1.346  -72.151  5.892 59.0000000000
23874  -16.415  18.454  -33.117 60.0000000000
24588  -17.060  -44.819  41.526 61.0000000000
24622  -29.638  -9.358  39.998 62.0000000000
26066  -21.781  16.638  -32.811 64.0000000000
24693  -1.259  36.347  29.558 66.0000000000
25611  -24.275  73.145  -0.946 68.0000000000
19224  -51.149  57.832  -19.895 73.0000000000
20244  -19.884  -27.623  48.068 74.0000000000
22722  -48.718  -11.723  -7.593 78.0000000000
22721  -47.946  -15.946  -6.851 79.0000000000
22409  -65.992  4.907  -39.248 82.0000000000
26065  -63.717  -1.621  -25.221 95.0000000000
36244  -56.895  -52.222  -16.518 103.0000000000
36545  -41.065  51.114  -0.628 104.0000000000
36955  -3.289  -51.901  -24.497 111.0000000000
37475  -41.023  -55.021  -28.545 113.0000000000
37468  -26.532  -70.681  11.915 114.0000000000
37497  -41.927  -54.642  -29.142 117.0000000000
37376  -5.392  -36.048  14.607 120.0000000000
6151  -38.777  -70.276  -5.810 129.0000000000
26235  -45.539  -5.779  -6.949 131.0000000000
38321  -27.233  -11.239  40.368 132.0000000000
38774  -1.213  -26.899  46.069 134.0000000000
6152  0.497  9.750  -31.247 137.0000000000
9256  -2.209  -20.354  53.599 140.0000000000
764  -42.177  -6.112  -49.258 143.0000000000
2922  -51.051  -30.467  -45.949 144.0000000000
3835  -40.677  -44.024  -4.912 147.0000000000
5197  -25.621  -60.553  20.005 148.0000000000
5333  -26.063  -48.988  -25.528 149.0000000000
5854  -57.133  14.726  -28.916 152.0000000000
5331  -5.875  -62.154  33.174 157.0000000000
5981  -29.063  -22.771  30.527 158.0000000000
7868  -64.970  -17.304  -18.093 161.0000000000
6178  -50.862  -54.037  18.652 169.0000000000
8540  -53.090  -8.585  27.328 171.0000000000
9382  -5.974  -66.627  -33.375 176.0000000000
765  -41.758  -5.631  -48.571 177.0000000000
2949  -48.326  42.437  -26.162 178.0000000000
3869  0.098  10.281  -29.115 180.0000000000
5332  -5.346  -62.922  31.518 183.0000000000
5882  -52.054  5.850  -32.228 185.0000000000
6150  -37.996  -69.778  -6.701 189.0000000000
7892  -48.414  48.580  -25.882 195.0000000000
6398  -65.077  -25.640  15.265 199.0000000000
33573  -64.002  -21.213  20.307 207.0000000000
10182  -32.306  -48.521  38.125 209.0000000000
10713  -1.632  37.242  -24.261 213.0000000000
24027  -42.209  -58.719  14.353 219.0000000000
31508  -0.690  -11.478  35.170 221.0000000000
31903  -30.460  39.353  -49.856 222.0000000000
32421  -4.014  -55.102  -10.020 226.0000000000
32558  -25.992  48.758  -34.080 227.0000000000
32479  -41.349  24.763  -29.536 231.0000000000
32443  -37.189  2.838  -57.400 232.0000000000
935  -50.601  -12.350  34.046 235.0000000000
3988  -49.007  62.460  -13.218 253.0000000000
18371  0.175  20.207  -19.167 255.0000000000
42002  -40.581  -73.616  -11.877 262.0000000000
936  -50.175  -11.151  32.600 265.0000000000
1207  -29.945  9.130  -66.891 267.0000000000
2459  -3.934  -71.429  -36.323 269.0000000000
983  -5.015  -41.376  50.185 270.0000000000
1989  -0.529  7.131  -33.474 272.0000000000
3810  -62.213  -21.933  -43.048 274.0000000000
3987  -15.496  87.617  -14.401 276.0000000000
4200  0.497  41.942  -17.705 279.0000000000
4574  -23.665  68.576  5.000 284.0000000000
5388  -63.506  -35.726  -7.102 285.0000000000
18373  -32.737  -37.534  48.408 290.0000000000
2460  -3.266  -70.514  -35.903 292.0000000000
937  -23.705  -42.596  50.507 294.0000000000
1990  -8.718  -39.520  -23.699 297.0000000000
2458  -4.092  43.408  9.273 302.0000000000
3986  -66.951  -13.165  10.649 304.0000000000
5941  -37.434  27.030  41.916 310.0000000000
23317  -56.719  -18.686  22.966 313.0000000000
6324  -7.597  -55.553  15.455 315.0000000000
19988  -28.982  56.114  17.281 320.0000000000
21793  -26.692  19.864  -67.933 321.0000000000
42703  -14.048  27.763  -44.136 322.0000000000
21696  -16.649  6.655  -50.945 330.0000000000
24476  -60.083  -42.795  10.135 337.0000000000
22782  -39.540  30.848  11.348 339.0000000000
24160  -68.314  -23.965  -19.914 342.0000000000
34625  -3.262  84.938  -13.657 352.0000000000
8226  -0.121  -76.699  -32.339 355.0000000000
35465  -38.710  25.042  12.735 358.0000000000
35701  -1.880  71.360  -17.401 359.0000000000
8227  -26.860  27.950  -47.260 362.0000000000
36605  -11.134  59.253  -46.045 366.0000000000
27921  -50.320  4.023  13.946 370.0000000000
36359  -0.183  -69.296  -31.991 371.0000000000
37042  -0.041  42.108  29.921 374.0000000000
10922  -46.182  59.693  -2.656 377.0000000000
37091  -53.006  -57.066  -23.356 379.0000000000
6208  -2.436  -81.586  -28.170 380.0000000000
8319  -12.373  -25.963  -29.346 385.0000000000
8103  -26.237  13.943  49.664 388.0000000000
9684  -47.360  -14.685  3.298 394.0000000000
9096  -22.243  -1.903  57.134 398.0000000000
9778  -24.707  26.955  -65.834 399.0000000000
10480  -6.928  -51.272  14.365 401.0000000000
28721  -40.664  -18.787  18.491 405.0000000000
6693  1.721  -1.201  -33.347 406.0000000000
8320  -35.986  -76.165  -31.338 408.0000000000
8116  -10.790  -43.624  42.713 411.0000000000
26842  -58.560  -34.838  15.838 412.0000000000
8225  -36.151  -26.028  30.307 414.0000000000
9744  -28.220  2.293  -38.596 421.0000000000
9808  -40.085  -11.890  -38.109 427.0000000000
10892  -26.098  -44.316  -12.919 430.0000000000
10951  -14.204  48.968  37.259 431.0000000000
27094  -19.876  13.456  -42.408 434.0000000000
37290  -9.934  63.220  30.083 435.0000000000
27944  -39.937  -47.146  18.909 437.0000000000
28219  1.122  -75.136  -4.030 439.0000000000
27910  -68.205  -4.681  -27.997 441.0000000000
28330  -27.080  -8.776  35.160 442.0000000000
28407  -51.211  -29.645  -46.125 444.0000000000
27971  -49.027  7.676  11.498 446.0000000000
28535  -33.371  13.332  32.677 450.0000000000
28979  -39.943  -59.232  -2.158 452.0000000000
29023  -67.612  2.137  -33.763 456.0000000000
36869  -30.040  -18.938  54.038 457.0000000000
42524  -50.693  -32.647  25.358 458.0000000000
37476  -40.178  -54.367  -28.071 460.0000000000
37483  -2.779  49.492  40.576 464.0000000000
37800  -48.469  -45.187  23.709 467.0000000000
38289  0.266  44.171  3.369 470.0000000000
37725  -12.935  -35.437  55.274 472.0000000000
38112  -9.390  -3.260  -39.371 473.0000000000
38129  -5.125  34.857  16.484 474.0000000000
38147  -19.946  -21.115  -17.936 475.0000000000
37784  -20.795  -55.955  -25.855 476.0000000000
43109  -51.766  30.818  -41.622 480.0000000000
14152  -65.213  -12.803  -43.452 482.0000000000
38299  -25.873  -13.079  38.664 484.0000000000
40915  -35.147  26.121  -6.703 485.0000000000
8519  -24.126  32.515  25.999 486.0000000000
42531  -36.266  -34.333  32.348 487.0000000000
11077  -51.478  7.520  -10.690 489.0000000000
42942  -8.421  -70.764  13.196 494.0000000000
42917  -23.006  34.296  -52.804 496.0000000000
43050  -40.139  35.369  -58.363 497.0000000000
14151  -41.002  39.233  31.326 506.0000000000
15532  -26.992  -31.958  23.039 508.0000000000
3224  -8.197  -54.950  14.931 510.0000000000
3225  -9.543  -52.718  14.682 511.0000000000
4692  -9.945  61.254  -14.930 512.0000000000
4693  -9.527  -39.748  -24.559 513.0000000000
6329  -39.053  -6.043  -19.291 515.0000000000
7684  -11.376  -0.670  19.800 517.0000000000
11078  -54.868  -11.418  -34.934 526.0000000000
12720  0.103  7.521  -8.854 530.0000000000
14171  -40.932  41.521  -48.654 533.0000000000
15402  -43.287  -40.086  -27.865 534.0000000000
15440  -52.978  20.685  22.972 535.0000000000
13709  -24.285  25.018  46.298 536.0000000000
15809  -0.533  -18.382  40.331 537.0000000000
14943  -4.787  -19.730  51.566 538.0000000000
14150  -40.339  -1.342  -54.689 540.0000000000
14942  -38.307  -15.890  -47.680 548.0000000000
3223  -0.881  60.747  -32.247 552.0000000000
4691  -9.053  -54.181  17.650 554.0000000000
4769  -46.354  -15.538  4.377 555.0000000000
22355  0.418  -27.905  25.158 556.0000000000
23830  -49.376  10.470  -47.119 557.0000000000
6328  -1.777  65.560  -32.986 559.0000000000
23230  0.540  10.576  22.707 560.0000000000
23275  -0.657  62.647  -16.592 561.0000000000
7780  -53.551  6.201  -9.301 562.0000000000
23829  -49.481  9.178  -46.777 564.0000000000
24712  -63.519  -4.021  6.513 569.0000000000
25876  -26.997  52.049  13.204 572.0000000000
9327  -23.720  12.379  -43.725 574.0000000000
11198  -48.209  -41.575  17.494 580.0000000000
13002  -39.409  39.517  32.116 581.0000000000
13732  -52.213  40.661  11.632 582.0000000000
15375  -50.832  -49.459  -21.861 585.0000000000
15423  -47.204  27.022  -61.398 586.0000000000
15466  -24.883  -64.986  8.715 587.0000000000
14857  -50.783  50.673  0.543 588.0000000000
16067  -11.427  -44.076  -25.087 589.0000000000
16104  -0.858  53.171  21.208 590.0000000000
22370  -16.505  -55.924  3.526 595.0000000000
21832  -38.311  -10.785  37.558 596.0000000000
21790  -22.306  43.510  -34.147 597.0000000000
22426  -46.959  51.069  -25.770 599.0000000000
23880  -2.033  72.836  -2.155 602.0000000000
34547  -54.678  -27.913  5.220 604.0000000000
24726  -29.551  46.041  34.682 605.0000000000
34852  -53.259  -23.717  -17.301 610.0000000000
27102  -52.216  -7.782  38.756 616.0000000000
27368  -28.488  -25.865  -20.333 617.0000000000
28759  -60.529  26.780  -2.590 619.0000000000
29271  -43.142  -4.200  38.218 620.0000000000
29684  -9.813  -73.974  17.974 621.0000000000
29708  -1.559  -11.808  38.126 623.0000000000
29920  -6.557  -24.747  -16.102 624.0000000000
29946  -52.453  29.318  5.714 625.0000000000
38415  -20.878  83.089  -3.922 626.0000000000
38592  -58.113  -48.308  1.095 628.0000000000
34025  -1.076  57.613  -17.390 631.0000000000
33542  -19.343  -66.339  -35.826 632.0000000000
40835  -43.070  -48.690  1.032 633.0000000000
40848  -44.220  26.811  -30.931 634.0000000000
40939  -8.291  -58.578  -32.203 635.0000000000
34553  -8.037  -24.930  37.286 636.0000000000
41156  -37.328  50.620  -2.753 638.0000000000
41167  -42.114  14.259  -13.869 639.0000000000
41479  -44.364  -1.914  -6.456 641.0000000000
41484  -44.605  -47.645  -1.149 642.0000000000
41519  -50.487  -48.947  -1.866 644.0000000000
41543  -43.475  -47.481  19.220 645.0000000000
38610  -52.741  -51.658  -18.850 647.0000000000
41551  -5.850  86.641  -15.390 648.0000000000
