45057  47.9520  -26.1040  -0.9710  1    41367  9.8570  -18.3420  51.2190  1
45077  48.4830  -26.2230  -1.6910  3    42050  24.2970  86.2120  -6.9900  3
45085  47.8890  -26.0380  -2.7210  7    42221  17.4230  -32.8860  -14.9710  7
45089  48.9860  -26.3240  -3.2110  8    40894  17.0090  86.1860  -1.2510  8
45091  47.9210  -25.7930  -3.3530  10    40896  5.1070  46.7650  41.5220  10
45095  49.6090  -26.4790  -3.9550  11    36640  18.3290  46.7880  39.4320  11
45097  48.1800  -25.7820  -4.0040  13    40895  5.3030  19.2320  -36.5740  13
45107  49.2780  -26.1570  -4.8930  16    42587  6.2480  -37.6580  49.8730  16
45115  53.1830  -26.6940  -5.4810  19    42793  45.6380  7.2230  -16.4120  19
45116  51.9780  -26.3680  -5.6410  20    42798  58.4930  -1.2900  32.9510  20
45117  50.8380  -26.2740  -5.4470  21    42805  59.1810  -25.0660  -2.0010  21
45118  49.9300  -26.0900  -5.4450  22    42809  52.6040  38.1660  -21.1040  22
45119  49.4340  -26.0200  -5.4920  23    42816  26.7140  53.4290  -31.0820  23
45122  59.4460  -27.8100  -5.8180  24    36546  42.9840  27.3280  22.8850  24
45126  54.9000  -26.5350  -6.0790  25    42920  54.5260  -56.4640  -2.3250  25
45128  52.7410  -26.1210  -6.1550  27    43008  24.5760  44.2420  -39.4680  27
45135  61.1360  -27.9660  -6.3280  29    36900  57.4990  30.4150  -12.2630  29
45137  58.8090  -26.6820  -6.6990  31    43133  4.2550  30.4090  -34.6510  31
45138  57.7800  -26.8020  -6.3110  32    43136  2.6060  57.0920  -42.3670  32
45149  61.6170  -27.2140  -7.0650  34    1807  47.4670  -40.7310  -25.6280  34
45150  60.5560  -26.8440  -7.0690  35    43346  51.8780  26.8630  -7.8510  35
46173  47.5330  -25.6660  0.7950  37    44626  55.0840  33.4730  -41.3550  37
46191  47.6990  -25.8950  -0.1250  38    41374  34.5250  -29.5660  31.8370  38
46192  47.2110  -25.8460  -0.0550  39    4159  44.8400  -7.2340  19.7640  39
46209  47.3390  -26.0360  -1.8770  45    42226  7.9220  -21.5500  27.5560  45
46210  47.1210  -25.9480  -1.5660  46    4977  42.3760  9.8440  -26.1220  46
46221  47.3990  -25.6150  -3.2210  51    6284  13.4200  15.6260  56.3670  51
46235  47.8240  -25.2870  -4.8510  59    7259  51.1410  -5.4900  -4.4300  59
46240  51.7790  -25.8930  -6.2970  61    43019  37.0800  47.1930  -18.7990  61
46245  48.4280  -25.3930  -5.7110  66    45127  35.4590  -34.3650  41.0210  66
46251  55.9670  -26.0820  -6.7950  68    43161  35.2000  34.5950  -34.1800  68
46253  54.1920  -25.7930  -6.8640  70    43175  26.2270  -46.6040  23.6400  70
46257  50.6710  -25.3980  -6.7180  74    908  64.7120  22.1490  11.2200  74
46258  49.8720  -25.1890  -6.8980  75    942  4.0170  63.9270  28.5350  75
46265  58.3090  -25.8010  -7.3950  79    2047  3.7100  -31.7220  22.1010  79
46267  56.6970  -26.0100  -6.9400  81    43166  51.2230  -45.3660  18.5740  81
46269  54.5950  -24.9700  -7.6610  83    504  42.8910  -37.2900  32.8830  83
46270  53.5360  -25.0040  -7.4670  84    505  42.2130  -36.6110  31.4170  84
46272  51.7230  -24.9360  -7.2790  86    907  71.8710  -7.2820  -16.4010  86
46280  59.9720  -25.8400  -7.7570  91    1877  44.3870  17.3290  -23.6620  91
46281  58.8410  -25.4480  -7.8230  92    2045  71.4660  -23.5980  -15.9710  92
46284  56.0910  -24.9950  -7.8420  95    580  47.2660  -61.0330  -10.4240  95
46292  62.5190  -25.9160  -8.3340  97    1808  46.6600  -40.7800  -25.0980  97
46293  61.3740  -25.5450  -8.3610  98    1809  48.4590  -42.4550  -26.3590  98
47215  47.2770  -25.6980  0.8340  101    2891  55.1100  -21.6910  -14.9480  101
47237  47.1270  -25.7900  -2.0840  107    5008  26.6550  7.0140  -54.9090  107
47249  47.3330  -25.2640  -4.0930  111    6686  43.3670  -71.9600  -14.1040  111
47256  47.3950  -24.9150  -4.9950  114    7282  11.3060  -42.9660  51.2190  114
47262  47.5530  -24.5950  -5.7350  116    8426  19.5520  50.4180  39.2330  116
47271  48.6990  -24.6760  -6.9430  120    10038  60.6290  -39.9540  0.8400  120
47272  48.1040  -24.5960  -6.5470  121    9049  55.8510  45.7760  9.7630  121
47280  54.2870  -24.2280  -8.2090  123    503  42.6820  -36.0680  33.7050  123
47284  51.1930  -24.2190  -7.6640  127    906  42.9760  20.9060  -10.2520  127
47286  49.5510  -24.1460  -7.5470  129    11321  5.3940  42.7770  43.5640  129
47294  57.9930  -24.5140  -8.4440  132    2046  39.4160  55.5680  -37.1550  132
47299  54.0260  -23.5740  -8.6910  137    11146  10.3970  -23.2480  33.1260  137
47301  52.4190  -23.4530  -8.3780  139    11211  43.8870  -17.7340  29.9310  139
47309  62.8970  -25.3300  -8.8410  144    3486  60.0040  45.4980  -12.4770  144
47312  59.7030  -24.3730  -8.9610  147    2634  22.5290  16.9990  -39.9280  147
47314  57.4160  -23.5290  -9.2700  149    12104  22.7100  32.9100  32.8650  149
47315  56.4990  -23.5840  -9.0370  150    12491  12.9230  53.2670  0.2330  150
47326  63.8510  -25.0100  -9.1830  154    3541  56.4390  -20.6670  -17.1190  154
47328  61.0530  -24.0250  -9.7940  156    13832  46.6070  -11.6790  46.8080  156
47330  59.0290  -23.5700  -9.6020  158    14259  68.2620  0.5060  7.0850  158
47339  64.3220  -24.3400  -10.0410  160    15100  42.0400  -15.2230  2.3800  160
47340  62.9010  -24.1590  -10.1880  161    15135  40.3890  -67.5020  -0.6870  161
48304  47.4450  -25.7140  1.3930  163    2892  53.4330  -22.1640  -15.2660  163
48309  47.0360  -25.7460  0.1790  165    4160  45.5280  -7.5350  18.7510  165
48320  47.0120  -25.8200  -1.0880  168    4334  60.0100  -22.8040  -6.7640  168
48337  47.1470  -25.4600  -3.6160  171    6283  39.6270  -6.6100  43.8430  171
48352  47.5460  -24.2430  -6.2640  174    9126  41.0320  -33.5600  40.9210  174
48358  47.9980  -23.9410  -7.0530  176    9171  28.2430  46.1500  16.3690  176
48366  48.7530  -23.2680  -7.8190  179    10039  36.8330  -16.6720  32.0340  179
48379  51.9010  -22.5680  -8.9710  185    13117  28.5380  -45.0670  -25.8400  185
48380  50.9680  -22.4210  -8.7930  186    13139  31.5130  14.1800  -55.4270  186
48382  49.2230  -22.8480  -8.1490  188    11835  2.0210  18.3040  -22.1390  188
48394  56.9070  -22.9560  -9.9760  191    14350  29.5480  40.9750  38.2200  191
48396  55.8030  -23.0390  -9.5670  193    14411  68.8310  7.5910  -27.8990  193
48400  53.0460  -22.4880  -9.6500  197    20828  43.5530  4.9510  -19.9680  197
48402  51.1490  -21.8570  -10.1850  199    15102  59.2770  -13.4090  -35.0530  199
48403  50.1830  -21.8280  -9.6610  200    15104  44.4320  -10.6320  -5.8200  200
48404  49.4220  -21.9110  -9.2680  201    28027  12.2700  36.8190  -32.6750  201
48420  50.5430  -21.6400  -11.5140  211    15103  45.0290  -11.5660  -5.5440  211
48422  49.3680  -21.6570  -10.5510  213    29194  53.8630  8.1650  25.8980  213
48429  66.3640  -23.6480  -10.4320  215    16297  51.8890  -48.1930  19.1020  215
48430  64.7610  -23.7830  -10.8290  216    16711  19.9040  -37.4200  -16.3380  216
48431  63.2860  -23.6940  -10.9640  217    16742  59.4010  26.3930  -40.7990  217
48433  60.7820  -23.1240  -10.7790  219    15724  18.4110  -67.1770  27.0900  219
48434  59.5790  -22.6760  -10.9810  220    29812  5.4610  79.9060  -3.3480  220
48436  57.5810  -22.2610  -11.2000  222    29858  4.0820  -42.6490  41.4820  222
48438  55.4000  -21.9810  -11.3580  224    29910  47.1920  -43.2610  -14.9910  224
48439  54.2330  -21.7020  -11.9730  225    31128  35.4110  -53.8770  18.7420  225
48440  53.2600  -21.5700  -12.3530  226    31152  34.4210  -7.3280  -44.4420  226
48441  52.3510  -21.5600  -12.6470  227    31263  42.2710  37.7340  -21.5050  227
48443  50.8650  -21.9070  -12.8070  229    30173  13.1610  -27.0010  -18.5370  229
48445  49.6970  -21.9180  -12.1210  231    30174  28.8750  23.6790  -40.6950  231
48447  48.7060  -21.9100  -11.3870  233    30415  61.1940  15.5600  22.7010  233
48454  67.0400  -23.2040  -10.9770  234    30763  34.7130  53.6610  21.2670  234
48456  63.6390  -23.1870  -11.7380  236    30804  55.3780  -25.0740  1.8900  236
48459  59.8960  -22.3050  -11.7240  239    30877  25.4210  -83.4170  -31.2180  239
48460  58.8130  -22.0290  -11.8310  240    30899  45.5640  27.4750  9.0060  240
48462  56.7960  -21.8430  -12.2350  242    30989  22.0050  -41.6530  52.7670  242
48464  54.7040  -21.6110  -12.6820  244    31117  5.6270  33.0380  3.8630  244
48471  48.9340  -22.3990  -12.6360  251    31721  58.2490  7.7130  -31.9870  251
48479  64.7000  -22.8100  -12.3750  253    32283  61.9970  14.6380  14.8480  253
48482  61.4460  -22.1570  -12.3530  256    32534  2.7680  78.5730  -8.5530  256
48484  59.0250  -21.6850  -12.5750  258    32578  29.8610  68.3890  4.5390  258
48485  58.0110  -21.5960  -12.7610  259    32592  57.1610  35.5210  -18.7760  259
48487  56.0140  -21.6070  -13.3030  261    32631  29.1530  -0.0210  -39.7270  261
48489  54.0460  -21.7120  -13.7440  263    32674  34.2110  5.4710  -36.9740  263
48491  52.1220  -22.0160  -14.0920  265    32739  30.0480  64.3100  5.8170  265
48493  50.3360  -22.6560  -14.0550  267    32887  39.0580  29.7380  9.5200  267
48494  49.4740  -22.9010  -13.8580  268    32904  52.7830  -56.4500  -28.1670  268
48504  57.2720  -21.4560  -13.7290  273    33722  42.9270  42.9450  -44.9180  273
48506  55.2510  -21.6570  -14.2630  275    33918  38.6250  4.0040  -0.8480  275
48507  54.3420  -21.8110  -14.4380  276    33938  47.2080  40.5560  -48.4490  276
48509  52.4780  -22.2060  -14.7060  278    33998  8.3220  -59.0190  -25.7010  278
48513  48.7510  -23.2140  -14.3740  282    34077  37.8440  -50.4360  27.7980  282
48525  53.7270  -22.0820  -15.1700  286    34738  6.3410  -59.2400  -28.3230  286
48528  50.9620  -22.6090  -15.3410  289    34805  2.0770  53.7290  -35.8460  289
48530  49.6330  -23.0740  -15.3220  291    34969  43.2530  36.8960  -24.5050  291
49511  47.8960  -25.6410  1.1530  292    22279  29.4880  -10.7710  -38.1530  292
49517  66.2220  -26.6390  0.2340  294    37981  21.8660  -45.3980  -14.8920  294
49518  65.8230  -26.4900  0.4920  295    37979  32.1630  -49.7360  42.5540  295
49526  67.1300  -26.8320  -0.7350  298    38618  23.5200  38.4580  45.4870  298
49529  64.6460  -26.1670  -0.0580  301    37980  15.0210  34.0040  -34.9190  301
49530  47.2780  -25.6580  -0.6730  302    22750  1.8330  15.4310  7.5880  302
49541  47.3160  -25.6450  -1.6910  308    23778  54.0690  60.1710  -23.9800  308
49547  68.1200  -26.5990  -2.6110  310    39563  35.0490  -71.6370  -4.8010  310
49548  67.5520  -27.0220  -2.1880  311    38977  50.0260  39.5320  -37.8380  311
49550  65.2780  -26.5680  -1.7630  313    38937  20.1800  19.7460  -38.9050  313
49552  47.3730  -25.6630  -2.5980  315    24242  45.9370  -42.7370  12.0200  315
49560  65.1940  -26.5980  -2.7440  320    39554  63.0030  -7.4750  31.1390  320
49567  68.4060  -26.2560  -3.7590  324    24360  28.2960  -53.5660  40.3580  324
49570  66.0020  -26.8270  -3.6330  327    39822  42.7090  -12.7890  28.2030  327
49575  67.6410  -26.5260  -4.2610  331    169  33.3450  -62.6920  -36.0650  331
49579  47.4050  -24.8410  -4.9790  335    25546  36.9040  -72.8610  -9.3640  335
49587  47.4690  -24.1590  -6.2580  341    1121  33.6970  -13.1430  -29.0060  341
49589  47.6090  -23.7630  -6.8720  342    26151  19.9230  -55.7540  34.0480  342
49593  47.7210  -22.8390  -8.0570  345    2923  7.1820  53.5080  9.7910  345
49595  48.2540  -22.5400  -8.2500  346    28119  55.0710  -14.2670  12.9780  346
49596  47.9890  -22.5820  -8.2670  347    27245  34.9100  65.6270  16.4110  347
49609  48.0280  -21.8510  -9.6870  355    40964  3.4450  49.1680  -15.5000  355
49610  47.8080  -21.9100  -9.7120  356    3047  14.9560  -5.2840  -29.4510  356
49624  52.3830  -21.6870  -11.2290  361    31264  44.6390  -12.2860  20.0020  361
49625  51.6310  -21.6030  -11.5860  362    29180  10.8750  58.3040  -8.6120  362
49627  48.3960  -21.7050  -9.9190  364    29294  13.2810  -68.4440  -36.5210  364
49628  48.0920  -21.6540  -10.8630  365    3737  36.6530  -16.2600  -34.9760  365
49646  47.8480  -21.9800  -11.8810  375    31771  3.9970  -62.3740  -28.2890  375
49647  47.4850  -21.9270  -12.2590  376    3992  6.2810  24.3490  -34.9350  376
49656  47.2920  -22.3010  -13.0790  380    42052  18.0200  37.2160  43.1090  380
49663  67.1620  -22.2930  -11.9810  382    42295  22.2230  -9.8250  38.0100  382
49666  63.5970  -22.2190  -13.1230  385    33459  44.9040  -7.3630  20.5640  385
49667  62.7890  -22.0890  -13.0210  386    33460  18.2980  -82.4980  1.0070  386
49669  60.8280  -21.5850  -12.9720  388    33656  18.2250  -76.0280  14.6270  388
49671  47.7540  -22.8480  -13.7200  390    33127  36.3620  28.9640  9.0660  390
49672  46.9570  -22.5870  -14.1540  391    6583  56.3700  8.8820  -28.8230  391
49682  66.3050  -22.1340  -12.9270  392    8898  13.1050  -23.2970  -24.2380  392
49689  58.5170  -21.1820  -14.0430  399    34520  2.8920  -33.1240  5.4400  399
49695  47.0640  -22.8060  -14.8880  405    42719  55.9580  14.1860  -10.9400  405
49703  63.2630  -21.7090  -13.9090  407    8911  44.9230  46.9310  -19.4040  407
49705  61.3780  -21.1450  -14.1750  409    10962  5.2380  -59.4480  -8.6610  409
49707  58.8270  -20.9860  -14.7460  411    11401  66.0100  -39.5260  -19.5100  411
49709  56.8560  -21.3720  -15.0740  413    43090  38.9090  28.1140  -7.9890  413
49710  55.8890  -21.4760  -15.1540  414    34598  36.8710  61.1990  -33.2810  414
49711  54.8620  -21.6680  -15.4910  415    35399  25.8810  -33.1700  -30.6190  415
49714  52.2490  -22.3740  -15.8270  418    35608  34.8450  20.6670  -7.3300  418
49719  48.1520  -23.0510  -15.7080  423    11425  9.1260  -81.2770  -16.7430  423
49730  55.1790  -21.4350  -16.0120  429    13320  26.4170  -37.5980  -16.1690  429
49732  53.4640  -22.0340  -16.1670  431    43417  2.5760  61.2880  -37.3910  431
49734  51.7020  -22.3150  -16.2910  433    43491  59.9250  29.2080  -4.8920  433
49736  49.9270  -22.5800  -16.2570  435    13457  19.6370  -55.0350  3.5260  435
49738  48.6090  -22.8550  -16.2250  437    11426  40.6420  -16.7900  -42.5760  437
49748  54.5500  -21.4800  -16.4280  439    43755  41.3910  33.0900  -32.5590  439
49750  52.9380  -21.9410  -16.5810  441    15282  26.8690  70.9020  -5.8980  441
49751  52.0720  -22.0630  -16.6290  442    15733  5.7510  -44.6050  24.1400  442
50652  55.6920  -24.3370  5.9860  444    13240  57.3510  38.6780  -12.8010  444
50667  64.7440  -27.3670  3.8540  445    36355  29.5090  -10.5850  -44.7680  445
50668  63.7410  -26.2230  4.0270  446    13864  45.3000  -9.1430  47.4220  446
50670  52.6540  -24.2290  5.2890  447    13383  28.0790  74.9070  -21.0280  447
50671  51.8940  -24.4240  5.0700  448    14623  7.2540  33.4740  31.1660  448
50679  66.7390  -27.4600  3.1670  449    37334  26.4130  83.2580  -21.1630  449
50683  50.7260  -24.9610  4.3150  453    44261  9.1980  -35.0120  31.2300  453
50689  68.2090  -26.5930  2.8930  454    15128  59.1030  -11.9360  -35.5120  454
50691  65.8280  -26.7630  2.4280  456    16960  3.2280  -42.3730  21.2010  456
50693  51.0420  -24.8730  3.7840  458    14649  57.9360  12.4210  -57.6750  458
50696  49.4550  -25.4910  2.9840  461    44477  55.9770  53.7750  -26.7690  461
50697  48.9070  -25.4290  2.6730  462    37490  6.3690  -4.0330  -37.7080  462
50703  68.6570  -25.6330  1.9150  464    16898  45.0710  64.2070  7.0210  464
50704  68.1040  -26.5720  2.0150  465    15151  42.1030  59.7520  11.6100  465
50705  66.8160  -27.0010  1.6930  466    44496  54.0490  50.3120  -25.4340  466
50707  64.5250  -26.2460  1.0310  468    18965  64.0400  -11.8990  -17.2520  468
50709  50.3890  -25.2560  2.8270  470    18055  28.9340  68.4130  -35.0530  470
50712  48.7580  -25.4620  1.9110  473    37600  15.7170  -36.3630  40.9290  473
50725  49.7060  -25.4360  1.8260  481    19972  23.9340  3.4370  -33.0350  481
50734  68.3390  -26.0700  0.4550  486    18603  36.9280  -44.9000  32.7020  486
50741  49.0290  -25.5210  0.7770  493    21665  43.8850  -19.7080  23.0900  493
50742  48.4600  -25.4950  0.4140  494    44690  20.2250  44.7930  41.3150  494
50748  68.3430  -26.1690  -0.5780  497    20190  4.7790  67.6210  -30.5140  497
50751  63.1060  -25.7730  -1.3870  500    21881  38.4490  -5.3180  -35.1250  500
50752  62.3980  -25.7350  -1.8320  501    23359  24.9350  -34.2560  -31.1070  501
50765  61.5440  -25.2660  -3.0820  512    24552  5.6710  -71.1090  -33.4030  512
50766  48.8170  -25.4530  -0.6040  513    24290  3.6850  -70.0460  2.1210  513
50768  48.0010  -25.4970  -1.6490  515    39154  34.0400  -35.1340  36.8190  515
50778  48.0730  -25.3830  -2.5890  524    26540  2.5200  -1.0200  48.0390  524
50782  69.4350  -24.9800  -4.2940  527    33920  38.3820  4.9490  -0.5030  527
50789  47.8030  -25.0180  -4.2150  534    45163  16.2030  -41.4360  -5.2110  534
50790  47.4950  -24.9580  -4.6050  535    40019  14.4110  59.2940  -4.7540  535
50795  63.8130  -25.6150  -4.3520  539    25769  36.6570  13.1340  41.6230  539
50798  47.6610  -24.7190  -5.0420  542    28937  18.7320  38.0010  -43.6610  542
50801  69.2510  -25.1430  -5.8780  544    170  19.6870  -58.7650  15.4410  544
50805  65.2170  -25.6240  -5.4860  548    168  32.5150  -62.6160  -35.2360  548
50810  69.2790  -24.9390  -6.5930  552    28984  56.4700  14.9160  -9.1990  552
50821  47.5850  -23.0030  -7.9150  562    2369  25.1440  86.8980  -14.9230  562
50833  47.7200  -21.5590  -11.5560  568    3736  65.5260  -6.2630  0.8670  568
50853  46.8200  -21.9700  -13.4570  571    5414  6.8890  -56.5210  -6.4990  571
50861  46.4540  -22.0070  -14.3230  573    6582  62.6910  0.9510  -24.3440  573
50872  67.0000  -21.6220  -13.2230  574    7342  39.4460  80.0120  -22.6450  574
50875  46.7820  -22.5040  -15.4160  577    7396  39.9670  36.5040  -33.8540  577
50889  67.9040  -21.0430  -13.6000  580    8563  19.1660  -57.6960  12.6790  580
50890  65.5890  -21.1700  -14.4240  581    8874  28.3400  56.8140  20.2460  581
50908  64.7830  -20.8200  -15.1950  590    10418  2.6120  -3.0990  42.1210  590
50909  63.8710  -20.9150  -15.1630  591    10814  63.5450  -15.7830  -36.5130  591
50910  62.4580  -20.7640  -15.1920  592    10894  3.1750  48.7410  -20.7980  592
50912  59.7390  -20.3670  -15.6850  594    10985  3.8800  -66.3020  -12.6310  594
50913  58.4490  -20.7070  -15.6530  595    11369  50.5290  -53.9710  -24.1210  595
50914  57.3520  -20.9690  -15.9750  596    13239  55.7270  39.1960  -10.5080  596
50922  47.2850  -22.2040  -16.4290  604    11427  43.4170  3.5500  -25.5520  604
50931  59.2550  -20.0900  -16.2050  606    12846  6.0140  -38.6880  37.9460  606
50933  57.5910  -20.6550  -16.3580  608    13218  5.9300  -29.6490  20.7080  608
50934  56.7030  -20.9320  -16.5400  609    13254  2.5240  51.7890  13.8700  609
50936  55.0560  -21.1960  -16.7010  611    13355  42.3150  -13.8940  -45.5320  611
50941  50.3480  -21.9570  -17.0450  616    13456  10.7550  -83.3810  -2.7690  616
50943  48.4110  -22.0290  -17.0680  618    13485  19.7440  -45.6590  -29.8390  618
50954  53.6660  -21.2250  -17.1870  622    15281  55.8750  39.7730  -8.4860  622
50957  51.0400  -21.5040  -17.3560  625    15757  49.1450  2.3920  -30.8870  625
51841  56.9230  -23.8990  5.3770  627    13205  70.3230  -3.6240  -6.3220  627
51843  54.9710  -24.0920  5.3920  629    13273  11.1620  -30.3760  57.3620  629
51851  63.0210  -25.2530  4.3170  632    12754  36.6120  57.1840  -30.8390  632
51856  57.4680  -23.6100  4.7030  634    13191  69.6120  -5.8250  6.8980  634
51857  56.4600  -23.7750  4.5910  635    13222  34.1900  -62.4470  10.4950  635
51859  54.4690  -23.9210  4.5130  637    13298  53.3450  -9.5580  25.7860  637
51869  61.8030  -24.0730  3.8230  643    13863  40.3440  -11.9610  23.3660  643
51870  60.4950  -23.5400  3.8540  644    13894  29.1930  64.3040  0.0680  644
51871  59.2270  -23.3270  3.8640  645    13929  2.9710  -28.2770  39.5870  645
51873  56.9440  -23.6740  3.7850  647    14372  45.2490  21.4190  -26.3360  647
51874  55.9220  -23.8550  3.7430  648    14419  16.1800  -33.1090  57.4130  648
51876  53.9800  -24.0500  3.7010  650    14506  47.8590  58.6550  -2.7450  650
51877  53.0920  -24.2250  3.7400  651    14560  29.9890  -6.9060  35.2810  651
51884  69.1840  -24.1540  3.0010  654    15129  53.3770  -44.6170  -16.0890  654
51887  63.8700  -25.6720  2.7550  657    15240  20.6260  4.6370  -30.3910  657
51888  62.3800  -24.4710  2.8860  658    15239  20.3370  3.1530  -30.8840  658
51891  58.5520  -23.6070  2.9330  661    15734  16.8510  -39.2280  -3.2320  661
51892  57.4360  -23.9000  2.9500  662    15771  44.8080  45.3240  -22.2940  662
51894  55.3770  -24.3000  2.9230  664    15835  56.1640  13.4980  -60.5020  664
51897  52.6320  -24.7270  3.0310  667    16245  21.4640  84.6900  -9.7810  667
51909  64.0820  -25.9850  1.6490  673    16961  68.0570  -25.6660  -6.8760  673
51910  62.7790  -24.8930  1.8520  674    17318  52.0070  -1.8610  -8.0170  674
51911  61.4640  -24.2000  1.9200  675    17356  26.6360  11.5820  -40.0190  675
51912  60.1780  -23.9310  1.9690  676    17402  46.0750  -13.7630  -46.1900  676
51914  57.8580  -24.4780  2.0680  678    17468  6.4970  74.2780  -23.1180  678
51915  56.8090  -24.7140  2.0770  679    17513  45.8380  53.6990  14.8190  679
51918  53.8750  -25.0750  2.0970  682    17695  41.4480  -63.7540  -2.2950  682
51930  62.8640  -25.3770  0.8010  689    18631  10.5730  -9.7700  -21.2160  689
51932  60.4460  -24.6010  0.9770  691    19024  39.9070  0.6780  -22.1750  691
51933  59.2610  -24.6980  1.0620  692    19079  5.0300  -35.7690  -10.8230  692
51934  58.1530  -24.7130  1.0770  693    19098  10.8200  -26.9210  18.8330  693
51937  55.1150  -24.8490  1.1330  696    19462  32.2280  74.1620  -34.7640  696
51939  53.2720  -25.1410  1.2230  698    19545  25.0650  -57.2090  -30.1270  698
51941  51.3270  -25.0890  1.4380  700    19610  7.8550  -67.3390  22.2480  700
51950  63.0340  -25.6090  -0.1510  705    20222  62.1440  -37.3690  -4.0960  705
51952  60.6590  -24.8820  -0.0870  707    20396  8.6540  -76.4700  -17.9090  707
51953  59.4940  -24.7230  -0.0180  708    20433  55.0420  -54.0820  -24.4160  708
51955  57.3410  -24.8160  0.0720  710    20750  47.4960  7.0420  16.6170  710
51956  56.3900  -24.9440  0.1070  711    20780  25.9750  23.2290  30.0510  711
51958  54.4480  -25.0520  0.1900  713    20935  46.2840  -21.4920  41.4460  713
51959  53.5420  -25.2380  0.2640  714    20965  50.6100  -2.6960  -25.6980  714
51961  51.6640  -25.2790  0.4330  716    21251  25.9030  13.2010  -69.1030  716
51968  69.2360  -25.0380  -1.1240  720    21846  3.6920  13.4510  10.2300  720
51971  60.8600  -25.0860  -1.1590  723    21873  59.5270  0.6410  -4.7100  723
51973  58.5970  -24.9720  -0.8760  725    22319  23.3320  -4.3840  -35.1780  725
51974  57.5720  -25.0730  -0.7950  726    22337  4.0030  -71.9840  -0.1680  726
51976  55.7120  -25.2630  -0.6730  728    22681  46.2130  -9.1460  -40.0300  728
51977  54.7700  -25.3080  -0.6390  729    22697  45.1380  -29.1450  -45.0250  729
51979  52.9050  -25.4330  -0.5730  731    22788  40.0350  -63.5080  -37.0560  731
51981  50.9690  -25.2520  -0.4580  733    22869  24.5650  28.3080  49.8140  733
51985  69.3880  -24.8980  -2.1510  736    23327  20.0880  -10.6210  56.6000  736
51987  61.0970  -25.3230  -2.3590  738    23343  25.3490  -36.0370  -30.7700  738
51989  58.7820  -25.0390  -1.8920  740    23413  24.1910  -34.5930  -33.5740  740
51991  56.8410  -24.9170  -1.5950  742    23807  66.1580  -13.9070  -19.1640  742
51992  55.9180  -24.9580  -1.4910  743    23828  66.1040  -36.9780  -26.3560  743
51994  54.0700  -24.9930  -1.4900  745    23895  62.1180  -20.8120  21.3800  745
51995  53.1550  -25.0840  -1.4850  746    23907  40.1850  25.8210  -61.9510  746
51997  51.2630  -24.9940  -1.4370  748    24221  13.1680  56.6030  36.1650  748
51998  50.2840  -25.0590  -1.4100  749    24277  2.9160  -8.5990  34.4340  749
52005  59.9920  -24.6650  -3.3190  755    24389  12.1870  38.2370  -33.4980  755
52007  57.9390  -24.4410  -2.8050  757    24758  6.0140  69.6460  -18.3660  757
52010  55.1700  -24.4090  -2.4130  760    24847  40.7640  26.3850  -63.2300  760
52013  52.4880  -24.6650  -2.3810  763    25194  62.9300  11.6370  -49.2840  763
52015  50.6310  -24.7440  -2.4130  765    25254  15.9140  88.6330  -19.0310  765
52016  49.6780  -24.9140  -2.4700  766    25276  34.8860  -9.9660  -40.6350  766
52024  60.2360  -24.2510  -4.3960  773    25763  33.2060  78.4510  -33.6260  773
52026  58.0620  -23.9230  -3.8830  775    25828  56.1990  -25.5360  -41.2550  775
52027  57.1360  -23.8670  -3.6310  776    25805  7.1410  80.6180  10.9510  776
52031  53.5380  -24.0870  -3.3480  780    26180  12.4710  30.7790  20.0220  780
52033  51.8900  -24.3110  -3.2670  782    26456  53.1440  -38.8060  -36.5870  782
52034  50.9850  -24.3800  -3.3230  783    26478  57.6180  26.6950  18.7980  783
52036  49.2260  -24.7540  -3.6030  785    26527  4.4230  -66.2150  -13.9740  785
52037  48.3940  -24.9130  -3.9190  786    26541  27.7540  76.2470  -35.8680  786
52038  48.0740  -24.7570  -4.5910  787    27781  37.8060  6.6910  -62.0900  787
52043  60.7600  -23.9120  -5.3770  791    26913  66.8050  -33.1860  -3.1030  791
52045  58.7870  -23.4900  -5.2160  793    26933  27.8410  32.3250  31.9670  793
52046  52.9380  -23.9140  -3.8850  794    27382  49.3010  20.6650  -24.6110  794
52049  50.4570  -24.0760  -4.2540  797    27705  6.7080  47.7300  27.0220  797
52051  48.8910  -24.4450  -4.6380  799    27741  63.9800  -30.6800  7.7560  799
52056  69.8730  -24.2180  -5.5380  803    28983  60.1880  -44.0220  7.9590  803
52059  61.8180  -23.7810  -6.1640  806    28158  4.1970  7.5740  11.1740  806
52061  48.0540  -24.1580  -5.5640  808    28628  59.6010  -33.7190  -23.4840  808
52062  47.8780  -23.9750  -5.9880  809    1122  33.7420  -11.0340  -24.9650  809
52069  64.4770  -24.5750  -6.8930  815    23398  29.5150  3.2480  54.6120  815
52073  47.6660  -23.5260  -7.0820  819    1120  30.2130  57.5320  2.6630  819
52075  69.6350  -24.2420  -7.1710  820    28985  58.2070  -3.3160  -39.9550  820
52079  65.6670  -24.4040  -7.9840  824    23397  7.5800  88.5720  -16.0330  824
52083  68.8450  -24.2780  -8.4210  827    30214  16.8500  8.5920  47.3490  827
52086  47.6650  -22.5100  -8.6270  830    2924  43.2060  -33.9910  3.2000  830
52088  47.7250  -22.0090  -9.5320  831    3048  2.1080  41.2590  -28.2410  831
52092  47.8150  -21.4160  -11.2900  833    3753  2.3680  26.6300  -29.3220  833
52097  47.4090  -21.3870  -12.3130  834    3993  42.3090  3.1010  -45.1910  834
52149  46.4130  -21.5270  -15.7230  841    9496  56.9370  -51.6090  1.8520  841
52167  68.6710  -19.9580  -14.3860  843    21988  11.1110  53.3160  -43.7730  843
52168  67.0530  -19.9380  -15.3140  844    33919  38.3980  5.1720  -1.5400  844
52191  64.4010  -20.0880  -16.1700  854    34657  11.8410  35.1730  -32.9310  854
52193  61.7760  -19.8820  -16.2810  856    12867  46.3570  -68.8340  -14.2280  856
52200  50.1280  -21.5070  -17.5660  863    15799  22.1780  -86.1250  -12.7950  863
52202  48.7730  -21.5830  -17.4580  865    15866  36.5370  59.4480  -34.4020  865
52215  59.5570  -19.4790  -17.0170  869    35734  3.0690  -34.4790  19.3810  869
52217  58.0160  -19.8840  -17.1820  871    35766  46.3370  39.5800  9.3720  871
52219  56.2280  -20.4390  -17.3900  873    35806  7.7790  -58.8450  -26.3410  873
52220  55.2010  -20.7300  -17.2860  874    15238  60.3060  1.7470  -4.0330  874
53060  69.5500  -22.8760  2.2970  883    16919  31.1810  75.4420  8.7050  883
53065  69.5660  -23.1490  1.3200  884    18604  40.6620  -60.6620  -15.5060  884
53068  69.6620  -23.3790  0.3390  885    20191  7.0880  67.0830  -31.5630  885
53071  69.7450  -23.5340  -0.6540  886    21847  31.7620  -20.2170  39.7740  886
53075  70.0890  -23.2900  -3.3120  888    33921  4.4430  24.7150  26.8830  888
53076  69.9590  -23.5010  -2.5420  889    24361  35.1320  -9.0740  -40.9720  889
53081  56.3790  -23.4410  -4.4200  893    27067  9.0000  71.7310  -19.7760  893
53083  54.6150  -23.5520  -4.1790  895    27369  14.0420  62.9960  31.7950  895
53091  57.3830  -23.0400  -5.4850  902    33987  65.5240  -28.4500  -28.7290  902
53093  55.6820  -23.0440  -5.1480  904    34221  52.3290  -58.5110  -29.7850  904
53097  51.7630  -23.4280  -4.8770  908    28524  46.4380  -67.9620  -15.6840  908
53098  50.8090  -23.5300  -5.0070  909    28550  3.2120  41.9540  -0.2070  909
53100  49.2130  -23.8660  -5.2430  911    28611  59.4650  16.1410  -8.9460  911
53107  59.4000  -22.7740  -6.5920  917    34461  53.3030  -49.2010  -19.3170  917
53109  57.5700  -22.5390  -6.2340  919    34493  27.6800  -70.0780  10.9730  919
53113  54.1350  -22.6300  -5.6990  923    34548  47.1200  4.0800  -6.7980  923
53115  52.1870  -22.8790  -5.6580  925    34740  16.2630  -8.9060  22.8180  925
53116  51.1830  -22.9410  -5.7490  926    34761  54.3120  -3.9130  18.6640  926
53126  61.7150  -22.6790  -7.6120  935    23396  50.6750  9.0180  16.9410  935
53128  59.8320  -22.3360  -7.1950  937    35041  29.9320  -45.7070  15.3280  937
53130  48.6950  -23.1320  -6.5950  939    33187  57.3400  -6.9250  -50.6010  939
53131  48.3640  -23.0640  -7.0090  940    29783  7.7090  -64.3000  -2.7310  940
53132  47.9700  -23.0770  -7.4190  941    29784  53.3790  -25.1600  2.0410  941
53137  66.4380  -24.0880  -8.7070  945    30125  3.3040  18.4630  33.9210  945
53150  47.9470  -22.2170  -8.8640  956    36511  1.3330  30.8410  2.5690  956
53151  47.8570  -22.0250  -9.3220  957    30714  15.3590  -55.2850  17.8750  957
53153  68.6770  -22.9510  -9.8130  958    36287  47.7310  27.0240  23.8260  958
53154  67.8400  -22.7950  -10.1820  959    36638  31.5870  10.9060  29.2940  959
53158  47.8760  -21.3200  -11.0240  962    30773  68.5070  -3.9360  -43.1620  962
53160  47.5730  -21.0930  -12.0450  963    30841  25.9430  -72.2370  17.8790  963
53162  47.0330  -21.0100  -12.9980  964    31023  56.3430  -50.6420  -19.1110  964
53169  46.5290  -20.9940  -13.8740  965    31310  12.0710  89.4000  -13.7430  965
53189  46.2040  -20.9920  -14.6570  966    31695  7.2060  -56.9440  -25.8340  966
53209  46.4390  -21.0660  -16.0380  968    33986  31.7480  -52.8740  16.8530  968
53220  46.6320  -20.2950  -16.4220  972    38952  52.6990  28.5140  15.4660  972
53231  68.7970  -19.0010  -15.1240  973    34641  53.2410  -51.5250  19.2090  973
53233  65.8220  -19.3840  -16.4950  975    35511  3.6140  -60.0490  -25.9630  975
53237  61.1050  -19.4360  -16.7810  979    35708  45.3490  42.0290  -21.6330  979
53238  47.9830  -20.7060  -17.6580  980    36050  35.2950  -52.3610  10.3090  980
53240  47.1670  -20.8440  -16.9110  982    34907  5.7890  -3.5430  57.1580  982
53252  63.7880  -19.1380  -17.0310  984    39735  43.0330  26.0450  13.3870  984
53254  61.3690  -18.8860  -17.3180  986    39863  32.9760  -10.6020  -30.2880  986
53260  55.5610  -20.0940  -17.8660  992    36752  59.3740  -14.1390  -16.8700  992
53262  53.6190  -20.2510  -17.8790  994    36780  57.9680  -14.4400  -17.0820  994
53264  51.7950  -20.3240  -17.8380  996    36806  21.5040  -71.1220  4.4800  996
53266  50.1050  -20.2110  -18.0590  998    36958  41.6960  3.4210  -4.3670  998
53280  60.9030  -18.4920  -17.7260  1002    40423  26.7060  49.8410  -39.2930  1002
53282  59.3880  -18.7760  -17.7480  1004    40432  1.2540  2.6760  -10.8910  1004
53285  56.8000  -19.3360  -18.3260  1007    40570  41.3170  14.9030  39.8030  1007
53287  54.9440  -19.5350  -18.2970  1009    40682  12.6340  -51.9430  11.4720  1009
53289  53.0570  -19.5890  -18.2260  1011    40707  43.4800  31.9520  -20.4310  1011
53291  51.2010  -19.7050  -18.1440  1013    40731  61.8420  23.0020  17.6540  1013
54124  70.1110  -22.0980  -1.2390  1015    33669  24.2130  1.6410  -39.1740  1015
54139  56.2050  -21.9030  -6.5500  1023    35330  10.4360  58.2810  -3.5710  1023
54141  54.4450  -22.0490  -6.4120  1025    35354  62.9060  21.6820  -27.2900  1025
54143  52.5700  -22.2470  -6.4010  1027    35583  35.4530  -50.8930  22.9040  1027
54145  50.6160  -22.4210  -6.6040  1029    34608  10.0160  -48.1520  36.8100  1029
54155  57.9800  -21.5650  -7.3580  1036    39469  54.1680  28.5360  1.1710  1036
54160  53.9000  -21.5390  -7.0310  1041    39648  25.7580  -37.0320  -34.7480  1041
54163  51.0920  -21.7670  -7.2680  1044    39686  17.9070  25.5010  46.7450  1044
54164  50.0170  -21.7420  -7.6050  1045    39718  17.1560  71.3600  22.3400  1045
54165  48.9750  -22.3940  -7.4000  1046    36032  9.9740  47.6600  11.4940  1046
54172  63.2300  -22.1600  -8.8020  1050    36464  50.0140  -15.7590  -43.7220  1050
54175  60.7230  -21.4940  -8.4130  1053    39898  25.2340  49.0120  -36.9920  1053
54178  58.3360  -21.1030  -7.8260  1056    40070  60.0290  31.2240  11.6030  1056
54181  49.7060  -21.1510  -8.2180  1059    40344  37.8660  25.3080  -12.4040  1059
54182  49.2560  -21.4160  -8.2540  1060    40339  4.3190  -68.5480  -16.1750  1060
54183  48.5270  -21.5460  -8.6740  1061    40510  43.6460  37.7150  -57.4420  1061
54190  64.9660  -21.7820  -9.7570  1064    36798  5.4070  -74.9670  -30.6040  1064
54194  48.3080  -21.0660  -9.4110  1068    40975  4.3660  -9.5550  8.5150  1068
54195  48.0190  -21.3560  -9.6380  1069    36855  28.3640  6.8540  -56.3980  1069
54200  67.6040  -21.8730  -10.8390  1071    497  13.1670  65.4180  -18.5350  1071
54203  47.9780  -20.8400  -11.0400  1074    41236  53.2200  -25.1280  2.1190  1074
54204  47.8870  -21.2350  -10.5570  1075    37029  14.4250  -23.9400  41.9930  1075
54206  68.8240  -21.5810  -11.1630  1076    36994  13.7910  -30.6400  -19.6170  1076
54208  47.9150  -20.6250  -11.7320  1078    41538  43.2320  21.6360  -60.9180  1078
54209  47.7720  -20.8320  -11.7720  1079    37037  29.7290  35.4510  -32.1580  1079
54211  47.3240  -20.6180  -12.8160  1080    37198  0.6260  29.9210  -0.4610  1080
54213  46.8180  -20.4400  -13.7340  1081    37222  2.6590  30.4320  15.2220  1081
54243  46.2950  -20.4430  -15.1450  1083    38504  3.8930  46.5470  15.8890  1083
54259  46.8510  -19.6580  -17.0130  1087    39147  52.0200  -26.3550  36.9540  1087
54266  47.5920  -19.8680  -17.7420  1090    39906  34.8720  38.2740  -46.4300  1090
54268  46.8980  -18.9480  -17.8310  1092    42703  19.1160  -49.4320  2.1570  1092
54276  68.5660  -17.9810  -16.0650  1093    42751  28.7610  -47.4540  17.4570  1093
54278  65.5220  -18.6780  -17.1040  1095    39725  9.7210  52.2880  5.7390  1095
54284  48.7410  -19.6520  -18.2760  1101    43164  52.0840  -32.4280  -42.7850  1101
54285  47.8230  -19.5050  -18.1830  1102    40848  54.7390  -32.8940  -6.8610  1102
54286  47.2370  -18.8900  -18.4740  1103    42841  46.8610  38.2550  -21.5610  1103
54298  63.7420  -18.2030  -17.6220  1105    43075  5.2190  -59.6870  30.6540  1105
54306  56.2200  -18.7640  -18.7980  1113    41263  35.1000  38.5490  -61.7310  1113
54308  54.3350  -18.8590  -18.6600  1115    41309  43.0180  -50.6500  -1.9560  1115
54310  52.4930  -18.9160  -18.6030  1117    41397  24.5510  47.0880  40.0080  1117
54315  47.7510  -18.6550  -19.1620  1122    43181  3.7320  -22.6010  23.9470  1122
54327  56.6590  -18.3810  -19.0170  1123    43438  46.0790  40.1940  19.8600  1123
54329  52.8080  -18.3950  -18.9400  1125    43596  27.8380  -47.8920  19.2880  1125
54330  52.1150  -18.2800  -19.1120  1126    43612  25.5250  -47.1900  20.9670  1126
55157  56.1060  -20.9470  -7.5880  1129    40105  28.7280  69.3080  19.1790  1129
55159  54.3260  -20.9270  -7.6270  1131    40184  45.5230  -3.4600  43.3330  1131
55161  52.5140  -21.0610  -7.6610  1133    42661  15.9390  -80.0850  6.5420  1133
55174  54.8160  -20.3300  -8.3860  1144    42607  4.3040  36.6900  20.0310  1144
55178  51.1650  -20.4740  -8.3880  1148    42687  4.1300  45.1990  30.8310  1148
55189  61.1070  -20.6540  -9.2950  1156    42721  1.2880  48.1510  -15.2580  1156
55191  59.3990  -20.2590  -9.0340  1158    42757  66.5330  -27.2200  2.3630  1158
55193  57.5280  -20.2050  -8.7920  1160    42820  53.3600  47.6770  13.6280  1160
55195  55.6640  -20.0550  -8.8610  1162    42843  45.5260  -68.0860  -17.1350  1162
55198  49.9630  -20.1300  -8.9850  1165    42974  48.3750  55.0130  -9.8010  1165
55199  49.2120  -20.2120  -9.3280  1166    43051  60.6730  -19.7540  29.4600  1166
55209  64.3640  -20.7590  -10.3540  1172    496  6.4120  -8.4130  -15.7200  1172
55211  48.8570  -20.1240  -9.9750  1174    2796  46.4870  -60.1230  17.5320  1174
55212  48.4590  -20.2640  -10.4050  1175    41245  67.5710  -33.5060  -26.5760  1175
55220  48.3740  -20.3110  -11.2310  1179    3479  47.8600  -62.1690  -12.8430  1179
55224  68.8850  -20.6870  -11.9180  1182    4198  29.1110  47.0260  15.8410  1182
55226  47.7030  -19.9820  -12.9830  1184    43715  49.2960  -15.3530  7.0880  1184
55229  47.5010  -19.6170  -13.6210  1186    7111  12.2970  18.0540  26.8540  1186
55230  47.2360  -19.8860  -13.6320  1187    41706  45.2410  24.2100  38.8450  1187
55242  46.7500  -19.6740  -14.5610  1188    41736  36.0870  -27.4670  24.6590  1188
55262  46.5000  -19.6040  -15.4250  1189    41869  48.6600  62.2880  -10.6050  1189
55268  46.5720  -19.2300  -16.3020  1190    42586  59.7400  30.4440  4.1600  1190
55272  46.6790  -18.9360  -17.0270  1191    42686  2.2910  30.1000  -17.7810  1191
55283  66.0140  -17.9260  -17.4190  1196    43064  30.2050  -18.2100  44.2630  1196
55286  46.8770  -18.2880  -19.1230  1199    15992  28.2780  -48.8440  -11.9820  1199
55295  61.9250  -17.4170  -18.2460  1204    43398  2.0180  57.9320  -31.8480  1204
55297  59.8840  -17.7000  -18.4150  1206    43410  24.0080  19.7690  53.2320  1206
55302  55.5490  -18.2020  -19.1360  1211    43581  44.6010  15.1810  -12.9730  1211
55306  50.5520  -18.2980  -19.2160  1215    43695  37.2920  52.8070  -35.2560  1215
55308  48.6900  -18.4970  -19.6230  1217    43714  26.1900  -52.2090  -11.1900  1217
55310  47.3890  -18.2040  -19.8770  1219    18324  51.2530  33.3670  13.0060  1219
55328  55.8740  -17.6930  -19.5670  1228    43587  2.3180  63.0700  -37.9360  1228
55330  53.9250  -17.4720  -19.8200  1230    20599  28.7200  63.1750  4.1760  1230
55333  50.8420  -17.7750  -19.9480  1233    43704  51.8450  35.2200  -46.4890  1233
55334  49.9350  -17.8790  -20.0380  1234    44711  5.4880  27.0110  -37.1150  1234
55336  48.2180  -18.0810  -20.4960  1236    19736  38.6910  -18.6320  44.9730  1236
55351  53.0730  -17.1300  -20.3550  1239    44902  22.8620  21.0640  -38.8500  1239
55355  49.4370  -17.7230  -20.9140  1243    21030  21.5930  -19.5290  -15.8340  1243
56291  52.7330  -19.8800  -8.6570  1247    42946  23.9430  -61.9080  32.9000  1247
56302  57.2550  -19.7060  -9.4280  1256    1875  8.8440  -0.7970  58.6340  1256
56306  53.4320  -19.5020  -9.2300  1260    45178  47.0690  -52.1930  -22.2100  1260
56317  63.0400  -20.2010  -10.4260  1269    573  41.3560  -0.3120  27.6720  1269
56319  60.9170  -19.5820  -10.3530  1271    841  35.5850  -6.4290  -32.2050  1271
56321  58.8770  -19.3370  -10.1440  1273    840  35.7670  -7.3660  -32.2870  1273
56325  55.1460  -19.2240  -9.9680  1277    2449  49.6210  15.8670  -66.0450  1277
56327  53.2510  -19.0490  -9.9190  1279    2707  6.6140  -67.0210  -14.8240  1279
56329  51.5160  -19.2910  -10.1690  1281    2709  50.8430  -63.1430  -11.3050  1281
56331  49.9240  -19.7390  -10.7920  1283    2797  58.9510  8.9980  -26.0830  1283
56340  65.3160  -19.9940  -11.5510  1288    498  14.4120  64.8800  -18.5920  1288
56341  64.0250  -19.7720  -11.2880  1289    537  35.0560  -28.9920  52.0560  1289
56346  49.6430  -19.7930  -11.4700  1294    2798  61.4930  11.2380  -27.1090  1294
56349  48.2520  -19.9730  -12.4150  1297    5118  64.4170  -1.2600  25.7680  1297
56378  47.4140  -18.8360  -14.3930  1307    7190  25.4230  34.5120  -61.4040  1307
56379  47.0960  -18.9640  -14.6300  1308    7189  42.5820  -15.0420  -39.2110  1308
56398  46.7610  -18.7260  -15.4280  1309    8719  57.3310  -40.6780  3.8800  1309
56415  46.6300  -18.4980  -16.2620  1310    2962  35.4590  -67.9300  -5.4850  1310
56429  46.6000  -18.2680  -17.0390  1311    5381  59.6460  -8.8390  -19.2040  1311
56443  46.5070  -18.0380  -17.7630  1312    13537  7.2100  64.6440  -8.7030  1312
56457  46.4710  -17.8400  -18.4440  1313    15991  8.1230  -46.7200  41.0980  1313
56472  66.7780  -17.3180  -17.5160  1314    17144  14.8250  -4.0490  18.6820  1314
56481  64.0450  -17.0110  -18.2450  1319    17842  19.5260  -71.7220  4.8970  1319
56491  60.4910  -16.4690  -19.0410  1327    18807  45.4130  8.0380  44.1070  1327
56493  58.7070  -16.8070  -19.4990  1329    19225  4.6760  36.7050  17.5330  1329
56495  57.0640  -17.1320  -19.8840  1331    19227  3.3550  36.1550  16.9410  1331
56497  55.4180  -17.1040  -20.1170  1333    20421  51.3570  -5.6300  -28.4580  1333
56515  52.5570  -16.7590  -21.1420  1345    20640  51.9870  -2.8100  -24.9080  1345
56517  50.6930  -17.0800  -21.4740  1347    20949  26.3010  -15.6160  53.1640  1347
56520  47.9640  -17.4510  -21.3320  1350    19738  34.4970  0.7940  -36.6690  1350
56521  47.3770  -17.3040  -21.2130  1351    19737  50.5280  -0.3640  -54.9670  1351
56532  55.2530  -16.1390  -21.0930  1352    20420  37.0750  50.3930  30.4900  1352
56534  53.8280  -16.2550  -21.4490  1354    20509  57.5140  -11.8100  36.4010  1354
56536  52.1170  -16.3730  -22.0170  1356    20649  40.3670  -74.4040  -13.0180  1356
57739  59.4240  -19.0490  -10.7280  1360    842  41.5910  -44.3470  -34.5400  1360
57741  57.7820  -18.8960  -10.7630  1362    1832  6.0060  33.5010  21.2130  1362
57748  51.4420  -19.1400  -11.0370  1369    2708  9.5060  -49.8050  -9.0440  1369
57756  61.6710  -19.0610  -11.8610  1375    4932  4.1630  -30.0100  47.6900  1375
57762  55.6540  -18.3470  -11.2740  1381    17094  50.9260  -61.4970  -1.4640  1381
57763  54.7770  -18.3130  -11.2440  1382    17113  43.7280  -23.5630  45.9450  1382
57765  53.0570  -18.4910  -11.4450  1384    17148  4.4550  23.8440  -29.7210  1384
57774  68.7890  -19.7730  -12.8020  1390    5752  32.7110  71.6740  6.9770  1390
57775  67.8440  -19.6050  -12.8770  1391    5895  33.1750  79.9610  -16.7240  1391
57777  65.2480  -19.0400  -12.7040  1393    6413  65.7620  14.7770  1.8700  1393
57778  63.8800  -18.7790  -12.8490  1394    18693  46.1300  -23.9020  43.9100  1394
57782  59.4340  -18.4830  -12.3610  1398    39621  45.3400  38.1010  -36.9240  1398
57784  57.5600  -18.2140  -12.2110  1400    17093  31.6060  10.9840  27.4760  1400
57787  51.2790  -18.8800  -12.6110  1403    39945  4.3340  8.5540  41.4960  1403
57789  49.7970  -19.1440  -13.1510  1405    6432  50.2360  61.6890  -17.9640  1405
57801  67.8040  -18.9750  -13.5890  1408    12519  70.2510  -22.1690  -2.4850  1408
57802  66.5250  -18.6780  -13.5540  1409    4845  28.7810  79.4760  -18.3150  1409
57803  65.2420  -18.4140  -13.5780  1410    4846  6.2170  83.3220  -36.9760  1410
57807  48.2960  -18.7650  -13.9450  1414    6549  43.3180  56.2510  -6.0430  1414
57821  47.0160  -18.0300  -15.4460  1418    8720  40.8130  45.6170  30.3590  1418
57826  46.8400  -17.6250  -16.3490  1419    2964  21.4770  57.6300  13.8930  1419
57831  46.6590  -17.5320  -17.1130  1420    2963  22.2280  57.8410  12.9020  1420
57858  46.3250  -17.0930  -19.1020  1423    15993  26.4990  -50.6200  -11.4260  1423
57877  46.5230  -17.1860  -20.1640  1425    18325  53.8290  2.0850  -59.2200  1425
57897  60.8780  -15.8480  -19.3040  1427    18758  34.2510  -62.8870  11.7160  1427
57907  58.8850  -15.6530  -20.3170  1433    19226  4.5330  35.6630  18.0240  1433
57923  56.9440  -15.5510  -21.0930  1440    28816  35.7040  14.2450  28.2930  1440
57927  53.5050  -15.8890  -22.1100  1444    22444  58.2010  14.2490  -15.2960  1444
59201  61.3270  -18.3310  -13.3240  1455    18717  37.7390  -72.0400  -23.3420  1455
59202  60.2880  -18.2400  -13.2280  1456    18762  5.4550  7.1300  40.9900  1456
59204  58.3500  -18.0000  -12.9850  1458    19085  43.3490  4.9880  -17.6850  1458
59207  55.5470  -17.8770  -12.6980  1461    17092  5.5290  85.5110  -31.8460  1461
59209  53.8300  -18.1790  -12.9600  1463    17170  30.9070  2.5290  -55.0130  1463
59211  52.0910  -18.5570  -13.1460  1465    17412  7.0100  61.0910  -6.0010  1465
59213  50.5020  -18.7630  -13.6530  1467    21337  3.8360  -56.0530  -22.2390  1467
59229  62.2770  -17.8530  -14.0220  1473    18692  2.2700  65.1320  -42.1780  1473
59235  56.4010  -17.5780  -13.4650  1479    19084  33.7770  75.9370  -34.4400  1479
59244  48.7600  -18.1910  -14.4120  1488    21735  5.9660  -28.3880  -3.2920  1488
59246  47.8700  -18.0480  -14.6580  1490    21866  37.2470  -54.2360  35.2300  1490
59252  67.6030  -17.5610  -14.7080  1491    7050  41.7930  16.8660  -34.8230  1491
59253  66.5040  -17.3620  -14.7520  1492    4847  6.7670  84.2770  -35.4430  1492
59255  50.8980  -18.1220  -14.7490  1494    21321  23.5080  -70.3870  -28.5170  1494
59256  50.3810  -17.9800  -14.8770  1495    21672  3.3260  -6.0330  -1.1440  1495
59266  47.4230  -17.1640  -15.7500  1501    22840  37.7400  -63.5560  -37.2350  1501
59267  47.1580  -17.1720  -16.1270  1502    23194  58.6350  -46.8340  -29.0760  1502
59270  47.0470  -16.7320  -16.9270  1503    23391  44.2440  38.6170  -14.4760  1503
59276  46.6840  -16.6460  -17.9360  1505    23861  59.9240  -46.5920  -28.5410  1505
59279  46.4640  -16.4720  -18.5050  1506    24197  67.9990  3.2360  -8.9670  1506
59284  46.2790  -16.3250  -19.0860  1507    24301  39.5870  50.5600  -2.4790  1507
59294  46.2050  -16.2650  -19.6940  1508    24733  65.9900  18.4760  5.2390  1508
59316  46.5440  -16.0300  -20.8670  1509    26771  16.5910  72.0240  22.2270  1509
60553  64.2780  -17.2710  -14.6520  1512    40560  54.9360  48.4260  8.9390  1512
60557  60.0330  -17.1870  -14.5040  1516    20672  38.6230  -15.0110  -48.1210  1516
60559  58.1440  -17.0830  -14.2210  1518    20772  38.4630  7.0180  -65.5530  1518
60562  55.4180  -17.4100  -14.3650  1521    21169  8.3090  37.7550  -44.6320  1521
60564  53.6040  -17.6950  -14.6090  1523    21238  53.1330  16.0990  34.1600  1523
60578  63.0830  -16.5780  -15.1540  1533    859  4.0220  -50.4920  -16.5090  1533
60580  60.9260  -16.5480  -15.1810  1535    40697  54.3210  -54.6720  7.2410  1535
60581  59.9130  -16.5700  -15.0280  1536    1473  32.6180  78.6310  -13.4330  1536
60583  58.0720  -16.5600  -14.8150  1538    2287  8.5510  26.5890  -21.7370  1538
60585  56.2290  -16.6760  -15.0200  1540    2368  25.8030  86.2910  -13.6120  1540
60588  53.4250  -17.1360  -15.4210  1543    3016  63.6730  16.0560  -46.8260  1543
60602  55.1490  -16.4840  -15.7060  1552    4747  33.9600  -0.9180  -36.3600  1552
60605  50.9070  -17.0090  -15.8730  1555    3014  34.8520  -15.7390  27.9310  1555
60607  49.5190  -16.8080  -16.0520  1557    41754  58.9560  28.6460  -8.1430  1557
60611  47.3010  -16.6220  -16.8290  1561    6117  36.7970  -78.3810  -15.5930  1561
60621  46.9640  -15.9230  -18.1920  1565    23862  47.2790  18.7860  -56.7150  1565
60624  46.6230  -15.6750  -18.5740  1566    24198  43.4230  -24.9650  32.3850  1566
60628  46.3610  -15.4790  -19.0500  1567    24302  4.6370  -59.6770  -8.5980  1567
60647  46.2480  -15.3250  -20.1660  1569    25206  69.9930  -5.0550  -4.7670  1569
61809  67.2730  -16.3370  -15.4310  1570    3195  22.6730  35.4110  47.3810  1570
61810  66.4010  -16.1260  -15.4800  1571    3302  64.0550  -20.4310  -15.8760  1571
61811  65.2510  -15.9540  -15.4710  1572    858  3.6440  -50.1320  -15.3770  1572
61843  52.0840  -16.1890  -16.7300  1581    3015  64.4670  15.4650  -45.5130  1581
61846  49.4730  -16.3890  -16.9890  1584    5560  4.4020  52.2300  22.9280  1584
61847  48.7450  -16.2780  -17.0560  1585    5660  3.0560  8.0720  -34.7680  1585
61861  48.1130  -15.6550  -17.9340  1588    5659  59.9310  -9.7950  34.7220  1588
61862  47.6480  -15.6480  -17.9650  1589    6133  40.9340  70.8770  -18.4210  1589
61866  47.1590  -15.1180  -18.3600  1592    7651  42.8690  -32.8720  41.9660  1592
61872  46.4460  -14.5950  -18.9580  1594    7711  37.5550  25.0050  -55.9820  1594
61875  46.2630  -14.3970  -19.4270  1595    8394  30.6650  20.1770  39.4400  1595
