#!ascii label  , from subject FreeSurferMNI152_0.3 vox2ras=TkReg
433
19132  -14.883  -13.842  -28.500 1.0000000000
1549  -59.051  -46.595  -1.562 2.0000000000
1678  -62.358  14.340  -18.635 3.0000000000
2397  -46.934  24.586  22.678 4.0000000000
2396  -49.001  23.791  23.143 5.0000000000
19103  -18.574  77.951  10.389 7.0000000000
21209  -12.848  83.933  2.648 9.0000000000
319  -39.198  -1.147  22.098 11.0000000000
23580  -1.751  42.095  -34.572 12.0000000000
179  -42.389  32.161  34.920 13.0000000000
546  -0.631  -41.927  19.051 14.0000000000
1376  -51.279  34.220  13.789 15.0000000000
1410  -25.578  -61.888  7.369 16.0000000000
1409  -26.023  34.091  31.820 17.0000000000
1550  -57.688  -48.496  -3.752 18.0000000000
23617  -1.928  71.021  -29.613 24.0000000000
3405  -28.293  8.321  -43.401 25.0000000000
181  -18.640  12.742  -41.658 26.0000000000
3464  -51.905  -22.378  -14.059 27.0000000000
3572  -50.280  -39.320  -0.849 29.0000000000
22813  -2.456  -87.053  -12.054 31.0000000000
22839  -44.504  -51.115  0.204 32.0000000000
23059  -29.452  75.133  2.665 33.0000000000
23169  -30.836  -19.874  23.891 36.0000000000
2398  -17.033  -35.931  -19.971 37.0000000000
2617  -25.444  -10.946  -28.332 39.0000000000
2845  -65.484  9.274  -4.161 42.0000000000
3512  -14.190  -61.289  19.827 43.0000000000
24879  -25.997  14.728  -41.145 46.0000000000
4338  -8.929  41.643  7.891 50.0000000000
5009  -22.894  4.491  -38.843 51.0000000000
4808  -55.740  -46.001  14.818 52.0000000000
16268  -40.113  -3.653  -42.549 53.0000000000
33995  -34.639  28.443  -11.800 54.0000000000
19087  -36.835  16.013  -2.938 55.0000000000
34900  -24.584  70.818  5.572 57.0000000000
21189  -16.212  79.643  6.931 58.0000000000
21818  -46.258  40.070  -23.083 60.0000000000
23581  -58.299  -45.028  11.306 65.0000000000
23618  -20.299  -78.228  -6.260 67.0000000000
1295  -24.701  -61.507  -37.339 69.0000000000
24519  -53.824  34.697  -17.724 74.0000000000
3977  -6.927  53.765  -4.490 84.0000000000
2923  -18.062  -19.253  43.873 88.0000000000
4766  -12.905  -7.382  19.057 90.0000000000
25887  -5.040  -1.195  26.721 94.0000000000
3120  -53.548  -20.237  36.241 96.0000000000
3121  -57.340  -5.193  28.219 97.0000000000
3636  -59.484  -27.468  -32.962 99.0000000000
3770  -24.809  6.357  28.415 100.0000000000
6757  -37.311  2.663  -3.736 102.0000000000
3976  -46.776  -22.288  34.303 103.0000000000
26282  -11.182  -6.008  22.569 104.0000000000
4893  0.175  53.345  28.101 107.0000000000
5484  -17.202  7.750  -35.908 111.0000000000
43951  -30.642  -28.961  -26.896 114.0000000000
34878  -9.935  -35.340  21.531 116.0000000000
29296  -15.174  -41.330  -2.754 119.0000000000
31297  -34.777  32.369  -16.317 122.0000000000
1296  -30.589  8.370  -64.311 124.0000000000
1947  -3.457  42.758  9.972 126.0000000000
2844  -19.382  9.106  54.206 128.0000000000
2843  -18.245  9.722  54.288 130.0000000000
2950  -49.503  44.372  -26.496 132.0000000000
4685  -27.444  78.467  -6.003 133.0000000000
3666  -18.120  -0.585  -31.587 138.0000000000
3769  -25.855  7.424  28.690 140.0000000000
4007  -35.456  1.123  -1.014 143.0000000000
2924  -17.154  -19.797  44.792 146.0000000000
8567  -38.500  -66.255  17.606 152.0000000000
5483  -38.396  8.854  -51.540 153.0000000000
3119  -23.325  6.861  27.725 156.0000000000
3612  -27.185  4.293  -38.167 157.0000000000
4767  -12.008  -5.450  18.593 162.0000000000
5485  -38.439  19.958  14.943 167.0000000000
5928  -24.057  -27.583  -30.024 168.0000000000
5982  -29.499  -22.663  29.143 169.0000000000
9568  -1.173  -37.404  36.523 171.0000000000
28174  -48.053  -5.677  18.056 172.0000000000
30587  -1.286  7.435  25.442 174.0000000000
1297  -52.152  -34.166  -5.935 178.0000000000
20994  -32.518  -22.695  45.832 180.0000000000
3978  -64.894  -21.343  1.109 182.0000000000
4199  -47.359  29.739  -59.076 184.0000000000
4228  -10.276  5.205  24.316 185.0000000000
4659  -35.931  3.636  0.388 187.0000000000
6196  -33.048  5.999  -37.751 192.0000000000
6688  -23.113  12.653  52.051 193.0000000000
6730  -8.140  -8.262  24.945 194.0000000000
34487  -53.917  -16.229  35.082 198.0000000000
8491  -40.788  14.504  28.101 200.0000000000
8543  -42.987  -60.464  -29.029 201.0000000000
6126  -23.350  61.407  1.929 206.0000000000
35245  -29.757  36.140  41.124 213.0000000000
35317  -12.809  6.088  -40.864 217.0000000000
35510  -60.302  26.482  -7.585 219.0000000000
35530  -20.432  85.634  -18.190 220.0000000000
29297  0.380  3.414  47.129 222.0000000000
6292  -35.576  40.618  -16.241 224.0000000000
32103  -45.234  -32.597  -1.978 226.0000000000
33437  -48.714  -19.586  4.240 229.0000000000
15042  -45.329  -61.380  -31.843 232.0000000000
34256  -28.007  37.168  -30.484 235.0000000000
15129  -5.684  -84.686  -1.706 239.0000000000
16009  -24.052  -12.875  -26.840 240.0000000000
16050  -53.906  5.185  -42.530 241.0000000000
16090  -49.939  61.554  -25.699 242.0000000000
16169  -33.704  38.608  -11.001 243.0000000000
35600  -2.151  7.245  51.291 247.0000000000
35612  -64.675  -3.699  -43.807 248.0000000000
16204  -31.881  -25.850  23.851 250.0000000000
9593  -0.561  49.365  21.925 252.0000000000
19515  -53.518  -2.012  36.740 263.0000000000
17379  -54.296  -9.577  22.446 268.0000000000
17405  -25.282  -14.721  38.051 269.0000000000
18937  -41.034  -40.237  37.599 270.0000000000
19017  -58.590  13.910  13.430 272.0000000000
4323  -46.707  1.086  20.889 277.0000000000
8431  -43.622  38.413  20.675 279.0000000000
28613  -49.899  9.989  35.869 280.0000000000
29350  -1.793  49.135  -48.103 281.0000000000
15041  -18.938  -82.166  -9.672 282.0000000000
17929  -6.896  71.283  25.296 293.0000000000
16074  -26.773  17.040  40.616 294.0000000000
16110  -5.879  45.537  -44.131 295.0000000000
16184  -55.090  39.830  -14.864 296.0000000000
17378  -0.148  19.472  22.185 297.0000000000
19536  -61.094  18.431  -34.511 300.0000000000
17865  -10.695  61.519  -10.362 301.0000000000
16205  -16.916  -83.466  0.240 302.0000000000
34980  -60.968  0.859  -45.384 305.0000000000
17380  -52.883  -21.655  7.060 307.0000000000
18967  -6.321  48.826  -42.128 310.0000000000
19038  -1.671  -23.047  18.388 312.0000000000
19461  -0.270  51.237  -44.262 313.0000000000
18863  -24.569  60.518  -34.387 319.0000000000
18887  -49.389  -49.627  -32.744 320.0000000000
19018  -57.785  13.583  12.802 322.0000000000
19462  -4.448  69.769  -4.744 324.0000000000
15043  -53.134  -38.894  -43.724 329.0000000000
15060  0.554  -0.027  32.642 331.0000000000
15148  -32.324  5.760  -61.610 332.0000000000
16028  -51.832  54.843  -11.020 333.0000000000
33332  -48.192  25.763  -11.516 345.0000000000
19516  -55.143  -3.391  35.226 350.0000000000
17866  -60.017  0.095  18.990 354.0000000000
33354  -20.623  71.436  12.403 355.0000000000
20061  -41.129  -27.904  -33.352 360.0000000000
20132  -45.686  -68.962  -15.481 362.0000000000
34700  -40.633  -7.659  -45.299 366.0000000000
34740  -52.496  -59.607  -15.716 368.0000000000
35976  -23.179  58.338  25.178 374.0000000000
29351  -31.430  -44.878  25.776 376.0000000000
16420  -2.262  68.081  26.459 378.0000000000
18641  -38.819  63.833  -8.333 381.0000000000
21755  -22.814  64.520  10.600 384.0000000000
22677  -10.960  34.062  -43.624 386.0000000000
34973  -6.205  82.047  8.824 390.0000000000
34992  -2.125  -38.625  9.960 391.0000000000
22678  -20.104  -81.688  -7.095 392.0000000000
22807  -46.401  -40.140  -39.800 393.0000000000
24926  -27.225  -2.824  -49.765 395.0000000000
25421  -43.929  53.148  0.264 401.0000000000
25420  -29.398  51.370  -38.248 402.0000000000
22808  -47.059  -41.359  -39.143 406.0000000000
24871  -6.896  -38.546  -16.784 407.0000000000
36697  -48.327  -0.033  -26.979 408.0000000000
24989  -1.488  63.876  3.832 413.0000000000
16421  -60.327  -30.657  -24.725 422.0000000000
17554  -54.274  -50.924  -20.312 423.0000000000
18642  -8.433  -41.361  -12.724 425.0000000000
19844  -24.898  61.448  -35.062 427.0000000000
15762  -39.132  70.902  -14.879 429.0000000000
21756  -60.307  1.573  -52.464 430.0000000000
22691  -19.389  49.405  38.349 432.0000000000
42163  -38.539  -60.196  -32.081 438.0000000000
42649  -54.614  39.153  -5.488 439.0000000000
25484  -21.317  -44.962  40.763 440.0000000000
19895  -26.036  54.753  15.420 441.0000000000
24925  -26.997  -4.094  -49.733 444.0000000000
25277  -17.985  7.537  45.652 449.0000000000
22594  -40.507  51.421  3.314 450.0000000000
24891  -0.468  -37.918  2.016 455.0000000000
24872  -7.529  -37.262  -17.169 456.0000000000
26273  -15.976  -13.078  -37.163 457.0000000000
27378  -18.745  -67.031  -31.431 458.0000000000
24927  -18.043  -53.239  -0.205 460.0000000000
24990  -47.986  20.455  33.430 462.0000000000
15761  -63.844  -7.280  -38.466 470.0000000000
19896  -27.371  55.714  16.673 481.0000000000
22940  -35.478  64.470  12.858 485.0000000000
22939  -49.121  -3.074  15.696 486.0000000000
22230  -39.021  6.539  -50.340 490.0000000000
23529  -26.115  -48.323  42.032 496.0000000000
6698  -43.951  -63.783  -0.529 502.0000000000
23469  -31.439  -19.703  -31.918 505.0000000000
27401  -3.142  44.309  12.492 506.0000000000
24484  -21.692  25.288  33.876 507.0000000000
15858  -45.349  64.984  -6.322 516.0000000000
19894  -57.863  -12.445  -5.101 517.0000000000
23013  -22.719  73.523  1.786 523.0000000000
22231  -12.716  47.507  37.690 524.0000000000
12337  -60.866  -8.430  27.625 527.0000000000
23607  -34.006  -19.161  51.890 529.0000000000
22595  -37.576  50.167  3.100 530.0000000000
22593  -45.072  -51.764  25.509 532.0000000000
6697  -10.881  -50.911  13.009 538.0000000000
23468  -35.470  64.613  10.246 539.0000000000
23528  -52.180  51.076  -26.898 541.0000000000
24470  -55.310  -40.721  1.232 547.0000000000
23530  -22.068  41.544  19.927 549.0000000000
24485  -52.015  4.940  -26.043 552.0000000000
31256  -56.175  -21.410  9.358 556.0000000000
32320  -6.898  -18.104  -15.032 558.0000000000
21429  -0.418  25.788  35.549 560.0000000000
6699  -44.802  -64.546  -0.257 565.0000000000
22941  -0.606  -50.209  -2.233 568.0000000000
22988  -1.932  -86.947  -13.589 569.0000000000
22229  -39.815  5.356  -50.379 572.0000000000
23608  -9.993  -65.486  -14.675 579.0000000000
8035  -30.968  -11.213  31.000 584.0000000000
23077  -55.955  -3.999  -40.791 585.0000000000
7230  -33.697  8.393  48.804 586.0000000000
23470  -32.280  -18.557  -32.850 587.0000000000
8872  -52.823  -23.098  11.023 594.0000000000
25589  -39.631  -26.751  -36.086 596.0000000000
24825  -50.617  52.136  1.342 598.0000000000
36307  -26.086  -69.769  17.365 599.0000000000
41395  -5.048  -29.758  15.041 607.0000000000
41565  -16.707  77.945  9.481 609.0000000000
34510  0.057  27.632  17.945 610.0000000000
8036  -0.794  -65.901  -31.676 612.0000000000
4565  -10.730  9.865  49.826 616.0000000000
7204  -0.297  62.716  -41.189 617.0000000000
23904  -60.003  -42.513  11.474 618.0000000000
7718  -13.506  74.996  12.786 628.0000000000
11397  -46.817  9.368  38.192 629.0000000000
9409  -25.651  -16.840  -39.449 632.0000000000
9429  -42.805  67.154  -1.479 633.0000000000
8037  -6.426  60.062  -40.551 634.0000000000
36985  -59.332  -12.345  -34.910 637.0000000000
8897  -38.614  10.784  -31.081 640.0000000000
12748  0.130  -20.475  15.609 641.0000000000
37209  -22.993  11.753  -48.163 643.0000000000
11398  -45.159  8.233  38.866 645.0000000000
14029  -43.760  -49.696  32.996 648.0000000000
4566  -11.559  10.336  49.537 651.0000000000
4567  -3.410  19.242  22.543 653.0000000000
4588  -1.114  -4.309  54.121 655.0000000000
8052  -2.136  56.864  -0.166 660.0000000000
27150  -62.893  -34.023  14.536 661.0000000000
10083  -7.889  -21.189  34.350 662.0000000000
9407  -3.412  -27.098  36.690 666.0000000000
7749  -35.117  -0.162  51.139 674.0000000000
9408  -21.164  46.292  39.131 679.0000000000
9451  0.347  -65.346  -16.108 680.0000000000
11286  -9.664  56.979  -6.610 682.0000000000
12721  0.073  9.364  -9.852 689.0000000000
12765  -55.100  -47.660  -6.103 690.0000000000
12829  -10.121  83.754  -28.673 693.0000000000
12830  -7.495  -22.007  15.029 694.0000000000
14030  -42.364  -50.636  33.091 696.0000000000
14444  -30.089  47.346  33.544 698.0000000000
7260  -1.874  -27.985  38.438 703.0000000000
7292  -28.269  34.563  -8.587 704.0000000000
9574  -32.183  76.765  -33.160 710.0000000000
27151  -25.403  4.988  -57.714 713.0000000000
10085  -9.850  -2.118  18.752 714.0000000000
11262  -41.476  72.831  -11.929 715.0000000000
27701  -46.758  48.306  1.576 721.0000000000
12722  0.796  6.697  -10.037 722.0000000000
11551  -65.395  -30.152  -8.647 726.0000000000
14234  1.757  -14.639  -2.331 728.0000000000
13977  -0.959  -15.834  39.512 729.0000000000
13230  -43.787  60.177  -4.722 731.0000000000
16273  -17.892  -11.613  -40.652 736.0000000000
26057  -8.046  52.687  -2.263 742.0000000000
25151  -8.487  -38.163  50.017 744.0000000000
27071  -1.251  49.161  22.654 747.0000000000
7562  -33.950  -4.986  50.118 749.0000000000
27086  -26.263  70.756  3.289 750.0000000000
12555  -11.386  -27.598  46.011 758.0000000000
12556  -11.190  -27.672  47.725 760.0000000000
28587  -42.694  5.283  43.190 765.0000000000
14705  -42.261  49.730  0.425 766.0000000000
30911  -44.190  -70.758  -15.958 769.0000000000
16112  -36.814  19.185  41.463 771.0000000000
29014  -9.835  -50.698  -12.665 775.0000000000
30341  -45.778  39.650  -44.418 777.0000000000
41724  -33.074  -54.906  -38.000 785.0000000000
17216  -45.028  -58.320  12.973 786.0000000000
41906  -48.088  -29.539  -9.281 787.0000000000
7563  -33.124  -6.532  48.594 792.0000000000
11230  -24.013  -44.657  -26.792 793.0000000000
13035  -52.150  -45.816  22.127 797.0000000000
12511  -28.483  35.472  -46.018 798.0000000000
12557  -9.389  -29.193  47.052 802.0000000000
14235  1.503  -14.852  -0.208 805.0000000000
14706  -44.804  -66.509  -1.328 809.0000000000
16053  -3.361  32.205  31.544 811.0000000000
17163  -38.024  -51.331  5.266 812.0000000000
16111  -6.535  42.331  -43.721 816.0000000000
16079  -19.325  18.434  -56.755 817.0000000000
17289  -48.770  -32.846  -9.359 820.0000000000
17288  -65.915  -16.212  -38.053 821.0000000000
19518  -25.690  -0.449  -39.966 824.0000000000
19860  -28.153  78.490  -1.766 825.0000000000
18730  -63.042  15.338  -34.820 827.0000000000
19859  -12.196  76.968  8.025 830.0000000000
12512  -29.746  37.561  -45.140 834.0000000000
12536  -7.583  -70.982  22.320 837.0000000000
13036  -66.691  -20.302  -16.778 840.0000000000
14302  -40.122  47.709  -37.193 842.0000000000
4757  -3.521  34.627  13.789 853.0000000000
4788  -37.555  23.760  20.567 854.0000000000
19496  -22.214  -66.752  27.627 857.0000000000
4756  -4.064  34.898  13.119 859.0000000000
19495  -35.130  -13.634  -29.040 862.0000000000
20847  -39.352  73.115  -5.459 869.0000000000
10100  0.191  -43.502  9.005 872.0000000000
11730  -0.564  65.640  -7.716 876.0000000000
36560  -40.843  -48.788  3.328 879.0000000000
37185  -41.900  -53.998  -16.745 880.0000000000
44401  -7.330  -58.811  25.175 881.0000000000
184  -20.139  64.823  8.999 883.0000000000
956  -7.660  -15.250  24.067 886.0000000000
957  -47.633  3.428  35.990 887.0000000000
4633  -46.195  12.864  -51.764 889.0000000000
4712  -35.007  4.792  -2.146 895.0000000000
4755  -6.587  48.449  9.037 897.0000000000
9543  -34.967  8.878  -55.871 900.0000000000
6907  -47.937  31.678  27.124 903.0000000000
9565  -53.981  -9.496  -7.733 906.0000000000
8232  -0.583  16.219  15.661 909.0000000000
9637  -16.700  12.504  47.830 911.0000000000
11660  0.381  13.320  42.372 913.0000000000
10101  0.431  -40.569  8.718 915.0000000000
10120  -1.905  -29.343  -5.993 916.0000000000
11729  -0.620  64.997  -9.502 919.0000000000
31277  -51.403  -53.902  -9.022 920.0000000000
27988  -57.974  -48.064  -30.708 921.0000000000
182  -19.591  12.846  -42.664 922.0000000000
958  -47.228  3.130  37.265 924.0000000000
183  -21.340  66.905  10.089 926.0000000000
4835  -0.629  57.843  2.401 928.0000000000
33057  -44.356  18.952  -66.068 931.0000000000
4924  -61.199  -8.370  -19.315 935.0000000000
33423  -47.790  -45.435  17.401 937.0000000000
9541  -42.719  -35.844  -34.502 938.0000000000
9542  -0.698  71.189  -14.014 943.0000000000
8261  -0.355  -75.335  -33.098 945.0000000000
11255  -33.087  23.063  8.800 949.0000000000
11676  -12.050  -41.575  39.472 956.0000000000
35750  -63.820  -22.786  -33.355 959.0000000000
32544  -0.080  -58.895  -10.219 961.0000000000
32530  -28.068  -45.102  36.200 962.0000000000
12075  -24.515  -50.506  34.457 964.0000000000
43431  -39.865  -54.024  30.932 968.0000000000
12094  -17.937  28.998  31.635 973.0000000000
12530  -49.396  53.660  -10.315 974.0000000000
11476  -0.705  -78.451  -21.399 975.0000000000
34508  -56.203  -34.824  16.733 976.0000000000
15056  -2.298  20.148  -19.521 978.0000000000
13271  -51.850  53.659  -11.233 981.0000000000
35033  -26.964  -33.661  -37.164 982.0000000000
14983  -25.921  -40.679  -28.452 987.0000000000
35553  -40.011  24.940  -30.896 988.0000000000
15055  -47.481  63.618  -25.410 990.0000000000
36072  -45.427  35.761  -50.630 994.0000000000
36089  -16.575  -19.636  -23.745 996.0000000000
17498  -31.186  40.512  -56.132 997.0000000000
7047  -9.699  -29.092  57.233 1004.0000000000
9929  -42.468  -3.509  22.106 1005.0000000000
12073  -7.825  51.248  3.053 1014.0000000000
12074  -25.640  -51.563  34.962 1015.0000000000
15054  -46.564  63.500  -25.925 1027.0000000000
17064  -19.026  46.297  19.107 1029.0000000000
16256  -34.992  72.781  3.513 1033.0000000000
16255  -31.262  -25.301  23.588 1034.0000000000
18721  -43.376  5.389  38.344 1037.0000000000
8126  -56.850  -18.076  -34.856 1038.0000000000
5862  -25.292  -9.662  55.402 1040.0000000000
11477  -12.584  -59.007  10.622 1044.0000000000
11703  -66.391  -5.174  -40.394 1045.0000000000
12118  -11.290  -20.849  26.424 1049.0000000000
12546  -42.980  -4.030  40.546 1050.0000000000
31768  -6.150  72.404  -21.011 1051.0000000000
14629  -44.739  23.870  -29.913 1053.0000000000
15105  -33.269  -48.420  -37.792 1055.0000000000
31954  -39.679  -67.066  -15.756 1056.0000000000
32307  -34.978  -44.229  29.038 1059.0000000000
6233  -15.952  54.124  25.046 1065.0000000000
17063  -18.973  47.163  19.264 1066.0000000000
17530  -0.512  67.498  21.869 1069.0000000000
7984  -60.189  -19.900  26.392 1071.0000000000
18720  -10.906  -2.940  18.835 1072.0000000000
5860  -19.610  30.435  -57.673 1075.0000000000
5861  0.360  -31.100  31.370 1077.0000000000
31083  -24.366  -72.178  -8.096 1084.0000000000
33143  -31.970  -9.326  -5.603 1094.0000000000
4942  -31.980  -9.168  -49.345 1096.0000000000
4941  -29.898  9.986  -51.331 1097.0000000000
39760  -24.683  -54.994  -25.068 1099.0000000000
40197  -46.679  -54.297  -31.911 1107.0000000000
15200  -0.020  54.495  12.721 1108.0000000000
34357  -35.236  -73.928  -10.461 1111.0000000000
7985  -60.804  -20.383  26.025 1115.0000000000
35048  -59.236  -28.233  3.451 1116.0000000000
10089  -54.550  35.380  10.230 1123.0000000000
652  -0.220  -79.245  -22.043 1124.0000000000
3534  -19.078  -77.301  -8.916 1125.0000000000
4825  -21.513  -48.453  -28.679 1127.0000000000
6409  -56.487  -5.214  25.877 1135.0000000000
6410  -7.807  -56.570  15.267 1137.0000000000
4943  -17.742  -78.479  -9.897 1140.0000000000
6234  -62.630  -40.670  -18.559 1142.0000000000
8526  -41.301  -60.674  -29.472 1145.0000000000
6792  -47.658  18.932  18.464 1148.0000000000
6763  -46.816  -36.217  2.834 1149.0000000000
8016  -18.256  -39.151  -25.059 1150.0000000000
9994  -16.347  15.020  -32.616 1156.0000000000
12017  -40.930  19.625  15.026 1158.0000000000
6411  -5.003  6.629  -35.703 1163.0000000000
6592  -49.411  -40.545  -33.072 1166.0000000000
8554  -43.235  -3.047  -8.190 1168.0000000000
10114  -28.688  8.836  -54.199 1173.0000000000
8679  -25.380  -52.668  16.014 1175.0000000000
18218  -29.168  -4.280  -36.147 1176.0000000000
13323  -16.900  19.121  -33.879 1177.0000000000
29663  -34.809  -2.842  -10.823 1180.0000000000
22837  -2.999  -81.005  -27.837 1184.0000000000
22723  -49.761  -13.333  -7.130 1187.0000000000
22771  -47.624  -14.550  29.355 1189.0000000000
