147293  12.2710  77.0660  -34.5370  1    82598  17.3190  -72.7070  -23.7100  1
147295  11.2100  76.4650  -34.2670  3    82707  5.7410  -3.2620  41.4720  3
147307  9.9460  76.4420  -34.9870  7    82949  25.4810  -70.8980  -25.9890  7
147316  9.1730  76.4700  -35.7790  11    83125  32.1050  -14.5000  -42.1630  11
147328  9.7250  77.1530  -37.2120  15    83147  34.6690  -30.0440  -24.6550  15
147667  11.0430  77.5140  -30.9510  17    87403  38.4150  -16.4710  21.0280  17
147679  10.8390  77.3510  -31.6520  18    87589  40.2960  -51.3940  -31.6120  18
147690  11.5680  76.6520  -32.6300  19    87732  13.4760  38.7600  -31.9350  19
147691  10.5170  77.1250  -32.5690  20    87738  45.5830  -57.0980  -24.2390  20
147692  9.8520  77.3890  -32.9280  21    13996  10.6930  44.5580  -37.1160  21
147703  12.5670  77.0630  -33.9770  22    82597  6.9750  6.6770  44.4350  22
147704  11.3820  76.5650  -33.5280  23    82596  7.3430  6.5890  43.6660  23
147705  10.3930  76.7380  -33.6590  24    82715  8.3920  2.3940  22.7270  24
147706  9.4450  77.3190  -33.5730  25    82725  15.1380  -85.2220  -23.6330  25
147707  8.8490  77.6040  -33.8500  26    82952  37.3800  72.7300  -18.9800  26
147709  6.4620  77.7870  -33.5540  27    87919  33.4280  5.2150  48.3930  27
147715  11.9510  77.3180  -35.2530  29    17354  42.3460  -1.6780  26.6670  29
147719  7.1360  77.3390  -33.9920  33    82736  32.8090  28.0470  -8.8510  33
147720  6.6320  77.8930  -33.8220  34    17106  20.4110  -57.9470  33.8350  34
147726  11.0350  77.0850  -36.1830  37    83089  41.3650  -62.8810  -18.1320  37
147728  8.5820  76.8440  -34.7480  39    8724  58.1950  -0.3370  -38.1570  39
147729  8.4350  76.7030  -34.8470  40    88245  22.9220  63.5960  16.6960  40
147730  7.9990  76.7970  -34.8770  41    82976  6.1250  -63.5640  -8.4830  41
147735  10.5450  77.3300  -36.7830  43    83104  37.1210  -8.3660  -46.9050  43
147736  10.0060  77.2800  -37.2190  44    83304  37.3740  3.2560  -10.9380  44
147737  8.9570  76.4100  -35.8900  45    83148  34.5930  -19.4010  29.3480  45
147738  8.6630  76.2660  -35.7840  46    88246  27.0460  -22.9280  -21.3370  46
147739  8.3650  75.9670  -36.3200  47    83213  53.8490  -14.6310  -41.0170  47
147741  13.8070  77.9400  -37.5340  48    83341  35.9600  5.5390  41.0820  48
147744  9.1990  76.7200  -37.2530  51    83329  15.0400  -7.8560  55.9610  51
147745  8.5980  76.3960  -37.5470  52    88334  1.8290  43.5670  -6.4870  52
147746  7.8880  76.1740  -38.1550  53    83338  55.4950  -17.7340  -32.8900  53
147747  13.2750  77.8140  -38.0930  54    18461  4.3500  -10.2710  -2.6840  54
147749  9.2820  77.4230  -38.1870  56    88405  20.4600  81.1810  -32.2360  56
147750  8.7720  77.1240  -38.3170  57    88410  38.9000  57.5050  -17.3000  57
147751  8.1810  76.9320  -38.7630  58    88454  28.2880  -20.4690  -25.1330  58
147752  7.5030  76.5330  -39.1800  59    83438  8.2200  -61.1870  17.7330  59
147753  12.2580  77.7290  -39.1850  60    83455  42.1160  -61.5680  17.4250  60
147754  11.6590  77.7130  -39.6730  61    83551  41.9560  63.2550  -8.0020  61
147756  8.5390  77.3330  -39.8870  63    19642  48.7730  -42.0730  32.8030  63
147757  8.0800  77.1030  -39.6850  64    88482  34.4380  44.0520  -8.3260  64
147758  7.4570  76.5120  -39.9090  65    83465  5.9170  32.1390  -40.9050  65
147759  11.2590  77.3960  -40.0930  66    83541  43.3570  6.9740  39.1550  66
147761  9.6590  77.2630  -40.3890  68    83664  62.5800  -11.3070  -41.8990  68
147762  8.7300  77.0880  -40.2710  69    83688  31.4900  -19.5030  27.7250  69
148051  10.6470  78.5580  -29.9750  72    9710  11.6760  16.5980  19.5920  72
148052  5.9390  78.6760  -29.5100  73    9796  6.2940  -23.8850  53.9580  73
148067  10.3580  78.2860  -30.7140  74    11436  36.7780  54.2490  15.5030  74
148068  9.7060  78.6790  -31.0870  75    11460  53.3830  40.1620  16.1360  75
148069  5.6280  78.8380  -30.4420  76    11485  6.7060  -32.4810  46.5580  76
148079  10.0480  77.9230  -31.6270  77    12711  48.3120  50.9390  -28.9560  77
148080  9.3720  78.6080  -31.7620  78    12726  38.4850  28.2200  3.5500  78
148082  5.6080  78.5880  -31.4930  80    13174  10.1340  -28.7870  9.8960  80
148094  8.5950  78.8000  -32.8070  83    14051  7.9190  -16.8360  -12.6150  83
148095  5.7620  78.4540  -32.4500  84    14457  52.1100  12.0770  -59.7320  84
148104  13.2860  78.0820  -34.1330  85    12355  48.3430  -36.6460  -40.3930  85
148106  8.3070  78.3920  -33.6170  87    10563  44.4780  -45.5410  -34.7810  87
148107  8.0280  78.7070  -33.7140  88    3826  39.4860  39.8460  25.1860  88
148108  5.9310  78.3940  -32.9930  89    15288  31.2350  -55.5750  8.2240  89
148113  12.9330  78.4400  -34.7880  90    16644  11.6230  -35.8270  49.1680  90
148115  7.6900  78.2800  -33.9800  92    2507  55.2080  -12.7790  -42.7140  92
148121  12.3330  78.5330  -35.5950  95    16696  18.4610  -62.0230  -14.2280  95
148124  7.8200  77.4690  -34.2790  98    16774  15.0460  58.6270  25.0040  98
148125  7.3370  77.7040  -34.1010  99    17105  28.3320  33.8450  -56.1600  99
148126  6.8220  78.4070  -33.8420  100    17104  29.7260  34.7760  -56.0050  100
148130  12.0490  78.6720  -36.2470  101    17353  27.9220  -28.6970  30.9910  101
148132  11.1340  77.9920  -36.9590  103    18153  18.7960  -38.2700  4.5390  103
148133  8.0860  76.9460  -35.1550  104    17745  30.4480  9.3750  -48.8730  104
148134  8.0500  77.0450  -34.9310  105    17761  36.4760  -48.4950  24.4220  105
148135  14.0780  78.7800  -37.2970  106    17886  14.6330  -4.0230  24.8760  106
148136  13.5130  78.6760  -37.6990  107    18421  53.8870  -2.2270  -39.4700  107
148140  10.2540  78.0870  -37.9390  111    18706  42.2150  -6.3010  -39.0770  111
148142  12.4440  78.5110  -38.4260  113    18460  5.1200  -10.3600  -3.0350  113
148143  11.7490  78.6130  -38.6090  114    18540  44.7890  -13.2780  -8.9410  114
148144  10.9060  78.4600  -38.4300  115    18705  13.0130  69.7580  -27.4910  115
148145  9.8130  77.9760  -38.5920  116    18723  58.1550  -28.1380  28.1040  116
148146  9.0420  77.6370  -38.8630  117    19490  11.3820  76.5650  -33.5280  117
148147  8.5430  77.3920  -38.9760  118    19668  55.5740  -6.7260  -40.0670  118
148148  11.9010  78.2440  -39.0840  119    19059  28.8110  -35.3170  -13.3490  119
148150  10.4090  78.0570  -39.4420  121    19174  26.2650  -3.2130  -39.3130  121
148154  9.8440  77.7120  -39.9380  125    19618  21.7620  37.4380  24.5290  125
148421  10.3670  79.9100  -28.9540  128    42889  6.7870  -11.4930  31.3920  128
148422  6.4260  79.6250  -28.4510  129    8482  55.8610  7.5440  18.6230  129
148434  10.0280  79.4450  -29.7490  131    11437  11.2990  55.8880  -20.3840  131
148435  9.3430  80.1060  -30.0910  132    43903  37.4880  42.8390  27.6680  132
148436  5.6520  79.7560  -29.7810  133    10168  10.1670  76.6750  -25.5800  133
148450  9.0970  79.6500  -30.8990  135    12773  9.8310  58.3280  31.6380  135
148451  8.4070  80.2870  -31.3200  136    45135  12.6540  -69.9740  -16.7050  136
148463  8.4320  79.6800  -31.9920  139    14096  40.8050  7.4390  -31.0690  139
148464  5.5040  79.6890  -31.2450  140    12810  11.5390  69.8970  -21.5500  140
148473  7.8700  79.4780  -32.9500  141    14417  5.8440  -29.7730  8.1100  141
148474  7.3610  79.8420  -33.0880  142    47163  19.4870  42.4130  23.9920  142
148475  5.5700  79.4460  -32.1670  143    14437  2.2780  -21.5870  1.4430  143
148484  7.4340  79.2510  -33.5340  145    2506  9.8070  -31.3010  -10.7360  145
148485  5.8040  79.2210  -32.9480  146    15259  17.7120  -2.2870  -36.7450  146
148491  13.2170  79.4920  -34.7790  147    16617  2.2260  -10.7170  -1.7310  147
148492  7.1490  78.8080  -33.8190  148    2505  36.4470  55.4750  -12.3880  148
148493  6.5910  79.0550  -33.6690  149    47875  31.9240  -53.8300  -34.4300  149
148494  6.1370  78.9810  -33.4650  150    17124  34.3500  14.1170  -25.3330  150
148499  7.1780  78.2210  -33.9400  152    16795  27.4290  75.0880  6.9710  152
148503  14.1470  79.5660  -36.9810  155    17870  26.0400  -71.7180  11.0180  155
148505  12.4400  79.2640  -36.3700  157    17700  7.3080  25.9590  6.8610  157
148509  12.6330  79.2020  -37.4700  161    18495  47.7630  -44.6860  8.5410  161
148510  11.7980  78.8240  -37.2100  162    18152  19.1310  -39.0560  4.2900  162
148712  6.7970  81.0360  -22.9100  167    39482  41.9250  59.4520  0.3180  167
148727  6.8860  81.1740  -27.3080  168    42328  30.7100  30.2610  -51.6620  168
148730  10.9070  80.9460  -27.8500  169    64995  2.8730  -4.1320  -31.0600  169
148733  5.9660  80.9880  -28.6300  171    65310  57.8280  13.0490  -8.3630  171
148735  10.4340  80.6220  -28.4690  172    42908  23.6100  64.5380  5.6830  172
148736  9.7700  80.9960  -28.8930  173    43931  10.2560  52.1640  19.1300  173
148738  5.7390  80.6670  -29.2410  175    42996  38.5990  16.3180  -19.5010  175
148741  8.7470  81.1960  -30.0160  178    65637  15.3790  -21.8490  54.1720  178
148742  5.5840  80.7090  -30.0880  179    43387  17.5670  84.3160  -18.6370  179
148749  8.3690  80.9960  -30.7360  181    45153  40.1680  -70.4200  -16.8300  181
148750  5.6220  80.6740  -30.9370  182    44018  40.8300  -14.8340  20.3080  182
148760  7.8310  80.7470  -31.6770  183    45183  21.1670  33.5450  36.2390  183
148761  7.3410  81.0250  -31.9420  184    66723  52.9250  4.4140  1.9780  184
148762  5.6730  80.4110  -31.8450  185    45541  8.3990  71.8390  -1.4290  185
148774  7.8570  80.1260  -32.3050  186    45762  31.1480  -43.0880  -17.0490  186
148776  5.7690  80.0390  -32.6730  188    46227  58.9710  -7.0830  8.7560  188
148786  6.9350  80.0400  -33.1890  189    47227  8.4810  43.1930  23.3130  189
148787  6.3800  79.9750  -33.2790  190    67454  36.8660  23.6580  5.2150  190
148788  5.9870  79.7310  -33.2660  191    47280  30.6630  -35.6340  23.1310  191
148797  7.0860  79.4840  -33.5160  193    47819  10.0910  27.6910  -34.7250  193
148803  13.6930  80.4370  -35.8110  196    68515  36.9890  -12.3490  41.4210  196
148808  13.1520  79.9030  -36.5450  199    49024  47.5100  -17.0130  -11.1630  199
149007  6.4040  81.3840  -22.1320  202    4075  15.0710  -26.5960  -18.0290  202
149012  7.1090  81.5240  -23.3580  203    63898  5.2300  46.3470  -40.8740  203
149017  7.6830  81.5870  -24.1970  205    63884  14.8890  -51.5840  30.5480  205
149022  7.6300  81.7600  -25.3250  207    64290  65.0120  -23.7730  3.9070  207
149023  7.2970  82.0660  -25.8530  208    77875  42.3970  -63.9370  10.9310  208
149027  7.0410  81.8710  -26.6120  210    64938  27.2950  -7.5750  -42.6150  210
149030  10.4970  81.6050  -27.9790  212    65281  57.4390  -0.5690  12.9410  212
149031  6.5290  81.8480  -27.6840  213    64967  47.9080  16.5670  -47.8830  213
149033  9.8900  81.5870  -28.5190  215    65298  42.3290  31.0610  30.9980  215
149035  6.2270  82.0570  -28.4580  217    78342  13.2200  69.8820  11.2460  217
149036  5.8700  81.6380  -28.9710  218    65360  42.0240  58.8350  -31.7970  218
149038  8.3580  81.8340  -30.0840  220    65724  10.0620  47.8580  38.6870  220
149040  7.8950  81.9200  -30.5610  222    78655  40.2510  66.2330  4.3260  222
149042  5.8030  81.4760  -30.4440  224    65746  47.7190  52.5350  -34.5920  224
149045  7.7580  81.4970  -31.0740  225    66076  45.3560  16.3940  -49.4370  225
149047  6.7460  81.6290  -31.6350  227    78810  3.6880  21.2140  -21.4100  227
149048  6.1210  81.4490  -31.3960  228    66112  40.2100  30.3970  29.6390  228
149055  6.5150  81.1010  -32.1980  230    78859  10.9050  -38.0860  30.9050  230
149056  6.0570  80.7070  -32.3680  231    67014  43.5930  33.3180  14.9050  231
149064  6.8370  80.7100  -32.6060  232    67434  28.6990  -44.3170  19.5410  232
149284  6.5220  82.7180  -22.5470  235    77412  24.6960  56.8850  -34.6180  235
149290  6.8920  82.4930  -23.2990  237    77655  64.8490  -2.3610  -10.2750  237
149297  7.2730  82.7750  -24.4350  240    77679  51.9440  -6.3050  39.5060  240
149302  7.2040  82.6430  -25.6750  242    78107  42.3830  -64.3290  9.9770  242
149305  6.9390  82.7020  -26.9390  243    78115  53.6200  23.7680  -17.5880  243
149306  11.4470  82.2630  -26.9850  244    78274  5.4540  0.4300  38.1600  244
149307  10.7470  82.3340  -27.4660  245    78311  61.2700  -26.0900  -17.9630  245
149308  9.8150  82.4310  -28.1150  246    78328  41.9320  -15.5960  22.5120  246
149309  9.2470  82.8600  -28.2680  247    84682  30.3840  15.4310  -32.4880  247
149310  6.6560  82.6380  -28.0720  248    78297  8.8850  -69.7120  -12.0620  248
149312  8.8230  82.5390  -28.9310  250    78374  26.8750  -34.4230  28.9210  250
149313  8.1790  82.9860  -29.1870  251    84770  5.6730  80.4110  -31.8450  251
149314  6.2610  82.4230  -29.1480  252    78368  27.9050  69.6090  11.7550  252
149317  7.8510  82.6050  -29.8920  255    78656  18.0370  74.1350  -27.2910  255
149318  6.9610  82.8050  -30.1130  256    84856  43.1440  37.6960  1.0170  256
149319  6.3710  82.5580  -30.0170  257    84793  23.7150  29.8580  -39.6890  257
149322  7.1730  82.3170  -30.8080  260    78803  24.2220  36.8370  41.6900  260
149323  6.5910  82.4100  -30.6470  261    78818  47.9070  4.2300  -23.6840  261
149530  6.5620  83.3360  -22.0300  266    77181  40.5620  -64.1140  13.0390  266
149536  6.8200  83.3430  -22.9050  268    84379  37.6500  3.2470  17.8590  268
149541  7.1540  83.3550  -23.8630  269    84460  8.1600  25.4780  -26.6270  269
149545  7.2990  83.4020  -24.9670  270    84549  44.6280  8.0400  31.8650  270
149548  11.7780  83.2630  -26.4370  271    84596  11.3030  -78.5010  -23.0450  271
149549  7.2590  83.4150  -26.1060  272    84581  26.3820  -16.8960  33.2450  272
149551  11.1660  82.9890  -26.9030  274    84617  37.5420  -12.1900  3.3460  274
149552  10.3650  82.9980  -27.3460  275    84667  11.8530  -55.1700  -20.2540  275
149553  9.5270  83.2360  -27.7170  276    84688  18.4510  -49.0160  -1.4040  276
149554  8.7610  83.5420  -27.7490  277    87436  19.7990  -28.9280  -24.5720  277
149555  8.0560  83.6560  -27.7290  278    87451  42.6690  -61.4540  -3.7010  278
149556  7.3770  83.4450  -27.3520  279    84610  7.0780  -6.3990  21.4300  279
149558  8.2820  83.2920  -28.5610  281    84778  18.0420  -69.8600  -34.3430  281
149559  7.5770  83.3330  -28.5120  282    87453  26.4650  -62.9570  -36.0310  282
149560  6.9220  83.0360  -28.6930  283    84755  49.9540  -16.9120  31.6120  283
149562  7.2670  83.0710  -29.3630  285    84859  17.1690  80.5620  -32.3210  285
149714  7.3480  84.5440  -21.8040  287    89000  52.3460  -28.6100  1.9750  287
149728  7.5260  84.4690  -22.6900  288    89001  38.8440  18.2480  -32.3490  288
149729  7.0000  83.9960  -22.3770  289    87154  32.7600  -22.4000  40.4370  289
149741  7.6960  84.4520  -23.6480  290    89187  39.4290  73.6040  -14.5120  290
149742  7.2330  83.9660  -23.3000  291    87217  33.4480  -7.6110  35.7150  291
149748  7.8120  84.4590  -24.6120  292    89298  44.0100  25.1000  18.1800  292
149749  7.3990  83.9890  -24.3030  293    87280  12.0260  -35.2320  38.1950  293
149754  8.4580  84.6490  -25.6340  294    89437  30.2990  12.6380  -34.5170  294
149755  7.9090  84.4030  -25.5040  295    89370  27.7960  69.9560  4.1360  295
149756  7.4930  83.9950  -25.3140  296    87336  46.0250  59.9510  -35.1590  296
149759  11.1830  83.7240  -26.4240  297    87359  55.1670  10.0120  -6.9900  297
149760  10.1990  84.1490  -26.4710  298    89527  53.8810  34.2010  1.6270  298
149761  9.3090  84.3490  -26.4500  299    89544  62.0390  7.8040  -6.6070  299
149762  8.5480  84.3750  -26.3620  300    89438  31.6740  55.8990  1.0040  300
149763  7.9850  84.2710  -26.2520  301    87396  44.6130  -11.6270  -17.2540  301
149764  7.5990  83.9420  -26.2290  302    87350  56.1470  9.9450  -7.4150  302
149767  9.4260  83.8640  -27.1090  305    87405  37.0990  35.6590  11.7140  305
149768  8.6370  84.0190  -27.0820  306    87445  16.3150  -32.3670  19.8730  306
149905  8.5600  85.1170  -22.2660  309    2080  32.6060  -74.0690  -2.9030  309
149906  7.9250  84.8850  -22.0430  310    2588  5.5700  -7.6990  55.6710  310
149917  9.4710  85.1370  -23.4350  311    3145  36.8830  -51.2370  6.9780  311
149918  8.7210  85.0950  -23.2230  312    3182  51.1490  -24.3690  14.5420  312
149919  8.0880  84.8330  -22.9770  313    3223  17.3410  -25.5300  13.9280  313
149927  10.5820  85.0960  -24.4330  314    3827  28.5530  53.8870  26.9810  314
149928  9.6650  85.2230  -24.3220  315    3870  32.1470  41.0180  -16.9810  315
149929  8.8600  85.1540  -24.1510  316    3907  7.4260  82.2630  -24.8550  316
149930  8.2230  84.8440  -23.9290  317    3924  44.5640  -59.9010  -29.0690  317
149935  10.8230  84.8720  -25.2120  318    4500  65.1530  -7.0910  8.6060  318
149936  9.8750  85.0830  -25.1410  319    4524  18.8210  -12.5740  57.0430  319
149937  9.0160  85.0710  -25.0120  320    4893  13.5190  -42.2160  49.0820  320
149938  8.3430  84.8130  -24.8310  321    4935  1.6240  -12.5170  3.6430  321
149941  11.0060  84.4060  -25.8480  322    5031  18.2110  -59.1660  -29.0150  322
149942  10.0530  84.6630  -25.8360  323    5075  9.7930  82.4340  -28.1300  323
149943  9.1760  84.7420  -25.7510  324    5120  54.1260  -25.1060  11.6790  324
