#!ascii label  , from subject FreeSurferMNI152_0.6 vox2ras=TkReg
985
41050  -63.913  4.116  6.454 1.0000000000
43928  -45.994  -3.903  -10.511 2.0000000000
41048  -21.387  -3.802  54.699 3.0000000000
41049  -3.059  -1.403  49.399 4.0000000000
42259  -16.204  -66.892  -0.279 7.0000000000
43945  -10.839  -35.644  49.897 12.0000000000
85472  -12.635  81.771  -13.857 13.0000000000
85474  -13.024  81.156  -14.698 14.0000000000
41065  -35.475  16.356  -28.159 17.0000000000
41588  -29.782  -22.577  -18.676 18.0000000000
43303  -11.317  50.633  9.204 21.0000000000
42600  -12.982  -44.911  34.507 22.0000000000
44542  -18.662  -64.104  -30.731 26.0000000000
19478  -33.050  -14.503  -44.465 27.0000000000
88215  -31.323  -58.302  -34.170 28.0000000000
88283  -32.907  -72.223  3.882 29.0000000000
88282  -37.623  -6.698  32.804 30.0000000000
20770  -4.743  -23.962  20.633 31.0000000000
85479  -4.211  -60.466  -8.598 32.0000000000
85480  -13.824  81.769  -14.054 33.0000000000
20978  -33.145  59.454  10.023 34.0000000000
20980  -31.915  -77.363  -14.103 35.0000000000
85486  -37.177  7.700  -45.148 36.0000000000
72961  -6.307  -23.821  3.716 37.0000000000
85632  -26.364  -26.162  -24.085 39.0000000000
74339  -9.303  -20.382  22.617 47.0000000000
86121  -44.571  -61.791  7.816 48.0000000000
86290  -6.420  75.732  -37.337 51.0000000000
2239  -3.865  7.269  31.100 54.0000000000
2240  -35.340  -72.438  -4.363 55.0000000000
2238  -55.636  4.048  -15.819 58.0000000000
17863  -42.059  33.359  24.160 59.0000000000
20771  -55.360  -24.596  -35.642 62.0000000000
19826  -11.082  -62.460  -33.632 63.0000000000
23783  -13.247  49.718  -43.497 69.0000000000
73797  -61.644  -37.209  -13.423 70.0000000000
24136  -52.371  9.133  -18.169 73.0000000000
74340  -17.179  -15.299  38.564 74.0000000000
74555  -40.092  -58.311  21.581 77.0000000000
74847  -5.825  -14.077  36.462 79.0000000000
3282  -17.278  66.512  7.196 86.0000000000
19479  -45.783  -12.246  -1.534 89.0000000000
48549  -26.206  -22.976  29.349 90.0000000000
48963  -18.352  -62.299  31.277 91.0000000000
21851  -47.002  7.265  -44.746 94.0000000000
19499  -6.587  29.200  30.540 95.0000000000
20795  -51.269  -0.957  9.865 99.0000000000
20979  -41.982  -41.084  18.298 101.0000000000
23202  -56.233  -36.512  -23.653 103.0000000000
26242  -34.092  -6.182  -39.924 108.0000000000
27062  -35.037  -50.436  0.717 109.0000000000
27061  -35.446  -51.277  1.203 110.0000000000
28740  -5.686  -60.920  28.255 115.0000000000
31057  -16.233  1.189  56.073 118.0000000000
31131  -49.821  10.999  -28.273 119.0000000000
31092  -31.668  -60.878  27.040 120.0000000000
31132  -55.095  20.332  -44.710 121.0000000000
32271  -16.293  61.786  14.702 125.0000000000
48949  -47.958  -27.314  -41.145 127.0000000000
14338  -58.235  4.965  21.887 133.0000000000
23203  -57.482  -35.924  -0.296 136.0000000000
23784  -10.190  53.276  -26.824 139.0000000000
52363  -56.738  -11.598  -32.398 140.0000000000
23924  -9.135  -15.920  31.169 141.0000000000
25433  -30.459  -59.234  0.888 144.0000000000
28741  -41.436  -56.646  4.753 154.0000000000
30951  -4.695  -12.935  -13.915 156.0000000000
31070  -44.763  -44.602  -16.334 157.0000000000
31105  -43.103  8.644  -6.608 159.0000000000
57944  -11.296  35.355  37.410 161.0000000000
32272  -38.880  -46.776  -36.246 164.0000000000
33407  -3.786  73.852  -7.425 165.0000000000
49435  -52.756  10.250  20.605 166.0000000000
48964  -12.997  47.205  -37.691 167.0000000000
50517  -33.442  70.701  2.306 169.0000000000
14339  -60.985  11.819  -7.419 170.0000000000
51976  -55.197  -11.997  -32.596 175.0000000000
71937  -28.879  22.230  37.072 179.0000000000
53678  -16.795  -55.900  -16.930 180.0000000000
55114  -37.598  5.247  -30.465 184.0000000000
56446  -44.688  -44.335  21.626 188.0000000000
57165  -3.092  -58.364  -21.518 189.0000000000
74502  -8.929  47.717  33.211 190.0000000000
57504  -38.692  -46.823  4.513 191.0000000000
57860  -40.779  36.841  17.136 192.0000000000
57978  -39.037  -68.804  -35.436 195.0000000000
70914  -28.788  -39.069  -32.973 204.0000000000
82133  -60.559  -23.669  -19.690 207.0000000000
71476  -26.184  68.153  -14.187 212.0000000000
83268  -36.373  40.006  -7.939 216.0000000000
83392  -7.785  20.703  -30.634 220.0000000000
73084  -25.757  44.290  -23.113 222.0000000000
73116  -33.196  17.076  38.741 224.0000000000
73923  -11.943  -33.611  26.703 226.0000000000
74203  -4.549  -79.708  -16.197 227.0000000000
74276  -45.233  -35.823  8.537 228.0000000000
74880  -5.020  80.638  -6.132 233.0000000000
75931  -3.531  -8.494  30.158 238.0000000000
75970  -35.274  2.602  -45.434 239.0000000000
75941  -11.951  -49.713  41.585 240.0000000000
82485  -24.812  76.909  -2.102 246.0000000000
15007  -34.821  32.542  3.545 247.0000000000
86749  -37.416  26.935  5.784 250.0000000000
86754  -9.360  -56.440  -22.120 251.0000000000
16586  -40.525  -38.243  -39.408 259.0000000000
19558  -17.730  19.366  39.926 260.0000000000
17762  -12.805  77.734  3.464 264.0000000000
19621  -33.783  -30.349  29.162 266.0000000000
21537  -55.743  -4.237  -37.850 270.0000000000
83289  -60.470  -8.774  6.529 272.0000000000
83402  -41.676  -39.906  -19.690 275.0000000000
83493  -61.094  -8.254  4.476 276.0000000000
83616  -41.836  41.703  -30.712 277.0000000000
83872  -31.458  75.723  -13.361 278.0000000000
83966  -37.787  59.750  -25.163 279.0000000000
84043  -10.894  71.397  -21.774 280.0000000000
81231  -1.646  -72.759  7.106 281.0000000000
81230  -37.211  23.594  24.187 283.0000000000
84245  -51.169  39.794  -19.304 284.0000000000
30714  -8.270  69.206  -32.177 286.0000000000
30715  -31.429  -36.250  38.370 287.0000000000
14337  -53.067  1.756  29.605 291.0000000000
15006  -9.744  25.122  46.921 298.0000000000
16179  -46.507  40.828  -6.662 300.0000000000
16066  -43.251  -15.285  -0.170 303.0000000000
16067  -60.730  -14.480  -39.955 305.0000000000
16107  -20.915  -54.587  14.927 306.0000000000
16150  -8.172  -25.280  24.593 307.0000000000
16587  -39.929  -37.506  -39.523 309.0000000000
17902  -43.656  6.799  17.383 317.0000000000
19557  -34.749  8.592  -63.223 320.0000000000
19644  -42.013  0.699  13.165 324.0000000000
21024  -31.606  -31.517  14.665 326.0000000000
19602  -28.357  -49.607  19.882 327.0000000000
22763  -38.768  45.419  22.941 331.0000000000
23441  -22.042  -66.519  22.086 332.0000000000
23529  -18.387  -27.237  50.833 333.0000000000
24059  -8.995  45.041  22.205 334.0000000000
25906  -53.474  -8.027  -18.027 335.0000000000
27195  -39.189  -36.403  -24.992 336.0000000000
27539  -42.519  58.031  4.041 337.0000000000
27700  -49.547  12.389  -22.855 338.0000000000
27777  -15.722  60.608  -35.268 339.0000000000
28949  -43.877  -54.269  0.300 340.0000000000
30070  -51.635  16.988  -11.709 341.0000000000
30069  -40.739  10.343  40.626 342.0000000000
30089  -40.539  -69.019  -9.480 343.0000000000
57777  -17.276  5.458  37.313 348.0000000000
58552  -25.367  -52.144  -30.501 352.0000000000
57776  -16.701  5.633  37.851 355.0000000000
15169  -42.220  -56.863  18.307 356.0000000000
58553  -2.329  -48.811  -12.198 359.0000000000
57778  -51.227  -46.534  4.261 360.0000000000
19692  -41.492  -44.708  -8.804 361.0000000000
18007  -5.320  44.127  -25.643 362.0000000000
59179  -34.580  43.219  13.087 363.0000000000
22717  -20.274  -46.986  37.893 370.0000000000
22718  -20.070  -47.467  36.910 371.0000000000
22814  -54.992  21.743  -1.228 372.0000000000
22859  -36.769  24.540  14.862 373.0000000000
60873  -29.563  -28.693  15.000 374.0000000000
22788  -46.197  -43.540  -11.941 376.0000000000
23442  -44.251  62.979  -14.512 377.0000000000
23530  -17.915  -28.078  50.437 378.0000000000
24060  -8.839  44.836  21.085 379.0000000000
25907  -59.863  -7.082  -1.402 380.0000000000
27217  -4.396  67.639  -15.656 381.0000000000
27554  -9.740  64.233  -19.572 382.0000000000
27719  -45.273  30.787  21.788 383.0000000000
27800  -51.790  -18.326  -30.819 384.0000000000
29307  -56.162  -39.236  2.567 385.0000000000
30145  -17.445  -36.566  35.865 386.0000000000
66221  -19.775  60.449  23.691 387.0000000000
30516  -41.159  45.266  17.530 389.0000000000
59180  -6.049  62.703  -3.968 394.0000000000
82429  -59.777  -21.139  -3.783 396.0000000000
3813  -30.161  7.837  24.242 401.0000000000
82773  -30.267  48.930  -35.106 402.0000000000
59351  -37.045  -12.488  -40.962 412.0000000000
4205  -11.434  -29.788  46.436 414.0000000000
6406  -52.165  -0.221  20.409 417.0000000000
62890  -21.938  -26.989  36.148 423.0000000000
63151  -6.501  62.584  -7.561 424.0000000000
63658  -34.776  41.269  23.511 426.0000000000
64490  -39.020  -47.637  15.155 427.0000000000
64889  -28.640  -23.015  19.719 428.0000000000
65125  -33.683  -20.123  37.895 429.0000000000
65562  -32.853  -19.751  37.338 430.0000000000
66914  -29.981  -42.777  -25.307 432.0000000000
3491  -22.069  -13.518  -31.398 438.0000000000
1986  -12.137  17.541  25.936 439.0000000000
2052  -30.450  11.614  -60.912 440.0000000000
2159  -11.779  21.604  20.263 441.0000000000
2241  -48.349  11.604  9.958 442.0000000000
2078  -22.499  72.382  -21.878 443.0000000000
2053  -40.435  20.731  23.612 445.0000000000
2160  -11.761  22.519  20.818 446.0000000000
2264  -37.843  21.404  22.278 447.0000000000
3453  -38.159  -59.095  24.010 448.0000000000
3452  -45.683  50.169  -18.722 449.0000000000
3791  -38.013  -8.586  -41.739 452.0000000000
4204  -6.067  83.500  -9.056 453.0000000000
4583  -45.977  -38.607  26.421 454.0000000000
3957  -13.972  60.645  -10.212 455.0000000000
5143  -45.589  -6.959  -42.718 460.0000000000
4582  -41.649  -47.202  -21.460 461.0000000000
5044  -8.215  66.275  6.771 462.0000000000
6405  -2.778  -5.611  17.192 469.0000000000
9422  -0.507  14.484  -27.626 471.0000000000
10086  -23.335  -29.613  -33.826 472.0000000000
10229  -22.786  15.079  49.829 473.0000000000
10807  -31.015  -38.234  -31.997 474.0000000000
13509  -21.783  -59.516  12.728 475.0000000000
15297  -5.228  78.019  8.899 476.0000000000
16588  -59.960  -35.200  5.732 477.0000000000
16643  -33.394  -75.757  -26.268 478.0000000000
17726  -17.089  -41.205  -28.988 479.0000000000
52749  -56.595  15.468  -0.717 481.0000000000
52728  -17.151  56.823  20.063 483.0000000000
54903  -49.015  1.954  -12.488 484.0000000000
54924  -50.202  24.013  -27.520 485.0000000000
55671  -6.642  -55.285  -17.477 486.0000000000
55691  -7.178  -55.003  -17.958 487.0000000000
56212  -30.757  55.952  17.208 488.0000000000
56227  -12.458  -50.041  -10.688 489.0000000000
56774  -43.397  -12.609  -36.437 490.0000000000
56789  -24.446  -49.362  -10.184 491.0000000000
57125  -9.324  35.529  39.989 492.0000000000
57999  -4.049  -43.827  44.117 493.0000000000
57979  -1.057  -60.610  -3.246 494.0000000000
58060  -13.008  -47.199  3.866 495.0000000000
58621  -3.940  -23.256  24.190 497.0000000000
58604  -59.201  -33.143  -27.474 498.0000000000
58727  -38.423  57.955  -31.977 499.0000000000
59009  -5.761  35.755  36.710 501.0000000000
59964  -12.786  -59.356  -29.700 502.0000000000
60316  -46.174  -50.177  -34.467 506.0000000000
60343  -20.317  20.500  27.339 507.0000000000
1987  -41.487  20.978  23.862 508.0000000000
1985  -26.844  12.014  -60.386 509.0000000000
2135  -31.727  24.078  -49.541 510.0000000000
2749  -0.044  -67.608  -22.335 512.0000000000
61606  -58.033  -36.864  7.840 513.0000000000
4584  -19.532  72.041  -22.688 514.0000000000
2768  2.016  -1.497  -26.244 516.0000000000
3472  -36.370  1.326  19.353 520.0000000000
5177  -27.034  -26.218  33.077 523.0000000000
3995  -34.597  -73.022  -4.875 525.0000000000
5045  -21.296  -43.711  1.908 529.0000000000
64584  -52.550  -13.931  6.640 531.0000000000
9423  -18.574  23.853  27.754 533.0000000000
65227  -31.223  -40.184  16.257 537.0000000000
9449  -31.251  -62.864  -12.341 538.0000000000
66821  -20.324  -53.522  39.945 541.0000000000
10230  -40.223  -64.436  3.507 542.0000000000
67513  -29.871  -59.907  -36.015 543.0000000000
10808  -31.820  -38.265  -31.974 544.0000000000
68602  -42.959  61.974  -16.211 545.0000000000
13510  -13.615  62.299  -5.127 546.0000000000
69610  0.101  -79.683  -18.392 547.0000000000
15320  -1.922  -9.632  44.681 548.0000000000
70557  -18.480  -55.030  30.026 549.0000000000
16609  -20.321  45.175  32.539 550.0000000000
16628  -4.493  36.547  -25.964 551.0000000000
15343  -2.353  -8.900  43.866 552.0000000000
70583  -52.482  -42.110  -30.269 556.0000000000
25992  -35.047  -0.363  2.680 566.0000000000
27801  -42.411  -15.793  20.809 567.0000000000
57072  -31.962  29.271  -20.171 568.0000000000
31852  -49.701  16.717  -14.366 571.0000000000
33056  -46.965  -29.861  17.543 572.0000000000
34197  -3.380  70.397  -37.389 573.0000000000
63527  -12.048  -67.844  19.637 574.0000000000
37067  -15.629  -29.858  15.299 575.0000000000
38201  -36.041  -2.474  2.661 577.0000000000
64719  -26.860  8.298  -46.793 578.0000000000
66852  -31.065  -25.467  -24.748 581.0000000000
66872  -8.282  -48.413  -6.448 582.0000000000
68618  -33.188  25.796  -18.966 584.0000000000
69618  -47.896  25.455  -19.010 585.0000000000
48219  -48.875  6.169  -21.438 586.0000000000
48303  -32.031  22.412  -31.347 589.0000000000
48304  -32.158  21.548  -31.887 591.0000000000
19997  -46.430  32.923  23.355 596.0000000000
21783  0.457  -68.172  -1.050 597.0000000000
24083  -37.141  -47.267  34.503 601.0000000000
28964  -21.970  7.867  -51.984 604.0000000000
30093  -0.617  -57.131  1.981 605.0000000000
31851  -40.705  7.582  -54.470 606.0000000000
37066  -48.871  -36.081  -34.993 610.0000000000
37726  -11.691  -50.922  -10.650 612.0000000000
38301  -47.725  19.329  -52.191 614.0000000000
38737  -16.072  7.363  54.084 615.0000000000
38934  -32.029  -30.337  14.478 616.0000000000
40083  -27.336  -22.769  46.799 617.0000000000
43539  -3.850  54.046  -44.525 619.0000000000
48220  -31.624  17.239  -34.617 621.0000000000
48221  -55.397  23.606  -15.281 623.0000000000
48302  -29.240  53.450  18.782 624.0000000000
18857  -41.369  -47.463  -36.982 632.0000000000
19998  -46.636  32.235  23.014 633.0000000000
72607  -15.822  40.483  29.946 634.0000000000
21800  -4.486  48.484  -8.480 636.0000000000
73428  -30.321  -73.351  -14.458 638.0000000000
24084  -10.459  74.044  4.975 640.0000000000
74005  -5.045  -20.554  24.640 643.0000000000
26018  -7.064  -87.424  -15.745 644.0000000000
27802  -42.366  -16.523  20.274 646.0000000000
28965  -4.938  -75.794  3.743 647.0000000000
31850  -13.239  -9.430  -28.255 650.0000000000
37068  -43.776  -21.416  -35.568 654.0000000000
37727  -9.028  -49.446  4.715 655.0000000000
38202  -49.497  -1.081  -11.872 656.0000000000
38738  -57.858  8.198  -15.334 658.0000000000
38935  -43.084  -25.070  3.734 659.0000000000
40084  -47.305  -6.245  -16.281 660.0000000000
41955  -35.510  13.614  15.813 661.0000000000
71723  -10.087  80.369  4.492 672.0000000000
72352  -2.843  35.455  5.394 674.0000000000
46144  -2.596  -46.390  14.849 676.0000000000
72969  -40.028  1.155  2.935 677.0000000000
73440  1.410  -4.539  3.030 678.0000000000
47400  -19.284  14.980  50.675 679.0000000000
87268  -21.755  -65.579  -34.803 685.0000000000
49476  -35.263  -43.795  -33.247 691.0000000000
50089  -42.966  -28.494  25.360 695.0000000000
76308  -5.410  68.224  -27.255 696.0000000000
74965  -28.083  -64.920  22.980 697.0000000000
33076  -10.738  59.637  -5.900 698.0000000000
55865  -35.135  -34.704  -38.212 699.0000000000
56932  -28.259  -53.058  -27.601 702.0000000000
58332  -44.638  28.406  -7.479 703.0000000000
88426  -22.573  24.824  -34.323 709.0000000000
59432  -38.613  -32.089  -28.320 710.0000000000
78690  -19.429  56.662  -32.023 713.0000000000
88455  -37.842  37.637  -34.410 714.0000000000
59876  -14.853  -27.664  16.847 719.0000000000
78719  1.061  2.468  -10.935 720.0000000000
79047  -12.467  6.098  43.317 721.0000000000
60493  -62.178  -14.744  15.567 722.0000000000
79371  -6.003  -7.630  -25.395 725.0000000000
79792  -6.072  -32.350  7.863 726.0000000000
1385  -5.503  -14.856  15.530 727.0000000000
1386  -62.496  -12.330  16.720 729.0000000000
3191  -26.105  5.822  -31.380 730.0000000000
3254  -19.371  -72.591  -5.765 731.0000000000
41694  -4.024  -30.185  10.067 736.0000000000
42804  -12.134  -29.707  9.663 738.0000000000
43873  -40.722  -0.573  43.225 739.0000000000
44483  -46.779  -33.236  -13.403 740.0000000000
45090  -13.402  41.044  -34.991 741.0000000000
46154  -58.848  11.548  -39.509 743.0000000000
46145  -3.680  -41.882  -5.395 744.0000000000
46806  -38.152  10.735  24.178 745.0000000000
48076  -22.929  -44.333  30.982 748.0000000000
48982  -35.546  -1.431  32.636 752.0000000000
49475  -2.841  -55.619  -16.075 755.0000000000
49505  -23.590  -56.628  -12.061 756.0000000000
49544  -32.612  39.947  -38.691 757.0000000000
50414  -1.882  44.963  -6.428 760.0000000000
50458  -38.710  -13.411  25.100 761.0000000000
50489  -19.958  -32.115  -18.582 762.0000000000
50520  -23.312  -22.907  32.991 763.0000000000
51552  -54.604  -23.310  32.448 764.0000000000
51573  -2.455  41.049  -43.357 766.0000000000
51613  -18.414  -70.938  -31.369 767.0000000000
51653  -15.611  -57.531  -16.339 768.0000000000
51682  -14.753  47.068  -41.797 769.0000000000
52577  -16.377  -63.588  25.828 771.0000000000
52576  -29.402  -69.610  -31.924 772.0000000000
52649  -34.658  23.015  38.713 774.0000000000
52692  -14.837  -38.796  -11.465 775.0000000000
52729  -10.451  67.726  15.900 776.0000000000
53802  -63.089  -15.463  -33.172 778.0000000000
53818  -3.107  -26.127  50.921 780.0000000000
53856  -14.603  -59.455  -23.759 781.0000000000
53889  -6.285  -52.683  -24.187 782.0000000000
54241  -16.615  -31.531  -23.690 784.0000000000
54691  -4.933  -86.713  -13.796 787.0000000000
54821  -40.541  -69.409  -32.397 789.0000000000
54850  -23.600  -40.922  -13.132 790.0000000000
55866  -34.651  -33.885  -38.057 794.0000000000
55930  -12.156  -42.437  47.082 796.0000000000
55960  -45.241  16.627  -42.307 797.0000000000
56000  -30.072  -44.512  21.889 798.0000000000
56951  -41.246  -55.436  -19.993 801.0000000000
56985  -19.503  -24.349  -15.724 802.0000000000
57015  -37.429  71.283  -7.663 803.0000000000
57050  -40.525  9.240  -34.218 804.0000000000
58348  -51.921  1.064  27.976 806.0000000000
58381  -25.308  -25.521  -19.340 807.0000000000
58413  -30.159  -2.128  24.150 808.0000000000
59308  -38.794  59.684  -34.013 810.0000000000
59329  -37.847  5.553  34.884 811.0000000000
59471  -48.390  22.622  -49.545 813.0000000000
24650  -50.209  -9.627  36.760 817.0000000000
60509  -32.573  -60.120  -30.050 819.0000000000
61365  -19.974  -3.405  -30.643 821.0000000000
62611  -32.851  -32.633  46.188 824.0000000000
63650  -64.087  -8.717  7.768 828.0000000000
1387  -62.703  -12.711  17.417 830.0000000000
3255  -47.212  51.998  -0.611 831.0000000000
3634  -3.524  58.359  -43.611 836.0000000000
80944  -2.758  -11.477  19.175 837.0000000000
80949  -1.890  -21.366  45.214 838.0000000000
80964  -10.402  -85.026  -5.612 839.0000000000
80976  -3.706  -26.706  49.847 840.0000000000
80998  -28.857  54.145  18.574 841.0000000000
81125  -19.786  -43.864  -17.538 843.0000000000
39114  -52.189  38.890  1.782 845.0000000000
39980  -2.999  -44.756  38.672 846.0000000000
39962  -7.587  64.651  -33.674 848.0000000000
81453  -35.594  -51.875  2.718 851.0000000000
81460  -40.553  31.059  5.741 852.0000000000
81479  -16.246  44.925  37.581 853.0000000000
81576  -15.974  -24.317  -19.024 854.0000000000
81599  -24.354  30.215  22.157 856.0000000000
81608  -6.358  -41.624  31.702 857.0000000000
40456  -24.970  -27.189  -33.346 859.0000000000
5681  -33.280  53.692  -1.996 860.0000000000
82052  -39.600  31.817  21.998 862.0000000000
82053  -35.009  -20.758  -0.673 863.0000000000
82075  -31.939  -17.078  1.186 865.0000000000
4455  -20.305  -7.851  -42.098 867.0000000000
7763  -39.278  9.291  -49.274 869.0000000000
82470  -10.147  -52.717  -3.256 871.0000000000
82541  -35.597  2.058  21.091 873.0000000000
43874  1.461  6.215  -14.028 875.0000000000
7786  -46.553  -53.741  20.241 876.0000000000
82752  -55.811  -45.003  -24.121 878.0000000000
7811  -30.004  -49.833  16.892 880.0000000000
44484  -56.884  -27.641  -36.672 881.0000000000
9006  -9.478  66.503  2.609 882.0000000000
83010  -23.171  -84.560  -18.649 884.0000000000
10768  -27.450  36.571  -13.685 887.0000000000
46807  -10.315  16.481  50.424 892.0000000000
14415  -27.271  -47.766  -29.869 894.0000000000
48077  -55.911  -44.794  -32.258 897.0000000000
17057  -43.339  62.235  -8.728 898.0000000000
50579  -51.879  1.092  34.111 902.0000000000
22049  -12.246  -34.854  -24.190 908.0000000000
61378  -37.133  -51.301  -33.693 918.0000000000
62612  -61.049  -32.132  -31.680 921.0000000000
63651  -35.599  13.777  -19.226 925.0000000000
85958  -11.249  -46.216  15.462 927.0000000000
65145  -25.672  78.650  -26.051 929.0000000000
3686  -43.118  -62.977  -23.495 932.0000000000
5683  -3.894  59.766  29.313 935.0000000000
5737  -14.514  -59.741  22.555 937.0000000000
5835  -48.348  34.760  15.385 938.0000000000
5860  -7.828  -49.738  -24.274 939.0000000000
4454  -33.490  -10.161  -43.859 942.0000000000
4453  -20.086  -22.866  35.650 951.0000000000
4482  -5.346  38.765  -42.317 952.0000000000
4518  -19.199  47.686  15.658 953.0000000000
5682  -0.941  -57.846  22.112 954.0000000000
5698  -29.347  33.375  36.809 955.0000000000
5859  -1.005  -51.234  17.464 956.0000000000
5888  -44.062  -39.217  26.130 957.0000000000
6513  -34.701  66.915  5.943 962.0000000000
7762  -39.251  9.111  -48.600 965.0000000000
7838  -61.834  -14.778  7.638 969.0000000000
8060  -23.165  70.418  -7.033 970.0000000000
8508  -27.691  5.960  25.537 971.0000000000
8491  -38.240  40.477  6.012 972.0000000000
8931  -4.529  33.360  10.638 973.0000000000
8948  -61.487  5.639  -20.575 974.0000000000
9036  -30.020  -19.478  39.311 977.0000000000
9065  -34.253  4.749  -23.232 978.0000000000
9110  -46.274  -26.076  30.476 979.0000000000
9761  -2.878  -42.631  26.120 981.0000000000
10380  -2.336  20.079  -27.992 982.0000000000
10747  -12.648  64.568  -2.889 984.0000000000
10791  -23.124  2.125  30.863 985.0000000000
10792  -18.495  13.438  48.836 987.0000000000
10828  -33.090  49.183  -28.433 988.0000000000
11464  -22.324  9.015  -52.272 990.0000000000
11918  -30.035  -57.192  18.307 991.0000000000
11971  -18.243  18.859  -30.076 993.0000000000
12009  -5.107  57.979  18.526 994.0000000000
12092  -43.546  32.281  5.523 996.0000000000
13769  -57.537  22.056  8.828 997.0000000000
12892  -9.331  25.215  23.556 998.0000000000
13187  -43.524  27.034  -53.920 1000.0000000000
13260  -61.534  9.069  13.096 1002.0000000000
13312  -46.507  -32.773  22.514 1003.0000000000
13750  -32.434  16.465  13.071 1005.0000000000
14443  -61.108  10.655  -6.501 1006.0000000000
14416  -13.629  73.437  -32.749 1007.0000000000
14525  -15.195  72.498  -32.006 1009.0000000000
14595  -36.291  -59.529  11.937 1011.0000000000
15043  -46.353  4.563  -29.537 1012.0000000000
15773  -4.701  -53.220  12.096 1014.0000000000
15832  -35.065  -76.436  -23.827 1017.0000000000
15981  -17.247  -45.323  -22.037 1019.0000000000
17058  -45.833  60.847  -23.375 1021.0000000000
17432  -42.435  5.699  18.682 1023.0000000000
18498  -8.687  72.192  -41.167 1024.0000000000
18539  -7.699  -61.871  -32.607 1025.0000000000
18518  -8.248  -62.372  -32.886 1026.0000000000
19482  -52.515  -0.183  -46.557 1028.0000000000
75605  -27.493  -12.446  30.732 1031.0000000000
22048  -12.543  -36.513  -24.268 1032.0000000000
22653  -22.222  65.604  -12.446 1034.0000000000
23926  -53.995  -8.875  -17.416 1035.0000000000
23290  -33.371  19.721  -37.568 1036.0000000000
24649  -4.428  -30.943  9.607 1037.0000000000
23948  -8.188  -74.491  10.645 1038.0000000000
25807  -34.703  29.850  24.712 1040.0000000000
25823  -21.998  -14.237  53.697 1043.0000000000
26417  -40.976  3.376  18.493 1047.0000000000
30977  -43.775  24.654  30.394 1057.0000000000
34380  -17.666  -40.954  45.269 1062.0000000000
34398  -29.291  -46.290  26.319 1063.0000000000
5812  -48.933  -50.826  16.418 1068.0000000000
8492  -38.973  55.902  6.867 1077.0000000000
68543  -47.367  27.544  -33.371 1078.0000000000
68594  -15.233  30.422  -41.522 1079.0000000000
7653  -33.933  21.903  15.743 1080.0000000000
8885  -20.891  59.100  23.514 1082.0000000000
69468  -27.808  36.716  -6.030 1090.0000000000
70178  -62.580  7.335  9.758 1091.0000000000
10401  -44.417  57.076  1.352 1092.0000000000
12690  -3.369  18.090  47.163 1096.0000000000
70746  -30.564  -30.734  -29.116 1097.0000000000
12464  -54.607  -22.536  25.032 1100.0000000000
12711  -1.910  16.898  13.271 1102.0000000000
71477  -57.786  -39.348  -33.769 1103.0000000000
13186  -52.646  20.987  -28.901 1105.0000000000
71520  -29.138  23.078  -58.038 1108.0000000000
14460  -4.332  9.499  12.464 1109.0000000000
16012  -56.165  -41.070  -25.983 1111.0000000000
15120  -17.138  25.867  47.779 1114.0000000000
72395  -3.234  -45.468  -0.296 1116.0000000000
15774  -25.177  -48.508  -32.458 1117.0000000000
72602  -41.466  57.697  -13.951 1119.0000000000
17480  -61.814  -27.493  -8.475 1120.0000000000
15982  -55.635  -41.374  -26.607 1121.0000000000
15980  -36.947  -51.217  9.225 1123.0000000000
73106  -25.074  30.798  -57.745 1125.0000000000
72951  -23.072  -11.184  50.771 1126.0000000000
60449  -60.090  -15.052  16.149 1128.0000000000
73150  -32.290  36.969  -21.039 1129.0000000000
73175  -3.632  2.253  -40.013 1130.0000000000
73196  -56.587  17.191  7.028 1131.0000000000
73233  -43.444  -52.805  21.556 1132.0000000000
18499  -44.075  -29.326  29.902 1134.0000000000
73787  -38.732  65.397  -24.260 1137.0000000000
73799  -44.579  -25.893  -38.060 1138.0000000000
74342  -37.137  39.828  26.550 1141.0000000000
19054  -53.738  5.008  15.590 1142.0000000000
74867  -3.112  71.299  -39.869 1144.0000000000
75591  -5.096  65.285  -30.598 1147.0000000000
846  -48.004  42.366  -8.298 1149.0000000000
22050  -36.267  -9.408  -17.170 1150.0000000000
76143  -19.509  -41.774  46.773 1151.0000000000
22075  -2.849  13.123  34.373 1152.0000000000
1963  -28.798  24.584  -50.738 1153.0000000000
76560  -20.523  -15.286  35.479 1155.0000000000
22673  -23.345  -44.632  -11.564 1156.0000000000
2992  -40.569  -42.841  32.975 1157.0000000000
76858  -8.333  80.149  -12.905 1158.0000000000
23949  -37.800  40.735  -14.172 1159.0000000000
3829  -3.590  -34.611  18.279 1162.0000000000
77298  -37.923  20.078  -6.583 1163.0000000000
25048  -25.926  13.757  -37.015 1165.0000000000
6887  -4.516  -34.720  17.005 1167.0000000000
77701  -29.145  13.890  -45.181 1168.0000000000
26388  -22.638  59.515  4.582 1173.0000000000
8004  -56.317  -3.818  27.691 1176.0000000000
27568  -10.566  2.613  17.410 1179.0000000000
30993  -36.759  -36.059  -29.731 1182.0000000000
73281  -11.687  -60.596  -29.740 1186.0000000000
33288  -64.055  -5.439  -10.066 1188.0000000000
69497  -10.443  -35.294  19.244 1196.0000000000
56808  -25.094  -48.410  -10.163 1199.0000000000
69720  -39.242  64.833  -10.966 1202.0000000000
56899  -54.590  -2.352  -21.088 1206.0000000000
70733  -6.685  -36.039  -8.559 1207.0000000000
56809  -21.873  56.552  17.331 1209.0000000000
56898  -44.879  -7.496  15.328 1210.0000000000
71284  -6.008  -36.134  -9.560 1212.0000000000
59083  -39.645  -43.383  17.404 1214.0000000000
71824  -21.180  -8.144  35.794 1216.0000000000
72617  -6.307  26.149  -28.793 1218.0000000000
58749  -24.432  -69.898  -36.562 1221.0000000000
59663  -57.037  -7.372  11.544 1222.0000000000
72658  -38.111  20.426  2.728 1224.0000000000
88607  -35.561  33.504  29.838 1225.0000000000
73234  -25.125  71.459  -31.821 1230.0000000000
88684  -20.811  1.528  44.867 1232.0000000000
73754  -14.484  -68.100  2.284 1233.0000000000
60437  -15.232  48.855  25.612 1236.0000000000
74525  -58.768  -35.903  8.127 1239.0000000000
74050  -11.810  -35.597  8.192 1240.0000000000
88796  -23.082  -75.803  5.372 1241.0000000000
88862  -24.085  -76.703  3.651 1242.0000000000
74858  -42.305  -61.498  -34.158 1244.0000000000
61472  -61.952  -7.008  10.014 1246.0000000000
88900  -4.161  -2.225  44.297 1247.0000000000
88908  -6.130  -2.762  43.697 1248.0000000000
60963  -57.802  -30.745  -30.171 1250.0000000000
61426  -39.175  57.285  10.064 1251.0000000000
75414  -33.446  -11.079  27.257 1252.0000000000
62136  -59.851  -37.798  -21.647 1255.0000000000
89024  -3.391  -2.270  42.231 1256.0000000000
61669  -18.442  34.030  31.297 1257.0000000000
64361  -11.381  -44.995  11.072 1259.0000000000
845  -49.376  42.614  -7.928 1262.0000000000
1919  -28.528  -8.804  -38.720 1264.0000000000
847  -48.124  42.338  -8.847 1265.0000000000
2990  -41.106  -41.747  33.241 1267.0000000000
2991  -40.837  -43.094  33.362 1268.0000000000
3012  -5.973  82.807  -7.041 1272.0000000000
4997  -33.679  -31.461  29.618 1279.0000000000
9383  -51.811  -20.993  -10.939 1284.0000000000
11328  -21.636  22.175  25.769 1286.0000000000
56821  -43.337  46.353  -17.493 1292.0000000000
56858  -6.545  -46.010  21.182 1293.0000000000
56807  -46.417  -57.274  -21.705 1301.0000000000
56846  -9.302  -13.351  17.942 1302.0000000000
56900  -31.420  20.737  -46.599 1304.0000000000
57726  -54.336  -38.758  -16.664 1307.0000000000
58188  -8.268  57.214  16.126 1308.0000000000
58222  -26.540  43.010  15.362 1309.0000000000
58787  -44.817  37.200  13.881 1312.0000000000
59094  -52.988  -5.839  25.796 1313.0000000000
58766  -16.077  31.015  -37.950 1315.0000000000
60730  -42.919  -47.299  2.693 1318.0000000000
46721  -4.114  16.258  50.750 1319.0000000000
60495  -31.505  10.915  -58.950 1321.0000000000
60731  -30.566  -41.761  41.877 1323.0000000000
60945  -35.490  -68.434  -37.419 1324.0000000000
60964  -12.718  -24.167  23.413 1327.0000000000
61649  -54.329  -37.908  -21.511 1330.0000000000
61670  -39.454  -60.754  -8.180 1333.0000000000
61843  -58.262  -37.740  7.633 1334.0000000000
61872  -37.398  -9.614  46.421 1337.0000000000
61873  -38.306  -9.447  45.482 1338.0000000000
63064  -11.996  -51.422  43.157 1339.0000000000
62212  -44.598  -50.498  -36.799 1341.0000000000
64362  -38.069  -5.381  20.161 1343.0000000000
63051  -11.770  -22.452  -23.385 1346.0000000000
63052  -41.469  -8.173  44.678 1347.0000000000
63115  -39.978  16.326  26.061 1349.0000000000
64363  -7.133  5.583  -37.637 1351.0000000000
1920  -28.777  -7.501  -39.801 1355.0000000000
66269  -3.564  34.819  22.734 1358.0000000000
3047  -24.497  -26.003  34.400 1360.0000000000
1964  -29.474  23.990  -50.257 1361.0000000000
3068  -48.800  -36.203  -6.837 1362.0000000000
3830  -4.228  -34.561  19.023 1364.0000000000
4998  -15.686  -26.200  32.400 1365.0000000000
6886  -26.859  -45.124  -17.315 1367.0000000000
8024  -55.847  -4.402  27.011 1368.0000000000
9404  -14.257  38.394  38.543 1369.0000000000
11816  -3.646  -29.677  35.246 1373.0000000000
57742  -31.584  -31.443  -28.178 1376.0000000000
58128  -4.398  -12.974  16.436 1378.0000000000
58750  -32.765  -66.083  -14.876 1381.0000000000
85043  -50.806  -37.588  9.756 1382.0000000000
85083  -18.766  34.538  43.458 1383.0000000000
44889  -14.249  66.353  -35.745 1385.0000000000
46659  -2.697  -55.761  -11.187 1390.0000000000
46702  -36.466  27.615  12.792 1392.0000000000
47801  -19.234  53.916  18.492 1397.0000000000
48326  -32.127  11.231  -42.676 1399.0000000000
49236  -35.844  -52.004  -15.863 1400.0000000000
50473  -53.346  10.202  20.044 1402.0000000000
61427  -29.182  -55.170  -26.568 1404.0000000000
50805  -12.840  65.308  19.268 1407.0000000000
61844  -20.255  -17.744  44.312 1408.0000000000
64733  -13.919  62.504  -10.299 1413.0000000000
51048  -50.670  -23.216  32.485 1414.0000000000
64466  -8.923  -50.540  36.496 1418.0000000000
51532  -2.325  -24.154  -11.052 1422.0000000000
52079  -28.778  4.033  46.343 1423.0000000000
64435  -17.662  41.463  21.327 1424.0000000000
64692  -25.601  -31.681  -34.340 1427.0000000000
65435  -9.189  -49.369  35.056 1428.0000000000
52528  -44.233  -44.933  -37.890 1430.0000000000
54599  -40.369  16.808  -40.350 1431.0000000000
67483  -35.848  63.048  -14.733 1440.0000000000
61184  -7.850  -29.829  -15.003 1441.0000000000
68784  -23.321  -67.318  10.604 1442.0000000000
63163  -7.018  44.381  2.762 1445.0000000000
44565  -25.800  -11.886  -33.876 1450.0000000000
44566  -4.905  -4.776  49.142 1454.0000000000
44564  -47.007  -14.802  -25.976 1456.0000000000
44908  -24.700  -35.942  49.536 1458.0000000000
46121  -48.537  0.879  37.750 1462.0000000000
46147  -18.021  72.015  9.038 1464.0000000000
46550  0.780  -25.384  -5.442 1465.0000000000
46642  -22.178  -39.584  33.982 1467.0000000000
48267  -25.365  -9.543  -40.564 1472.0000000000
48305  -35.368  29.897  -8.313 1473.0000000000
49326  -6.588  60.944  5.070 1476.0000000000
50392  -35.149  -71.423  3.118 1479.0000000000
50460  -21.753  -11.233  -32.592 1480.0000000000
51473  -0.000  46.351  -9.731 1483.0000000000
52109  -24.392  -56.038  -14.492 1487.0000000000
53081  -26.011  -32.562  -22.152 1488.0000000000
53041  -40.767  60.379  2.546 1490.0000000000
53105  -42.092  57.825  -28.523 1492.0000000000
53837  -25.823  57.316  21.907 1493.0000000000
52213  -46.128  -44.897  26.872 1494.0000000000
51183  -63.990  -10.613  7.488 1495.0000000000
51185  -33.865  26.813  12.645 1500.0000000000
51184  -56.746  2.511  -4.948 1502.0000000000
56487  -28.521  4.701  39.980 1503.0000000000
57876  -45.203  29.289  -6.692 1505.0000000000
58939  -4.777  -16.787  -7.280 1506.0000000000
59386  -10.711  -69.506  -36.973 1507.0000000000
60263  -21.846  17.354  -48.238 1508.0000000000
62285  -37.337  62.238  -5.331 1510.0000000000
63164  -5.493  43.296  3.662 1513.0000000000
47802  -18.448  53.333  17.492 1518.0000000000
47909  -57.971  -42.963  -5.831 1522.0000000000
85910  -34.548  -59.976  -9.905 1528.0000000000
85917  -24.473  65.480  -17.226 1530.0000000000
85924  -18.097  -15.358  38.726 1531.0000000000
49237  -4.785  66.769  24.124 1535.0000000000
86111  -60.096  -3.534  -38.639 1538.0000000000
86127  -42.233  57.833  -1.011 1540.0000000000
86131  -27.205  42.235  28.199 1541.0000000000
50459  -23.134  -12.844  -32.448 1544.0000000000
52080  -4.969  7.007  35.303 1548.0000000000
51049  -52.052  9.959  18.798 1549.0000000000
52108  -24.766  -55.266  -14.767 1551.0000000000
52128  -54.055  -38.045  17.576 1554.0000000000
53042  -24.629  -31.624  -21.836 1556.0000000000
54622  -5.227  -55.323  -16.765 1558.0000000000
53838  -52.599  44.848  -13.384 1559.0000000000
56501  -21.404  74.704  -31.063 1563.0000000000
56532  -47.685  29.385  -18.225 1564.0000000000
56486  -28.576  3.482  40.068 1565.0000000000
60583  -57.180  -25.976  -20.125 1566.0000000000
57897  -32.066  -68.112  -34.994 1567.0000000000
58954  -48.916  8.387  27.320 1568.0000000000
59402  -30.908  -31.508  -28.796 1569.0000000000
61185  -4.505  -1.590  19.881 1571.0000000000
65599  -12.768  -62.880  7.276 1573.0000000000
53437  -30.649  11.436  -49.057 1578.0000000000
53450  -26.974  64.313  13.644 1580.0000000000
53819  -30.329  -20.450  49.612 1582.0000000000
53858  -17.332  -50.307  -10.086 1583.0000000000
53919  0.534  46.410  -13.837 1585.0000000000
53436  -60.342  9.776  14.210 1588.0000000000
53438  -56.948  14.234  -2.123 1590.0000000000
53806  -43.881  -2.444  -21.376 1592.0000000000
53839  -53.137  44.410  -13.241 1593.0000000000
53904  -41.336  -50.192  -9.653 1595.0000000000
53962  -28.258  -50.679  -25.061 1597.0000000000
55694  -35.941  -33.817  36.725 1602.0000000000
55837  -17.717  43.858  16.844 1604.0000000000
57270  -15.908  -12.399  17.912 1607.0000000000
58752  -38.851  54.856  4.189 1609.0000000000
58696  -1.724  -18.008  46.387 1610.0000000000
59610  -13.307  -33.441  53.426 1613.0000000000
60556  -7.039  -59.398  -30.395 1615.0000000000
60511  -42.596  -49.537  -13.503 1616.0000000000
61362  -11.127  -38.644  -22.650 1620.0000000000
63494  -2.277  27.449  -18.693 1622.0000000000
65336  -56.215  -14.352  5.212 1623.0000000000
65337  -28.718  -6.404  -37.739 1624.0000000000
55277  -40.232  -11.724  -36.097 1628.0000000000
55355  -54.212  -3.453  -21.351 1630.0000000000
55763  -31.777  -74.773  -35.924 1633.0000000000
55306  -8.043  -19.801  47.940 1638.0000000000
55254  -40.477  39.148  -29.497 1640.0000000000
86704  -45.897  -1.924  3.066 1641.0000000000
86733  -21.921  -6.799  48.908 1646.0000000000
57639  -47.866  -1.674  25.860 1647.0000000000
56659  -53.712  14.657  -4.867 1650.0000000000
86957  -40.273  -69.251  -26.292 1655.0000000000
57178  -10.123  34.310  38.411 1659.0000000000
57493  -29.669  -34.327  35.349 1664.0000000000
59388  -8.115  -58.050  -23.873 1666.0000000000
59609  -27.722  -40.683  24.435 1667.0000000000
59449  -13.336  -23.213  -19.316 1668.0000000000
60565  -35.450  71.008  -11.124 1671.0000000000
61285  -22.694  -43.471  40.276 1672.0000000000
87530  -32.782  -12.739  31.107 1675.0000000000
62017  -19.421  -20.107  -16.188 1677.0000000000
63498  -42.872  -62.673  9.694 1679.0000000000
63499  -13.643  -58.531  -31.759 1681.0000000000
63530  -12.622  -44.647  12.322 1682.0000000000
55255  -54.384  -33.421  -36.450 1690.0000000000
55253  -0.456  25.835  5.632 1692.0000000000
57074  -2.699  42.423  36.407 1694.0000000000
57111  -12.899  -47.443  4.262 1695.0000000000
56658  -54.217  13.687  -5.479 1701.0000000000
56678  -46.300  50.277  -7.789 1703.0000000000
56713  -16.083  -63.120  15.795 1704.0000000000
57055  -17.075  -86.645  -15.778 1706.0000000000
57093  -45.219  -53.421  -27.088 1707.0000000000
57158  -45.901  14.439  -7.470 1709.0000000000
57476  -21.626  -22.539  -15.775 1711.0000000000
58310  -34.909  42.164  14.436 1716.0000000000
58941  -44.196  20.298  30.966 1718.0000000000
58956  -8.364  23.418  -32.482 1720.0000000000
59387  -31.465  46.984  27.912 1723.0000000000
59435  -12.999  -22.310  -20.304 1725.0000000000
61361  -29.858  -42.299  41.321 1727.0000000000
60705  -54.354  17.499  -48.865 1728.0000000000
60706  -47.941  19.862  29.081 1729.0000000000
61549  -2.976  36.013  8.093 1732.0000000000
61550  -3.303  36.922  7.796 1733.0000000000
62299  -12.516  -59.481  -31.573 1734.0000000000
56047  -42.145  -18.914  -9.380 1736.0000000000
58276  -15.985  31.861  -36.507 1742.0000000000
58502  0.920  14.751  -9.693 1744.0000000000
59046  -15.061  -38.655  -19.563 1748.0000000000
53128  0.494  45.245  -13.168 1753.0000000000
53165  -1.334  -69.919  -32.129 1755.0000000000
86565  -26.882  -45.787  11.227 1756.0000000000
58924  -10.426  -39.840  -18.746 1757.0000000000
60305  -2.833  -9.148  -4.617 1759.0000000000
59404  -27.152  -28.913  17.073 1762.0000000000
54678  -6.132  -54.341  -17.549 1768.0000000000
54714  -39.246  5.338  43.778 1770.0000000000
86798  -4.524  17.604  -32.445 1773.0000000000
86801  -7.729  -60.324  -23.162 1774.0000000000
86843  -38.454  -27.039  28.904 1776.0000000000
54148  -3.755  -60.077  1.484 1779.0000000000
87057  -7.138  -8.166  -24.482 1780.0000000000
62279  0.088  27.978  -19.037 1782.0000000000
57386  -36.158  -23.395  24.768 1784.0000000000
57332  -6.393  54.639  15.869 1786.0000000000
59229  -6.071  -31.433  -9.045 1792.0000000000
59309  -34.017  -17.452  -7.409 1793.0000000000
53107  -25.281  -46.361  9.280 1796.0000000000
53106  -12.256  41.732  -43.698 1802.0000000000
53108  -13.536  68.019  15.845 1804.0000000000
53178  -3.453  41.764  -44.539 1806.0000000000
54748  -61.201  -3.173  -19.809 1809.0000000000
54866  -6.443  38.464  -29.780 1811.0000000000
54906  -31.893  -75.143  -34.989 1812.0000000000
55101  -43.149  30.494  -0.035 1814.0000000000
54149  -48.706  50.592  -5.227 1817.0000000000
54646  -39.999  -53.403  -25.034 1819.0000000000
54623  -18.129  -53.121  -24.466 1820.0000000000
54693  -36.329  -70.878  1.466 1822.0000000000
54731  -41.516  29.083  -0.679 1823.0000000000
54763  -30.900  -31.190  -23.594 1824.0000000000
54794  -62.076  -6.928  18.698 1825.0000000000
54885  -50.748  23.987  -26.928 1826.0000000000
54927  -27.334  -63.991  20.466 1827.0000000000
55082  -4.657  65.553  11.519 1828.0000000000
55118  -21.004  -81.190  -9.811 1829.0000000000
57036  -18.727  42.346  37.386 1830.0000000000
55187  -28.106  20.993  34.425 1833.0000000000
56071  -51.152  45.110  -17.496 1835.0000000000
57387  -40.840  -14.185  16.122 1839.0000000000
59227  -38.816  -37.960  11.500 1842.0000000000
54226  -26.370  63.862  12.157 1847.0000000000
56876  0.051  45.104  -19.449 1859.0000000000
56889  -36.978  -51.415  -27.926 1860.0000000000
56916  -4.003  50.596  -15.729 1861.0000000000
56954  -59.052  -30.449  -5.049 1862.0000000000
56989  -4.336  -4.432  29.167 1863.0000000000
57016  -57.132  -19.586  -10.868 1864.0000000000
58029  -3.903  14.985  33.327 1865.0000000000
86551  -20.832  -6.914  49.114 1870.0000000000
86561  -9.036  -36.085  20.723 1872.0000000000
86595  -8.340  -28.210  29.142 1873.0000000000
86601  -53.049  0.779  -5.013 1874.0000000000
86606  -4.657  17.969  -31.424 1875.0000000000
58048  -10.290  21.660  31.825 1882.0000000000
58367  -17.700  21.119  31.490 1884.0000000000
86722  -47.581  6.838  -2.521 1885.0000000000
59228  -38.887  -37.101  10.654 1890.0000000000
59334  -2.495  -80.570  -20.901 1891.0000000000
59653  -46.017  31.128  -37.280 1892.0000000000
59712  -9.343  -60.576  -4.416 1894.0000000000
59734  -20.143  59.254  -35.381 1895.0000000000
60013  -24.395  -53.693  -32.080 1896.0000000000
62049  -47.622  13.214  -12.712 1899.0000000000
60877  -3.704  -8.254  10.173 1900.0000000000
60879  -39.834  5.613  32.598 1902.0000000000
60892  -8.539  33.971  33.654 1903.0000000000
60965  -41.736  -17.936  45.606 1904.0000000000
60967  -52.038  -7.234  9.619 1905.0000000000
61098  -14.046  -25.187  39.735 1906.0000000000
61137  -27.482  67.603  0.723 1907.0000000000
61367  -26.129  23.492  -33.143 1910.0000000000
61397  -55.141  7.378  22.319 1911.0000000000
60119  -7.747  71.496  -11.678 1912.0000000000
60878  -61.561  2.724  -20.771 1917.0000000000
60966  -51.954  -6.922  10.180 1920.0000000000
62061  -8.564  -55.983  -28.735 1922.0000000000
88921  -36.934  -64.009  15.382 1926.0000000000
88927  -54.617  -35.993  3.182 1929.0000000000
59654  -45.684  31.716  -38.193 1930.0000000000
59652  -45.960  21.132  30.102 1931.0000000000
59996  -41.655  27.711  -1.483 1933.0000000000
60032  -45.691  -49.673  -34.037 1934.0000000000
74957  -40.350  5.944  -59.772 1935.0000000000
60977  -12.091  43.717  10.171 1937.0000000000
61118  -60.381  -14.602  14.202 1938.0000000000
61379  -40.264  62.297  -4.679 1942.0000000000
61411  -40.978  5.471  31.393 1943.0000000000
60130  -1.900  -64.870  -18.384 1944.0000000000
62085  -26.306  65.717  0.486 1946.0000000000
62198  -34.372  34.390  28.724 1948.0000000000
62409  -53.782  19.330  -12.371 1949.0000000000
62429  -17.301  -55.643  -29.258 1950.0000000000
62458  -13.141  -68.745  20.636 1951.0000000000
76603  -41.774  4.722  1.271 1957.0000000000
76086  -39.893  62.328  -34.018 1962.0000000000
76146  -44.272  15.491  -5.146 1963.0000000000
63185  -45.740  11.078  -62.240 1965.0000000000
88760  -34.295  76.531  -16.218 1967.0000000000
88761  -59.905  -14.898  20.090 1968.0000000000
88641  -8.609  -56.993  37.273 1969.0000000000
88642  -8.389  -57.165  36.582 1970.0000000000
88812  -45.728  -62.493  -13.246 1971.0000000000
88810  -16.089  -24.769  -18.284 1975.0000000000
88884  -26.315  -11.101  -37.720 1977.0000000000
88885  -0.492  49.084  -16.349 1978.0000000000
88930  -48.418  -38.247  31.167 1981.0000000000
88996  -23.748  -77.265  1.411 1983.0000000000
89044  -27.721  -76.468  0.986 1986.0000000000
691  -5.216  49.787  -19.727 1987.0000000000
814  -16.742  22.773  38.621 1988.0000000000
1603  -9.618  55.544  12.374 1989.0000000000
1677  -6.754  40.576  16.873 1990.0000000000
1747  -32.111  -55.015  28.296 1991.0000000000
2084  -25.470  -76.808  -1.495 1992.0000000000
14392  -26.134  -48.989  -30.854 1994.0000000000
14394  -65.314  -17.444  -22.037 1996.0000000000
74930  -18.329  -38.135  40.637 1997.0000000000
75415  -38.881  7.566  -1.825 1999.0000000000
14592  -3.602  25.448  47.493 2001.0000000000
14188  -22.772  0.054  -43.419 2003.0000000000
75450  -30.800  -64.783  23.013 2004.0000000000
75460  -37.667  -30.686  -41.039 2005.0000000000
16072  -35.554  15.644  10.946 2009.0000000000
76087  -14.197  75.649  -24.374 2010.0000000000
15011  -49.272  39.764  -3.536 2011.0000000000
76129  -33.342  1.368  -2.959 2012.0000000000
76604  -34.804  8.975  41.766 2016.0000000000
76620  -42.975  3.539  1.570 2017.0000000000
75880  -41.299  34.184  27.759 2018.0000000000
17156  -11.462  -16.782  42.530 2019.0000000000
17157  -42.161  -12.230  1.280 2020.0000000000
76732  -35.593  40.645  21.628 2021.0000000000
9740  -25.831  -81.982  -26.173 2022.0000000000
76602  -42.119  3.875  1.802 2028.0000000000
76611  -3.813  -5.152  50.013 2029.0000000000
18187  -26.124  43.584  -24.984 2030.0000000000
17551  -0.497  -5.503  6.396 2032.0000000000
76799  -54.414  19.047  -43.524 2034.0000000000
76929  -44.529  12.743  27.320 2035.0000000000
6578  -20.455  72.420  -24.479 2037.0000000000
63437  -51.572  35.853  5.268 2040.0000000000
18186  -19.522  24.108  44.992 2041.0000000000
77838  -50.644  4.831  -1.887 2042.0000000000
77362  -22.179  10.450  39.925 2044.0000000000
17606  -34.189  -32.036  16.997 2045.0000000000
768  -9.311  9.392  26.470 2047.0000000000
20624  -16.580  -58.015  7.553 2049.0000000000
20694  -16.804  29.221  30.651 2050.0000000000
689  -4.673  49.290  -19.447 2051.0000000000
14444  -34.835  29.012  37.923 2059.0000000000
14187  -34.883  -10.921  4.164 2060.0000000000
9739  -10.308  34.940  9.340 2067.0000000000
14205  -44.341  -8.131  -15.457 2068.0000000000
15029  -32.216  46.872  -1.189 2069.0000000000
14593  -5.838  38.475  29.948 2071.0000000000
14393  -26.656  -48.556  -30.282 2072.0000000000
14420  -56.394  -23.172  23.732 2073.0000000000
11503  -6.528  -64.135  0.685 2074.0000000000
9741  -34.002  40.791  0.818 2076.0000000000
4666  -42.831  -29.504  -28.657 2078.0000000000
16073  -50.109  20.221  8.939 2081.0000000000
16074  -50.318  20.788  9.388 2082.0000000000
16115  -36.677  15.930  10.675 2083.0000000000
17155  -59.050  -28.843  -39.277 2090.0000000000
18185  -34.016  24.506  17.691 2097.0000000000
18665  -45.677  9.249  7.911 2101.0000000000
18688  -39.636  -5.706  4.147 2102.0000000000
18732  -14.322  -36.682  -21.145 2103.0000000000
19404  -39.372  56.482  -13.810 2105.0000000000
19425  -33.852  -71.940  -20.034 2107.0000000000
