#!ascii label  , from subject FreeSurferMNI152_0.6 vox2ras=TkReg
1139
87816  4.846  -62.726  -5.939 1.0000000000
71465  34.117  25.020  21.450 2.0000000000
88074  9.249  -42.379  -15.878 3.0000000000
88124  8.599  69.604  21.695 4.0000000000
88152  22.466  12.165  41.067 6.0000000000
71925  28.801  -73.069  8.309 7.0000000000
87956  21.419  -84.054  -28.553 8.0000000000
87619  18.623  72.260  0.320 9.0000000000
72223  54.607  8.104  -56.610 10.0000000000
86172  25.238  81.185  -2.397 11.0000000000
87827  10.032  -45.097  32.241 12.0000000000
87620  53.936  -39.220  12.930 13.0000000000
86171  24.742  81.148  -3.569 15.0000000000
88320  24.215  -50.070  43.392 16.0000000000
88326  18.601  -24.660  30.681 17.0000000000
72656  60.941  -41.890  -19.609 18.0000000000
88444  26.408  69.699  15.544 19.0000000000
88448  25.976  5.751  45.887 20.0000000000
88452  46.515  24.105  30.644 21.0000000000
88457  35.838  -17.147  38.612 22.0000000000
73428  6.625  -12.774  35.427 23.0000000000
47646  30.921  47.073  -22.408 24.0000000000
88519  55.740  -45.583  6.758 25.0000000000
88527  57.937  -22.312  29.601 26.0000000000
88576  39.171  5.631  44.966 27.0000000000
73388  47.238  -34.366  34.505 28.0000000000
48352  7.746  -58.432  2.196 29.0000000000
48759  27.003  69.787  -6.539 30.0000000000
88640  26.490  -17.825  -18.933 31.0000000000
88642  26.726  -18.489  -18.143 32.0000000000
88644  30.933  20.842  -64.844 33.0000000000
88767  39.257  -30.089  37.907 34.0000000000
88772  38.325  22.889  -19.603 35.0000000000
88777  41.426  -66.149  2.342 36.0000000000
70021  38.382  37.345  -50.539 37.0000000000
70921  9.157  -36.655  -5.371 38.0000000000
70940  50.875  32.309  5.010 39.0000000000
6449  15.421  -75.587  -13.449 40.0000000000
71737  58.848  5.551  -39.944 45.0000000000
7127  56.829  5.874  26.806 46.0000000000
71926  12.052  -66.285  12.952 48.0000000000
8484  46.404  22.941  -42.888 51.0000000000
72490  51.445  -30.481  32.906 54.0000000000
73106  21.298  -7.158  48.913 57.0000000000
9671  45.044  -0.017  16.979 59.0000000000
73390  24.153  -9.954  33.148 62.0000000000
73408  38.179  -1.354  -50.598 63.0000000000
73105  29.095  -24.523  42.045 66.0000000000
73899  45.964  -31.711  -7.280 68.0000000000
73910  23.308  52.257  -28.908 69.0000000000
73926  38.015  42.029  5.792 70.0000000000
73948  8.727  66.491  18.718 71.0000000000
73389  61.132  -33.714  -20.974 73.0000000000
73400  29.182  -63.717  25.193 74.0000000000
73418  51.672  57.064  -26.212 75.0000000000
73589  46.435  55.279  7.014 76.0000000000
74520  36.958  -54.489  10.790 79.0000000000
74539  29.347  12.802  44.411 80.0000000000
73900  5.934  -29.135  31.199 81.0000000000
73901  44.736  -25.573  -5.618 82.0000000000
73918  23.516  -44.964  9.020 83.0000000000
73936  45.073  36.017  -42.475 84.0000000000
73964  8.019  -36.758  -8.947 85.0000000000
74150  14.598  -8.335  -27.126 86.0000000000
75020  43.719  52.057  -32.128 89.0000000000
75042  45.746  -30.122  27.455 90.0000000000
75065  8.027  15.484  10.410 91.0000000000
74521  24.135  79.287  -30.836 92.0000000000
74522  33.323  -2.643  -1.694 93.0000000000
74550  10.456  -64.428  20.777 94.0000000000
74578  8.821  -63.793  20.461 95.0000000000
74598  27.739  12.142  44.365 96.0000000000
75010  8.184  40.734  2.125 97.0000000000
75029  7.319  9.580  48.423 98.0000000000
75051  59.055  -12.269  30.880 99.0000000000
75078  23.724  -18.763  -15.970 100.0000000000
5491  14.009  54.711  25.540 101.0000000000
7638  18.224  35.181  -40.155 107.0000000000
8214  5.833  -37.908  13.471 109.0000000000
8483  38.806  14.823  -13.455 111.0000000000
9079  3.322  20.680  -23.293 113.0000000000
9104  13.258  16.494  20.515 114.0000000000
9672  5.611  1.320  15.143 115.0000000000
9691  50.457  12.885  9.230 116.0000000000
11379  39.665  33.655  -25.061 118.0000000000
11381  6.737  54.451  16.359 120.0000000000
10630  50.568  -3.460  -31.676 121.0000000000
10631  49.709  -2.678  -31.569 122.0000000000
12523  7.020  18.806  -35.531 123.0000000000
12525  33.010  -64.346  -9.649 124.0000000000
12562  25.393  9.247  -29.018 125.0000000000
12611  5.283  -49.842  11.219 126.0000000000
12658  29.649  -42.280  39.661 127.0000000000
12701  44.800  15.312  17.764 128.0000000000
11380  25.903  -75.244  -16.672 130.0000000000
11402  18.935  -58.970  -30.905 131.0000000000
13387  52.878  39.879  13.041 132.0000000000
13407  47.800  -12.460  36.103 133.0000000000
13797  47.683  25.505  -6.187 134.0000000000
13849  45.110  31.376  -11.321 135.0000000000
12524  28.958  42.548  -27.224 137.0000000000
12545  10.542  -82.305  -15.057 138.0000000000
12587  22.198  -54.878  1.187 139.0000000000
12629  11.054  43.415  -36.281 140.0000000000
12679  61.996  -5.478  4.720 141.0000000000
12712  54.450  -49.514  10.231 142.0000000000
15062  33.467  25.399  -6.338 144.0000000000
15087  35.565  60.714  -13.908 145.0000000000
15125  40.962  28.285  2.157 146.0000000000
15165  24.890  69.495  -24.051 147.0000000000
13388  9.040  -66.419  -25.879 148.0000000000
13389  27.999  43.198  -36.969 149.0000000000
13768  39.853  54.413  14.836 150.0000000000
13826  36.428  -48.979  27.025 151.0000000000
13874  24.940  47.212  18.908 152.0000000000
15063  42.775  29.878  3.221 154.0000000000
15064  32.104  29.524  -11.509 155.0000000000
15103  17.396  61.355  -14.873 156.0000000000
15142  25.278  68.577  -23.217 157.0000000000
15513  39.395  42.796  -28.244 158.0000000000
15548  27.989  18.963  -31.298 159.0000000000
16334  8.012  54.470  12.686 160.0000000000
16357  6.917  -45.702  -15.673 161.0000000000
16830  29.709  12.727  -61.522 162.0000000000
5431  16.063  -25.562  12.138 163.0000000000
5512  49.542  -42.836  21.511 164.0000000000
6428  47.049  35.027  -40.350 165.0000000000
6634  0.679  31.398  -0.290 168.0000000000
7147  54.431  -17.561  21.241 169.0000000000
7663  12.146  -12.664  49.102 170.0000000000
8232  53.404  48.887  -2.342 171.0000000000
8632  3.078  6.448  -26.113 172.0000000000
9489  41.356  -58.464  -31.163 173.0000000000
10668  14.845  -1.752  -39.399 174.0000000000
10110  41.413  -1.103  17.139 175.0000000000
11440  20.862  -41.726  39.114 176.0000000000
10707  43.467  -48.933  30.097 177.0000000000
13100  6.115  63.364  -26.520 179.0000000000
11489  38.660  -17.671  20.320 180.0000000000
83259  25.365  80.643  -16.957 181.0000000000
14253  11.288  64.383  -27.802 182.0000000000
14304  5.610  22.469  12.236 184.0000000000
14345  61.779  21.640  12.017 185.0000000000
14395  43.549  -15.068  46.265 186.0000000000
14441  42.978  -53.258  -0.648 187.0000000000
13145  43.400  47.385  19.998 188.0000000000
83402  15.697  31.541  -40.174 189.0000000000
57833  28.262  23.110  -31.454 190.0000000000
15608  22.180  -13.454  41.899 191.0000000000
15655  40.266  -6.587  4.310 193.0000000000
15693  42.976  -43.097  10.865 194.0000000000
58407  44.101  63.086  -2.784 197.0000000000
81257  11.307  -38.026  23.922 198.0000000000
79062  48.293  -53.134  -5.932 199.0000000000
79738  67.132  3.675  3.932 200.0000000000
83749  6.499  20.506  -25.478 201.0000000000
83756  35.952  -25.733  -35.729 202.0000000000
16856  33.164  30.297  -16.325 203.0000000000
16876  32.896  31.580  -16.288 204.0000000000
16947  6.652  -53.719  -3.833 205.0000000000
15627  27.149  64.478  -28.393 206.0000000000
83984  58.994  -16.838  1.886 207.0000000000
59650  6.998  51.437  -4.483 208.0000000000
79063  36.193  -34.417  26.618 211.0000000000
79737  6.412  -0.020  33.293 212.0000000000
84076  34.386  48.261  -22.051 213.0000000000
84087  23.143  -61.378  14.497 214.0000000000
17838  22.013  -6.813  -37.238 215.0000000000
17871  29.121  42.083  -30.598 216.0000000000
17914  29.004  17.843  -64.859 217.0000000000
17954  43.833  -32.709  -25.854 218.0000000000
16893  36.173  18.841  -64.782 219.0000000000
84245  28.624  -18.159  -39.332 220.0000000000
84253  23.164  -6.985  47.315 221.0000000000
84258  39.425  0.431  -38.962 222.0000000000
84264  33.428  -5.341  -28.217 223.0000000000
84270  42.339  7.343  33.331 224.0000000000
84615  46.273  -57.965  -10.987 225.0000000000
84629  42.016  17.714  11.488 226.0000000000
84657  9.541  -78.619  -22.286 227.0000000000
84340  22.592  20.369  -29.692 229.0000000000
84341  25.543  -49.005  2.846 231.0000000000
84361  6.838  30.547  -38.901 232.0000000000
84412  29.736  68.701  -13.770 233.0000000000
84507  13.245  -55.331  -19.230 234.0000000000
84515  28.341  -16.185  33.044 235.0000000000
84521  67.945  -12.124  2.793 236.0000000000
84530  64.708  -9.060  -5.518 237.0000000000
84536  42.688  -56.674  -12.887 238.0000000000
84539  12.594  -40.375  31.926 239.0000000000
84546  11.746  -40.409  32.025 240.0000000000
84551  51.444  -20.849  -4.810 241.0000000000
84574  14.024  -85.817  -20.058 242.0000000000
84582  6.577  28.044  -25.292 243.0000000000
84611  6.443  -6.368  21.673 244.0000000000
84622  45.384  -57.761  -12.797 245.0000000000
84651  52.944  -23.878  7.931 246.0000000000
84716  61.217  -37.584  7.036 247.0000000000
84732  42.499  -59.759  -9.605 248.0000000000
84823  10.689  -45.823  32.662 250.0000000000
84827  13.282  -22.409  55.902 251.0000000000
61390  20.983  55.621  27.627 253.0000000000
84970  10.465  -5.643  -29.691 255.0000000000
85054  65.201  -23.821  5.388 256.0000000000
85060  65.919  -23.718  5.032 257.0000000000
85068  14.626  80.660  -33.976 258.0000000000
85073  39.763  -61.059  10.611 259.0000000000
85080  11.814  -83.680  -6.356 260.0000000000
85086  11.147  -83.473  -7.362 261.0000000000
85092  39.919  -58.128  -11.177 262.0000000000
85096  12.588  -84.517  -21.098 263.0000000000
85120  3.976  -5.313  -29.616 264.0000000000
85128  7.440  66.102  -22.965 265.0000000000
85178  43.879  -6.707  17.325 267.0000000000
85185  63.005  3.688  -22.050 268.0000000000
85189  45.784  7.628  28.730 269.0000000000
85253  9.840  76.552  -9.656 270.0000000000
85418  32.108  -16.188  30.836 271.0000000000
85422  38.386  75.976  -12.471 272.0000000000
85436  37.095  77.083  -12.300 273.0000000000
85445  59.246  -44.393  -24.078 274.0000000000
85500  25.030  -83.215  -12.679 275.0000000000
85509  26.561  24.075  -54.032 276.0000000000
85518  24.113  -83.520  -12.884 277.0000000000
85525  31.503  -10.709  48.302 278.0000000000
85537  18.110  -34.355  -0.924 280.0000000000
85546  60.387  9.531  4.018 281.0000000000
62639  26.464  27.314  -61.396 282.0000000000
85696  64.613  -24.199  0.722 284.0000000000
85699  24.613  -69.630  20.403 285.0000000000
85747  55.346  38.416  -4.215 286.0000000000
85755  30.292  -16.807  28.113 287.0000000000
85763  21.489  -57.529  -9.240 288.0000000000
85768  20.971  -57.538  -9.886 289.0000000000
63980  26.466  7.395  26.430 291.0000000000
49957  25.394  -9.900  -32.069 292.0000000000
50898  13.316  57.987  4.799 294.0000000000
50396  58.041  -40.547  -2.016 296.0000000000
50381  47.531  0.996  25.651 297.0000000000
52302  35.754  -22.101  -34.009 298.0000000000
50900  15.587  -45.878  5.942 299.0000000000
50899  13.972  56.988  5.347 300.0000000000
51347  13.434  70.333  -10.835 302.0000000000
52280  56.260  45.471  -4.398 306.0000000000
52759  39.566  -52.837  -34.166 308.0000000000
53933  16.847  -37.410  -22.754 310.0000000000
53102  47.933  -47.919  -9.235 311.0000000000
53018  32.024  12.193  -37.063 313.0000000000
53452  40.325  -1.632  -23.474 315.0000000000
53427  54.048  -43.735  -23.374 316.0000000000
53952  13.727  -34.042  7.755 317.0000000000
53934  30.897  -24.967  27.057 318.0000000000
54373  48.151  18.326  11.614 320.0000000000
95  65.097  -12.850  7.554 321.0000000000
54477  1.556  -8.493  1.726 323.0000000000
55015  50.867  16.725  -34.273 327.0000000000
55422  18.100  -41.580  3.349 329.0000000000
55534  8.430  41.147  41.971 330.0000000000
1882  8.149  46.113  31.551 333.0000000000
55971  0.876  45.306  -10.103 335.0000000000
3099  33.558  70.214  -12.227 336.0000000000
56827  25.675  24.785  -56.322 340.0000000000
57057  12.225  30.625  45.903 341.0000000000
57058  19.877  32.394  33.145 343.0000000000
57386  27.107  68.234  -10.108 344.0000000000
57399  21.366  -43.255  29.356 345.0000000000
57740  51.816  -31.349  27.388 347.0000000000
57755  48.619  45.210  -11.142 348.0000000000
58406  11.839  51.528  -2.248 351.0000000000
58677  61.914  -20.464  -20.787 352.0000000000
57834  15.250  -64.969  -8.158 354.0000000000
57847  15.351  -11.257  16.867 355.0000000000
57880  44.962  44.507  -10.665 356.0000000000
58408  20.703  -43.595  28.831 359.0000000000
58676  58.120  -28.621  -7.531 361.0000000000
58687  37.235  -20.584  -38.345 362.0000000000
58729  11.854  32.368  31.235 364.0000000000
58744  41.795  -1.278  26.045 365.0000000000
6081  40.910  -12.643  2.108 366.0000000000
59651  41.476  -53.715  28.166 368.0000000000
59665  14.423  46.305  -35.403 369.0000000000
60043  36.302  -61.245  4.146 374.0000000000
60064  36.878  -49.576  -27.957 375.0000000000
60090  46.454  0.951  16.745 376.0000000000
61360  34.899  34.743  10.926 377.0000000000
60643  63.121  -29.269  -9.039 379.0000000000
60658  60.470  -10.842  -41.271 380.0000000000
6304  64.876  -24.862  11.613 381.0000000000
61345  45.804  49.256  18.417 382.0000000000
61373  35.738  13.005  -3.857 383.0000000000
61400  11.839  -5.008  27.571 385.0000000000
62344  13.934  55.704  25.255 386.0000000000
62614  22.100  32.418  25.038 388.0000000000
61422  24.507  -22.096  -21.424 390.0000000000
61436  28.520  -48.978  -30.972 391.0000000000
61979  7.906  37.423  -31.967 392.0000000000
10531  43.579  -26.366  -36.149 393.0000000000
62343  40.465  62.900  -24.434 396.0000000000
62633  61.015  -40.557  -7.638 398.0000000000
63842  44.779  -15.931  44.005 399.0000000000
63882  8.238  24.393  10.492 400.0000000000
63911  55.041  19.607  21.892 401.0000000000
63981  41.739  12.130  -51.033 403.0000000000
62640  39.373  57.959  -7.775 404.0000000000
62651  13.318  -29.012  45.718 405.0000000000
8162  44.956  -44.703  18.269 406.0000000000
63492  38.154  -12.325  48.207 407.0000000000
63521  40.156  -28.616  45.463 409.0000000000
63798  22.931  -46.562  -4.742 410.0000000000
63822  48.518  -39.308  17.887 411.0000000000
63859  28.972  30.023  23.263 412.0000000000
63897  49.071  43.011  -1.075 413.0000000000
63929  8.614  22.998  9.525 414.0000000000
65071  47.369  57.458  -10.367 415.0000000000
65108  37.611  -43.581  -36.872 416.0000000000
65139  37.960  40.833  25.626 417.0000000000
65377  58.078  21.809  -45.724 418.0000000000
65415  39.382  49.011  14.663 420.0000000000
63982  12.377  31.171  23.221 423.0000000000
63999  37.696  -51.939  30.273 424.0000000000
12760  52.478  -37.516  9.876 425.0000000000
64757  14.214  32.441  20.174 427.0000000000
64790  11.645  -20.660  59.047 428.0000000000
65063  49.022  -59.413  -10.733 429.0000000000
65088  23.538  68.240  -19.223 430.0000000000
65124  49.997  8.589  -45.533 431.0000000000
65384  54.277  -32.905  14.437 433.0000000000
65401  33.269  8.069  -46.737 434.0000000000
65424  56.403  35.503  3.572 435.0000000000
65474  25.193  -54.538  29.044 437.0000000000
14587  21.802  82.633  -5.964 438.0000000000
66235  26.085  -78.795  -21.391 439.0000000000
66513  37.699  48.941  11.716 441.0000000000
66547  44.106  32.189  16.061 442.0000000000
89011  23.693  81.813  -1.237 444.0000000000
48788  35.216  -33.155  15.599 445.0000000000
79284  3.224  0.179  -19.464 446.0000000000
79144  54.412  -0.040  35.284 447.0000000000
89276  56.118  43.528  -14.410 448.0000000000
49341  44.051  61.684  5.554 449.0000000000
49371  36.103  37.230  -6.660 450.0000000000
79775  23.510  -14.174  -35.412 451.0000000000
79572  11.392  2.978  31.886 452.0000000000
89411  30.096  -14.756  -21.358 453.0000000000
79744  67.994  -12.020  -29.082 454.0000000000
89500  26.514  30.747  22.028 455.0000000000
89505  52.436  34.933  -17.267 456.0000000000
89508  53.440  43.972  -14.990 457.0000000000
79580  44.772  -33.543  -35.478 458.0000000000
89573  17.347  -75.593  -28.702 459.0000000000
89635  38.187  29.583  27.781 461.0000000000
49745  43.628  -48.162  -5.207 462.0000000000
49732  17.914  -32.248  14.090 463.0000000000
79748  1.772  8.537  -14.465 464.0000000000
89658  41.447  -59.126  -17.133 466.0000000000
89663  23.670  -79.921  -0.487 467.0000000000
81022  45.189  3.473  0.426 468.0000000000
89727  56.419  -30.172  29.683 470.0000000000
89764  4.666  12.917  -35.076 472.0000000000
89769  57.313  -16.106  30.606 473.0000000000
49973  18.996  -25.828  -29.299 474.0000000000
89848  41.104  59.910  8.006 475.0000000000
89847  14.284  -28.613  49.923 476.0000000000
81235  10.302  -64.205  -0.257 480.0000000000
89931  11.602  -61.912  -21.914 481.0000000000
89981  48.610  9.827  32.533 483.0000000000
88211  6.470  55.507  14.376 486.0000000000
81933  13.441  -34.786  19.950 491.0000000000
81804  65.255  -13.852  17.285 492.0000000000
90121  57.000  -17.244  1.055 493.0000000000
89873  18.512  22.870  -32.337 494.0000000000
51348  59.297  -38.925  -20.471 496.0000000000
88001  11.976  12.869  -34.115 497.0000000000
87788  38.598  15.560  -57.548 500.0000000000
82352  68.401  -5.313  -17.232 501.0000000000
82309  51.721  2.558  22.843 502.0000000000
90216  45.158  -6.980  16.540 503.0000000000
90228  58.488  -10.355  19.847 504.0000000000
52784  36.396  -11.573  19.701 505.0000000000
53969  11.342  -16.845  -17.493 506.0000000000
96  7.061  -11.781  18.724 511.0000000000
134  45.372  -14.300  -41.578 512.0000000000
90361  35.422  22.981  -35.354 513.0000000000
90383  30.775  66.939  -9.139 515.0000000000
53472  38.979  21.922  25.867 516.0000000000
329  41.602  30.625  5.445 523.0000000000
330  54.246  32.579  -12.208 524.0000000000
987  52.381  -0.395  -32.443 525.0000000000
1096  17.108  -72.025  -29.780 526.0000000000
54958  8.103  19.018  12.028 527.0000000000
94  65.099  -12.896  8.837 530.0000000000
167  31.315  -49.468  21.468 531.0000000000
949  45.180  -63.278  -0.383 533.0000000000
1022  7.642  1.940  21.374 534.0000000000
1123  8.397  25.304  10.003 535.0000000000
2683  28.884  0.094  -30.974 536.0000000000
3118  50.085  -41.794  -36.933 540.0000000000
2513  40.219  17.416  28.074 542.0000000000
2530  15.237  1.014  18.550 543.0000000000
2682  59.594  -6.708  12.644 544.0000000000
3595  6.684  36.593  43.077 547.0000000000
3098  6.699  53.329  28.178 549.0000000000
3262  29.916  66.053  -12.620 551.0000000000
3530  59.680  8.016  22.979 552.0000000000
3572  61.598  -35.999  -32.871 554.0000000000
4421  2.028  -13.532  4.688 558.0000000000
4525  56.114  -10.539  16.265 559.0000000000
5123  23.088  -12.607  55.297 562.0000000000
5513  36.898  77.542  -20.677 563.0000000000
5605  68.657  -2.563  -30.138 564.0000000000
6080  7.065  -21.961  7.812 565.0000000000
5697  25.550  -31.892  -13.194 566.0000000000
6082  63.514  -7.466  8.144 568.0000000000
8161  15.460  66.566  -17.181 570.0000000000
7422  19.686  38.478  37.660 571.0000000000
8163  44.857  -43.609  17.458 573.0000000000
10222  45.325  -48.473  29.856 574.0000000000
10492  36.908  67.238  -18.831 575.0000000000
9196  21.548  81.889  -2.483 577.0000000000
9197  22.411  81.846  -1.849 579.0000000000
10194  8.816  -48.634  13.279 580.0000000000
10472  33.152  16.904  -41.303 581.0000000000
10513  46.112  -5.554  44.153 582.0000000000
12323  6.994  19.428  -25.972 583.0000000000
12357  55.015  -17.175  19.746 584.0000000000
12403  42.368  42.173  -26.770 585.0000000000
10542  51.960  26.144  12.862 587.0000000000
10543  7.962  -68.418  -32.725 589.0000000000
12219  45.785  23.102  -47.467 590.0000000000
12220  5.542  35.101  -42.398 591.0000000000
12306  5.445  26.524  11.579 592.0000000000
12338  36.751  -19.390  -39.661 593.0000000000
12385  41.948  -49.050  28.677 594.0000000000
12743  6.518  -3.121  29.630 595.0000000000
14501  37.606  24.600  -6.100 596.0000000000
14544  31.115  33.447  -28.633 597.0000000000
14692  44.271  -62.002  -33.263 600.0000000000
14715  40.547  41.988  -28.879 602.0000000000
12777  6.772  -56.458  10.037 603.0000000000
12778  6.115  -56.946  10.520 604.0000000000
14116  42.352  -0.440  -40.916 606.0000000000
14475  1.529  12.762  2.859 608.0000000000
14525  34.607  -71.257  -2.191 609.0000000000
14613  55.724  23.601  -49.263 611.0000000000
16403  29.967  42.865  -38.813 612.0000000000
16479  5.564  -30.087  4.431 613.0000000000
16894  6.494  39.322  9.727 615.0000000000
14693  45.292  -56.915  8.201 616.0000000000
14691  33.628  44.462  -38.162 617.0000000000
14732  62.269  16.055  -22.774 618.0000000000
15166  29.615  22.931  -30.865 620.0000000000
16402  30.741  42.986  -38.827 621.0000000000
16426  39.249  35.566  -54.978 622.0000000000
16527  8.097  -58.347  33.254 624.0000000000
16910  36.105  17.207  -65.286 625.0000000000
79059  51.267  9.983  -24.402 627.0000000000
79075  39.250  -14.647  -30.443 628.0000000000
79099  10.272  -73.081  -13.785 629.0000000000
79121  44.707  -5.805  -8.310 630.0000000000
78884  7.588  47.645  3.680 633.0000000000
79049  12.239  -46.614  34.291 634.0000000000
79064  68.561  -14.921  -30.544 635.0000000000
79084  47.065  -52.959  -5.074 636.0000000000
79107  61.524  3.802  5.441 637.0000000000
79129  5.638  -0.051  34.323 638.0000000000
79250  23.967  60.527  10.968 639.0000000000
79285  58.827  3.792  6.440 642.0000000000
79292  36.235  7.060  -9.746 643.0000000000
79309  11.755  -21.892  22.805 644.0000000000
79334  65.900  3.721  4.534 645.0000000000
79452  23.884  80.140  0.611 646.0000000000
79467  68.326  -14.911  -30.937 647.0000000000
79480  20.787  -23.721  -25.972 648.0000000000
79503  60.465  0.949  -19.657 649.0000000000
79526  47.261  2.397  31.890 650.0000000000
79548  60.581  14.103  -38.951 651.0000000000
79563  18.515  -21.571  23.230 652.0000000000
79745  66.742  -11.611  -29.144 654.0000000000
80349  33.467  7.710  28.952 656.0000000000
79776  51.896  -6.049  34.728 657.0000000000
79788  22.779  -46.816  -27.318 658.0000000000
79920  54.418  -33.270  -35.498 659.0000000000
79933  54.665  -33.115  -36.363 660.0000000000
79940  54.583  -31.827  -36.542 661.0000000000
79953  34.558  20.382  -10.535 662.0000000000
79966  51.668  -44.630  -3.681 663.0000000000
79983  24.639  63.602  7.600 664.0000000000
80086  3.427  2.013  -22.498 665.0000000000
80104  51.976  9.479  30.197 666.0000000000
80113  16.753  -21.917  22.963 667.0000000000
80132  64.682  -5.909  -11.113 668.0000000000
80330  46.387  -49.434  14.443 670.0000000000
80350  27.583  -72.264  -16.047 673.0000000000
80484  31.783  -16.856  44.644 674.0000000000
80496  25.399  -6.485  33.880 675.0000000000
80508  53.964  9.933  27.956 676.0000000000
80519  33.197  -34.607  23.061 677.0000000000
80528  62.229  -10.991  -31.204 678.0000000000
80541  31.618  -35.234  23.197 679.0000000000
80557  56.274  1.242  -22.413 680.0000000000
80571  25.633  -16.488  44.048 681.0000000000
80609  42.614  72.620  -11.757 682.0000000000
80623  26.266  11.246  -30.078 683.0000000000
80693  6.694  -63.680  1.209 684.0000000000
80705  60.665  -11.302  -31.842 685.0000000000
80908  11.343  -0.479  30.215 687.0000000000
80921  61.520  -17.605  -27.470 689.0000000000
81029  47.507  -5.824  -11.785 690.0000000000
81039  15.254  76.582  -35.855 691.0000000000
81049  56.272  0.129  30.034 692.0000000000
81061  14.368  75.999  -36.403 693.0000000000
81077  37.625  72.915  -11.017 694.0000000000
81083  28.001  43.677  24.574 695.0000000000
81171  28.860  -36.748  -23.097 696.0000000000
81179  21.628  -14.406  -33.966 697.0000000000
81203  2.800  11.317  -31.611 698.0000000000
81214  23.259  65.917  -3.472 699.0000000000
81227  32.738  72.675  -12.757 700.0000000000
81236  9.120  -64.466  -0.177 701.0000000000
81380  52.274  -5.870  -12.854 703.0000000000
81389  45.932  10.978  -32.113 705.0000000000
81400  19.452  -85.038  -10.022 706.0000000000
81440  32.116  6.012  46.110 707.0000000000
81453  37.354  -19.270  -27.654 708.0000000000
81523  16.062  80.793  -8.265 709.0000000000
81535  53.629  -15.369  14.563 710.0000000000
81545  26.401  -6.895  31.588 711.0000000000
81558  42.272  -36.586  -24.623 712.0000000000
81596  33.304  -3.298  51.995 713.0000000000
81603  54.623  -0.666  27.120 714.0000000000
81674  62.467  4.604  -31.284 715.0000000000
81691  28.123  -78.428  -3.078 716.0000000000
81702  32.071  -69.290  -20.589 717.0000000000
81805  4.178  -5.757  -13.306 718.0000000000
81855  13.250  51.756  30.072 720.0000000000
81876  38.181  20.961  -17.373 722.0000000000
81871  42.809  66.297  -4.260 723.0000000000
81882  8.523  75.781  12.794 724.0000000000
82021  2.104  3.624  -1.759 725.0000000000
82034  35.772  -66.184  -16.619 726.0000000000
82046  16.268  -44.966  -7.264 727.0000000000
82061  17.952  52.194  28.387 728.0000000000
82166  15.533  -30.035  -21.685 729.0000000000
82177  30.309  -6.868  28.279 730.0000000000
82186  42.601  -5.883  -15.356 731.0000000000
82191  29.612  -6.331  28.676 732.0000000000
82207  13.562  51.733  28.825 733.0000000000
82217  64.433  0.637  -30.332 734.0000000000
82338  34.571  23.744  -33.737 736.0000000000
82342  45.254  -25.070  19.736 738.0000000000
82355  34.282  -21.621  16.337 739.0000000000
82380  32.022  44.761  20.096 740.0000000000
82367  37.233  -69.323  -24.106 741.0000000000
82385  51.180  39.181  13.266 742.0000000000
82487  61.621  -19.320  17.227 743.0000000000
82491  10.357  43.319  41.373 744.0000000000
82507  48.156  -15.318  10.162 745.0000000000
82519  5.521  -73.551  -23.167 746.0000000000
82610  16.396  -73.134  -24.087 747.0000000000
82619  9.258  -47.521  23.396 748.0000000000
82634  68.212  -14.696  9.710 749.0000000000
82644  34.296  48.290  -12.845 750.0000000000
42295  35.935  8.800  -21.984 753.0000000000
82686  48.839  15.959  19.698 755.0000000000
82683  23.990  72.560  -16.641 756.0000000000
82691  17.728  -45.306  47.958 757.0000000000
82789  19.907  -36.330  -27.927 758.0000000000
82797  43.839  -24.558  17.644 759.0000000000
82802  27.427  -16.873  40.763 760.0000000000
82813  6.557  2.269  22.959 761.0000000000
82868  29.839  69.634  -3.863 762.0000000000
82880  58.823  -35.158  16.163 763.0000000000
82893  7.689  69.008  -3.182 764.0000000000
82900  15.227  -40.419  39.024 765.0000000000
82918  16.736  -72.650  -26.883 766.0000000000
331  15.177  -83.906  -26.525 767.0000000000
83056  35.438  -32.289  46.183 773.0000000000
83064  51.814  55.280  -26.944 774.0000000000
83081  36.362  5.871  41.959 775.0000000000
83078  37.552  66.256  -11.009 776.0000000000
83085  39.467  3.708  -10.205 777.0000000000
83161  32.328  -6.489  27.722 778.0000000000
83171  54.549  -35.769  -30.551 779.0000000000
83182  1.641  3.302  -9.868 780.0000000000
83192  6.330  -17.061  39.776 781.0000000000
83253  54.547  13.386  18.952 782.0000000000
83260  31.947  -14.865  -42.565 783.0000000000
83267  62.733  -16.036  6.021 784.0000000000
83280  63.695  -1.058  19.385 785.0000000000
2085  6.446  50.049  -16.152 786.0000000000
2470  24.996  69.388  -11.298 787.0000000000
83388  28.345  -16.530  37.910 791.0000000000
83396  37.940  -62.667  -20.167 792.0000000000
42911  5.825  -40.480  13.417 794.0000000000
83553  33.272  69.359  -7.613 795.0000000000
83628  19.606  6.605  37.966 796.0000000000
83636  53.929  37.742  5.470 797.0000000000
83644  9.239  -29.355  -1.024 798.0000000000
83654  32.590  71.542  -24.657 799.0000000000
2684  39.922  3.219  -36.573 803.0000000000
83782  17.499  80.590  -23.099 806.0000000000
43367  19.829  74.396  -20.942 807.0000000000
44389  18.826  10.429  -30.424 808.0000000000
84004  34.119  5.628  35.789 809.0000000000
3263  27.380  -29.724  24.414 810.0000000000
5098  13.740  -46.515  -8.341 815.0000000000
84042  46.262  -63.037  -9.399 816.0000000000
34585  25.320  77.039  -7.239 818.0000000000
4422  4.142  -7.597  49.862 819.0000000000
46982  32.833  40.102  -35.395 820.0000000000
84205  28.856  -16.057  34.256 824.0000000000
5124  40.031  -4.749  37.533 826.0000000000
47737  47.430  -53.420  -35.253 827.0000000000
5514  36.827  77.758  -20.062 830.0000000000
5606  33.973  11.634  -40.017 831.0000000000
5698  39.993  -21.008  37.360 832.0000000000
6118  62.519  -7.519  8.446 833.0000000000
6305  55.456  -19.484  -34.595 834.0000000000
7423  7.897  -64.426  -6.383 835.0000000000
8537  40.614  69.001  -16.248 836.0000000000
9233  58.288  10.284  -43.945 838.0000000000
11847  6.852  -42.672  14.141 839.0000000000
12182  58.294  -35.793  6.260 840.0000000000
10954  27.284  65.685  -19.233 841.0000000000
52006  31.955  -9.996  -34.302 842.0000000000
81717  20.372  -11.444  -34.038 843.0000000000
85501  26.028  -82.944  -12.743 844.0000000000
12269  4.694  -52.076  0.131 845.0000000000
13999  20.954  -52.117  -2.245 847.0000000000
14029  10.925  82.685  -6.608 848.0000000000
12867  40.946  -17.155  20.258 851.0000000000
85712  23.770  -54.848  -26.818 852.0000000000
85722  7.893  -15.690  -5.685 854.0000000000
85730  23.118  80.835  -0.081 856.0000000000
14135  30.269  9.133  -46.814 857.0000000000
15843  38.339  -18.319  17.629 858.0000000000
15916  27.632  -36.610  50.298 860.0000000000
16039  52.476  15.438  -25.134 861.0000000000
16961  48.667  12.646  -62.063 864.0000000000
17010  13.319  -41.937  35.875 865.0000000000
17049  16.298  -23.767  47.270 866.0000000000
86036  39.174  53.077  -0.618 869.0000000000
86047  31.838  -25.145  48.241 871.0000000000
86049  21.812  -77.068  6.347 872.0000000000
86059  58.642  -19.014  16.302 873.0000000000
16442  64.922  1.391  4.289 874.0000000000
18079  19.976  -34.771  1.059 875.0000000000
18132  34.568  -26.986  -30.565 876.0000000000
18175  10.514  -44.579  -16.718 877.0000000000
18212  40.891  12.018  -1.217 878.0000000000
86088  48.413  -39.725  -33.496 880.0000000000
80335  50.866  -35.377  22.631 883.0000000000
41570  28.593  -6.298  41.605 884.0000000000
41571  5.104  -2.016  49.735 885.0000000000
41636  21.744  29.186  -38.815 886.0000000000
41751  8.303  71.231  1.713 887.0000000000
42181  34.917  -14.226  -30.831 889.0000000000
42296  36.014  8.549  -21.684 890.0000000000
42381  9.913  84.998  -13.080 891.0000000000
42398  15.783  -39.684  39.074 892.0000000000
42399  36.364  -35.483  27.400 893.0000000000
42845  9.692  -14.449  22.260 894.0000000000
42876  33.489  27.745  -31.654 895.0000000000
42383  35.547  8.846  -22.846 900.0000000000
42382  18.972  78.393  -21.944 902.0000000000
42846  2.822  7.149  -4.961 904.0000000000
42877  37.900  43.007  29.354 905.0000000000
42912  27.971  -34.442  -15.998 906.0000000000
42984  15.594  -62.003  13.987 907.0000000000
43935  12.155  73.806  -22.345 908.0000000000
43965  49.445  -57.262  5.259 909.0000000000
44010  12.550  53.377  -37.354 910.0000000000
44321  7.379  84.494  -19.947 911.0000000000
44357  13.620  -35.880  -18.733 912.0000000000
43341  44.662  13.154  24.890 914.0000000000
43395  53.017  18.757  22.234 915.0000000000
43368  35.754  67.816  5.796 917.0000000000
43463  13.180  39.534  -32.364 919.0000000000
43546  20.392  -58.332  4.701 921.0000000000
43567  14.492  -56.621  -18.596 922.0000000000
43585  35.796  8.216  -22.206 923.0000000000
43885  40.431  27.928  -44.413 924.0000000000
43936  42.513  -40.816  12.602 925.0000000000
43966  32.994  65.877  4.868 926.0000000000
44011  12.115  53.143  -37.500 927.0000000000
43680  16.481  -38.112  38.365 928.0000000000
42517  6.742  -48.925  -13.565 929.0000000000
36320  4.386  0.316  45.381 930.0000000000
25486  39.644  59.430  14.072 933.0000000000
25484  25.324  56.063  -34.727 935.0000000000
44543  49.961  25.132  -39.025 936.0000000000
44954  47.839  -28.749  6.062 938.0000000000
40841  43.684  -25.261  39.717 939.0000000000
34584  25.026  77.994  -7.109 940.0000000000
34583  37.162  -41.494  20.009 941.0000000000
46847  29.459  -37.566  -17.737 942.0000000000
46983  59.151  37.578  -4.483 944.0000000000
47378  44.723  59.103  -12.375 945.0000000000
25485  23.254  -51.679  -10.528 947.0000000000
46829  50.341  -17.198  -9.538 950.0000000000
46861  4.368  -4.509  -9.974 951.0000000000
47420  44.482  24.737  -46.352 954.0000000000
47515  5.246  -60.943  14.096 956.0000000000
47536  41.215  6.648  -12.006 957.0000000000
47003  31.903  39.968  -35.570 958.0000000000
47758  46.952  -54.647  -34.558 959.0000000000
48270  6.711  42.349  22.284 961.0000000000
48644  28.008  71.712  -6.717 962.0000000000
49050  5.928  -72.829  -18.968 963.0000000000
49113  49.999  35.357  7.016 964.0000000000
49187  63.914  5.994  -15.254 965.0000000000
49994  10.244  -22.531  22.637 966.0000000000
53038  53.475  26.126  -49.930 968.0000000000
53287  56.778  15.430  11.022 970.0000000000
53153  6.659  -29.157  -0.434 971.0000000000
53152  34.005  49.218  28.473 972.0000000000
53308  39.079  25.230  -53.929 973.0000000000
53428  13.603  -32.101  8.026 974.0000000000
54720  56.549  -12.116  -43.041 975.0000000000
54803  51.842  -25.175  -34.477 977.0000000000
55116  5.745  4.970  16.496 979.0000000000
55209  9.548  -36.635  13.548 980.0000000000
55186  0.745  35.494  -3.576 981.0000000000
53698  26.942  -41.290  3.402 982.0000000000
54783  27.093  -59.982  1.332 983.0000000000
54821  62.226  -4.322  -16.844 985.0000000000
55107  29.238  42.381  14.263 986.0000000000
55133  45.638  -17.674  21.685 987.0000000000
56408  43.760  21.815  37.293 988.0000000000
56673  10.852  78.237  -37.508 990.0000000000
56710  37.843  -4.316  -19.809 991.0000000000
56750  13.522  22.687  -31.501 992.0000000000
57020  23.696  -66.636  -25.204 993.0000000000
57061  21.743  -66.618  -26.957 994.0000000000
57095  23.572  -12.063  55.017 995.0000000000
57141  58.590  35.390  -10.109 996.0000000000
57211  22.617  49.927  24.419 998.0000000000
57484  14.025  51.191  -1.360 999.0000000000
56258  48.073  -38.826  26.071 1002.0000000000
56390  44.123  20.862  36.565 1004.0000000000
56634  22.552  -15.640  50.534 1005.0000000000
56687  52.332  42.744  10.282 1007.0000000000
56727  37.067  -4.070  -19.212 1008.0000000000
56993  31.907  -44.628  31.304 1009.0000000000
57035  25.232  -12.023  54.520 1010.0000000000
57081  61.698  12.571  -43.210 1011.0000000000
57117  37.572  11.307  -42.677 1012.0000000000
57162  34.506  26.451  -53.934 1013.0000000000
41752  38.651  -0.921  49.074 1015.0000000000
42182  54.944  0.641  34.280 1017.0000000000
42297  36.354  8.778  -21.343 1018.0000000000
61391  36.488  -51.376  34.998 1019.0000000000
44982  39.626  28.603  -46.715 1021.0000000000
45088  46.026  -13.879  20.187 1023.0000000000
45134  41.304  21.221  -19.684 1025.0000000000
45151  43.956  30.432  -57.476 1026.0000000000
45557  15.834  -41.602  10.632 1027.0000000000
45585  39.426  40.339  -34.973 1028.0000000000
45619  65.108  -7.060  -25.793 1029.0000000000
43681  31.376  62.411  14.303 1030.0000000000
62215  15.417  -47.178  -15.054 1037.0000000000
87180  24.028  -53.370  39.498 1039.0000000000
87210  45.438  -44.250  -34.755 1041.0000000000
87218  53.044  -1.988  -49.889 1042.0000000000
87219  12.718  62.699  -43.600 1043.0000000000
87226  43.035  -39.234  -38.606 1044.0000000000
87227  43.191  52.913  -11.332 1045.0000000000
46467  21.260  -42.720  -16.505 1046.0000000000
46489  36.645  -17.864  29.074 1047.0000000000
47379  51.909  -45.715  8.255 1049.0000000000
47398  34.844  36.110  8.308 1050.0000000000
62641  31.915  -51.373  33.561 1052.0000000000
87339  39.561  22.806  -6.310 1054.0000000000
87348  18.741  -52.350  39.033 1056.0000000000
87422  15.860  -37.020  -8.517 1059.0000000000
87420  44.714  14.249  31.338 1060.0000000000
87464  41.899  -48.908  -13.653 1061.0000000000
47558  63.308  -16.169  -42.684 1062.0000000000
48090  41.148  60.731  6.715 1063.0000000000
47433  5.943  -36.372  22.943 1064.0000000000
62642  32.328  59.567  -28.273 1066.0000000000
87650  33.352  -22.960  38.617 1068.0000000000
47578  22.114  23.513  27.852 1069.0000000000
48246  46.588  28.809  -55.101 1070.0000000000
48591  11.363  32.057  47.123 1071.0000000000
87755  55.760  -21.155  -28.716 1074.0000000000
48294  44.009  -36.189  -23.241 1075.0000000000
48574  48.741  13.135  -34.722 1076.0000000000
66096  50.544  -38.421  13.740 1078.0000000000
48668  33.085  47.482  -23.428 1079.0000000000
49066  47.604  28.860  -55.894 1080.0000000000
49134  8.291  4.238  22.472 1081.0000000000
49202  63.542  -29.452  -34.960 1082.0000000000
50011  49.903  -48.957  -22.906 1083.0000000000
52026  51.999  -29.279  -0.040 1084.0000000000
53056  30.344  34.545  23.388 1085.0000000000
53453  58.886  12.369  -39.793 1086.0000000000
53195  64.700  -24.511  -33.621 1087.0000000000
54678  57.052  -11.373  -43.302 1088.0000000000
55187  46.710  46.302  -32.169 1090.0000000000
53714  32.837  -70.435  -25.941 1091.0000000000
88401  52.641  -45.428  7.355 1092.0000000000
88421  10.759  -30.503  39.744 1093.0000000000
88436  20.536  -57.095  -27.898 1094.0000000000
54768  49.066  47.387  -31.891 1095.0000000000
57483  5.284  -41.205  0.314 1099.0000000000
57532  39.945  17.376  -37.099 1101.0000000000
55210  10.403  -28.326  -2.094 1102.0000000000
88470  10.482  57.451  -17.496 1103.0000000000
88611  55.362  -32.725  8.873 1105.0000000000
56345  14.564  -43.163  -24.632 1107.0000000000
58409  5.489  8.264  33.448 1108.0000000000
58463  12.492  29.361  41.249 1110.0000000000
58494  4.970  5.326  13.464 1111.0000000000
58556  63.581  -20.725  -20.000 1113.0000000000
58584  26.432  27.493  -55.186 1114.0000000000
58662  62.717  -20.954  -20.129 1115.0000000000
58688  49.401  -2.393  25.029 1116.0000000000
58892  0.552  43.423  -10.739 1117.0000000000
58920  41.010  -60.506  -3.569 1118.0000000000
57499  35.348  38.018  -19.904 1119.0000000000
88653  51.391  -20.809  29.022 1120.0000000000
88663  31.858  43.954  -9.012 1121.0000000000
69491  11.617  -6.820  58.146 1122.0000000000
70170  41.875  0.911  2.033 1123.0000000000
70194  20.130  -64.971  -35.382 1125.0000000000
88943  52.636  -21.392  25.656 1126.0000000000
62216  31.781  68.794  -16.378 1128.0000000000
62214  17.281  -47.478  -15.454 1129.0000000000
62277  37.652  -52.152  33.138 1131.0000000000
62308  33.212  40.786  28.966 1132.0000000000
62492  23.791  68.489  -17.072 1133.0000000000
62520  55.392  18.356  -5.054 1134.0000000000
62555  44.401  34.693  -14.505 1135.0000000000
62684  62.408  9.213  -40.023 1139.0000000000
62813  43.510  -58.639  -16.580 1141.0000000000
62231  3.775  -12.770  49.290 1143.0000000000
62262  9.044  7.502  29.513 1144.0000000000
1478  45.852  44.442  -26.242 1145.0000000000
62479  48.621  -31.671  19.624 1146.0000000000
62503  46.068  59.385  -30.133 1147.0000000000
62539  36.314  47.761  17.263 1148.0000000000
62573  19.165  -29.445  46.479 1149.0000000000
63728  35.046  46.795  14.140 1150.0000000000
63764  22.663  -46.780  -5.801 1151.0000000000
62653  35.392  -10.279  -44.985 1156.0000000000
62761  16.073  -26.028  19.405 1158.0000000000
62988  23.290  49.330  17.030 1160.0000000000
63022  19.335  -49.273  36.279 1161.0000000000
63056  44.398  49.915  16.043 1162.0000000000
2086  50.652  56.245  -10.792 1164.0000000000
63458  40.547  -1.583  -36.069 1165.0000000000
63747  13.781  -67.975  -35.500 1166.0000000000
63779  5.935  59.637  -30.294 1167.0000000000
64791  12.781  -10.472  54.613 1168.0000000000
4094  50.286  56.095  -15.473 1172.0000000000
3596  15.410  -56.026  22.933 1174.0000000000
64741  67.756  4.080  2.757 1175.0000000000
64969  57.876  21.586  -43.665 1176.0000000000
4080  13.576  -10.837  17.597 1177.0000000000
65639  12.288  -1.614  -38.989 1179.0000000000
65650  21.217  -28.445  -17.771 1180.0000000000
6452  6.944  39.765  21.874 1182.0000000000
66097  51.218  -31.389  11.915 1184.0000000000
66113  5.203  -58.758  -12.528 1185.0000000000
8979  60.262  -2.330  16.520 1186.0000000000
66387  20.837  -17.133  -30.583 1187.0000000000
66491  26.282  38.000  -40.186 1188.0000000000
67490  31.534  35.034  -23.290 1189.0000000000
68445  6.594  36.883  -42.992 1190.0000000000
68648  44.183  -7.085  44.584 1191.0000000000
68825  67.005  -3.084  8.240 1192.0000000000
69111  63.261  8.044  16.269 1193.0000000000
68881  29.419  -49.542  39.179 1194.0000000000
69214  62.914  13.230  -18.206 1195.0000000000
69335  42.124  37.543  -47.009 1196.0000000000
69110  45.298  0.613  2.533 1199.0000000000
69834  38.080  32.332  -6.827 1203.0000000000
19249  21.841  51.813  -30.149 1204.0000000000
70081  39.280  -29.110  36.825 1205.0000000000
70090  8.814  85.615  -20.699 1206.0000000000
70140  37.566  37.291  -51.634 1208.0000000000
70297  56.673  -20.786  -33.891 1211.0000000000
70182  51.524  5.694  -37.513 1212.0000000000
70472  50.709  -53.546  14.112 1215.0000000000
70473  6.723  56.978  -18.463 1216.0000000000
70492  34.807  25.097  26.113 1217.0000000000
70511  12.132  -60.338  -20.830 1218.0000000000
69490  37.467  -12.173  40.325 1219.0000000000
70082  15.481  -12.690  40.878 1223.0000000000
70107  57.599  15.883  22.732 1224.0000000000
70150  2.755  -23.354  -3.029 1226.0000000000
70183  55.841  7.426  14.402 1228.0000000000
70184  51.641  10.476  -4.195 1230.0000000000
70202  50.558  10.568  -4.833 1231.0000000000
71569  33.039  47.137  24.646 1232.0000000000
70471  6.320  52.130  -23.157 1233.0000000000
70487  22.172  79.767  -18.206 1235.0000000000
21180  36.401  -70.137  -2.831 1236.0000000000
21139  32.614  20.855  -32.719 1238.0000000000
71526  52.910  -15.926  32.181 1239.0000000000
71558  62.309  24.397  -6.020 1240.0000000000
71583  46.065  45.416  -31.716 1241.0000000000
71603  12.790  -39.745  4.341 1242.0000000000
71617  33.698  -44.101  11.209 1243.0000000000
1511  17.785  -60.767  -27.249 1247.0000000000
2040  11.227  -26.012  -16.252 1248.0000000000
2265  53.619  -43.244  23.994 1250.0000000000
2266  54.103  -42.906  23.338 1252.0000000000
2320  63.036  -19.045  -30.061 1254.0000000000
2844  43.913  -50.656  18.345 1256.0000000000
2943  45.428  32.614  -14.641 1258.0000000000
1477  53.090  -42.488  -35.981 1259.0000000000
1476  33.815  36.126  -56.566 1260.0000000000
2007  8.952  51.801  -16.373 1261.0000000000
2063  26.040  -41.970  22.856 1262.0000000000
2109  34.319  22.399  -38.608 1263.0000000000
3554  33.234  72.423  -30.129 1264.0000000000
4081  5.794  -3.750  40.747 1266.0000000000
2267  25.726  77.800  -16.222 1269.0000000000
2298  49.119  -3.857  27.846 1271.0000000000
2342  59.712  -33.467  -40.030 1273.0000000000
2879  20.013  -83.996  -29.220 1275.0000000000
2966  36.893  19.707  -14.388 1277.0000000000
3332  26.255  -71.200  -33.064 1278.0000000000
3381  66.509  -3.181  -27.437 1279.0000000000
3437  11.620  -43.872  22.321 1280.0000000000
3482  6.555  27.919  14.937 1281.0000000000
3531  60.430  8.239  22.201 1282.0000000000
3574  19.242  54.094  27.049 1283.0000000000
3965  42.944  21.352  24.169 1284.0000000000
5903  19.841  -48.261  35.058 1285.0000000000
4079  13.890  -9.968  17.039 1288.0000000000
4116  28.961  72.835  -30.501 1289.0000000000
4156  5.325  -55.275  21.595 1290.0000000000
4451  42.224  -58.701  -27.456 1292.0000000000
5401  8.286  49.733  2.401 1294.0000000000
5419  18.005  57.407  -36.482 1295.0000000000
5922  3.547  20.256  -20.713 1296.0000000000
6451  15.842  -76.157  -11.942 1299.0000000000
6515  29.200  -73.049  -36.032 1300.0000000000
7166  8.187  44.870  -31.549 1301.0000000000
7210  62.375  8.456  19.535 1302.0000000000
7460  2.792  15.067  -11.981 1303.0000000000
8392  36.404  47.688  -2.373 1304.0000000000
8416  10.765  1.492  -39.031 1305.0000000000
8980  39.830  0.006  -38.330 1307.0000000000
9003  66.658  -22.519  3.727 1308.0000000000
10339  42.206  39.431  17.185 1309.0000000000
5536  5.368  -50.570  16.219 1310.0000000000
7406  9.710  -33.641  51.992 1311.0000000000
14759  47.765  -52.811  -4.804 1312.0000000000
15952  11.194  4.598  21.046 1313.0000000000
18357  5.679  -27.646  29.324 1314.0000000000
17143  51.119  -8.004  36.066 1316.0000000000
19096  17.703  -60.906  -32.118 1319.0000000000
19673  44.996  63.828  -31.731 1322.0000000000
19622  34.497  -47.034  37.761 1323.0000000000
19248  20.838  50.368  -31.005 1325.0000000000
20158  30.868  -27.811  -32.138 1327.0000000000
20255  16.764  -82.541  -30.313 1329.0000000000
20566  11.706  35.852  43.623 1331.0000000000
20646  63.844  -27.345  -34.428 1332.0000000000
20694  42.674  11.428  -3.003 1333.0000000000
21182  21.700  -61.794  -32.847 1337.0000000000
20565  12.262  35.271  44.213 1339.0000000000
20672  5.305  -23.438  45.963 1341.0000000000
20719  38.393  27.547  3.338 1342.0000000000
22206  15.222  54.399  6.355 1345.0000000000
22486  25.282  -7.560  32.536 1346.0000000000
22527  39.814  -19.726  26.634 1347.0000000000
22587  34.628  -47.856  19.992 1348.0000000000
22622  49.307  56.125  -33.827 1349.0000000000
21181  30.080  36.718  22.862 1350.0000000000
21200  21.429  35.866  42.659 1351.0000000000
21947  13.470  -75.821  -28.082 1352.0000000000
22060  50.354  -43.079  3.719 1354.0000000000
22185  7.639  -33.175  34.771 1355.0000000000
22222  56.782  39.196  3.596 1356.0000000000
22505  38.253  -21.525  26.379 1357.0000000000
22643  31.873  -6.120  -2.086 1358.0000000000
4273  4.866  -11.886  5.832 1360.0000000000
4774  6.001  44.318  -26.834 1362.0000000000
5137  6.852  -16.533  24.937 1364.0000000000
5184  10.929  -63.556  -3.420 1365.0000000000
5264  35.126  -74.902  -10.861 1367.0000000000
5308  5.711  -3.815  39.234 1368.0000000000
5348  65.986  -22.203  7.325 1369.0000000000
5384  10.115  76.927  -20.513 1370.0000000000
6572  21.176  -23.985  56.336 1373.0000000000
7011  15.362  -46.862  -9.509 1374.0000000000
7059  17.719  81.640  -33.493 1375.0000000000
4737  25.138  -40.099  48.945 1377.0000000000
87044  34.552  33.022  31.641 1379.0000000000
87060  11.545  -43.605  41.061 1381.0000000000
87065  58.004  -3.925  1.530 1382.0000000000
87075  42.802  51.017  19.778 1384.0000000000
87083  35.132  49.352  20.307 1385.0000000000
87088  7.511  -45.394  39.097 1386.0000000000
5881  28.787  -56.937  20.176 1388.0000000000
6413  29.199  -75.004  -13.233 1390.0000000000
7861  30.855  -33.175  49.756 1391.0000000000
8342  46.366  -4.316  35.389 1393.0000000000
87158  38.995  -17.466  44.413 1394.0000000000
87194  31.752  42.765  28.675 1395.0000000000
87198  39.201  0.965  -53.628 1396.0000000000
87207  36.978  12.871  -11.003 1398.0000000000
87211  54.005  -2.238  -50.065 1400.0000000000
80447  22.027  22.157  29.017 1402.0000000000
87316  8.903  -15.024  -15.095 1403.0000000000
87340  14.451  81.559  -13.657 1405.0000000000
8359  57.810  -15.677  22.767 1406.0000000000
8251  31.749  4.743  49.704 1408.0000000000
87390  8.968  52.864  -12.786 1409.0000000000
87398  28.108  -69.019  6.202 1410.0000000000
87425  15.751  -54.913  40.826 1412.0000000000
8461  8.995  2.867  -39.525 1414.0000000000
8968  30.693  -56.087  16.635 1415.0000000000
10299  57.306  -5.304  6.683 1417.0000000000
10340  27.125  33.362  -41.496 1418.0000000000
5538  60.059  -35.985  15.129 1419.0000000000
5537  10.063  69.128  -14.608 1420.0000000000
14760  54.138  -50.218  8.658 1421.0000000000
15953  10.952  5.725  20.196 1422.0000000000
17144  53.540  -1.174  11.683 1423.0000000000
19623  26.264  65.532  -28.693 1425.0000000000
18815  41.452  -45.366  -19.778 1426.0000000000
20101  27.489  -27.714  27.749 1427.0000000000
20229  31.575  -20.562  30.196 1428.0000000000
19674  12.734  67.557  -28.890 1431.0000000000
83622  44.350  59.941  -8.067 1433.0000000000
20627  53.919  -45.503  -19.343 1434.0000000000
22812  20.047  -36.307  43.792 1438.0000000000
83972  39.049  4.829  -36.594 1440.0000000000
21992  52.902  -43.902  4.388 1441.0000000000
24313  6.770  62.040  -29.042 1443.0000000000
24334  49.613  54.496  2.723 1444.0000000000
80401  18.033  -24.316  25.818 1447.0000000000
80407  38.249  23.477  -25.523 1449.0000000000
80423  30.844  -69.293  -15.089 1450.0000000000
80934  7.921  -37.461  23.336 1453.0000000000
80939  10.569  -0.715  29.934 1455.0000000000
80952  58.238  -12.660  19.686 1456.0000000000
80974  27.179  80.639  -6.746 1458.0000000000
80400  30.748  -28.044  46.342 1460.0000000000
80399  57.956  -36.827  -20.217 1461.0000000000
80432  12.737  -36.614  -20.886 1463.0000000000
80510  6.118  -6.542  33.896 1465.0000000000
81153  13.174  -72.770  -17.892 1466.0000000000
81258  35.219  1.691  26.253 1467.0000000000
76040  32.883  5.171  -47.091 1469.0000000000
73214  22.089  -54.539  16.617 1471.0000000000
72821  25.437  -66.642  11.053 1472.0000000000
72822  7.086  72.513  15.425 1473.0000000000
80945  13.455  -59.238  34.072 1474.0000000000
80956  23.442  63.429  5.066 1475.0000000000
80979  7.073  -3.011  56.298 1477.0000000000
80999  20.696  -4.185  55.426 1479.0000000000
80998  34.083  -18.513  -27.349 1480.0000000000
81125  30.875  -66.904  -12.759 1482.0000000000
81145  56.362  18.689  -48.716 1484.0000000000
81161  23.339  22.102  27.216 1485.0000000000
81276  15.799  -66.713  -10.295 1487.0000000000
81837  11.094  54.828  -22.087 1488.0000000000
76846  55.162  3.684  11.766 1491.0000000000
56648  38.436  -18.872  22.785 1492.0000000000
57646  40.872  24.001  16.693 1494.0000000000
59500  29.943  -76.596  -0.898 1495.0000000000
59822  7.544  -67.208  -29.863 1497.0000000000
81860  67.916  -15.388  12.316 1498.0000000000
81904  34.840  -5.260  -14.088 1499.0000000000
82219  40.260  18.719  -54.344 1500.0000000000
59876  35.062  40.276  34.228 1501.0000000000
82297  66.450  4.756  -32.433 1502.0000000000
82356  46.969  40.817  -29.330 1503.0000000000
82469  54.965  -51.187  -6.165 1504.0000000000
82492  33.937  -36.733  -27.382 1505.0000000000
82611  29.122  -60.545  23.880 1506.0000000000
82647  7.186  69.304  -2.639 1507.0000000000
82764  51.844  54.760  -25.017 1508.0000000000
83347  21.081  71.424  -22.558 1509.0000000000
82888  8.214  12.869  20.298 1510.0000000000
83362  10.307  80.764  -19.064 1511.0000000000
56646  31.427  61.327  -1.539 1512.0000000000
56657  12.301  53.049  -45.294 1514.0000000000
56994  41.925  -37.493  -25.516 1515.0000000000
57037  49.632  -2.593  26.925 1516.0000000000
57118  17.838  16.160  51.304 1518.0000000000
57200  4.869  5.770  13.911 1520.0000000000
57224  20.075  45.774  -33.580 1521.0000000000
57245  67.742  -19.854  -18.784 1523.0000000000
4035  36.690  21.044  -15.609 1529.0000000000
56647  48.046  -25.788  23.570 1532.0000000000
56658  8.836  -48.353  -11.102 1533.0000000000
56995  57.472  -22.290  -38.097 1534.0000000000
57038  10.814  2.805  36.688 1535.0000000000
57096  30.427  -0.955  -30.200 1536.0000000000
57180  6.227  40.829  33.043 1538.0000000000
57225  32.921  56.441  1.230 1540.0000000000
57233  1.751  8.534  -34.369 1541.0000000000
57629  12.176  30.452  44.278 1543.0000000000
57647  14.598  33.381  14.105 1544.0000000000
57683  40.270  35.484  -10.492 1545.0000000000
59850  31.577  -29.668  49.218 1549.0000000000
59027  29.608  -12.804  53.165 1551.0000000000
59362  5.253  -41.635  -0.409 1553.0000000000
59501  7.126  45.662  -34.943 1555.0000000000
59811  64.668  1.687  -39.946 1557.0000000000
59839  37.051  -9.067  -7.811 1558.0000000000
59863  45.467  44.786  -12.642 1559.0000000000
59890  63.643  1.259  -40.080 1560.0000000000
60817  54.333  -20.188  -21.448 1561.0000000000
8054  36.315  -20.358  -35.084 1562.0000000000
60833  12.932  20.625  29.565 1563.0000000000
61208  37.537  58.687  -27.840 1564.0000000000
61295  33.833  16.354  36.282 1565.0000000000
61623  33.026  16.746  37.030 1566.0000000000
61705  39.834  -60.584  -5.674 1567.0000000000
62040  7.522  32.507  25.481 1568.0000000000
58714  27.496  56.146  0.711 1569.0000000000
4036  7.900  25.493  7.477 1571.0000000000
4082  43.890  -1.158  19.244 1572.0000000000
4587  6.015  27.808  13.150 1573.0000000000
5054  22.558  -46.559  -28.383 1575.0000000000
5102  25.537  -27.521  38.280 1576.0000000000
5562  43.788  -23.626  -44.175 1578.0000000000
5561  43.061  -24.091  -43.369 1581.0000000000
5560  43.276  -24.772  -43.320 1582.0000000000
7557  62.231  10.753  -41.945 1584.0000000000
7601  52.028  15.303  -12.458 1585.0000000000
8000  32.356  -37.320  -33.688 1586.0000000000
8027  64.009  -17.608  21.828 1588.0000000000
8074  36.120  -19.452  -35.900 1589.0000000000
9255  4.977  -54.279  3.111 1590.0000000000
9235  43.041  -66.636  -21.882 1591.0000000000
9277  28.852  41.619  -21.890 1592.0000000000
9434  38.220  33.345  -20.945 1593.0000000000
9877  42.697  51.716  -24.901 1594.0000000000
9996  31.636  -54.985  2.214 1595.0000000000
