60373  -32.0230  -16.2430  -3.3150  1    1233  -59.6520  11.2360  11.3040  1
60375  -32.4750  -16.1640  -4.1240  2    1345  -1.0920  -62.5550  -20.2500  2
60376  -32.8780  -15.8250  -4.5330  3    1378  -51.4550  -46.4470  -11.2960  3
60383  -33.0810  -16.0620  -5.2120  5    1956  -47.6820  7.8900  -29.4500  5
61742  -31.8040  -15.4940  -2.8830  6    1195  -49.9880  -27.2750  11.9360  6
61744  -32.5390  -15.2690  -3.6690  7    1254  -28.1590  -46.3440  -12.0380  7
61745  -33.0010  -14.7300  -3.8640  8    85193  -13.6880  75.7110  -27.4210  8
61748  -33.3550  -15.0420  -4.4470  10    2025  -30.3230  -67.1030  -19.5010  10
61749  -34.0210  -14.7680  -5.1130  11    85243  -15.9580  -15.7340  40.8060  11
61755  -33.7160  -15.4150  -5.4850  12    2041  -15.2640  -25.9410  33.9890  12
61756  -34.2790  -14.9470  -5.7570  13    85244  -25.3830  -7.2090  -44.0570  13
61770  -33.9900  -15.4850  -6.1530  14    2686  -52.4270  -18.8030  -12.4710  14
61771  -34.4580  -15.1360  -6.6210  15    4049  -39.7410  -40.3040  -20.1330  15
61772  -34.9450  -14.7800  -7.1800  16    85545  -32.9290  -59.7960  -8.6870  16
61788  -34.5950  -15.3700  -7.3790  17    4168  -10.8980  21.6800  17.3790  17
61789  -35.0230  -15.0060  -8.0120  18    5803  -16.3640  -19.0040  44.1750  18
61790  -35.6710  -14.7520  -8.6910  19    85750  -8.5790  -3.8510  -38.8280  19
63085  -31.9830  -14.6910  -3.1970  20    72069  -25.3570  30.9010  -55.1140  20
63088  -32.6200  -14.4200  -3.6420  21    72086  -11.9460  -24.5580  55.3870  21
63089  -33.2630  -14.2590  -3.9840  22    72292  -62.9610  2.7550  -38.9640  22
63099  -34.0430  -14.1050  -4.7250  25    72349  -7.0290  -11.4790  37.7510  25
63100  -34.5940  -13.7290  -5.2230  26    72892  -47.5020  -34.4220  29.0930  26
63110  -34.4970  -14.3000  -5.3750  27    72893  -44.4510  -27.7090  -8.2140  27
63111  -35.0070  -13.7310  -5.8020  28    72908  -46.7490  54.0740  -28.3490  28
63124  -34.7120  -14.4580  -5.9940  30    73436  -33.9900  71.3070  -31.6040  30
63126  -35.9450  -13.5210  -7.0570  32    73626  -5.2770  44.3520  -24.1460  32
63127  -36.5830  -13.2700  -7.5820  33    27938  -30.3200  30.8900  12.6190  33
63143  -35.4430  -14.2750  -7.3590  34    73970  -19.5480  -65.1090  27.3020  34
63144  -36.1000  -13.9920  -8.0440  35    73982  -41.6970  13.1290  -36.9790  35
63159  -36.3540  -14.3480  -9.0140  37    74784  -4.5970  35.6430  1.7260  37
63160  -36.9620  -13.6950  -8.6460  38    74776  -20.3130  22.2510  26.7660  38
63172  -37.1130  -14.0270  -9.4730  39    75249  -12.7360  37.4430  -32.9570  39
63189  -38.0410  -13.8870  -10.9850  40    76225  -52.6720  7.1040  -4.0310  40
64269  -31.4440  -14.3550  -3.1350  41    23005  -39.1100  -68.9900  -0.1310  41
64277  -31.0850  -13.9420  -3.4130  42    23004  -26.8800  29.5990  27.6570  42
64278  -31.9540  -13.9600  -3.5330  43    23020  -19.7970  -5.1560  -38.8550  43
64279  -32.7110  -13.8240  -3.9400  44    24774  -27.3560  -28.7280  46.2440  44
64280  -33.2640  -13.7170  -4.3320  45    24816  -5.0360  -63.8450  -11.1840  45
64292  -34.3810  -13.2530  -5.0590  47    25952  -31.2720  16.8290  -7.8740  47
64302  -35.4820  -12.7910  -5.9850  50    26073  -3.6510  -16.1890  -10.2570  50
64305  -35.9890  -12.9590  -6.5660  52    26675  -27.1680  -45.4080  -30.0720  52
64306  -36.7170  -12.6720  -7.0950  53    26674  -27.2520  -46.4890  -30.0560  53
64327  -38.3770  -12.8800  -8.5780  58    27937  -10.4110  19.0750  28.9110  58
64337  -37.7720  -13.4830  -8.9870  60    29035  -31.4390  -68.2970  -8.0570  60
64338  -38.5660  -13.2520  -9.3660  61    29061  -6.4520  -46.4100  30.9380  61
64353  -37.8290  -13.7030  -9.7520  63    30161  -44.3040  38.8290  12.6800  63
64354  -38.4070  -13.4860  -10.3540  64    30179  1.1910  16.6150  -13.5100  64
64365  -38.6020  -13.4450  -11.2720  66    31874  -4.6190  28.6140  33.1820  66
64366  -38.8530  -13.2260  -11.1430  67    31859  -32.3550  -16.5700  24.5630  67
64374  -38.7110  -13.6210  -12.0220  68    33658  -47.9880  -58.6540  -2.7430  68
65463  -30.6110  -13.6310  -3.7470  69    24643  -30.6070  44.6080  22.9140  69
65464  -31.2890  -13.5140  -3.9130  70    24660  -4.6820  55.7130  -23.3650  70
65465  -32.1120  -13.3810  -4.0840  71    24750  -34.6040  6.5480  -48.5930  71
65466  -32.8170  -13.3380  -4.3870  72    24789  -61.0580  -33.1140  9.9060  72
65474  -30.3390  -13.2810  -4.3250  74    24706  -34.3170  67.6030  -13.7240  74
65475  -31.3400  -12.9940  -4.5630  75    85539  -32.9790  20.2350  -44.1860  75
65476  -32.2660  -12.8990  -4.6090  76    85576  -52.5510  5.8480  9.5700  76
65477  -33.0170  -12.8180  -4.7890  77    85584  -44.1140  -47.8560  -6.0910  77
65478  -33.8120  -12.8020  -4.9460  78    24881  -16.3570  -44.9890  -28.8390  78
65479  -34.5120  -12.5800  -5.3820  79    25965  -3.9530  -78.8640  -30.9920  79
65485  -30.3370  -12.7940  -5.0160  81    85648  -45.9020  -58.8480  -19.4360  81
65486  -31.0510  -12.5910  -5.1660  82    85656  -45.8460  4.1150  27.5630  82
65487  -35.6150  -12.1370  -5.9740  83    26093  -53.4830  -23.2120  19.2880  83
65491  -36.7880  -12.0560  -6.7010  85    26733  -40.7160  -47.1120  33.0400  85
65493  -38.1320  -11.6440  -7.4660  87    85860  -37.6190  14.3460  18.9340  87
65501  -38.0480  -12.0940  -7.7030  88    27209  -14.2600  -60.3500  1.4390  88
65513  -39.1010  -12.2380  -8.5110  91    29129  -47.8300  33.3890  -16.0240  91
65525  -39.6920  -12.1750  -9.7400  95    86108  -47.3340  -50.2620  -15.9040  95
65539  -39.1870  -12.9160  -10.2690  97    31827  -12.0240  64.4000  -26.4760  97
65540  -39.6280  -12.1790  -10.6550  98    86189  -10.3930  -45.6200  13.2960  98
65551  -39.5260  -12.1010  -11.6300  101    86379  -53.1370  0.3900  -4.4860  101
65559  -39.1560  -12.8800  -12.1660  103    33659  -14.7380  -57.5930  -1.2130  103
65560  -39.6220  -12.0720  -12.6230  104    86473  -58.7570  -17.0250  -27.6150  104
65567  -39.5150  -12.8090  -12.9960  105    33699  -39.0080  27.4180  31.5910  105
65568  -40.1060  -12.1870  -13.6830  106    34322  -21.1660  51.7900  20.7220  106
65569  -40.8040  -11.6300  -14.2210  107    86643  -11.6850  57.5130  -12.8490  107
66636  -31.7100  -12.5650  -4.9630  108    66029  -60.9490  -6.2660  2.2450  108
66637  -32.3630  -12.3900  -5.1080  109    65916  -17.8080  42.1980  19.4540  109
66638  -33.2190  -12.2380  -5.2640  110    65918  -5.3740  -4.3920  19.0850  110
66639  -34.0740  -12.1130  -5.4500  111    65951  -56.1660  14.0030  -23.0440  111
66640  -34.7990  -12.0270  -5.7280  112    66233  -44.3650  -46.7660  9.7350  112
66647  -30.3210  -12.4180  -5.7070  114    66608  -6.0610  -74.0920  -2.6110  114
66648  -31.4050  -12.2250  -5.6300  115    66030  -64.4410  2.0480  -29.6920  115
66649  -32.3870  -11.8920  -5.7770  116    65917  -33.2010  -10.6600  -11.3890  116
66650  -33.4350  -11.6210  -5.9540  117    65938  -25.2200  42.4190  19.9460  117
66651  -34.4350  -11.5760  -5.9730  118    66213  -56.0850  18.7140  -21.5810  118
66652  -35.1960  -11.5040  -6.0890  119    66247  -13.2080  -47.8530  -5.2140  119
66653  -35.8980  -11.5650  -6.2310  120    66276  -10.3990  15.3920  19.3450  120
66654  -36.7190  -11.4940  -6.6340  121    8633  -28.0590  6.8460  -34.0660  121
66660  -30.4300  -12.0130  -6.3730  123    66617  -43.7900  -63.1640  6.6560  123
66661  -31.4240  -11.8510  -6.4740  124    66831  -7.8190  51.0260  -26.7780  124
66662  -32.4210  -11.5350  -6.6860  125    66863  -37.8660  -0.7790  14.2020  125
66663  -33.3200  -11.2870  -6.6590  126    66893  -50.3490  24.6300  -15.5580  126
66666  -38.5470  -11.1670  -7.4080  129    67673  -24.0750  29.5770  -39.8550  129
66674  -30.4520  -11.7450  -7.1020  131    67542  -11.0060  22.6450  48.9370  131
66675  -31.3380  -11.6530  -7.3340  132    67592  -50.6650  13.6300  -28.3970  132
66676  -32.0690  -11.4080  -7.5800  133    67620  -43.0330  -56.3110  -34.9610  133
66679  -40.0420  -10.7100  -8.2780  136    68539  -42.8120  -7.2150  39.7260  136
66690  -30.2880  -11.5170  -7.9440  137    68023  -60.4160  -22.4120  14.4030  137
66691  -31.2400  -11.4640  -8.1660  138    68270  -11.6080  23.4760  47.2740  138
66692  -31.9310  -11.3010  -8.1720  139    8814  -16.5240  -3.3650  -33.8560  139
66693  -39.2710  -11.5330  -8.0540  140    68540  -51.1900  -0.8980  -44.7590  140
66695  -40.3410  -10.7290  -8.8240  142    68546  -29.6600  46.8860  -36.2760  142
66704  -30.4790  -11.3320  -8.5740  143    69234  -30.4180  44.6560  -9.6650  143
66706  -40.0670  -11.4440  -9.2500  145    69311  -55.5690  -42.7160  -28.2970  145
66707  -40.6710  -10.6260  -9.5880  146    69318  -32.9740  74.7780  -8.6280  146
66718  -40.1740  -11.4660  -10.0890  147    69930  -18.5220  22.6480  42.8080  147
66719  -40.6710  -10.7300  -10.4710  148    69940  -56.8980  -1.5410  4.0830  148
66728  -40.0960  -11.4250  -11.0320  149    70534  -16.8870  -14.2350  44.8550  149
66729  -40.5670  -10.6910  -11.4070  150    70547  -33.5780  59.6910  14.7890  150
66736  -39.9930  -11.3470  -12.0210  151    70895  -63.9240  -22.8890  8.7580  151
66737  -40.4820  -10.6620  -12.4460  152    71055  -9.9840  78.4610  -36.0800  152
66745  -40.0360  -11.3680  -12.9370  153    71189  -17.0430  18.2360  -30.8840  153
66746  -40.6280  -10.9230  -13.5710  154    71197  -40.1290  3.6560  17.9190  154
66754  -41.3580  -10.9050  -14.3750  155    71732  -37.6520  -7.5400  -9.9940  155
67792  -34.0730  -11.1790  -6.4800  156    8054  -20.9740  -72.3650  -8.8780  156
67793  -34.8740  -11.0340  -6.4160  157    8082  -13.1900  77.9820  -30.7450  157
67795  -36.4460  -10.9750  -6.6450  159    8158  -3.4390  38.4850  40.3670  159
67801  -32.8930  -11.2340  -7.2840  162    8813  -46.0870  -14.3130  7.1020  162
67802  -33.6930  -10.9560  -7.1090  163    8055  -35.4560  49.0750  11.4780  163
67803  -34.5420  -10.6650  -7.0070  164    8056  -41.0780  -58.0530  21.7430  164
67804  -35.2090  -10.6070  -6.8080  165    8107  -2.8540  -13.1870  10.5840  165
67805  -37.4800  -10.5750  -7.1080  166    8157  -9.0950  51.8870  -4.9480  166
67806  -37.9190  -10.7040  -7.1620  167    8301  -0.2060  19.8330  -23.8750  167
67808  -39.3510  -10.4100  -7.6160  169    9435  -3.8620  -39.3740  21.5470  169
67813  -33.2310  -10.9510  -7.9250  171    8815  -9.2220  -2.7020  26.6440  171
67814  -34.0410  -10.6530  -7.5860  172    8873  -3.3380  -7.7690  -7.5640  172
67816  -40.4790  -10.0120  -8.5270  174    10099  -1.3880  -50.6840  13.8110  174
67817  -41.1680  -9.5190  -8.8810  175    10155  -33.1200  60.4350  -18.5640  175
67829  -31.5320  -11.2830  -8.6230  176    11848  -50.1360  33.6670  7.3650  176
67830  -32.2750  -11.1650  -8.6220  177    9730  -5.0870  -21.4940  -12.9590  177
67831  -33.1320  -10.8680  -8.8620  178    9994  -53.8660  34.4510  -11.4250  178
67832  -40.9290  -10.0300  -9.0880  179    10156  -32.6660  60.7010  -17.5450  179
67848  -31.2390  -11.1220  -9.3170  182    11849  0.3210  35.2000  -18.3160  182
67849  -32.2150  -11.0430  -9.5630  183    11864  -15.2890  45.2790  36.9470  183
67850  -33.1340  -10.7710  -9.7400  184    12224  -55.1060  -11.5380  5.1270  184
67852  -41.2710  -9.9080  -9.5600  186    12273  -57.2450  -13.2480  5.0480  186
67854  -42.5100  -9.3540  -9.8840  188    12333  -48.4700  -29.3510  -34.8500  188
67866  -31.1480  -10.7550  -10.2680  189    13498  -49.0300  1.4160  -42.6830  189
67867  -32.2110  -10.8330  -10.4410  190    13590  -58.2500  11.8580  -4.6180  190
67868  -33.0630  -10.7620  -10.5920  191    13954  -12.1490  54.8600  -4.7730  191
67869  -33.8440  -10.4940  -10.5370  192    13992  -18.9230  1.5270  -42.5570  192
67870  -41.3020  -10.0720  -10.0790  193    14127  -30.2970  49.1130  -31.8790  193
67871  -42.0640  -9.6740  -10.3580  194    14126  -21.8630  -58.6610  11.9400  194
67872  -42.6780  -9.4120  -10.2990  195    14172  -9.7800  -71.2610  -13.0750  195
67881  -31.4640  -10.4950  -10.9590  196    15313  -1.8910  -51.4760  8.1400  196
67882  -32.1850  -10.5940  -11.3610  197    15336  -39.3500  -46.2560  -21.2620  197
67883  -33.2010  -10.6600  -11.3890  198    15431  -49.1330  -28.4880  -36.6000  198
67884  -34.1190  -10.4770  -11.3320  199    15582  -27.0040  69.2690  -14.4040  199
67885  -41.2790  -10.1330  -10.8310  200    15638  -56.5080  -5.0230  -34.6930  200
67892  -32.5630  -10.4290  -12.0270  202    17093  -17.5010  -6.7770  48.3260  202
67893  -33.3130  -10.5110  -12.3660  203    17114  -35.1910  7.1180  -39.7710  203
67894  -34.4610  -10.4200  -12.2480  204    17212  -2.6670  -7.5840  47.1290  204
67895  -35.1210  -10.2340  -12.4940  205    18322  -28.6770  14.4900  -33.5950  205
67896  -41.0960  -10.0010  -11.7490  206    17592  -3.1320  -9.8080  -14.7910  206
67897  -41.7990  -9.4980  -12.0340  207    17591  -36.0310  -13.6400  -42.5780  207
67905  -33.7050  -10.3100  -13.2100  208    18219  -46.4410  -49.2910  -35.1670  208
67906  -34.5680  -10.2510  -13.3050  209    18246  -2.9300  -7.6680  45.9710  209
67907  -35.3360  -10.1360  -13.0340  210    18346  -3.1800  -59.3050  7.7020  210
67908  -41.0820  -9.9970  -12.8470  211    18453  -29.4730  68.5740  -19.3090  211
67909  -41.8990  -9.4100  -13.1860  212    18477  -27.0090  19.0090  -30.8090  212
67916  -35.0560  -10.1200  -13.6890  213    19511  -34.1270  -14.1630  -44.5560  213
67918  -41.3390  -10.1720  -13.7710  215    19640  -25.7460  -24.7160  -35.2240  215
67919  -42.1150  -9.8820  -14.4080  216    20056  -63.8570  -15.0610  -5.4160  216
68998  -35.1430  -10.3110  -7.2410  220    8915  -2.7100  -41.6840  27.3890  220
68999  -35.7620  -10.2620  -7.0890  221    8196  -29.0980  -48.0010  -25.4430  221
69001  -37.4390  -10.1270  -7.2020  223    9075  -37.6380  -62.7870  -27.5010  223
69003  -39.0320  -9.9270  -7.4940  225    9412  -63.8400  -23.9240  -25.2260  225
69010  -33.9390  -10.5400  -8.2930  227    10011  -32.2400  -73.2010  -10.7440  227
69011  -34.6900  -10.2260  -7.7750  228    8961  -56.2300  -22.3380  29.7830  228
69012  -35.4740  -9.9030  -7.7200  229    67176  -62.2520  9.6730  -6.3720  229
69014  -40.1480  -9.5800  -8.1770  231    9491  -4.0510  52.1610  -6.2930  231
69016  -41.8690  -8.9880  -8.9460  233    10565  -7.9960  -76.6710  -15.5730  233
69025  -33.8090  -10.5090  -9.1160  235    10080  -50.6470  -51.7460  14.1510  235
69026  -34.5670  -10.0600  -8.6710  236    84112  -53.5850  -2.3650  24.2930  236
69027  -35.1180  -9.8390  -8.2250  237    67177  -30.9150  27.8800  -29.7590  237
69030  -43.2200  -8.4930  -9.5690  240    68299  -8.7650  -49.7540  -22.6190  240
69043  -34.1900  -10.2330  -9.6250  242    14062  1.2500  12.6220  -6.6760  242
69057  -34.6950  -9.9990  -10.3090  245    14093  -2.4450  14.6060  43.9240  245
69058  -35.2360  -9.5700  -10.5330  246    84681  -15.3420  -76.4470  9.6480  246
69061  -43.5860  -8.8090  -10.4870  249    69021  -32.0150  -28.8170  -24.3230  249
69075  -34.9260  -10.0800  -11.1930  250    15620  -34.8000  27.5750  -55.0600  250
69076  -35.4760  -9.5310  -11.1500  251    84686  -28.2950  -11.8320  -5.1320  251
69077  -42.5380  -9.3680  -11.2890  252    15990  -2.2010  -9.7840  43.7910  252
69078  -43.2270  -8.9610  -11.3180  253    70520  -4.2590  12.7880  -34.2630  253
69079  -43.8310  -8.6180  -11.0710  254    69666  -10.2660  42.7280  13.6810  254
69089  -35.2210  -10.0900  -11.7990  255    17239  1.6030  -14.9390  -0.9860  255
69090  -35.7530  -9.7100  -12.0890  256    18386  -43.9280  40.0220  -7.8260  256
69091  -36.2480  -9.3940  -12.4640  257    85045  -29.1030  49.6920  24.3480  257
69092  -42.5230  -9.1020  -12.1430  258    17629  -24.8230  3.7630  -31.7420  258
69093  -43.1450  -8.7430  -12.2320  259    70521  -8.6350  22.7180  39.8810  259
69103  -33.8380  -10.0180  -13.9110  260    19201  -60.7840  6.8620  17.1610  260
69105  -36.4010  -9.5290  -13.2230  262    85047  -22.1210  -44.5770  45.3140  262
69106  -42.6250  -8.9750  -12.9220  263    18594  -36.3270  69.7530  -18.7640  263
69118  -34.3930  -9.9300  -14.3700  265    19547  -37.3480  69.6780  -19.3110  265
69119  -35.5190  -9.9770  -14.1450  266    19613  -12.9420  64.0480  -11.4130  266
69120  -36.5890  -9.6550  -14.3030  267    85204  -21.4850  66.0000  -9.9100  267
69121  -37.1740  -9.3810  -14.7270  268    85403  -43.5530  -43.0810  -23.6150  268
69122  -42.5160  -9.0990  -13.7200  269    20072  -34.7880  45.5210  26.9610  269
69123  -43.1600  -8.9550  -14.5080  270    20739  -0.7950  -64.2100  -9.0160  270
69124  -43.8440  -8.6910  -15.1720  271    72261  -14.4340  -37.0910  -10.5530  271
69134  -34.6030  -9.6540  -15.4650  272    85347  -45.5680  20.4460  25.3770  272
69135  -35.6870  -9.8760  -15.3960  273    85394  -32.7470  52.0600  -26.5850  273
69136  -36.6000  -9.7130  -15.4830  274    85399  -11.7770  -67.1970  18.9630  274
69148  -35.0260  -9.5280  -16.2500  276    85558  -9.6360  82.1480  -15.4430  276
69149  -35.8220  -9.5910  -16.5170  277    85561  -29.2220  20.3720  -45.3110  277
69150  -36.7880  -9.5800  -16.4070  278    85573  -21.3720  -76.5910  6.0370  278
69166  -36.2670  -9.4080  -17.1700  280    85717  -45.7170  -50.6870  -14.6510  280
69168  -37.7530  -9.1150  -17.0500  282    73342  -15.0370  -80.4160  -13.5020  282
70300  -37.1030  -9.4750  -7.4950  283    66975  -0.1110  24.5760  -17.1650  283
70301  -37.8650  -9.3840  -7.5090  284    66990  -56.6300  3.9800  23.2520  284
70303  -39.2910  -9.4510  -7.7100  286    67040  -37.6300  -32.4860  -40.4750  286
70309  -36.3900  -9.3350  -7.8480  289    66976  0.6870  26.4840  -15.5660  289
70310  -37.2490  -8.7980  -8.0030  290    66977  -32.6600  31.5800  -53.1030  290
70311  -38.2950  -8.7670  -7.9540  291    67004  -27.7510  22.5300  -50.4630  291
70313  -40.3340  -8.8040  -8.3540  293    67059  -12.1760  59.7270  21.4100  293
70314  -41.3290  -8.5810  -8.7630  294    67503  -52.3340  43.6610  -4.4380  294
70316  -42.7480  -8.2230  -9.1880  296    67646  -7.8550  35.7220  20.1130  296
70323  -36.3790  -8.7010  -8.6690  300    67196  -14.7770  -13.9700  51.2800  300
70324  -37.0740  -8.3380  -8.6820  301    25218  -35.9130  0.9540  -52.6040  301
70327  -44.1100  -7.7470  -10.0290  304    68298  -38.0740  -57.4320  -36.2890  304
70338  -34.9990  -9.6080  -9.2350  305    68055  -26.7280  -22.7090  -28.4290  305
70339  -35.6620  -8.9910  -9.3130  306    68054  -28.0420  -22.2580  -28.6880  306
70340  -36.2400  -8.4760  -9.5730  307    68080  -62.0330  -13.5800  3.0600  307
70352  -35.2710  -9.3820  -9.9020  310    68966  -0.6390  -7.4490  -2.6580  310
70353  -35.7140  -8.9640  -10.2620  311    68974  -35.7640  32.2650  -56.8750  311
70354  -36.3590  -8.3920  -10.4100  312    68998  -38.7750  30.5750  -56.5670  312
70356  -44.7530  -7.7230  -10.8560  314    28114  -37.6530  -39.9040  3.9800  314
70368  -36.0240  -8.9770  -11.1320  315    69624  -24.8650  -47.3360  -10.1370  315
70369  -36.5760  -8.4400  -11.2540  316    69633  -35.0910  -11.9030  43.3480  316
70372  -44.9180  -7.6180  -11.5270  319    29169  -42.7230  59.2680  3.3150  319
70380  -36.3020  -9.0450  -11.8050  320    70471  -32.8950  -0.2270  -48.1980  320
70381  -36.8430  -8.7510  -12.2460  321    70483  -25.3820  44.3060  -15.9180  321
70382  -37.3930  -8.4500  -12.6980  322    30018  -35.6690  -74.9170  -20.4170  322
70384  -44.4040  -7.8470  -12.3420  324    31576  -19.2810  -34.3620  -13.7120  324
70385  -45.0360  -7.3990  -12.1300  325    30202  -44.7900  -14.4860  -12.5340  325
70392  -37.0640  -9.0410  -13.2770  326    70883  -13.7950  -68.9610  6.3340  326
70394  -43.8060  -8.1500  -13.0150  328    71092  -33.1810  -20.4000  30.6440  328
70405  -37.2980  -9.1160  -14.0030  330    71460  -59.8850  -8.3100  -43.8360  330
70406  -37.8770  -8.7860  -14.4290  331    32654  -37.0940  35.9810  -53.3450  331
70408  -43.5930  -8.2430  -13.7780  333    71473  -53.4940  26.1290  -26.3830  333
70409  -43.9630  -8.0390  -14.5480  334    71472  -35.5020  10.5120  -16.9480  334
70421  -38.0340  -8.9210  -15.4670  335    72045  -53.5580  -10.1410  -38.2820  335
70435  -38.2060  -8.9010  -16.3060  338    72827  -56.6140  6.8550  3.5040  338
70437  -39.1570  -8.1300  -16.7080  340    34541  -3.5440  74.1170  -8.0620  340
70448  -39.2780  -8.0580  -17.2810  342    73341  -29.4990  6.0660  -58.2840  342
71613  -38.8030  -8.1570  -8.4920  344    25237  -36.4200  11.3310  -20.5210  344
71614  -39.8930  -8.0320  -8.6590  345    25288  -18.6060  9.9720  45.1130  345
71615  -40.9070  -8.1040  -8.8140  346    25307  -35.6960  4.3950  -37.3890  346
71617  -42.4520  -7.7690  -9.1000  348    25756  -7.2640  -40.4530  5.9410  348
71619  -43.5270  -7.5320  -9.5170  350    25838  -37.5680  -71.7120  -27.9050  350
71624  -36.7430  -8.2550  -9.1620  351    25217  -46.0580  -3.7450  15.6300  351
71626  -38.3230  -7.6620  -9.2000  353    25219  -11.8490  3.9590  -36.6720  353
71627  -39.2210  -7.6160  -8.9910  354    25265  -44.7360  32.9030  15.4710  354
71638  -36.8490  -8.0380  -9.8020  357    26378  -41.0720  2.9600  18.6070  357
71639  -37.6520  -7.5400  -9.9940  358    26377  -41.2640  1.9900  19.1000  358
71641  -45.0250  -7.0990  -10.5400  360    26944  -61.8750  -20.6010  17.0140  360
71652  -36.9900  -7.8990  -10.6130  362    27620  -38.7360  53.5850  -30.0880  362
71653  -37.6740  -7.4760  -10.9290  363    27640  -9.5430  -61.3790  29.5910  363
71655  -45.5570  -6.5470  -11.2690  365    28113  -21.3860  78.8890  -10.1950  365
71667  -37.1970  -8.0020  -11.4450  366    28776  -8.6810  -63.3260  -17.3750  366
71668  -37.8120  -7.5830  -11.7440  367    28794  -10.5710  32.5760  10.8090  367
71670  -45.7220  -6.4340  -11.8200  369    29193  -6.4030  58.6230  2.0860  369
71680  -37.9570  -7.8830  -12.6240  371    30134  -29.6350  34.5000  -17.0990  371
71690  -38.3060  -7.9890  -13.5450  375    31538  0.2390  9.3150  -6.9830  375
71692  -44.8410  -7.0500  -13.3560  377    31577  -58.4030  -26.0380  -23.8020  377
71693  -45.2610  -6.5070  -13.2670  378    31598  -37.5740  63.3270  -25.0410  378
71705  -44.4790  -7.2490  -14.2120  381    32728  -18.5910  3.5330  -43.6480  381
71715  -39.1260  -7.8870  -15.5030  382    33424  -49.3110  -35.7390  -33.0490  382
71717  -44.4660  -7.4360  -15.0400  384    33462  -23.8640  59.2750  -2.1100  384
71718  -44.8720  -7.4680  -15.6480  385    34940  -59.9970  -29.4880  19.4290  385
71719  -45.6900  -7.4430  -16.0390  386    34955  -4.4590  40.3180  -23.7800  386
71731  -40.0200  -7.2800  -16.7590  389    35684  -29.4690  -35.3550  -32.8260  389
71737  -39.6850  -7.6880  -17.3230  390    35683  -9.1000  56.3470  -32.9790  390
72866  -40.6580  -7.5870  -9.0890  392    25306  -2.0260  -8.0580  -18.7530  392
72868  -42.1580  -7.3890  -9.1310  394    25329  -34.2030  -25.4980  16.1460  394
72870  -43.5070  -6.9160  -9.4950  396    25815  -34.9560  -41.3920  -36.2340  396
72875  -39.1480  -7.1880  -9.6020  398    26457  -38.4990  61.4260  -33.3760  398
72876  -40.0330  -7.2370  -9.3510  399    25351  -17.8450  76.9880  -6.0190  399
72877  -41.0320  -6.8690  -9.5150  400    74826  -38.8500  60.0510  5.8710  400
72880  -43.9110  -6.4260  -9.6920  403    74998  -46.8140  -10.8350  -27.8850  403
72882  -45.0950  -6.3400  -10.3620  405    26925  -62.4160  -21.9010  17.7290  405
72891  -38.3860  -7.1340  -10.5640  407    27691  -45.1380  -23.6810  -41.2790  407
72892  -39.0600  -6.8090  -10.2560  408    26524  -42.1640  61.0180  -34.4250  408
72893  -39.9270  -6.6180  -10.1080  409    74827  -8.3450  -38.2380  46.3850  409
72896  -45.6480  -5.8810  -11.0550  412    28179  -37.3270  -52.8330  1.1100  412
72908  -38.3670  -7.0650  -11.3680  414    27734  -0.8750  -3.7260  -3.4160  414
72909  -39.1310  -6.4600  -11.0250  415    86907  -6.4880  5.9440  48.2610  415
72924  -38.3810  -7.1540  -12.2010  419    29149  -44.1690  31.2790  21.8620  419
72925  -38.9000  -6.5840  -11.8900  420    76714  -49.6930  1.4210  -44.9800  420
72937  -38.5440  -7.3260  -13.0300  423    30180  1.3520  16.2370  -13.1240  423
72938  -38.9220  -6.7420  -12.7030  424    77029  -42.7400  59.7390  2.7690  424
72939  -45.6980  -6.1350  -12.8620  425    31608  -43.2660  -6.1350  39.5740  425
72950  -39.6390  -6.3500  -14.0090  430    87354  -28.4690  -53.1650  -32.0620  430
72962  -39.3440  -7.3300  -14.8560  434    32653  -34.1300  32.9620  -21.4470  434
72963  -39.6660  -6.7060  -14.5700  435    77429  -29.0280  -79.7400  -30.8550  435
72964  -44.7330  -6.7830  -14.8260  436    32727  -36.0250  24.0870  3.6040  436
72973  -39.7780  -7.1550  -15.4550  439    34542  -3.7540  73.7590  -8.8350  439
72974  -40.2220  -6.6680  -15.6690  440    34565  -39.1680  -47.7600  26.9460  440
72976  -45.2130  -6.5610  -15.5610  442    34939  -60.6860  -30.1620  17.8520  442
72977  -46.1150  -6.4700  -16.1170  443    34971  -53.7680  20.4930  -47.9510  443
72995  -40.8540  -6.6070  -17.5220  446    36042  -11.9830  -47.9000  4.3770  446
72996  -41.3020  -6.2800  -17.9830  447    78578  -46.9730  14.9920  -11.6260  447
74118  -43.0870  -6.6980  -9.4110  449    74839  -4.6260  63.0160  -32.0610  449
74129  -45.3160  -5.4580  -10.4020  456    75038  -37.9750  7.2310  -1.2300  456
74134  -41.5290  -5.9420  -10.1470  459    39896  -13.7830  -5.4500  56.0890  459
74136  -46.1380  -4.8120  -11.1970  461    75302  -6.5860  -41.7560  47.7500  461
74146  -39.6180  -6.0170  -11.2640  462    42300  -14.1360  -87.2500  -22.2620  462
74147  -40.1290  -5.9480  -10.8130  463    40637  1.4800  -21.4990  0.2800  463
74148  -40.7330  -5.7740  -10.6590  464    39897  -23.1800  -0.8520  54.1730  464
74150  -47.1590  -4.1740  -11.7290  466    42381  -50.6670  -26.6560  0.4100  466
74166  -46.7530  -4.6100  -11.8810  469    75966  -4.6770  37.3260  -36.8530  469
74177  -39.3560  -6.1970  -12.4720  471    76713  -30.6190  0.4190  50.8880  471
74179  -46.3110  -5.2240  -12.8860  473    45024  -49.1140  5.9490  -16.1290  473
74180  -46.7240  -4.8690  -12.4130  474    45023  -48.5670  -3.1290  -11.8870  474
74188  -39.8020  -5.7980  -13.3650  477    77030  -58.4990  -19.1440  -37.6330  477
74189  -40.2490  -5.2070  -13.7000  478    45729  -42.3480  48.8770  -33.8770  478
74190  -45.5590  -5.4880  -14.3720  479    77479  -58.5150  13.3230  -43.3900  479
74191  -46.1180  -5.0450  -13.6150  480    45773  -26.6970  -33.9410  32.6320  480
74200  -40.3430  -5.4390  -14.2520  483    77430  -29.8660  -78.9060  -31.5570  483
74202  -45.9110  -4.9860  -14.7140  485    46871  -10.7360  58.6910  -22.8100  485
74210  -40.6090  -5.9270  -15.3190  487    77893  -42.7950  20.0240  -8.9860  487
74212  -46.2990  -5.2970  -15.7890  489    77925  -48.0960  56.4260  -30.7980  489
74213  -47.3390  -5.0550  -16.2980  490    78190  -42.6030  9.7840  38.7190  490
74223  -41.3140  -5.8050  -16.5790  491    78158  -27.9330  12.4340  26.7050  491
74224  -41.8560  -5.3260  -16.7590  492    48563  -32.7170  -43.6720  -30.9580  492
74234  -41.9870  -5.5780  -17.7040  494    78579  -3.8540  -83.8310  -5.5660  494
74235  -42.6320  -5.0100  -17.9180  495    78960  -35.4190  15.8590  -13.1970  495
75394  -44.1050  -5.2930  -9.9170  500    39955  -25.4350  -1.6270  53.1180  500
75395  -44.7520  -5.1710  -10.0310  501    40034  -2.9620  12.5260  -34.5560  501
75403  -42.6650  -4.9160  -10.3260  505    39895  -20.3450  -8.6240  -34.3690  505
75406  -46.2720  -4.2630  -10.9060  508    41143  -41.5730  11.3030  -35.3530  508
75419  -41.7080  -4.7480  -11.0100  512    40636  -17.1780  60.0060  15.6720  512
75438  -40.6760  -4.8430  -11.7180  516    42299  -34.9130  32.4960  -9.2660  516
75450  -40.4670  -4.7010  -12.4380  519    42366  -33.5080  1.5400  -13.8320  519
75452  -47.5410  -4.1820  -12.3980  521    43965  -3.4950  -23.5570  40.6780  521
75460  -40.0480  -5.1800  -12.6440  522    44947  -23.2120  49.7890  6.3730  522
75461  -40.3530  -4.8650  -13.2390  523    44968  -4.5460  -60.9590  9.9760  523
75464  -47.7720  -3.8380  -13.1430  526    45050  -15.8570  34.1680  -40.9200  526
75474  -46.8700  -4.1340  -14.4390  529    45774  -50.2520  -33.1840  -16.0210  529
75481  -40.9590  -4.9620  -14.7680  530    46836  -32.9840  2.1490  -2.3340  530
75482  -41.4770  -4.6710  -15.3040  531    47486  -10.9220  47.8780  -36.7920  531
75484  -47.0280  -4.1930  -15.5360  533    46870  -10.2740  58.0880  -23.2600  533
75493  -41.2490  -5.2380  -15.5860  534    47485  -11.4090  47.2930  -36.6270  534
75494  -41.8330  -4.8360  -16.0900  535    47816  -7.0740  61.8290  5.6770  535
75495  -42.3630  -4.5160  -16.4930  536    48564  -36.8580  -34.1310  -30.1260  536
75496  -47.7060  -4.2080  -16.3270  537    48924  -30.6750  32.0870  -18.6220  537
75497  -48.4440  -4.1810  -16.8140  538    48942  -20.7460  -80.6520  -2.4770  538
75506  -42.6430  -4.6510  -17.2460  540    48841  -15.8870  -63.6280  29.9960  540
75513  -43.0960  -4.5490  -18.1710  541    49499  -4.8060  -37.7030  19.2480  541
75514  -43.3940  -4.1970  -18.6550  542    50050  -9.4490  -63.3010  28.7180  542
76661  -43.9740  -4.5570  -10.1250  543    39954  -14.9060  -4.9990  55.1870  543
76663  -45.2700  -4.4830  -10.2290  545    40056  -4.0850  -3.3420  53.7760  545
76669  -43.0820  -4.0470  -10.7050  548    40021  -6.7100  -47.7330  4.3710  548
76671  -44.5700  -3.7820  -10.2830  550    88036  -45.5490  57.1280  -31.7740  550
76674  -46.8330  -3.4850  -10.8980  553    41166  -35.6730  -56.8140  -6.4460  553
76678  -41.3900  -4.4920  -11.5180  555    42315  -11.2490  58.8250  -16.0900  555
76679  -42.2660  -4.0420  -11.3260  556    42334  -29.2030  -39.3240  37.7080  556
76681  -48.1700  -3.1350  -11.5910  558    41280  -46.5340  -44.4400  -25.4090  558
76682  -48.7280  -2.6610  -11.7200  559    35189  -6.7760  29.0520  13.0720  559
76695  -41.8520  -3.8740  -11.9850  561    78784  -30.6640  12.7890  22.8600  561
76696  -48.3210  -3.4590  -12.0940  562    42399  -46.6210  47.6060  -31.2230  562
76697  -48.8470  -2.8630  -11.9430  563    79456  -3.1460  64.7820  -42.9660  563
76707  -40.8980  -4.2760  -12.9700  564    44981  -48.5180  4.9670  -16.4030  564
76709  -48.3240  -3.4750  -12.7110  566    43992  -0.7680  -69.5310  -23.0440  566
76718  -40.8510  -4.4550  -13.5880  568    45002  -21.8170  21.1920  -29.6930  568
76720  -47.5150  -3.7440  -13.9480  570    45817  -10.8030  -74.9430  -16.3370  570
76721  -48.3260  -3.2020  -13.5150  571    45081  -53.2330  -30.1270  8.1300  571
76731  -41.8050  -3.9320  -14.3770  574    46835  -14.8760  -15.5280  -29.2100  574
76733  -47.8580  -3.1590  -14.5980  576    88624  -15.2060  -29.2080  -19.1520  576
76742  -42.0490  -4.0890  -15.2870  578    47860  -31.2230  -74.5000  -18.5660  578
76743  -42.5890  -3.7610  -15.7060  579    80590  -49.6210  -35.6360  -10.4930  579
76744  -47.4370  -3.4920  -15.2870  580    46896  -37.1640  -37.1080  22.7640  580
76757  -48.0130  -3.3450  -16.4390  585    48925  -7.6110  -69.2560  -30.3850  585
76766  -43.2880  -3.9660  -17.3880  587    48904  -47.9450  59.2830  -25.1190  587
76767  -43.6940  -3.6740  -17.7950  588    81304  -62.9590  1.3660  -19.9130  588
77881  -43.2340  -3.6600  -10.9150  591    78375  -6.5240  -38.3770  37.2990  591
77884  -45.2160  -3.0180  -10.4650  594    78402  -50.6440  -15.6140  -35.1120  594
77885  -46.0150  -3.0390  -10.4870  595    78429  -8.2870  10.4560  -33.4530  595
77886  -46.7710  -2.9910  -10.6820  596    78443  -55.9360  -47.2190  -26.2350  596
77894  -43.9170  -2.8540  -11.1530  600    78383  -10.8940  12.5870  24.5770  600
77909  -43.0660  -2.9360  -12.0650  605    78783  -50.2890  -20.1850  14.4080  605
77924  -42.4110  -3.3130  -12.5180  608    79297  -56.9440  21.6260  -11.8210  608
77925  -43.1510  -2.5420  -12.9570  609    79308  -43.9560  -4.5610  37.8290  609
77927  -49.7440  -1.9790  -12.5490  611    37010  -43.7010  -11.4880  -22.6030  611
77937  -42.3440  -3.2680  -13.6640  612    79879  -50.7840  33.9940  -13.6520  612
77938  -43.1260  -2.4960  -13.8120  613    37758  -20.9380  2.9670  -49.3250  613
77939  -48.5270  -2.6420  -14.1530  614    80311  -28.4460  -13.2390  -25.9440  614
77940  -49.2270  -2.3540  -13.2680  615    79908  -22.1650  -82.8220  -10.5110  615
77941  -49.8380  -1.8320  -13.0220  616    37036  -4.3320  27.3190  25.0780  616
77950  -42.4450  -3.4110  -14.7940  617    80152  -15.8530  6.5310  38.5590  617
77951  -42.9540  -2.7710  -14.5180  618    80153  -7.4550  -32.3000  7.6490  618
77952  -48.2390  -2.4620  -15.0260  619    80627  -42.6680  13.1560  -58.5700  619
77963  -43.8760  -2.3760  -15.8010  623    80928  -39.8890  -17.8540  5.2700  623
77964  -48.2370  -2.5370  -16.0340  624    80975  -11.0170  -40.9490  33.9360  624
77974  -43.5300  -3.3530  -16.7890  626    80921  -9.1860  -4.7590  -33.6580  626
77975  -43.9790  -2.6850  -16.4320  627    80922  -44.0050  -1.7800  37.1270  627
77989  -44.9460  -2.3570  -18.0630  632    81519  -14.6310  -18.5740  51.9670  632
77993  -44.3040  -3.2400  -19.1560  633    81518  -9.5930  69.9260  16.2250  633
79011  -45.0800  -2.3090  -10.8350  635    34711  -26.7280  -45.2140  42.9140  635
79013  -46.6980  -2.3170  -10.6930  637    34734  -44.6490  -24.7780  8.7310  637
79014  -47.4270  -2.3910  -10.8670  638    34779  -49.3950  -53.5800  -2.5900  638
79018  -43.7080  -2.5860  -11.7090  640    34147  -36.1170  -67.5560  10.7950  640
79020  -44.9030  -1.6760  -11.3510  642    34216  -45.4710  40.4220  9.7760  642
79025  -49.1690  -1.6580  -11.7270  647    34820  -50.0490  46.5010  -19.8880  647
79026  -49.5840  -1.1940  -11.9390  648    34837  -14.2850  -52.9160  -3.3140  648
79032  -43.6750  -2.2740  -12.3310  649    34148  -15.2370  -55.9140  -2.1820  649
79033  -44.2640  -1.8360  -12.0420  650    34149  -38.5230  58.8160  -1.4890  650
79036  -49.7160  -1.4620  -12.1940  653    34838  -11.0660  -48.7550  5.1680  653
79046  -43.9190  -1.9150  -12.8360  654    35698  -43.2680  -41.8890  2.0930  654
79058  -44.1780  -1.3270  -13.8390  658    37757  -34.0960  -2.4840  2.4610  658
79059  -49.4200  -1.6410  -14.0470  659    38294  -6.3620  -3.6580  57.4880  659
79072  -49.3130  -1.1930  -14.8330  663    39109  -20.9310  -2.9420  55.2280  663
79081  -43.3620  -2.4640  -14.8940  665    39035  -11.0040  73.8020  -13.1760  665
79082  -43.8820  -1.9490  -15.1480  666    39036  -20.3210  66.2610  -29.3480  666
79083  -49.1620  -1.2360  -15.9320  667    40955  -56.7850  19.9150  14.8330  667
79091  -44.5000  -1.8520  -16.1560  668    39802  -7.2660  -41.2410  -0.2300  668
79092  -45.1100  -1.3720  -16.5940  669    40843  -24.2140  -47.0660  20.8320  669
79093  -49.7960  -1.3780  -16.6730  670    40954  -27.2140  11.2230  -34.6020  670
79104  -44.4530  -2.3780  -16.8480  671    40825  -41.7340  -33.0040  -8.0550  671
79105  -45.0540  -1.9180  -17.2980  672    40826  -49.6490  -19.7060  -38.4790  672
79111  -45.4700  -1.8040  -18.5790  673    42066  -7.9690  -34.4430  51.5630  673
79112  -45.8570  -1.3150  -19.0410  674    42594  -32.0780  25.1250  23.4060  674
80270  -47.1760  -0.9040  -11.2670  678    34712  -26.8420  78.5880  -22.6130  678
80271  -48.0420  -1.0060  -11.3230  679    34754  -2.6030  -16.5450  21.8300  679
80272  -48.8420  -1.0240  -11.5410  680    34797  -7.7230  38.4540  6.9470  680
80279  -45.6510  -0.4810  -11.8110  684    87368  -56.7790  -38.6680  -7.1100  684
80282  -50.0510  -0.0950  -12.7520  687    87467  -14.5720  -58.5570  -31.4060  687
80294  -44.7910  -0.6010  -12.7290  690    76278  -35.0660  -12.0350  30.1280  690
80296  -50.3730  0.1160  -13.2110  692    87472  -16.2530  -34.1030  40.9030  692
80308  -44.4310  -1.0360  -13.3800  694    37759  -20.2790  4.4570  -49.4110  694
80310  -50.1750  -0.5850  -13.3750  696    37011  -16.9300  -16.3310  22.2240  696
80311  -50.6850  0.2390  -13.8420  697    87650  -14.1680  -39.3310  39.5810  697
80320  -44.7130  -0.6210  -14.4870  699    77242  -7.4390  -11.7170  29.6800  699
80322  -49.9860  -0.4390  -14.5110  701    38275  -1.2110  -72.7040  -2.0560  701
80323  -50.8300  0.4440  -14.5330  702    87757  -8.3320  -44.3190  22.3430  702
80334  -44.4230  -1.1580  -14.7300  703    39065  -20.5400  67.6660  -29.5910  703
80335  -44.8900  -0.6060  -15.0660  704    87840  -46.4270  57.2240  -30.8860  704
80337  -50.0830  -0.2390  -15.6940  706    78284  -4.5360  80.6840  -23.0460  706
80348  -44.5570  -1.2800  -15.3980  707    39803  -56.3970  -37.4460  14.9830  707
80349  -45.1470  -0.8460  -16.0000  708    40874  -29.5260  -1.3570  52.2490  708
80351  -50.3940  -0.6020  -16.5000  710    40956  -30.0090  19.0530  -56.4450  710
80362  -45.7310  -0.8340  -17.0950  711    40919  -41.2220  1.2640  41.9350  711
80363  -46.2110  -0.4640  -17.7140  712    88290  -15.6360  -41.6620  -10.0940  712
80369  -45.6060  -1.4040  -17.8070  713    42067  -56.3890  -34.6890  -23.1780  713
80370  -46.0750  -0.9590  -18.4030  714    42654  -2.8820  -39.8560  -6.9110  714
81460  -46.9820  -0.1990  -11.6970  715    75976  -18.5540  7.0080  52.1850  715
81461  -47.8320  -0.2420  -11.5990  716    75986  -4.4300  39.6100  22.1390  716
81462  -48.6330  -0.2850  -11.6610  717    76000  -5.3530  -39.4170  45.5180  717
81463  -49.2780  -0.3510  -11.8950  718    76514  -54.4360  -21.7800  -40.0390  718
81470  -46.0160  0.1730  -12.1980  721    43503  -41.7750  47.7600  -31.6640  721
81472  -47.6100  0.4060  -12.0340  723    75977  -59.2340  13.5930  -38.9930  723
81473  -48.4440  0.4420  -11.9570  724    75993  -38.1210  -4.2040  1.2400  724
81476  -50.4670  0.6530  -13.0650  727    76531  -6.8530  47.0970  26.9750  727
81480  -45.2200  0.1320  -12.9590  728    44665  -2.7870  27.8930  14.2280  728
81483  -51.1500  1.0130  -13.6230  731    76544  -17.7730  -40.1160  -4.6790  731
81484  -51.7330  1.5170  -13.8490  732    45098  -61.2980  -21.5820  -40.0480  732
81495  -45.2570  0.3620  -13.6010  734    44666  -3.1220  27.5410  15.0110  734
81497  -51.3030  0.8910  -14.2100  736    76797  -50.3550  -13.1970  -16.4280  736
81511  -50.6880  0.3400  -15.3070  740    78283  -3.9520  -62.4860  -17.2620  740
81512  -51.4900  1.0170  -15.0000  741    47044  -5.0310  67.3160  -39.7200  741
81522  -45.5710  0.1820  -15.4480  743    77768  -6.2430  -59.3340  29.9420  743
81523  -46.1330  0.7060  -15.6680  744    36096  -28.8540  78.0500  -23.4110  744
81535  -45.8030  -0.1890  -16.4320  747    78123  -54.7190  -45.2520  -12.0770  747
81538  -51.4810  0.0950  -16.5550  750    78285  2.2970  -23.3740  -7.9580  750
81551  -46.3640  0.1950  -17.1770  752    78700  -3.9590  43.9290  -37.1340  752
81552  -46.8900  0.8220  -17.5990  753    49604  -63.6210  4.3500  -4.8460  753
81557  -46.5350  -0.1340  -18.3290  754    79065  -4.1780  75.7290  -32.5700  754
81564  -46.4580  -0.3140  -19.3280  756    79379  -18.3240  63.2890  23.3830  756
82752  -48.2430  1.1840  -12.3350  760    43530  -7.0010  -86.1790  -8.7260  760
82753  -49.0460  1.1690  -12.2150  761    43966  -39.8990  -18.7180  5.9300  761
82754  -49.7500  1.1510  -12.5110  762    43993  -0.2540  -68.5700  -22.7440  762
82755  -50.4980  1.3050  -12.9550  763    44038  -3.7240  -68.9420  -22.7150  763
82762  -46.7420  1.0330  -12.8140  766    43504  -41.2990  49.1070  -31.8600  766
82763  -47.7680  1.4400  -12.6650  767    43502  -12.5060  78.7670  -31.9000  767
82765  -51.0040  1.3420  -13.3460  769    44137  0.9530  23.6600  -12.7610  769
82767  -52.6450  2.1660  -13.9620  771    45097  -52.6750  -30.1380  7.2640  771
82773  -46.6500  1.3130  -13.3340  774    44687  -20.7770  -65.9430  -2.2700  774
82775  -52.9430  2.0680  -14.4740  776    45117  -45.1550  1.7230  -1.1200  776
82785  -45.5680  0.6780  -14.0340  777    45538  -57.5870  -30.9750  7.7310  777
82786  -46.1400  1.1230  -14.3410  778    45347  -31.1660  7.7480  42.6880  778
82788  -52.2210  1.5840  -14.8620  780    45860  -3.0530  66.1580  -38.0340  780
82789  -53.1480  2.1040  -15.2290  781    1798  -6.9350  -67.6850  -20.3800  781
82799  -45.6570  0.6350  -14.6780  782    46944  -33.6200  47.5070  -36.9420  782
82800  -46.1840  1.0270  -15.1750  783    46964  -7.7190  43.6210  27.2090  783
82802  -52.7790  1.8000  -15.8380  785    47043  -29.7430  54.0910  19.3850  785
82803  -53.3830  2.2270  -15.9320  786    3116  -32.4050  37.9370  -40.2880  786
82813  -47.0560  1.7340  -16.4120  788    4336  -46.3970  -61.6160  -22.2220  788
82814  -51.9510  0.7530  -16.3320  789    48151  -7.9320  -4.9340  40.4990  789
82816  -53.7490  1.6160  -16.5610  791    30226  -7.5900  10.4560  39.5850  791
82826  -46.5240  0.7830  -16.5650  792    39672  -20.0620  61.0230  19.0840  792
82837  -47.2890  1.1460  -19.1070  795    49977  -20.1540  -85.9790  -22.5340  795
84096  -49.6180  1.8600  -12.5090  798    43967  -25.1150  -14.4790  -25.6070  798
84097  -50.3490  1.9240  -12.7890  799    44018  -8.4920  48.5140  -33.0390  799
84107  -49.3550  2.4040  -12.7430  804    89186  -42.2300  57.6270  -36.2180  804
84109  -50.9370  2.5970  -13.1440  806    89192  -5.9210  -79.3790  4.8500  806
84110  -51.7200  2.4860  -13.3310  807    44120  -11.5900  -86.3110  -8.9670  807
84111  -52.6810  2.6050  -13.6530  808    45131  -5.3940  61.9240  8.7130  808
84116  -46.9570  1.7080  -13.8090  810    477  -33.9460  23.3060  41.1200  810
84118  -53.4180  2.6230  -14.1980  812    709  -0.6480  14.9910  -15.6240  812
84126  -47.1020  2.0310  -14.5550  815    478  -34.2140  24.4710  39.7630  815
84127  -53.5820  2.5390  -14.8970  816    710  1.5790  20.1360  -15.7410  816
84138  -47.1810  2.1940  -15.1760  819    1718  -14.3950  61.5430  -8.6720  819
84140  -54.4120  2.8830  -16.0870  821    1797  -7.6630  41.7050  15.8670  821
84141  -55.0970  2.8660  -16.6000  822    3150  -63.5720  -25.7810  10.3660  822
84153  -47.2350  2.1820  -15.9390  824    3084  -26.9190  25.5590  -33.6050  824
84155  -54.5760  2.2850  -16.5470  826    3134  -46.6430  26.8150  -34.8390  826
84169  -47.5980  2.1090  -17.7210  828    5150  -5.3680  47.2930  13.6510  828
84170  -47.8840  2.5330  -18.3400  829    5167  -36.7050  1.9270  20.8920  829
84176  -47.7080  1.9020  -18.7260  830    5543  -23.5530  69.2550  -5.1380  830
84177  -48.0000  2.6380  -19.1510  831    5568  -44.3600  61.4860  -12.0430  831
84182  -47.8960  2.8640  -20.0480  832    6232  -24.7510  -7.9350  -43.5300  832
85352  -48.3700  2.5590  -13.5150  833    82707  -47.0180  31.5740  16.6840  833
85353  -49.1010  2.8480  -13.2190  834    82714  -13.6350  3.1710  47.2360  834
85354  -49.8670  3.0600  -13.1410  835    82728  -7.1140  16.6230  -32.3940  835
85356  -51.6640  3.2790  -13.3600  837    82739  -54.9310  -45.4590  -23.9120  837
85357  -52.5850  3.2920  -13.4490  838    82753  -33.2480  68.4690  5.7450  838
85358  -53.6330  3.3410  -13.8400  839    82781  -41.9160  -14.8310  17.4240  839
85359  -54.1550  3.7720  -13.9960  840    48103  -11.3740  11.5830  22.2470  840
85366  -47.6690  2.4420  -14.3710  841    479  -34.4530  28.6690  -55.7000  841
85368  -48.9390  3.2910  -13.8450  843    82708  -17.2960  -76.9720  -10.8250  843
85369  -49.6480  3.4970  -13.5840  844    82721  -59.1380  -31.7470  15.8580  844
85372  -54.5290  3.6210  -14.7800  847    708  -0.6560  14.3450  -15.7830  847
85373  -55.3220  4.0910  -15.1590  848    83076  -53.7740  -30.4990  14.8050  848
85379  -47.6400  2.6480  -14.9310  849    511  -6.5800  44.0330  -34.5760  849
85381  -54.8560  3.3710  -15.7960  851    752  -17.7850  -49.3680  33.5020  851
85382  -55.6360  4.0480  -15.8190  852    83077  -47.2360  -27.7250  -36.0600  852
85390  -47.7800  3.0370  -15.5370  853    1756  -20.1920  -24.4090  35.2810  853
85393  -55.4700  3.4370  -16.4030  856    3245  -2.3510  -2.5270  32.1570  856
85405  -47.8410  3.1900  -16.4190  857    3103  -27.7590  -16.8770  50.2160  857
85412  -47.8450  2.8790  -17.3600  859    4678  -26.2960  -29.6400  45.9340  859
85425  -48.3220  3.4150  -19.4990  863    6011  -38.6160  19.6250  -22.2190  863
86502  -50.9880  3.9960  -13.5550  864    47715  -11.4530  6.1230  54.7690  864
86504  -52.3800  3.9510  -13.5980  866    47734  -36.0720  7.2830  -19.8190  866
86505  -53.2760  3.9530  -13.6430  867    47778  -49.0280  31.0370  -7.7480  867
86512  -49.3970  4.1170  -14.2020  871    48258  -43.1080  34.2370  -42.7310  871
86513  -50.3740  4.0990  -13.7710  872    47714  -38.7700  -5.9490  27.4320  872
86515  -52.1510  4.5650  -13.8430  874    47716  -34.7920  5.8560  -19.7690  874
86516  -53.1170  4.5890  -13.7850  875    47755  -0.6580  -5.6780  -23.3960  875
86517  -54.2100  4.2990  -13.9250  876    47793  -39.0150  25.2810  15.8090  876
86518  -55.1400  4.3510  -14.6380  877    48843  -4.4040  46.2680  -4.8660  877
86524  -48.4910  3.5500  -14.6830  878    48257  -43.0000  33.3550  -42.2840  878
86527  -55.8270  4.5150  -15.2320  881    49030  -34.8960  54.8870  16.8980  881
86528  -56.5040  4.6780  -15.7560  882    49730  -2.7660  -51.0880  -16.9010  882
86536  -48.3180  3.8290  -15.3970  884    49633  -2.8420  -28.6090  25.8450  884
86549  -48.0250  3.5370  -15.8090  886    50526  -15.2130  16.8510  44.2510  886
86556  -48.2690  4.3040  -16.8640  888    51438  -53.0280  -23.5230  33.8880  888
86561  -48.4370  4.3760  -17.7340  889    52435  -21.3240  52.4560  13.5470  889
86562  -48.7110  4.8760  -18.3290  890    52437  -16.4570  57.2810  20.6130  890
86568  -48.6680  4.1640  -18.8080  891    52436  -20.5750  53.7340  13.8470  891
86569  -48.9390  4.9460  -19.1380  892    52448  -58.7130  -11.7040  -31.9560  892
86575  -48.6560  4.2550  -20.0910  893    53036  -14.5890  -55.5790  -15.1670  893
86576  -48.9740  5.1030  -20.0130  894    53057  -39.8240  -42.9390  -38.6690  894
87681  -50.8340  4.9260  -14.2050  897    48699  -37.8880  44.3110  25.0020  897
87683  -52.8230  5.3370  -14.1350  899    48770  -25.9760  -51.3460  -15.8140  899
87684  -53.9070  5.1660  -14.0410  900    48802  -54.8250  -13.4610  26.8010  900
87685  -54.8520  4.9800  -14.2480  901    48832  -45.7790  -3.2780  41.3460  901
87689  -49.3870  5.0410  -14.9060  903    49634  -47.2760  -26.2230  -41.9350  903
87690  -50.3570  5.4300  -14.6870  904    87942  -13.1550  -36.1360  11.2450  904
87691  -51.2760  5.6390  -14.5600  905    87949  -27.2450  58.0050  -28.3130  905
87692  -52.1770  5.8330  -14.4840  906    87957  -18.5340  -44.6040  21.7380  906
87695  -56.3780  5.2090  -15.0470  909    49711  -34.7070  -6.1410  24.1170  909
87702  -48.7690  4.9690  -15.6740  911    50527  -51.9310  24.8000  12.2710  911
87703  -49.3450  5.6610  -15.5460  912    80006  -3.9550  72.4770  1.3330  912
87714  -48.4440  4.7390  -16.3760  913    51439  -52.1580  -23.1590  -9.9470  913
87723  -48.6980  5.7350  -17.3970  916    88281  -14.6240  -41.6410  -10.0400  916
87734  -49.1400  5.7100  -19.4160  919    52824  -29.2910  63.0880  15.0850  919
88916  -53.6860  5.9000  -14.4060  920    79790  -5.1740  -77.7930  6.7270  920
88917  -54.6150  5.6670  -14.3750  921    79797  -13.1580  -14.6290  26.7690  921
88924  -50.8300  6.1130  -15.0940  924    80007  -27.5930  -41.3760  37.3430  924
88925  -51.7120  6.3020  -14.8970  925    80021  -2.4880  -69.6760  14.9200  925
88927  -53.3710  6.6810  -14.8920  927    45522  -49.5690  -1.9780  -12.0190  927
88928  -54.3640  6.4290  -14.6630  928    79791  -37.3390  36.6220  -51.7760  928
88929  -55.5230  6.0320  -14.6200  929    79808  -28.7330  55.4050  23.7560  929
88930  -56.5400  6.0600  -14.9840  930    80208  -55.9990  -8.5520  19.5840  930
88934  -49.1140  5.9490  -16.1290  931    80328  -45.0900  -58.6220  6.0850  931
88935  -49.6800  6.2670  -15.8500  932    46556  -27.7320  16.5620  -31.7040  932
88937  -51.2840  6.7520  -15.4160  934    46577  -48.2400  -27.1410  -38.7360  934
88948  -48.9990  6.4110  -16.9030  937    80329  -28.2510  71.2080  -0.1500  937
88949  -49.5230  6.6010  -16.3730  938    46557  -26.6460  38.4820  -7.5180  938
88957  -49.0120  6.3950  -17.7980  940    80686  -45.4780  10.3720  -36.1230  940
88964  -49.2690  6.3870  -18.7480  941    80902  -43.0560  -4.8790  33.1910  941
90161  -54.9230  7.0220  -14.9460  944    45543  -52.3110  -16.7670  -42.4130  944
90162  -55.8930  6.9010  -14.9950  945    45679  -36.0390  -64.0350  -36.4990  945
90172  -53.1180  7.4020  -15.6410  949    45523  -40.0580  -0.5770  38.8350  949
90173  -54.3650  7.6030  -15.5170  950    45521  -33.5580  -3.7580  49.4330  950
90184  -49.1430  6.7910  -17.0150  951    48118  -34.4850  -66.3070  -4.5440  951
90187  -51.2210  7.5710  -16.3890  954    46555  -28.2250  17.6880  -31.0570  954
90188  -52.1570  7.8000  -16.3470  955    46601  -36.7440  5.4030  -16.2140  955
90189  -52.8900  8.0140  -16.4200  956    46635  -40.8620  50.9550  6.7430  956
90196  -49.7830  7.3630  -17.4180  958    48117  -39.3430  39.8890  -8.7110  958
90197  -50.4220  7.6280  -17.3020  959    48135  -30.1580  15.7180  -33.0780  959
90204  -49.4800  7.0570  -18.1670  960    48803  -64.9840  -12.2400  -30.8940  960
90205  -49.9330  7.5800  -18.1510  961    48814  -3.5500  -70.7840  -29.9430  961
90214  -49.6490  7.0540  -19.1630  962    49668  -19.6330  -53.3360  -17.2000  962
91296  -53.9290  8.1350  -16.1090  964    46655  -42.0660  -68.9370  -26.6470  964
91308  -50.8670  7.7340  -16.9800  965    48154  -27.4130  29.7830  -7.8980  965
91310  -52.4450  8.3230  -16.9470  967    48247  -46.8740  -6.1540  -22.1230  967
91311  -53.4060  8.6170  -16.7760  968    48277  -47.9610  -6.3190  -21.6720  968
91323  -51.0250  8.1390  -17.8200  970    48216  -34.1800  -19.0930  -0.2530  970
91324  -51.9580  8.5620  -17.6290  971    87549  -53.6910  -36.7750  14.4370  971
91325  -52.7820  8.9020  -17.4940  972    87557  -54.7300  -36.9230  14.0980  972
91332  -49.8990  7.5040  -18.7150  973    49635  -5.2020  -20.7460  51.9740  973
91333  -50.3730  8.1490  -18.7110  974    49648  -27.5950  38.4430  -14.9070  974
91334  -51.0570  8.6780  -18.6810  975    87682  -2.3160  -34.2590  37.2380  975
92445  -51.6560  8.8610  -18.3730  976    74198  -36.8900  2.2450  -41.4880  976
