45057  46.5250  -28.0740  -0.8180  1    87816  4.8460  -62.7260  -5.9390  1
45058  45.9630  -27.8100  -1.0720  2    71465  34.1170  25.0200  21.4500  2
45077  47.4500  -28.2350  -1.7080  3    88074  9.2490  -42.3790  -15.8780  3
45078  46.4040  -27.8490  -1.8680  4    88124  8.5990  69.6040  21.6950  4
45084  47.4300  -28.0300  -2.6950  6    88152  22.4660  12.1650  41.0670  6
45085  46.6600  -27.7190  -2.9370  7    71925  28.8010  -73.0690  8.3090  7
45089  48.2770  -28.1270  -3.5020  8    87956  21.4190  -84.0540  -28.5530  8
45090  47.3850  -27.8190  -3.6180  9    87619  18.6230  72.2600  0.3200  9
45091  46.6640  -27.5500  -3.7210  10    72223  54.6070  8.1040  -56.6100  10
45095  49.0980  -28.1930  -4.3570  11    86172  25.2380  81.1850  -2.3970  11
45096  48.0820  -27.8540  -4.4010  12    87827  10.0320  -45.0970  32.2410  12
45097  47.1350  -27.5420  -4.4550  13    87620  53.9360  -39.2200  12.9300  13
45106  49.9080  -28.1090  -5.1990  15    86171  24.7420  81.1480  -3.5690  15
45107  48.7680  -27.7610  -5.3560  16    88320  24.2150  -50.0700  43.3920  16
45108  47.7590  -27.5720  -5.0980  17    88326  18.6010  -24.6600  30.6810  17
45109  47.2580  -27.4400  -5.0240  18    72656  60.9410  -41.8900  -19.6090  18
45115  52.9450  -28.2400  -6.3640  19    88444  26.4080  69.6990  15.5440  19
45116  51.7330  -28.0110  -6.3840  20    88448  25.9760  5.7510  45.8870  20
45117  50.5360  -27.8910  -6.0450  21    88452  46.5150  24.1050  30.6440  21
45118  49.5480  -27.6910  -5.9610  22    88457  35.8380  -17.1470  38.6120  22
45119  49.0080  -27.5640  -5.9580  23    73428  6.6250  -12.7740  35.4270  23
45122  58.8770  -28.5940  -7.8500  24    47646  30.9210  47.0730  -22.4080  24
45126  54.5680  -28.1440  -7.2230  25    88519  55.7400  -45.5830  6.7580  25
45127  53.4840  -27.9710  -7.0930  26    88527  57.9370  -22.3120  29.6010  26
45128  52.4940  -27.8490  -7.0020  27    88576  39.1710  5.6310  44.9660  27
45129  51.9300  -27.7600  -6.9770  28    73388  47.2380  -34.3660  34.5050  28
45135  60.3500  -28.7800  -8.5730  29    48352  7.7460  -58.4320  2.1960  29
45136  59.3890  -28.5890  -8.4370  30    48759  27.0030  69.7870  -6.5390  30
45137  58.2580  -28.3960  -8.6650  31    88640  26.4900  -17.8250  -18.9330  31
45138  57.2730  -28.4020  -8.0770  32    88642  26.7260  -18.4890  -18.1430  32
45139  56.6300  -28.3380  -7.7520  33    88644  30.9330  20.8420  -64.8440  33
45149  60.7610  -28.5030  -9.3380  34    88767  39.2570  -30.0890  37.9070  34
45150  59.8530  -28.4610  -9.2750  35    88772  38.3250  22.8890  -19.6030  35
45151  59.0360  -28.3110  -9.2340  36    88777  41.4260  -66.1490  2.3420  36
46173  45.0050  -27.1800  1.3630  37    70021  38.3820  37.3450  -50.5390  37
46191  45.7490  -27.8280  0.2380  38    70921  9.1570  -36.6550  -5.3710  38
46192  44.6380  -26.9330  0.4180  39    70940  50.8750  32.3090  5.0100  39
46193  44.3820  -26.5480  0.0520  40    6449  15.4210  -75.5870  -13.4490  40
46209  45.4690  -27.4700  -1.8610  45    71737  58.8480  5.5510  -39.9440  45
46210  44.7330  -26.9790  -1.4100  46    7127  56.8290  5.8740  26.8060  46
46215  45.4660  -27.2640  -2.7330  48    71926  12.0520  -66.2850  12.9520  48
46221  45.3730  -27.0350  -3.5050  51    8484  46.4040  22.9410  -42.8880  51
46227  46.4050  -27.1960  -4.5810  54    72490  51.4450  -30.4810  32.9060  54
46233  48.0230  -27.4160  -5.7800  57    73106  21.2980  -7.1580  48.9130  57
46235  46.3370  -26.9130  -5.3430  59    9671  45.0440  -0.0170  16.9790  59
46241  50.8640  -27.5670  -6.8030  62    73390  24.1530  -9.9540  33.1480  62
46242  49.9410  -27.4570  -6.6780  63    73408  38.1790  -1.3540  -50.5980  63
46245  47.5050  -27.0790  -6.2150  66    73105  29.0950  -24.5230  42.0450  66
46251  55.5650  -28.0580  -8.1700  68    73899  45.9640  -31.7110  -7.2800  68
46252  54.8730  -28.0010  -8.0660  69    73910  23.3080  52.2570  -28.9080  69
46253  53.8570  -27.7600  -7.9040  70    73926  38.0150  42.0290  5.7920  70
46254  52.8470  -27.6370  -7.7160  71    73948  8.7270  66.4910  18.7180  71
46256  51.0470  -27.3740  -7.4480  73    73389  61.1320  -33.7140  -20.9740  73
46257  50.2640  -27.2240  -7.3240  74    73400  29.1820  -63.7170  25.1930  74
46258  49.3150  -27.0190  -7.4170  75    73418  51.6720  57.0640  -26.2120  75
46259  48.3670  -27.0050  -7.0940  76    73589  46.4350  55.2790  7.0140  76
46265  57.7940  -28.0930  -9.3050  79    74520  36.9580  -54.4890  10.7900  79
46266  57.2410  -28.1310  -8.9640  80    74539  29.3470  12.8020  44.4110  80
46267  56.2550  -28.0680  -8.4840  81    73900  5.9340  -29.1350  31.1990  81
46268  55.2410  -27.8190  -8.7050  82    73901  44.7360  -25.5730  -5.6180  82
46269  54.1590  -27.5240  -8.8710  83    73918  23.5160  -44.9640  9.0200  83
46270  53.1040  -27.4170  -8.5190  84    73936  45.0730  36.0170  -42.4750  84
46271  52.1480  -27.3150  -8.2980  85    73964  8.0190  -36.7580  -8.9470  85
46272  51.2380  -27.1920  -8.1160  86    74150  14.5980  -8.3350  -27.1260  86
46278  61.1260  -28.1170  -10.0080  89    75020  43.7190  52.0570  -32.1280  89
46279  60.2450  -28.1350  -9.9930  90    75042  45.7460  -30.1220  27.4550  90
46280  59.3610  -28.0280  -9.8990  91    75065  8.0270  15.4840  10.4100  91
46281  58.3170  -27.8780  -9.8080  92    74521  24.1350  79.2870  -30.8360  92
46282  57.3640  -27.7680  -9.6740  93    74522  33.3230  -2.6430  -1.6940  93
46283  56.5280  -27.7330  -9.4460  94    74550  10.4560  -64.4280  20.7770  94
46284  55.6560  -27.6360  -9.3010  95    74578  8.8210  -63.7930  20.4610  95
46285  54.8840  -27.5240  -9.3000  96    74598  27.7390  12.1420  44.3650  96
46292  61.5330  -27.6060  -10.5270  97    75010  8.1840  40.7340  2.1250  97
46293  60.6300  -27.6040  -10.5400  98    75029  7.3190  9.5800  48.4230  98
46294  59.7520  -27.6220  -10.5160  99    75051  59.0550  -12.2690  30.8800  99
46295  58.9710  -27.5850  -10.4160  100    75078  23.7240  -18.7630  -15.9700  100
47215  44.4220  -26.2940  1.4040  101    5491  14.0090  54.7110  25.5400  101
47237  44.3750  -26.4010  -2.0000  107    7638  18.2240  35.1810  -40.1550  107
47243  44.7010  -26.4890  -3.2050  109    8214  5.8330  -37.9080  13.4710  109
47249  44.6830  -26.0610  -4.3070  111    8483  38.8060  14.8230  -13.4550  111
47255  45.4850  -26.5140  -5.1070  113    9079  3.3220  20.6800  -23.2930  113
47256  44.7250  -25.7030  -5.2840  114    9104  13.2580  16.4940  20.5150  114
47261  46.0100  -26.5040  -6.0120  115    9672  5.6110  1.3200  15.1430  115
47262  45.2350  -25.8240  -6.1680  116    9691  50.4570  12.8850  9.2300  116
47269  48.9850  -26.6830  -7.9270  118    11379  39.6650  33.6550  -25.0610  118
47271  47.6380  -26.6400  -7.5030  120    11381  6.7370  54.4510  16.3590  120
47272  46.6210  -26.4160  -7.0890  121    10630  50.5680  -3.4600  -31.6760  121
47273  45.8230  -26.1200  -6.6360  122    10631  49.7090  -2.6780  -31.5690  122
47280  53.7690  -27.2180  -9.4660  123    12523  7.0200  18.8060  -35.5310  123
47281  53.2220  -27.1700  -9.2770  124    12525  33.0100  -64.3460  -9.6490  124
47282  52.3430  -27.0500  -9.0450  125    12562  25.3930  9.2470  -29.0180  125
47283  51.4300  -26.8730  -8.8260  126    12611  5.2830  -49.8420  11.2190  126
47284  50.5150  -26.6980  -8.5780  127    12658  29.6490  -42.2800  39.6610  127
47285  49.5400  -26.6280  -8.2190  128    12701  44.8000  15.3120  17.7640  128
47287  47.7040  -26.2880  -8.3080  130    11380  25.9030  -75.2440  -16.6720  130
47288  47.1420  -26.3650  -7.8090  131    11402  18.9350  -58.9700  -30.9050  131
47294  57.5320  -27.4140  -10.2960  132    13387  52.8780  39.8790  13.0410  132
47295  56.7410  -27.3280  -10.1670  133    13407  47.8000  -12.4600  36.1030  133
47296  55.9010  -27.2910  -9.9600  134    13797  47.6830  25.5050  -6.1870  134
47297  55.0830  -27.2920  -9.8450  135    13849  45.1100  31.3760  -11.3210  135
47299  53.4360  -26.8850  -9.9620  137    12524  28.9580  42.5480  -27.2240  137
47300  52.5450  -26.7590  -9.7210  138    12545  10.5420  -82.3050  -15.0570  138
47301  51.6480  -26.5570  -9.5390  139    12587  22.1980  -54.8780  1.1870  139
47302  50.6930  -26.3580  -9.3500  140    12629  11.0540  43.4150  -36.2810  140
47303  49.7110  -26.2340  -9.1050  141    12679  61.9960  -5.4780  4.7200  141
47304  48.7790  -26.2050  -8.8840  142    12712  54.4500  -49.5140  10.2310  142
47309  61.8510  -27.1160  -10.9950  144    15062  33.4670  25.3990  -6.3380  144
47310  61.0120  -27.0720  -11.0660  145    15087  35.5650  60.7140  -13.9080  145
47311  60.0970  -27.1130  -11.0900  146    15125  40.9620  28.2850  2.1570  146
47312  59.1950  -27.1790  -11.0110  147    15165  24.8900  69.4950  -24.0510  147
47313  58.2080  -27.2180  -10.8010  148    13388  9.0400  -66.4190  -25.8790  148
47314  57.0100  -26.8530  -10.9800  149    13389  27.9990  43.1980  -36.9690  149
47315  56.0590  -26.9530  -10.6320  150    13768  39.8530  54.4130  14.8360  150
47316  55.2630  -26.9970  -10.4280  151    13826  36.4280  -48.9790  27.0250  151
47317  54.5030  -26.9790  -10.2760  152    13874  24.9400  47.2120  18.9080  152
47326  62.5680  -26.7240  -11.3420  154    15063  42.7750  29.8780  3.2210  154
47327  61.4970  -26.6120  -11.5610  155    15064  32.1040  29.5240  -11.5090  155
47328  60.4670  -26.5510  -11.7620  156    15103  17.3960  61.3550  -14.8730  156
47329  59.5050  -26.7480  -11.6530  157    15142  25.2780  68.5770  -23.2170  157
47330  58.6110  -26.8310  -11.5630  158    15513  39.3950  42.7960  -28.2440  158
47331  57.7820  -26.7930  -11.4900  159    15548  27.9890  18.9630  -31.2980  159
47339  63.0050  -26.1650  -12.1060  160    16334  8.0120  54.4700  12.6860  160
47340  61.9810  -26.1400  -12.0830  161    16357  6.9170  -45.7020  -15.6730  161
47341  61.1260  -26.1980  -12.1630  162    16830  29.7090  12.7270  -61.5220  162
48304  44.5440  -25.5070  2.1510  163    5431  16.0630  -25.5620  12.1380  163
48308  44.5390  -25.3210  1.3230  164    5512  49.5420  -42.8360  21.5110  164
48309  44.3740  -25.5930  0.7190  165    6428  47.0490  35.0270  -40.3500  165
48320  44.2740  -25.6460  -0.6510  168    6634  0.6790  31.3980  -0.2900  168
48326  44.1910  -25.6590  -1.4740  169    7147  54.4310  -17.5610  21.2410  169
48331  44.2150  -25.6120  -2.4870  170    7663  12.1460  -12.6640  49.1020  170
48337  44.3260  -25.4490  -3.5460  171    8232  53.4040  48.8870  -2.3420  171
48342  44.3600  -25.1880  -4.5630  172    8632  3.0780  6.4480  -26.1130  172
48347  44.4290  -24.8890  -5.5460  173    9489  41.3560  -58.4640  -31.1630  173
48352  45.1140  -25.4290  -6.7030  174    10668  14.8450  -1.7520  -39.3990  174
48353  44.7630  -25.0880  -6.4150  175    10110  41.4130  -1.1030  17.1390  175
48358  46.1510  -25.8800  -7.6770  176    11440  20.8620  -41.7260  39.1140  176
48359  45.5340  -25.6210  -7.2020  177    10707  43.4670  -48.9330  30.0970  177
48366  47.2020  -25.9170  -8.7380  179    13100  6.1150  63.3640  -26.5200  179
48367  46.6680  -25.9440  -8.2250  180    11489  38.6600  -17.6710  20.3200  180
48368  45.8630  -25.4490  -8.1200  181    83259  25.3650  80.6430  -16.9570  181
48376  53.2160  -26.6490  -10.4120  182    14253  11.2880  64.3830  -27.8020  182
48378  51.9270  -26.3210  -10.1900  184    14304  5.6100  22.4690  12.2360  184
48379  50.9740  -26.0080  -10.1090  185    14345  61.7790  21.6400  12.0170  185
48380  49.9060  -25.8020  -9.9430  186    14395  43.5490  -15.0680  46.2650  186
48381  48.8450  -25.7890  -9.6690  187    14441  42.9780  -53.2580  -0.6480  187
48382  47.7860  -25.8300  -9.2220  188    13145  43.4000  47.3850  19.9980  188
48383  46.6970  -25.5280  -9.1200  189    83402  15.6970  31.5410  -40.1740  189
48384  46.1500  -25.4130  -8.7260  190    57833  28.2620  23.1100  -31.4540  190
48394  56.5390  -26.5880  -11.5250  191    15608  22.1800  -13.4540  41.8990  191
48396  55.3470  -26.6760  -10.9910  193    15655  40.2660  -6.5870  4.3100  193
48397  54.6480  -26.7310  -10.8020  194    15693  42.9760  -43.0970  10.8650  194
48400  52.2780  -26.2710  -10.7400  197    58407  44.1010  63.0860  -2.7840  197
48401  51.4120  -25.9180  -10.7890  198    81257  11.3070  -38.0260  23.9220  198
48402  50.2130  -25.4570  -11.0080  199    79062  48.2930  -53.1340  -5.9320  199
48403  48.9790  -25.3900  -10.6050  200    79738  67.1320  3.6750  3.9320  200
48404  47.9380  -25.4200  -10.2930  201    83749  6.4990  20.5060  -25.4780  201
48405  46.9590  -25.2840  -10.0010  202    83756  35.9520  -25.7330  -35.7290  202
48412  59.7090  -26.3700  -12.2410  203    16856  33.1640  30.2970  -16.3250  203
48413  58.9230  -26.4840  -12.2340  204    16876  32.8960  31.5800  -16.2880  204
48414  58.0200  -26.5890  -12.1770  205    16947  6.6520  -53.7190  -3.8330  205
48415  57.0200  -26.5520  -11.9550  206    15627  27.1490  64.4780  -28.3930  206
48416  56.0380  -26.4590  -11.9440  207    83984  58.9940  -16.8380  1.8860  207
48417  55.2470  -26.5320  -11.6490  208    59650  6.9980  51.4370  -4.4830  208
48420  49.7340  -25.4290  -12.0210  211    79063  36.1930  -34.4170  26.6180  211
48421  48.9640  -25.3070  -11.6080  212    79737  6.4120  -0.0200  33.2930  212
48422  48.0200  -25.2380  -11.2760  213    84076  34.3860  48.2610  -22.0510  213
48423  47.0920  -25.1020  -10.9830  214    84087  23.1430  -61.3780  14.4970  214
48429  64.5270  -25.6210  -12.7490  215    17838  22.0130  -6.8130  -37.2380  215
48430  63.4360  -25.6730  -12.8160  216    17871  29.1210  42.0830  -30.5980  216
48431  62.3700  -25.7070  -12.7770  217    17914  29.0040  17.8430  -64.8590  217
48432  61.3690  -25.7950  -12.7700  218    17954  43.8330  -32.7090  -25.8540  218
48433  60.3380  -26.0020  -12.6860  219    16893  36.1730  18.8410  -64.7820  219
48434  59.2950  -26.1000  -12.8690  220    84245  28.6240  -18.1590  -39.3320  220
48435  58.3690  -26.3320  -12.9260  221    84253  23.1640  -6.9850  47.3150  221
48436  57.3780  -26.4430  -12.8730  222    84258  39.4250  0.4310  -38.9620  222
48437  56.3050  -26.4750  -12.7770  223    84264  33.4280  -5.3410  -28.2170  223
48438  55.0330  -26.4960  -12.5690  224    84270  42.3390  7.3430  33.3310  224
48439  53.8080  -26.4140  -12.8960  225    84615  46.2730  -57.9650  -10.9870  225
48440  52.7760  -26.3190  -13.0470  226    84629  42.0160  17.7140  11.4880  226
48441  51.8280  -26.2270  -13.1400  227    84657  9.5410  -78.6190  -22.2860  227
48443  50.2880  -25.7850  -13.1450  229    84340  22.5920  20.3690  -29.6920  229
48445  48.8560  -25.4970  -12.5260  231    84341  25.5430  -49.0050  2.8460  231
48446  48.0350  -25.4160  -12.1890  232    84361  6.8380  30.5470  -38.9010  232
48447  47.1520  -25.3230  -11.9420  233    84412  29.7360  68.7010  -13.7700  233
48454  65.0990  -25.1990  -13.3020  234    84507  13.2450  -55.3310  -19.2300  234
48455  63.9230  -25.0870  -13.5960  235    84515  28.3410  -16.1850  33.0440  235
48456  62.7510  -25.2660  -13.5090  236    84521  67.9450  -12.1240  2.7930  236
48457  61.7250  -25.3790  -13.4820  237    84530  64.7080  -9.0600  -5.5180  237
48458  60.7260  -25.5430  -13.5300  238    84536  42.6880  -56.6740  -12.8870  238
48459  59.7200  -25.7430  -13.5980  239    84539  12.5940  -40.3750  31.9260  239
48460  58.7580  -26.0230  -13.6780  240    84546  11.7460  -40.4090  32.0250  240
48461  57.7850  -26.2800  -13.7260  241    84551  51.4440  -20.8490  -4.8100  241
48462  56.7280  -26.3920  -13.7050  242    84574  14.0240  -85.8170  -20.0580  242
48463  55.5970  -26.4370  -13.6460  243    84582  6.5770  28.0440  -25.2920  243
48464  54.4430  -26.4040  -13.6630  244    84611  6.4430  -6.3680  21.6730  244
48465  53.3520  -26.3050  -13.7580  245    84622  45.3840  -57.7610  -12.7970  245
48466  52.3360  -26.2510  -13.8360  246    84651  52.9440  -23.8780  7.9310  246
48467  51.3880  -26.1100  -13.8700  247    84716  61.2170  -37.5840  7.0360  247
48468  50.5310  -25.8400  -13.8340  248    84732  42.4990  -59.7590  -9.6050  248
48470  48.8170  -25.5910  -13.4570  250    84823  10.6890  -45.8230  32.6620  250
48471  47.9860  -25.5150  -13.0880  251    84827  13.2820  -22.4090  55.9020  251
48479  63.6640  -24.7370  -14.1300  253    61390  20.9830  55.6210  27.6270  253
48481  62.0590  -24.9520  -14.1540  255    84970  10.4650  -5.6430  -29.6910  255
48482  61.1320  -25.1320  -14.2210  256    85054  65.2010  -23.8210  5.3880  256
48483  60.1020  -25.2910  -14.4660  257    85060  65.9190  -23.7180  5.0320  257
48484  59.1100  -25.6080  -14.4150  258    85068  14.6260  80.6600  -33.9760  258
48485  58.1860  -25.9220  -14.5080  259    85073  39.7630  -61.0590  10.6110  259
48486  57.1650  -26.1260  -14.5930  260    85080  11.8140  -83.6800  -6.3560  260
48487  56.0670  -26.2240  -14.5940  261    85086  11.1470  -83.4730  -7.3620  261
48488  54.9630  -26.2590  -14.5550  262    85092  39.9190  -58.1280  -11.1770  262
48489  53.8870  -26.1910  -14.5570  263    85096  12.5880  -84.5170  -21.0980  263
48490  52.8510  -26.1100  -14.5900  264    85120  3.9760  -5.3130  -29.6160  264
48491  51.8590  -25.9800  -14.6100  265    85128  7.4400  66.1020  -22.9650  265
48493  49.9560  -25.5880  -14.5600  267    85178  43.8790  -6.7070  17.3250  267
48494  48.9520  -25.5020  -14.4140  268    85185  63.0050  3.6880  -22.0500  268
48495  47.8090  -25.3980  -14.1960  269    85189  45.7840  7.6280  28.7300  269
48496  47.1890  -25.3380  -13.4520  270    85253  9.8400  76.5520  -9.6560  270
48502  59.3220  -25.2070  -15.0640  271    85418  32.1080  -16.1880  30.8360  271
48503  58.5390  -25.4510  -15.1840  272    85422  38.3860  75.9760  -12.4710  272
48504  57.6100  -25.6770  -15.3190  273    85436  37.0950  77.0830  -12.3000  273
48505  56.4910  -25.7260  -15.5270  274    85445  59.2460  -44.3930  -24.0780  274
48506  55.3900  -25.8890  -15.3880  275    85500  25.0300  -83.2150  -12.6790  275
48507  54.3610  -25.9070  -15.3610  276    85509  26.5610  24.0750  -54.0320  276
48508  53.3380  -25.8660  -15.3660  277    85518  24.1130  -83.5200  -12.8840  277
48509  52.3330  -25.7780  -15.3740  278    85525  31.5030  -10.7090  48.3020  278
48511  50.3770  -25.4780  -15.3720  280    85537  18.1100  -34.3550  -0.9240  280
48512  49.2730  -25.2710  -15.4650  281    85546  60.3870  9.5310  4.0180  281
48513  48.2080  -25.2610  -15.0730  282    62639  26.4640  27.3140  -61.3960  282
48523  55.6420  -25.4830  -16.0880  284    85696  64.6130  -24.1990  0.7220  284
48524  54.7710  -25.5390  -16.1160  285    85699  24.6130  -69.6300  20.4030  285
48525  53.7840  -25.5420  -16.1260  286    85747  55.3460  38.4160  -4.2150  286
48526  52.7870  -25.4930  -16.1290  287    85755  30.2920  -16.8070  28.1130  287
48527  51.7960  -25.4390  -16.1430  288    85763  21.4890  -57.5290  -9.2400  288
48528  50.8330  -25.3230  -16.1270  289    85768  20.9710  -57.5380  -9.8860  289
48530  49.4170  -25.0730  -16.0930  291    63980  26.4660  7.3950  26.4300  291
49511  45.7080  -24.0880  1.8800  292    49957  25.3940  -9.9000  -32.0690  292
49517  64.9990  -24.1780  0.7960  294    50898  13.3160  57.9870  4.7990  294
49519  45.7590  -23.9610  1.3200  296    50396  58.0410  -40.5470  -2.0160  296
49520  45.2160  -24.4200  1.0490  297    50381  47.5310  0.9960  25.6510  297
49526  65.5480  -23.7240  -0.3140  298    52302  35.7540  -22.1010  -34.0090  298
49527  65.1460  -24.0370  0.1820  299    50900  15.5870  -45.8780  5.9420  299
49528  64.4390  -24.1860  0.5380  300    50899  13.9720  56.9880  5.3470  300
49530  44.8100  -24.6310  -0.1300  302    51347  13.4340  70.3330  -10.8350  302
49539  64.5260  -24.0280  -0.2880  306    52280  56.2600  45.4710  -4.3980  306
49541  44.8410  -24.3790  -1.2100  308    52759  39.5660  -52.8370  -34.1660  308
49547  66.1110  -22.7170  -2.3850  310    53933  16.8470  -37.4100  -22.7540  310
49548  65.7230  -23.0670  -1.8150  311    53102  47.9330  -47.9190  -9.2350  311
49550  64.4620  -23.6400  -1.1430  313    53018  32.0240  12.1930  -37.0630  313
49552  44.7810  -24.1860  -2.1140  315    53452  40.3250  -1.6320  -23.4740  315
49553  44.3230  -24.8810  -1.8240  316    53427  54.0480  -43.7350  -23.3740  316
49557  66.2650  -22.5820  -3.1870  317    53952  13.7270  -34.0420  7.7550  317
49558  65.8240  -22.8120  -2.8130  318    53934  30.8970  -24.9670  27.0570  318
49560  64.5070  -23.1620  -2.1730  320    54373  48.1510  18.3260  11.6140  320
49561  64.1550  -22.9550  -2.6010  321    95  65.0970  -12.8500  7.5540  321
49563  44.3810  -24.6400  -2.8200  323    54477  1.5560  -8.4930  1.7260  323
49570  65.0250  -22.8710  -3.2960  327    55015  50.8670  16.7250  -34.2730  327
49572  44.3820  -24.5290  -3.8480  329    55422  18.1000  -41.5800  3.3490  329
49574  66.4200  -22.7180  -4.1440  330    55534  8.4300  41.1470  41.9710  330
49577  64.8640  -22.8630  -4.2240  333    1882  8.1490  46.1130  31.5510  333
49579  44.3850  -24.3020  -4.7730  335    55971  0.8760  45.3060  -10.1030  335
49581  66.2640  -23.0300  -4.7510  336    3099  33.5580  70.2140  -12.2270  336
49585  44.4220  -24.0670  -5.5130  340    56827  25.6750  24.7850  -56.3220  340
49587  44.4950  -24.2540  -6.2590  341    57057  12.2250  30.6250  45.9030  341
49590  44.7230  -24.4870  -7.2500  343    57058  19.8770  32.3940  33.1450  343
49592  45.2420  -24.9490  -7.8740  344    57386  27.1070  68.2340  -10.1080  344
49593  44.8090  -24.2180  -8.3370  345    57399  21.3660  -43.2550  29.3560  345
49596  45.5480  -24.8120  -8.9290  347    57740  51.8160  -31.3490  27.3880  347
49597  44.8580  -23.9860  -9.3050  348    57755  48.6190  45.2100  -11.1420  348
49605  51.9480  -26.0610  -11.3040  351    58406  11.8390  51.5280  -2.2480  351
49606  51.1140  -25.7020  -11.4800  352    58677  61.9140  -20.4640  -20.7870  352
49608  46.1100  -25.0140  -9.6870  354    57834  15.2500  -64.9690  -8.1580  354
49609  45.3040  -24.2930  -10.1860  355    57847  15.3510  -11.2570  16.8670  355
49610  44.8030  -23.7650  -9.9190  356    57880  44.9620  44.5070  -10.6650  356
49622  53.5050  -26.4470  -11.4610  359    58408  20.7030  -43.5950  28.8310  359
49624  51.6810  -25.9600  -11.9360  361    58676  58.1200  -28.6210  -7.5310  361
49625  50.9270  -25.7230  -12.1260  362    58687  37.2350  -20.5840  -38.3450  362
49627  46.1830  -24.8500  -10.6570  364    58729  11.8540  32.3680  31.2350  364
49628  45.4690  -24.3960  -11.3320  365    58744  41.7950  -1.2780  26.0450  365
49629  45.0760  -24.1270  -11.8780  366    6081  40.9100  -12.6430  2.1080  366
49639  54.0920  -26.4740  -12.1100  368    59651  41.4760  -53.7150  28.1660  368
49640  53.1470  -26.3740  -12.2770  369    59665  14.4230  46.3050  -35.4030  369
49645  46.2710  -24.9330  -11.6870  374    60043  36.3020  -61.2450  4.1460  374
49646  45.5430  -24.5110  -12.3110  375    60064  36.8780  -49.5760  -27.9570  375
49647  44.9150  -23.9760  -12.5460  376    60090  46.4540  0.9510  16.7450  376
49653  64.7970  -24.7680  -13.9270  377    61360  34.8990  34.7430  10.9260  377
49655  46.4340  -25.0430  -12.8610  379    60643  63.1210  -29.2690  -9.0390  379
49656  45.3640  -24.2620  -13.5090  380    60658  60.4700  -10.8420  -41.2710  380
49657  44.7940  -23.7580  -13.1310  381    6304  64.8760  -24.8620  11.6130  381
49663  65.4100  -24.3720  -14.2850  382    61345  45.8040  49.2560  18.4170  382
49664  64.4780  -24.3620  -14.4660  383    61373  35.7380  13.0050  -3.8570  383
49666  62.9380  -24.3920  -14.8110  385    61400  11.8390  -5.0080  27.5710  385
49667  62.2930  -24.5300  -14.7480  386    62344  13.9340  55.7040  25.2550  386
49669  60.7110  -24.8610  -14.8740  388    62614  22.1000  32.4180  25.0380  388
49671  46.5860  -24.8800  -14.3340  390    61422  24.5070  -22.0960  -21.4240  390
49672  45.6030  -24.1070  -14.6840  391    61436  28.5200  -48.9780  -30.9720  391
49682  64.9130  -23.9630  -14.8940  392    61979  7.9060  37.4230  -31.9670  392
49683  64.0240  -24.0120  -15.0110  393    10531  43.5790  -26.3660  -36.1490  393
49686  61.7780  -24.2700  -15.3140  396    62343  40.4650  62.9000  -24.4340  396
49688  59.9360  -24.7350  -15.4650  398    62633  61.0150  -40.5570  -7.6380  398
49689  58.8830  -24.8790  -15.7490  399    63842  44.7790  -15.9310  44.0050  399
49690  58.0070  -25.2080  -15.9420  400    63882  8.2380  24.3930  10.4920  400
49691  57.1670  -25.3230  -15.9960  401    63911  55.0410  19.6070  21.8920  401
49693  48.3470  -24.9250  -15.8920  403    63981  41.7390  12.1300  -51.0330  403
49694  47.3200  -24.8250  -15.4280  404    62640  39.3730  57.9590  -7.7750  404
49695  46.1420  -24.1070  -15.5550  405    62651  13.3180  -29.0120  45.7180  405
49696  45.5740  -23.7800  -15.2440  406    8162  44.9560  -44.7030  18.2690  406
49703  62.7650  -23.9080  -15.5740  407    63492  38.1540  -12.3250  48.2070  407
49705  61.2930  -23.9830  -15.9760  409    63521  40.1560  -28.6160  45.4630  409
49706  60.3180  -24.1180  -16.1490  410    63798  22.9310  -46.5620  -4.7420  410
49707  59.2640  -24.2750  -16.4780  411    63822  48.5180  -39.3080  17.8870  411
49708  58.3040  -24.6470  -16.5250  412    63859  28.9720  30.0230  23.2630  412
49709  57.3690  -24.8680  -16.5950  413    63897  49.0710  43.0110  -1.0750  413
49710  56.3250  -25.1070  -16.5730  414    63929  8.6140  22.9980  9.5250  414
49711  55.2040  -25.1150  -16.8040  415    65071  47.3690  57.4580  -10.3670  415
49712  54.2040  -25.1530  -16.8410  416    65108  37.6110  -43.5810  -36.8720  416
49713  53.2130  -25.1450  -16.8530  417    65139  37.9600  40.8330  25.6260  417
49714  52.2250  -25.1170  -16.8710  418    65377  58.0780  21.8090  -45.7240  418
49716  50.3120  -24.8990  -16.7890  420    65415  39.3820  49.0110  14.6630  420
49719  47.6890  -24.4000  -16.5270  423    63982  12.3770  31.1710  23.2210  423
49720  46.8540  -24.2240  -16.1980  424    63999  37.6960  -51.9390  30.2730  424
49726  59.0230  -23.9850  -16.9890  425    12760  52.4780  -37.5160  9.8760  425
49728  57.6650  -24.3650  -17.1910  427    64757  14.2140  32.4410  20.1740  427
49729  56.7040  -24.5170  -17.2950  428    64790  11.6450  -20.6600  59.0470  428
49730  55.6350  -24.5520  -17.5670  429    65063  49.0220  -59.4130  -10.7330  429
49731  54.6000  -24.7020  -17.5130  430    65088  23.5380  68.2400  -19.2230  430
49732  53.6150  -24.7480  -17.5290  431    65124  49.9970  8.5890  -45.5330  431
49734  51.6610  -24.6600  -17.5470  433    65384  54.2770  -32.9050  14.4370  433
49735  50.6200  -24.4630  -17.5920  434    65401  33.2690  8.0690  -46.7370  434
49736  49.7930  -24.4720  -17.3360  435    65424  56.4030  35.5030  3.5720  435
49738  48.2580  -24.2610  -17.1400  437    65474  25.1930  -54.5380  29.0440  437
49747  55.4300  -24.2330  -18.0890  438    14587  21.8020  82.6330  -5.9640  438
49748  54.9200  -24.2810  -18.1180  439    66235  26.0850  -78.7950  -21.3910  439
49750  53.0160  -24.3560  -18.1890  441    66513  37.6990  48.9410  11.7160  441
49751  52.0520  -24.2790  -18.1560  442    66547  44.1060  32.1890  16.0610  442
50652  55.6600  -22.5210  7.0660  444    89011  23.6930  81.8130  -1.2370  444
50667  63.9240  -23.4000  5.5050  445    48788  35.2160  -33.1550  15.5990  445
50668  63.3570  -22.8800  5.5660  446    79284  3.2240  0.1790  -19.4640  446
50670  52.6100  -23.0340  5.8590  447    79144  54.4120  -0.0400  35.2840  447
50671  51.7590  -23.0500  5.6090  448    89276  56.1180  43.5280  -14.4100  448
50679  65.0120  -23.7730  3.9070  449    49341  44.0510  61.6840  5.5540  449
50680  64.0820  -23.1180  4.4720  450    49371  36.1030  37.2300  -6.6600  450
50681  63.4750  -22.6770  4.8580  451    79775  23.5100  -14.1740  -35.4120  451
50682  51.1080  -22.9240  4.8940  452    79572  11.3920  2.9780  31.8860  452
50683  50.2530  -22.9810  4.8630  453    89411  30.0960  -14.7560  -21.3580  453
50689  66.3490  -23.2150  3.4100  454    79744  67.9940  -12.0200  -29.0820  454
50690  65.5620  -23.6020  3.1130  455    89500  26.5140  30.7470  22.0280  455
50691  64.5660  -23.2440  3.1150  456    89505  52.4360  34.9330  -17.2670  456
50692  64.0360  -22.8600  3.5430  457    89508  53.4400  43.9720  -14.9900  457
50693  50.6840  -22.7600  4.2340  458    79580  44.7720  -33.5430  -35.4780  458
50694  49.9560  -22.9010  4.0770  459    89573  17.3470  -75.5930  -28.7020  459
50696  48.2860  -23.2360  3.5820  461    89635  38.1870  29.5830  27.7810  461
50697  47.3420  -23.4640  3.3690  462    49745  43.6280  -48.1620  -5.2070  462
50698  46.6360  -23.6610  2.9580  463    49732  17.9140  -32.2480  14.0900  463
50703  66.7020  -22.5000  2.3370  464    79748  1.7720  8.5370  -14.4650  464
50705  65.3290  -23.5210  2.3290  466    89658  41.4470  -59.1260  -17.1330  466
50706  64.4380  -23.3330  2.0550  467    89663  23.6700  -79.9210  -0.4870  467
50707  63.9370  -23.2000  1.5100  468    81022  45.1890  3.4730  0.4260  468
50709  49.8020  -22.7740  3.2470  470    89727  56.4190  -30.1720  29.6830  470
50711  48.1470  -23.1170  2.7940  472    89764  4.6660  12.9170  -35.0760  472
50712  47.3040  -23.3240  2.5250  473    89769  57.3130  -16.1060  30.6060  473
50713  46.4520  -23.6670  2.2710  474    49973  18.9960  -25.8280  -29.2990  474
50719  66.6520  -22.6520  1.8040  475    89848  41.1040  59.9100  8.0060  475
50720  66.1210  -23.4740  1.6200  476    89847  14.2840  -28.6130  49.9230  476
50724  49.4730  -22.7180  2.6290  480    81235  10.3020  -64.2050  -0.2570  480
50725  48.8590  -22.7740  2.2500  481    89931  11.6020  -61.9120  -21.9140  481
50727  47.2060  -23.2440  1.7110  483    89981  48.6100  9.8270  32.5330  483
50734  66.5980  -22.8610  0.8330  486    88211  6.4700  55.5070  14.3760  486
50739  63.1640  -23.2870  -0.2750  491    81933  13.4410  -34.7860  19.9500  491
50740  48.5650  -22.7260  1.6230  492    81804  65.2550  -13.8520  17.2850  492
50741  47.9750  -22.8640  1.1880  493    90121  57.0000  -17.2440  1.0550  493
50742  47.1240  -23.1860  0.8880  494    89873  18.5120  22.8700  -32.3370  494
50744  45.6680  -23.9380  0.2410  496    51348  59.2970  -38.9250  -20.4710  496
50748  66.4970  -22.8850  -0.2710  497    88001  11.9760  12.8690  -34.1150  497
50751  63.1080  -23.0750  -0.9360  500    87788  38.5980  15.5600  -57.5480  500
50752  62.8260  -22.5460  -1.4090  501    82352  68.4010  -5.3130  -17.2320  501
50753  47.7510  -22.9120  0.4450  502    82309  51.7210  2.5580  22.8430  502
50754  47.0770  -23.1800  0.0860  503    90216  45.1580  -6.9800  16.5400  503
50755  46.3330  -23.4860  -0.2950  504    90228  58.4880  -10.3550  19.8470  504
50756  45.5220  -23.8860  -0.6870  505    52784  36.3960  -11.5730  19.7010  505
50759  66.2880  -22.7230  -1.4780  506    53969  11.3420  -16.8450  -17.4930  506
50764  62.7550  -22.1660  -1.9830  511    96  7.0610  -11.7810  18.7240  511
50765  62.3650  -21.6860  -2.4650  512    134  45.3720  -14.3000  -41.5780  512
50766  47.6970  -22.9240  -0.2300  513    90361  35.4220  22.9810  -35.3540  513
50768  46.2550  -23.4140  -1.1630  515    90383  30.7750  66.9390  -9.1390  515
50769  45.4710  -23.7610  -1.6320  516    53472  38.9790  21.9220  25.8670  516
50777  46.8840  -23.1450  -1.5100  523    329  41.6020  30.6250  5.4450  523
50778  46.2830  -23.2850  -2.0620  524    330  54.2460  32.5790  -12.2080  524
50779  45.3650  -23.6410  -2.5910  525    987  52.3810  -0.3950  -32.4430  525
50780  44.7770  -23.9190  -3.2650  526    1096  17.1080  -72.0250  -29.7800  526
50782  67.1110  -21.9090  -4.3200  527    54958  8.1030  19.0180  12.0280  527
50785  63.3670  -22.1940  -3.1040  530    94  65.0990  -12.8960  8.8370  530
50786  62.8200  -21.7150  -3.2780  531    167  31.3150  -49.4680  21.4680  531
50788  46.0870  -23.1520  -2.8090  533    949  45.1800  -63.2780  -0.3830  533
50789  45.5400  -23.1610  -3.5710  534    1022  7.6420  1.9400  21.3740  534
50790  44.7200  -23.7060  -4.1310  535    1123  8.3970  25.3040  10.0030  535
50792  67.0900  -22.0730  -4.7610  536    2683  28.8840  0.0940  -30.9740  536
50796  63.2050  -21.9120  -3.8020  540    3118  50.0850  -41.7940  -36.9330  540
50798  45.1480  -23.1430  -4.3960  542    2513  40.2190  17.4160  28.0740  542
50799  44.7320  -23.4620  -5.0240  543    2530  15.2370  1.0140  18.5500  543
50801  67.2520  -22.5080  -5.6070  544    2682  59.5940  -6.7080  12.6440  544
50804  65.2310  -23.1630  -5.3680  547    3595  6.6840  36.5930  43.0770  547
50806  64.0330  -22.4630  -4.7000  549    3098  6.6990  53.3290  28.1780  549
50808  44.5910  -23.4300  -5.9280  551    3262  29.9160  66.0530  -12.6200  551
50810  67.4460  -22.5350  -6.2240  552    3530  59.6800  8.0160  22.9790  552
50812  66.3670  -23.2160  -6.2240  554    3572  61.5980  -35.9990  -32.8710  554
50816  44.4800  -23.4740  -6.8270  558    4421  2.0280  -13.5320  4.6880  558
50818  67.1590  -22.9030  -7.0680  559    4525  56.1140  -10.5390  16.2650  559
50821  44.4950  -23.4660  -7.7900  562    5123  23.0880  -12.6070  55.2970  562
50823  44.5160  -23.3410  -8.7420  563    5513  36.8980  77.5420  -20.6770  563
50825  44.5680  -23.2540  -9.6190  564    5605  68.6570  -2.5630  -30.1380  564
50827  45.0140  -23.9370  -11.0490  565    6080  7.0650  -21.9610  7.8120  565
50828  44.6690  -23.4200  -10.5180  566    5697  25.5500  -31.8920  -13.1940  566
50833  44.6950  -23.4880  -11.6780  568    6082  63.5140  -7.4660  8.1440  568
50852  45.0920  -23.6810  -14.3080  570    8161  15.4600  66.5660  -17.1810  570
50853  44.6810  -23.2980  -13.6770  571    7422  19.6860  38.4780  37.6600  571
50861  44.8090  -23.0420  -14.6150  573    8163  44.8570  -43.6090  17.4580  573
50872  65.4180  -23.5440  -15.4440  574    10222  45.3250  -48.4730  29.8560  574
50873  64.2760  -23.6480  -15.5370  575    10492  36.9080  67.2380  -18.8310  575
50875  45.8770  -23.5610  -16.0690  577    9196  21.5480  81.8890  -2.4830  577
50877  44.9900  -22.9980  -15.2470  579    9197  22.4110  81.8460  -1.8490  579
50889  66.0570  -22.9750  -16.1080  580    10194  8.8160  -48.6340  13.2790  580
50890  64.5430  -23.0970  -16.4290  581    10472  33.1520  16.9040  -41.3030  581
50891  63.1140  -23.5440  -16.0510  582    10513  46.1120  -5.5540  44.1530  582
50892  61.8040  -23.5640  -16.4770  583    12323  6.9940  19.4280  -25.9720  583
50893  60.7480  -23.6130  -16.7270  584    12357  55.0150  -17.1750  19.7460  584
50894  59.7810  -23.7660  -16.8930  585    12403  42.3680  42.1730  -26.7700  585
50896  46.9810  -23.8710  -16.8070  587    10542  51.9600  26.1440  12.8620  587
50898  45.7170  -23.1270  -16.4710  589    10543  7.9620  -68.4180  -32.7250  589
50908  64.0420  -22.7340  -17.0970  590    12219  45.7850  23.1020  -47.4670  590
50909  63.3400  -22.9180  -16.9780  591    12220  5.5420  35.1010  -42.3980  591
50910  62.2540  -23.0960  -17.0480  592    12306  5.4450  26.5240  11.5790  592
50911  61.2010  -23.1520  -17.2470  593    12338  36.7510  -19.3900  -39.6610  593
50912  60.1010  -23.1440  -17.6610  594    12385  41.9480  -49.0500  28.6770  594
50913  58.9980  -23.6350  -17.4630  595    12743  6.5180  -3.1210  29.6300  595
50914  57.9680  -23.8800  -17.7270  596    14501  37.6060  24.6000  -6.1000  596
50915  57.0280  -24.0070  -17.8120  597    14544  31.1150  33.4470  -28.6330  597
50918  49.9930  -24.1660  -17.8350  600    14692  44.2710  -62.0020  -33.2630  600
50920  48.4960  -23.9070  -17.7440  602    14715  40.5470  41.9880  -28.8790  602
50921  47.5560  -23.7500  -17.4170  603    12777  6.7720  -56.4580  10.0370  603
50922  46.5710  -23.2300  -17.3070  604    12778  6.1150  -56.9460  10.5200  604
50931  59.7360  -22.8050  -18.3450  606    14116  42.3520  -0.4400  -40.9160  606
50933  58.2080  -23.3790  -18.3030  608    14475  1.5290  12.7620  2.8590  608
50934  57.2730  -23.5780  -18.3770  609    14525  34.6070  -71.2570  -2.1910  609
50936  55.4590  -23.8460  -18.5490  611    14613  55.7240  23.6010  -49.2630  611
50937  54.3680  -23.9100  -18.7090  612    16403  29.9670  42.8650  -38.8130  612
50938  53.3860  -23.9090  -18.7650  613    16479  5.5640  -30.0870  4.4310  613
50940  51.4100  -23.7460  -18.6530  615    16894  6.4940  39.3220  9.7270  615
50941  50.1610  -23.6730  -18.5090  616    14693  45.2920  -56.9150  8.2010  616
50942  48.9050  -23.4920  -18.3780  617    14691  33.6280  44.4620  -38.1620  617
50943  47.9360  -23.2960  -18.2150  618    14732  62.2690  16.0550  -22.7740  618
50945  46.6510  -22.8280  -17.7410  620    15166  29.6150  22.9310  -30.8650  620
50953  54.6550  -23.4380  -19.1500  621    16402  30.7410  42.9860  -38.8270  621
50954  53.7560  -23.4230  -19.2710  622    16426  39.2490  35.5660  -54.9780  622
50956  51.7980  -23.2620  -19.1980  624    16527  8.0970  -58.3470  33.2540  624
50957  50.8490  -23.2130  -19.1360  625    16910  36.1050  17.2070  -65.2860  625
51841  56.9380  -21.9910  6.4100  627    79059  51.2670  9.9830  -24.4020  627
51842  55.9760  -22.1070  6.3050  628    79075  39.2500  -14.6470  -30.4430  628
51843  54.9290  -22.4720  6.2560  629    79099  10.2720  -73.0810  -13.7850  629
51844  53.9470  -22.7840  5.8930  630    79121  44.7070  -5.8050  -8.3100  630
51852  62.1300  -22.1500  5.8130  633    78884  7.5880  47.6450  3.6800  633
51856  57.4640  -21.6650  5.6400  634    79049  12.2390  -46.6140  34.2910  634
51857  56.4280  -21.8230  5.4650  635    79064  68.5610  -14.9210  -30.5440  635
51858  55.4180  -22.0500  5.3600  636    79084  47.0650  -52.9590  -5.0740  636
51859  54.4450  -22.3460  5.2230  637    79107  61.5240  3.8020  5.4410  637
51860  53.5260  -22.5530  5.0870  638    79129  5.6380  -0.0510  34.3230  638
51861  52.5820  -22.7240  5.0910  639    79250  23.9670  60.5270  10.9680  639
51868  62.8880  -22.1680  4.8630  642    79285  58.8270  3.7920  6.4400  642
51869  61.6400  -21.5550  4.8550  643    79292  36.2350  7.0600  -9.7460  643
51870  60.3850  -21.3430  4.8290  644    79309  11.7550  -21.8920  22.8050  644
51871  59.1630  -21.3380  4.7780  645    79334  65.9000  3.7210  4.5340  645
51872  57.9900  -21.3700  4.6980  646    79452  23.8840  80.1400  0.6110  646
51873  56.9100  -21.6010  4.5730  647    79467  68.3260  -14.9110  -30.9370  647
51874  55.8880  -21.8300  4.4710  648    79480  20.7870  -23.7210  -25.9720  648
51875  54.8920  -22.0320  4.3910  649    79503  60.4650  0.9490  -19.6570  649
51876  53.9390  -22.2680  4.3100  650    79526  47.2610  2.3970  31.8900  650
51877  53.0010  -22.4010  4.2760  651    79548  60.5810  14.1030  -38.9510  651
51878  52.1330  -22.5410  4.2340  652    79563  18.5150  -21.5710  23.2300  652
51884  66.7450  -21.6780  3.2540  654    79745  66.7420  -11.6110  -29.1440  654
51886  64.0480  -22.7280  3.0050  656    80349  33.4670  7.7100  28.9520  656
51887  63.5300  -22.2430  3.6150  657    79776  51.8960  -6.0490  34.7280  657
51888  62.3030  -21.3900  3.7440  658    79788  22.7790  -46.8160  -27.3180  658
51889  60.9690  -20.9800  3.7900  659    79920  54.4180  -33.2700  -35.4980  659
51890  59.6790  -21.0830  3.7370  660    79933  54.6650  -33.1150  -36.3630  660
51891  58.4920  -21.2680  3.6750  661    79940  54.5830  -31.8270  -36.5420  661
51892  57.3760  -21.4470  3.6080  662    79953  34.5580  20.3820  -10.5350  662
51893  56.3280  -21.6820  3.5410  663    79966  51.6680  -44.6300  -3.6810  663
51894  55.3060  -21.8320  3.4940  664    79983  24.6390  63.6020  7.6000  664
51895  54.3140  -21.9830  3.4590  665    80086  3.4270  2.0130  -22.4980  665
51896  53.3460  -22.1440  3.4390  666    80104  51.9760  9.4790  30.1970  666
51897  52.4130  -22.3200  3.4440  667    80113  16.7530  -21.9170  22.9630  667
51898  51.5440  -22.4670  3.5220  668    80132  64.6820  -5.9090  -11.1130  668
51906  66.8100  -21.8500  2.1850  670    80330  46.3870  -49.4340  14.4430  670
51909  63.7570  -22.5130  2.1650  673    80350  27.5830  -72.2640  -16.0470  673
51910  62.7740  -21.5320  2.4320  674    80484  31.7830  -16.8560  44.6440  674
51911  61.5000  -20.9590  2.5730  675    80496  25.3990  -6.4850  33.8800  675
51912  60.1720  -20.8730  2.6280  676    80508  53.9640  9.9330  27.9560  676
51913  58.9400  -21.0590  2.6210  677    80519  33.1970  -34.6070  23.0610  677
51914  57.8060  -21.3230  2.5890  678    80528  62.2290  -10.9910  -31.2040  678
51915  56.7300  -21.5630  2.5560  679    80541  31.6180  -35.2340  23.1970  679
51916  55.6800  -21.7190  2.5380  680    80557  56.2740  1.2420  -22.4130  680
51917  54.6530  -21.7610  2.5430  681    80571  25.6330  -16.4880  44.0480  681
51918  53.6530  -21.8940  2.5460  682    80609  42.6140  72.6200  -11.7570  682
51919  52.6730  -22.1020  2.5590  683    80623  26.2660  11.2460  -30.0780  683
51920  51.6940  -22.3250  2.6350  684    80693  6.6940  -63.6800  1.2090  684
51921  50.6320  -22.5450  2.8840  685    80705  60.6650  -11.3020  -31.8420  685
51928  66.8630  -21.9530  1.1600  687    80908  11.3430  -0.4790  30.2150  687
51930  62.9830  -21.9470  1.1800  689    80921  61.5200  -17.6050  -27.4700  689
51931  61.8820  -21.2220  1.3330  690    81029  47.5070  -5.8240  -11.7850  690
51932  60.6140  -20.8490  1.4490  691    81039  15.2540  76.5820  -35.8550  691
51933  59.3490  -20.9300  1.5180  692    81049  56.2720  0.1290  30.0340  692
51934  58.1770  -21.1430  1.5390  693    81061  14.3680  75.9990  -36.4030  693
51935  57.0800  -21.4050  1.5340  694    81077  37.6250  72.9150  -11.0170  694
51936  56.0100  -21.6130  1.5360  695    81083  28.0010  43.6770  24.5740  695
51937  54.9560  -21.6030  1.5770  696    81171  28.8600  -36.7480  -23.0970  696
51938  53.9330  -21.6890  1.6030  697    81179  21.6280  -14.4060  -33.9660  697
51939  52.9250  -21.8670  1.6240  698    81203  2.8000  11.3170  -31.6110  698
51940  51.9270  -22.1490  1.6610  699    81214  23.2590  65.9170  -3.4720  699
51941  50.8730  -22.3670  1.7810  700    81227  32.7380  72.6750  -12.7570  700
51942  49.7330  -22.5750  1.9600  701    81236  9.1200  -64.4660  -0.1770  701
51948  66.8460  -22.0810  0.1180  703    81380  52.2740  -5.8700  -12.8540  703
51950  63.0440  -22.7210  0.2050  705    81389  45.9320  10.9780  -32.1130  705
51951  62.1890  -21.6520  0.1770  706    81400  19.4520  -85.0380  -10.0220  706
51952  61.0000  -20.9910  0.2730  707    81440  32.1160  6.0120  46.1100  707
51953  59.7130  -20.8970  0.3900  708    81453  37.3540  -19.2700  -27.6540  708
51954  58.5000  -21.0060  0.4700  709    81523  16.0620  80.7930  -8.2650  709
51955  57.3670  -21.1820  0.5120  710    81535  53.6290  -15.3690  14.5630  710
51956  56.2840  -21.3800  0.5360  711    81545  26.4010  -6.8950  31.5880  711
51957  55.2170  -21.4430  0.5900  712    81558  42.2720  -36.5860  -24.6230  712
51958  54.1810  -21.4920  0.6400  713    81596  33.3040  -3.2980  51.9950  713
51959  53.1630  -21.6550  0.6670  714    81603  54.6230  -0.6660  27.1200  714
51960  52.1420  -21.8700  0.7010  715    81674  62.4670  4.6040  -31.2840  715
51961  51.1150  -22.1660  0.7560  716    81691  28.1230  -78.4280  -3.0780  716
51962  50.0340  -22.4050  0.8650  717    81702  32.0710  -69.2900  -20.5890  717
51963  48.8960  -22.5800  0.9990  718    81805  4.1780  -5.7570  -13.3060  718
51968  66.8460  -22.1220  -0.9660  720    81855  13.2500  51.7560  30.0720  720
51970  62.5480  -22.2000  -0.8700  722    81876  38.1810  20.9610  -17.3730  722
51971  61.3700  -21.2720  -0.8440  723    81871  42.8090  66.2970  -4.2600  723
51972  60.0530  -20.8890  -0.7260  724    81882  8.5230  75.7810  12.7940  724
51973  58.7930  -20.9490  -0.6040  725    82021  2.1040  3.6240  -1.7590  725
51974  57.6160  -20.9860  -0.5030  726    82034  35.7720  -66.1840  -16.6190  726
51975  56.5070  -21.0800  -0.4320  727    82046  16.2680  -44.9660  -7.2640  727
51976  55.4410  -21.2120  -0.3780  728    82061  17.9520  52.1940  28.3870  728
51977  54.3980  -21.2900  -0.3150  729    82166  15.5330  -30.0350  -21.6850  729
51978  53.3780  -21.4330  -0.2760  730    82177  30.3090  -6.8680  28.2790  730
51979  52.3560  -21.6190  -0.2460  731    82186  42.6010  -5.8830  -15.3560  731
51980  51.3330  -21.9000  -0.2170  732    82191  29.6120  -6.3310  28.6760  732
51981  50.2970  -22.2590  -0.1660  733    82207  13.5620  51.7330  28.8250  733
51982  49.2160  -22.5500  -0.0570  734    82217  64.4330  0.6370  -30.3320  734
51985  66.7390  -21.9450  -2.0570  736    82338  34.5710  23.7440  -33.7370  736
51987  61.8380  -21.5100  -1.9200  738    82342  45.2540  -25.0700  19.7360  738
51988  60.3860  -20.9440  -1.7940  739    82355  34.2820  -21.6210  16.3370  739
51989  59.0650  -20.8800  -1.6520  740    82380  32.0220  44.7610  20.0960  740
51990  57.8490  -20.8860  -1.5100  741    82367  37.2330  -69.3230  -24.1060  741
51991  56.7140  -20.8530  -1.3860  742    82385  51.1800  39.1810  13.2660  742
51992  55.6300  -20.8940  -1.2910  743    82487  61.6210  -19.3200  17.2270  743
51993  54.5870  -21.0390  -1.2330  744    82491  10.3570  43.3190  41.3730  744
51994  53.5740  -21.2170  -1.1910  745    82507  48.1560  -15.3180  10.1620  745
51995  52.5850  -21.4690  -1.1690  746    82519  5.5210  -73.5510  -23.1670  746
51996  51.5800  -21.7200  -1.1530  747    82610  16.3960  -73.1340  -24.0870  747
51997  50.5520  -22.0420  -1.1370  748    82619  9.2580  -47.5210  23.3960  748
51998  49.4640  -22.4250  -1.0950  749    82634  68.2120  -14.6960  9.7100  749
51999  48.1590  -22.7620  -0.9640  750    82644  34.2960  48.2900  -12.8450  750
52003  66.8070  -21.7530  -3.1770  753    42295  35.9350  8.8000  -21.9840  753
52005  60.6360  -20.9060  -2.7880  755    82686  48.8390  15.9590  19.6980  755
52006  59.3070  -20.7980  -2.6510  756    82683  23.9900  72.5600  -16.6410  756
52007  58.0650  -20.8010  -2.4730  757    82691  17.7280  -45.3060  47.9580  757
52008  56.9150  -20.7170  -2.3100  758    82789  19.9070  -36.3300  -27.9270  758
52009  55.8190  -20.7110  -2.1850  759    82797  43.8390  -24.5580  17.6440  759
52010  54.7620  -20.7870  -2.0990  760    82802  27.4270  -16.8730  40.7630  760
52011  53.7530  -21.0250  -2.0640  761    82813  6.5570  2.2690  22.9590  761
52012  52.7980  -21.3210  -2.0380  762    82868  29.8390  69.6340  -3.8630  762
52013  51.8520  -21.6090  -2.0230  763    82880  58.8230  -35.1580  16.1630  763
52014  50.8500  -21.8540  -2.0350  764    82893  7.6890  69.0080  -3.1820  764
52015  49.8210  -22.2370  -2.0550  765    82900  15.2270  -40.4190  39.0240  765
52016  48.6680  -22.5800  -2.0650  766    82918  16.7360  -72.6500  -26.8830  766
52017  47.3570  -22.9470  -2.1280  767    331  15.1770  -83.9060  -26.5250  767
52024  60.8950  -20.8410  -3.6340  773    83056  35.4380  -32.2890  46.1830  773
52025  59.4990  -20.6970  -3.6250  774    83064  51.8140  55.2800  -26.9440  774
52026  58.2380  -20.7120  -3.3600  775    83081  36.3620  5.8710  41.9590  775
52027  57.1010  -20.6150  -3.1650  776    83078  37.5520  66.2560  -11.0090  776
52028  56.0100  -20.6200  -3.0220  777    83085  39.4670  3.7080  -10.2050  777
52029  54.9560  -20.6970  -2.9170  778    83161  32.3280  -6.4890  27.7220  778
52030  53.9550  -20.9240  -2.8610  779    83171  54.5490  -35.7690  -30.5510  779
52031  52.9730  -21.2270  -2.8880  780    83182  1.6410  3.3020  -9.8680  780
52032  52.1220  -21.5090  -2.7940  781    83192  6.3300  -17.0610  39.7760  781
52033  51.1960  -21.7330  -2.8320  782    83253  54.5470  13.3860  18.9520  782
52034  50.2040  -22.0350  -2.9000  783    83260  31.9470  -14.8650  -42.5650  783
52035  49.1340  -22.3040  -2.9590  784    83267  62.7330  -16.0360  6.0210  784
52036  47.9880  -22.5670  -3.0510  785    83280  63.6950  -1.0580  19.3850  785
52037  46.7110  -22.7660  -3.2650  786    2085  6.4460  50.0490  -16.1520  786
52038  46.1270  -22.7210  -3.8550  787    2470  24.9960  69.3880  -11.2980  787
52043  61.3780  -20.7910  -4.3740  791    83388  28.3450  -16.5300  37.9100  791
52044  60.0940  -20.6000  -4.2720  792    83396  37.9400  -62.6670  -20.1670  792
52046  52.3250  -21.3830  -3.3530  794    42911  5.8250  -40.4800  13.4170  794
52047  51.5790  -21.5060  -3.4930  795    83553  33.2720  69.3590  -7.6130  795
52048  50.5850  -21.7250  -3.6160  796    83628  19.6060  6.6050  37.9660  796
52049  49.5680  -22.0130  -3.7310  797    83636  53.9290  37.7420  5.4700  797
52050  48.5130  -22.1860  -3.8030  798    83644  9.2390  -29.3550  -1.0240  798
52051  47.4660  -22.3010  -3.9160  799    83654  32.5900  71.5420  -24.6570  799
52056  67.4710  -21.8880  -5.4490  803    2684  39.9220  3.2190  -36.5730  803
52059  62.3020  -21.0270  -5.0560  806    83782  17.4990  80.5900  -23.0990  806
52060  61.2720  -20.6370  -5.0070  807    43367  19.8290  74.3960  -20.9420  807
52061  46.2050  -22.2490  -4.7360  808    44389  18.8260  10.4290  -30.4240  808
52062  45.6550  -22.3080  -5.1760  809    84004  34.1190  5.6280  35.7890  809
52063  45.0040  -22.7850  -5.5390  810    3263  27.3800  -29.7240  24.4140  810
52069  64.1160  -22.2740  -6.0470  815    5098  13.7400  -46.5150  -8.3410  815
52070  63.1330  -21.4580  -5.7500  816    84042  46.2620  -63.0370  -9.3990  816
52072  45.2830  -22.1780  -5.8390  818    34585  25.3200  77.0390  -7.2390  818
52073  44.7780  -22.5480  -6.3960  819    4422  4.1420  -7.5970  49.8620  819
52075  67.6820  -22.1000  -6.7710  820    46982  32.8330  40.1020  -35.3950  820
52079  64.8680  -22.3130  -7.1600  824    84205  28.8560  -16.0570  34.2560  824
52081  44.5470  -22.6350  -7.3210  826    5124  40.0310  -4.7490  37.5330  826
52083  67.2840  -22.1650  -7.7520  827    47737  47.4300  -53.4200  -35.2530  827
52086  44.4400  -22.5410  -8.2110  830    5514  36.8270  77.7580  -20.0620  830
52088  44.3950  -22.4570  -9.1260  831    5606  33.9730  11.6340  -40.0170  831
52090  44.4530  -22.4570  -10.0530  832    5698  39.9930  -21.0080  37.3600  832
52092  44.4050  -22.4690  -11.0590  833    6118  62.5190  -7.5190  8.4460  833
52097  44.3970  -22.4190  -12.1210  834    6305  55.4560  -19.4840  -34.5950  834
52108  44.3800  -22.3760  -13.1520  835    7423  7.8970  -64.4260  -6.3830  835
52121  44.4220  -22.3430  -14.1670  836    8537  40.6140  69.0010  -16.2480  836
52133  44.6050  -22.3070  -15.2640  838    9233  58.2880  10.2840  -43.9450  838
52147  65.9210  -22.4050  -16.9390  839    11847  6.8520  -42.6720  14.1410  839
52148  65.3180  -22.7330  -16.7130  840    12182  58.2940  -35.7930  6.2600  840
52149  45.0430  -22.3200  -16.2840  841    10954  27.2840  65.6850  -19.2330  841
52150  44.5830  -21.8750  -15.8840  842    52006  31.9550  -9.9960  -34.3020  842
52167  66.6700  -21.9050  -17.1730  843    81717  20.3720  -11.4440  -34.0380  843
52168  65.7230  -21.8220  -17.7010  844    85501  26.0280  -82.9440  -12.7430  844
52169  64.7300  -22.3920  -17.3610  845    12269  4.6940  -52.0760  0.1310  845
52171  62.5570  -22.5670  -17.6730  847    13999  20.9540  -52.1170  -2.2450  847
52172  61.5090  -22.6930  -17.7940  848    14029  10.9250  82.6850  -6.6080  848
52175  45.8250  -22.5610  -17.2150  851    12867  40.9460  -17.1550  20.2580  851
52189  65.3870  -21.4690  -18.1940  852    85712  23.7700  -54.8480  -26.8180  852
52191  63.9030  -21.9530  -18.1640  854    85722  7.8930  -15.6900  -5.6850  854
52193  61.8380  -22.2320  -18.4380  856    85730  23.1180  80.8350  -0.0810  856
52194  60.4490  -22.3920  -18.6540  857    14135  30.2690  9.1330  -46.8140  857
52195  59.2710  -22.5980  -18.8320  858    15843  38.3390  -18.3190  17.6290  858
52197  57.4450  -23.1020  -18.9740  860    15916  27.6320  -36.6100  50.2980  860
52198  56.5380  -23.3010  -18.9520  861    16039  52.4760  15.4380  -25.1340  861
52201  49.1710  -23.0440  -18.9930  864    16961  48.6670  12.6460  -62.0630  864
52202  48.3030  -22.8890  -18.8150  865    17010  13.3190  -41.9370  35.8750  865
52203  47.4260  -22.4160  -18.6710  866    17049  16.2980  -23.7670  47.2700  866
52215  59.9820  -21.9670  -19.4200  869    86036  39.1740  53.0770  -0.6180  869
52217  58.5340  -22.3250  -19.4780  871    86047  31.8380  -25.1450  48.2410  871
52218  57.6070  -22.5580  -19.5750  872    86049  21.8120  -77.0680  6.3470  872
52219  56.6100  -22.7540  -19.5680  873    86059  58.6420  -19.0140  16.3020  873
52220  55.4810  -23.0510  -19.4130  874    16442  64.9220  1.3910  4.2890  874
52221  54.2000  -22.8930  -19.6950  875    18079  19.9760  -34.7710  1.0590  875
52222  53.1480  -22.8050  -19.7390  876    18132  34.5680  -26.9860  -30.5650  876
52223  52.1530  -22.7390  -19.7060  877    18175  10.5140  -44.5790  -16.7180  877
52224  51.1990  -22.6820  -19.6350  878    18212  40.8910  12.0180  -1.2170  878
52226  49.3650  -22.5070  -19.5160  880    86088  48.4130  -39.7250  -33.4960  880
53060  66.9310  -20.8870  2.4790  883    80335  50.8660  -35.3770  22.6310  883
53065  66.9820  -21.0420  1.4920  884    41570  28.5930  -6.2980  41.6050  884
53068  66.9520  -21.1880  0.4700  885    41571  5.1040  -2.0160  49.7350  885
53071  66.9590  -21.3290  -0.5570  886    41636  21.7440  29.1860  -38.8150  886
53073  66.9500  -21.3790  -1.5940  887    41751  8.3030  71.2310  1.7130  887
53076  66.9130  -21.3430  -2.5780  889    42181  34.9170  -14.2260  -30.8310  889
53078  67.2420  -21.2810  -4.3280  890    42296  36.0140  8.5490  -21.6840  890
53079  58.2910  -20.6150  -4.1060  891    42381  9.9130  84.9980  -13.0800  891
53080  57.2530  -20.5490  -3.9120  892    42398  15.7830  -39.6840  39.0740  892
53081  56.1970  -20.5520  -3.7670  893    42399  36.3640  -35.4830  27.4000  893
53082  55.1580  -20.6440  -3.6560  894    42845  9.6920  -14.4490  22.2600  894
53083  54.1480  -20.7980  -3.5700  895    42876  33.4890  27.7450  -31.6540  895
53089  59.3580  -20.4410  -4.7490  900    42383  35.5470  8.8460  -22.8460  900
53091  57.3940  -20.3980  -4.5150  902    42382  18.9720  78.3930  -21.9440  902
53093  55.3710  -20.5300  -4.3150  904    42846  2.8220  7.1490  -4.9610  904
53094  54.3540  -20.6330  -4.2290  905    42877  37.9000  43.0070  29.3540  905
53095  53.3420  -20.8330  -4.1560  906    42912  27.9710  -34.4420  -15.9980  906
53096  52.2700  -21.1820  -4.0090  907    42984  15.5940  -62.0030  13.9870  907
53097  51.0160  -21.3230  -4.2220  908    43935  12.1550  73.8060  -22.3450  908
53098  49.9520  -21.5530  -4.3700  909    43965  49.4450  -57.2620  5.2590  909
53099  48.9260  -21.7500  -4.4550  910    44010  12.5500  53.3770  -37.3540  910
53100  47.9450  -21.8590  -4.4910  911    44321  7.3790  84.4940  -19.9470  911
53101  47.0700  -21.9800  -4.5900  912    44357  13.6200  -35.8800  -18.7330  912
53104  67.7130  -21.5050  -5.9990  914    43341  44.6620  13.1540  24.8900  914
53105  61.6140  -20.6450  -5.5090  915    43395  53.0170  18.7570  22.2340  915
53107  59.7070  -20.2720  -5.1780  917    43368  35.7540  67.8160  5.7960  917
53109  57.5700  -20.1920  -5.0100  919    43463  13.1800  39.5340  -32.3640  919
53111  55.6120  -20.3210  -4.8950  921    43546  20.3920  -58.3320  4.7010  921
53112  54.6090  -20.4190  -4.8440  922    43567  14.4920  -56.6210  -18.5960  922
53113  53.5900  -20.4990  -4.7810  923    43585  35.7960  8.2160  -22.2060  923
53114  52.5450  -20.6740  -4.7560  924    43885  40.4310  27.9280  -44.4130  924
53115  51.4440  -20.8490  -4.8100  925    43936  42.5130  -40.8160  12.6020  925
53116  50.3340  -21.0170  -4.9420  926    43966  32.9940  65.8770  4.8680  926
53117  49.2650  -21.1990  -5.0350  927    44011  12.1150  53.1430  -37.5000  927
53118  48.2890  -21.3930  -5.0600  928    43680  16.4810  -38.1120  38.3650  928
53119  47.4180  -21.5530  -5.0780  929    42517  6.7420  -48.9250  -13.5650  929
53120  46.4990  -21.7940  -5.1880  930    36320  4.3860  0.3160  45.3810  930
53124  63.5860  -21.5790  -6.4260  933    25486  39.6440  59.4300  14.0720  933
53126  61.9930  -20.6320  -6.1940  935    25484  25.3240  56.0630  -34.7270  935
53127  61.0850  -20.2400  -5.7830  936    44543  49.9610  25.1320  -39.0250  936
53129  59.1900  -19.9990  -5.5210  938    44954  47.8390  -28.7490  6.0620  938
53130  47.0370  -21.2330  -5.5990  939    40841  43.6840  -25.2610  39.7170  939
53131  46.3220  -21.2620  -5.9750  940    34584  25.0260  77.9940  -7.1090  940
53132  45.4010  -21.5890  -6.4600  941    34583  37.1620  -41.4940  20.0090  941
53133  44.8240  -21.9670  -7.0080  942    46847  29.4590  -37.5660  -17.7370  942
53136  67.5930  -21.8280  -7.6780  944    46983  59.1510  37.5780  -4.4830  944
53137  65.4140  -22.1150  -7.8870  945    47378  44.7230  59.1030  -12.3750  945
53139  63.6370  -21.1440  -7.0650  947    25485  23.2540  -51.6790  -10.5280  947
53142  45.1210  -21.3810  -7.2580  950    46829  50.3410  -17.1980  -9.5380  950
53143  44.6890  -21.8440  -7.7120  951    46861  4.3680  -4.5090  -9.9740  951
53148  65.6490  -21.4270  -8.5700  954    47420  44.4820  24.7370  -46.3520  954
53150  45.0390  -21.1490  -7.9470  956    47515  5.2460  -60.9430  14.0960  956
53151  44.6010  -21.5130  -8.5920  957    47536  41.2150  6.6480  -12.0060  957
53153  67.1460  -21.0820  -8.8340  958    47003  31.9030  39.9680  -35.5700  958
53154  66.5530  -20.9600  -9.0800  959    47758  46.9520  -54.6470  -34.5580  959
53156  44.4870  -21.5990  -9.5150  961    48270  6.7110  42.3490  22.2840  961
53158  44.4440  -21.4870  -10.4560  962    48644  28.0080  71.7120  -6.7170  962
53160  44.3950  -21.4120  -11.5170  963    49050  5.9280  -72.8290  -18.9680  963
53162  44.3120  -21.4080  -12.5890  964    49113  49.9990  35.3570  7.0160  964
53169  44.1820  -21.4290  -13.6290  965    49187  63.9140  5.9940  -15.2540  965
53189  44.1890  -21.4690  -14.6320  966    49994  10.2440  -22.5310  22.6370  966
53209  44.9270  -21.7510  -16.6080  968    53038  53.4750  26.1260  -49.9300  968
53218  66.5080  -21.4730  -17.7130  970    53287  56.7780  15.4300  11.0220  970
53219  45.1490  -21.5500  -17.1380  971    53153  6.6590  -29.1570  -0.4340  971
53220  44.7310  -20.9430  -17.0000  972    53152  34.0050  49.2180  28.4730  972
53231  66.8750  -20.9820  -17.9980  973    53308  39.0790  25.2300  -53.9290  973
53232  65.9610  -21.1610  -18.2360  974    53428  13.6030  -32.1010  8.0260  974
53233  65.0600  -21.1160  -18.6730  975    54720  56.5490  -12.1160  -43.0410  975
53235  63.2770  -21.5710  -18.8490  977    54803  51.8420  -25.1750  -34.4770  977
53237  61.3530  -21.8620  -19.1770  979    55116  5.7450  4.9700  16.4960  979
53238  47.2260  -21.8300  -18.9880  980    55209  9.5480  -36.6350  13.5480  980
53239  46.6600  -21.5730  -18.7700  981    55186  0.7450  35.4940  -3.5760  981
53240  45.9360  -21.7640  -17.9330  982    53698  26.9420  -41.2900  3.4020  982
53251  64.4050  -20.9280  -19.1760  983    54783  27.0930  -59.9820  1.3320  983
53253  62.8100  -21.2570  -19.6190  985    54821  62.2260  -4.3220  -16.8440  985
53254  61.7020  -21.3020  -20.0300  986    55107  29.2380  42.3810  14.2630  986
53255  60.5190  -21.6610  -19.7530  987    55133  45.6380  -17.6740  21.6850  987
53256  59.5660  -21.6670  -19.9210  988    56408  43.7600  21.8150  37.2930  988
53258  57.8120  -21.9770  -20.1450  990    56673  10.8520  78.2370  -37.5080  990
53259  56.8220  -22.1380  -20.2020  991    56710  37.8430  -4.3160  -19.8090  991
53260  55.7580  -22.2400  -20.1470  992    56750  13.5220  22.6870  -31.5010  992
53261  54.6360  -22.2880  -20.1780  993    57020  23.6960  -66.6360  -25.2040  993
53262  53.5320  -22.2310  -20.2160  994    57061  21.7430  -66.6180  -26.9570  994
53263  52.5030  -22.1590  -20.1640  995    57095  23.5720  -12.0630  55.0170  995
53264  51.5250  -22.1300  -20.1090  996    57141  58.5900  35.3900  -10.1090  996
53266  49.7140  -21.8340  -20.0480  998    57211  22.6170  49.9270  24.4190  998
53267  48.7450  -21.8750  -19.7700  999    57484  14.0250  51.1910  -1.3600  999
53280  61.3430  -20.8630  -20.6150  1002    56258  48.0730  -38.8260  26.0710  1002
53282  59.8530  -21.1960  -20.4920  1004    56390  44.1230  20.8620  36.5650  1004
53283  58.9460  -21.2040  -20.4780  1005    56634  22.5520  -15.6400  50.5340  1005
53285  57.0830  -21.4520  -20.7160  1007    56687  52.3320  42.7440  10.2820  1007
53286  56.0460  -21.5160  -20.6860  1008    56727  37.0670  -4.0700  -19.2120  1008
53287  54.9760  -21.5560  -20.6370  1009    56993  31.9070  -44.6280  31.3040  1009
53288  53.9000  -21.5650  -20.6480  1010    57035  25.2320  -12.0230  54.5200  1010
53289  52.8620  -21.5210  -20.5760  1011    57081  61.6980  12.5710  -43.2100  1011
53290  51.8500  -21.4930  -20.4960  1012    57117  37.5720  11.3070  -42.6770  1012
53291  50.8700  -21.5430  -20.4090  1013    57162  34.5060  26.4510  -53.9340  1013
54124  66.8900  -20.6700  -1.1990  1015    41752  38.6510  -0.9210  49.0740  1015
54128  66.9200  -20.7840  -2.3090  1017    42182  54.9440  0.6410  34.2800  1017
54130  67.1540  -20.6590  -3.7750  1018    42297  36.3540  8.7780  -21.3430  1018
54131  66.9550  -20.6990  -3.0270  1019    61391  36.4880  -51.3760  34.9980  1019
54137  57.7310  -19.9070  -5.4090  1021    44982  39.6260  28.6030  -46.7150  1021
54139  55.8960  -19.9730  -5.4000  1023    45088  46.0260  -13.8790  20.1870  1023
54141  53.9100  -20.1250  -5.3490  1025    45134  41.3040  21.2210  -19.6840  1025
54142  52.8860  -20.2240  -5.3500  1026    45151  43.9560  30.4320  -57.4760  1026
54143  51.8360  -20.3440  -5.3950  1027    45557  15.8340  -41.6020  10.6320  1027
54144  50.7520  -20.4520  -5.4860  1028    45585  39.4260  40.3390  -34.9730  1028
54145  49.6200  -20.5440  -5.5940  1029    45619  65.1080  -7.0600  -25.7930  1029
54146  48.4870  -20.7630  -5.6310  1030    43681  31.3760  62.4110  14.3030  1030
54156  57.1310  -19.6160  -5.7700  1037    62215  15.4170  -47.1780  -15.0540  1037
54158  55.2830  -19.6390  -5.8770  1039    87180  24.0280  -53.3700  39.4980  1039
54160  53.2860  -19.7320  -5.8750  1041    87210  45.4380  -44.2500  -34.7550  1041
54161  52.2640  -19.8030  -5.9000  1042    87218  53.0440  -1.9880  -49.8890  1042
54162  51.2280  -19.8980  -5.9960  1043    87219  12.7180  62.6990  -43.6000  1043
54163  50.1400  -19.9160  -6.0930  1044    87226  43.0350  -39.2340  -38.6060  1044
54164  48.8390  -19.9540  -6.4440  1045    87227  43.1910  52.9130  -11.3320  1045
54165  47.3130  -20.5540  -6.2770  1046    46467  21.2600  -42.7200  -16.5050  1046
54166  46.0600  -20.8330  -6.7620  1047    46489  36.6450  -17.8640  29.0740  1047
54171  64.1480  -20.7620  -7.8720  1049    47379  51.9090  -45.7150  8.2550  1049
54172  63.3130  -20.4220  -7.3790  1050    47398  34.8440  36.1100  8.3080  1050
54174  61.8680  -19.7550  -6.9620  1052    62641  31.9150  -51.3730  33.5610  1052
54176  60.1480  -19.3790  -6.3340  1054    87339  39.5610  22.8060  -6.3100  1054
54178  58.2770  -19.2250  -6.1770  1056    87348  18.7410  -52.3500  39.0330  1056
54181  48.5120  -19.5280  -7.0650  1059    87422  15.8600  -37.0200  -8.5170  1059
54182  47.7920  -19.7160  -7.0590  1060    87420  44.7140  14.2490  31.3380  1060
54183  46.5260  -19.9900  -7.5460  1061    87464  41.8990  -48.9080  -13.6530  1061
54184  45.5640  -20.7680  -7.5160  1062    47558  63.3080  -16.1690  -42.6840  1062
54189  65.2620  -20.7170  -8.9030  1063    48090  41.1480  60.7310  6.7150  1063
54190  64.6500  -20.2940  -8.6000  1064    47433  5.9430  -36.3720  22.9430  1064
54192  62.9870  -19.7820  -7.5220  1066    62642  32.3280  59.5670  -28.2730  1066
54194  46.2060  -19.7100  -8.3320  1068    87650  33.3520  -22.9600  38.6170  1068
54195  45.3650  -20.2760  -8.6730  1069    47578  22.1140  23.5130  27.8520  1069
54196  44.6790  -20.9840  -9.1130  1070    48246  46.5880  28.8090  -55.1010  1070
54200  66.4490  -20.1920  -9.5800  1071    48591  11.3630  32.0570  47.1230  1071
54203  45.1980  -19.8260  -9.9840  1074    87755  55.7600  -21.1550  -28.7160  1074
54204  44.7110  -20.7100  -9.7520  1075    48294  44.0090  -36.1890  -23.2410  1075
54206  67.1660  -19.7790  -9.7450  1076    48574  48.7410  13.1350  -34.7220  1076
54208  45.1020  -19.5830  -10.5950  1078    66096  50.5440  -38.4210  13.7400  1078
54209  44.6870  -20.2830  -10.8570  1079    48668  33.0850  47.4820  -23.4280  1079
54211  44.5140  -20.3830  -12.0290  1080    49066  47.6040  28.8600  -55.8940  1080
54213  44.2710  -20.3740  -13.1010  1081    49134  8.2910  4.2380  22.4720  1081
54219  43.9920  -20.4980  -14.1670  1082    49202  63.5420  -29.4520  -34.9600  1082
54243  44.0160  -20.7100  -15.0280  1083    50011  49.9030  -48.9570  -22.9060  1083
54254  44.0840  -20.5090  -15.8290  1084    52026  51.9990  -29.2790  -0.0400  1084
54257  44.3430  -20.3810  -16.7500  1085    53056  30.3440  34.5450  23.3880  1085
54258  45.3770  -21.1710  -17.9110  1086    53453  58.8860  12.3690  -39.7930  1086
54259  44.8040  -20.4780  -17.7360  1087    53195  64.7000  -24.5110  -33.6210  1087
54264  66.4580  -20.5260  -18.5510  1088    54678  57.0520  -11.3730  -43.3020  1088
54266  46.4270  -21.0540  -19.0120  1090    55187  46.7100  46.3020  -32.1690  1090
54267  45.7690  -20.7760  -18.7380  1091    53714  32.8370  -70.4350  -25.9410  1091
54268  44.9770  -19.9340  -18.6210  1092    88401  52.6410  -45.4280  7.3550  1092
54276  66.8740  -19.8810  -18.8540  1093    88421  10.7590  -30.5030  39.7440  1093
54277  65.9890  -20.0670  -19.1360  1094    88436  20.5360  -57.0950  -27.8980  1094
54278  65.0120  -20.3740  -19.3930  1095    54768  49.0660  47.3870  -31.8910  1095
54282  49.5500  -21.4320  -20.2960  1099    57483  5.2840  -41.2050  0.3140  1099
54284  48.1290  -21.1670  -19.9780  1101    57532  39.9450  17.3760  -37.0990  1101
54285  46.8460  -20.8390  -19.5650  1102    55210  10.4030  -28.3260  -2.0940  1102
54286  45.9290  -20.1140  -19.5530  1103    88470  10.4820  57.4510  -17.4960  1103
54298  63.8570  -20.1400  -20.2860  1105    88611  55.3620  -32.7250  8.8730  1105
54300  61.9140  -20.4640  -20.7870  1107    56345  14.5640  -43.1630  -24.6320  1107
54301  60.9950  -20.4720  -20.9860  1108    58409  5.4890  8.2640  33.4480  1108
54303  59.2300  -20.6360  -20.9770  1110    58463  12.4920  29.3610  41.2490  1110
54304  58.3260  -20.6810  -20.9820  1111    58494  4.9700  5.3260  13.4640  1111
54306  56.3830  -20.7830  -21.2010  1113    58556  63.5810  -20.7250  -20.0000  1113
54307  55.3110  -20.8540  -21.0830  1114    58584  26.4320  27.4930  -55.1860  1114
54308  54.2640  -20.8600  -21.0110  1115    58662  62.7170  -20.9540  -20.1290  1115
54309  53.2090  -20.8000  -20.9560  1116    58688  49.4010  -2.3930  25.0290  1116
54310  52.2490  -20.8760  -20.8800  1117    58892  0.5520  43.4230  -10.7390  1117
54311  51.1430  -20.8330  -20.8960  1118    58920  41.0100  -60.5060  -3.5690  1118
54312  49.8600  -21.1000  -20.5690  1119    57499  35.3480  38.0180  -19.9040  1119
54313  48.6800  -20.7470  -20.6010  1120    88653  51.3910  -20.8090  29.0220  1120
54314  47.6680  -20.4340  -20.4460  1121    88663  31.8580  43.9540  -9.0120  1121
54315  46.9140  -20.0350  -20.4150  1122    69491  11.6170  -6.8200  58.1460  1122
54327  56.8920  -20.3850  -21.4710  1123    70170  41.8750  0.9110  2.0330  1123
54329  52.6070  -20.3910  -21.1560  1125    70194  20.1300  -64.9710  -35.3820  1125
54330  51.8860  -20.3240  -21.2900  1126    88943  52.6360  -21.3920  25.6560  1126
55156  56.1340  -19.2700  -6.2410  1128    62216  31.7810  68.7940  -16.3780  1128
55157  55.7050  -19.2460  -6.2920  1129    62214  17.2810  -47.4780  -15.4540  1129
55159  53.7510  -19.2220  -6.4150  1131    62277  37.6520  -52.1520  33.1380  1131
55160  52.7490  -19.2920  -6.4120  1132    62308  33.2120  40.7860  28.9660  1132
55161  51.7530  -19.3470  -6.4680  1133    62492  23.7910  68.4890  -17.0720  1133
55162  50.7450  -19.4200  -6.5970  1134    62520  55.3920  18.3560  -5.0540  1134
55163  49.8190  -19.4750  -6.7060  1135    62555  44.4010  34.6930  -14.5050  1135
55169  59.7760  -18.8230  -6.6870  1139    62684  62.4080  9.2130  -40.0230  1139
55171  57.7430  -18.7320  -6.5590  1141    62813  43.5100  -58.6390  -16.5800  1141
55173  55.4270  -18.7230  -6.7860  1143    62231  3.7750  -12.7700  49.2900  1143
55174  54.3010  -18.5900  -7.0570  1144    62262  9.0440  7.5020  29.5130  1144
55175  53.2630  -18.8030  -6.9190  1145    1478  45.8520  44.4420  -26.2420  1145
55176  52.3340  -18.8170  -6.9280  1146    62479  48.6210  -31.6710  19.6240  1146
55177  51.3570  -18.8700  -7.0470  1147    62503  46.0680  59.3850  -30.1330  1147
55178  50.3090  -18.9540  -7.2570  1148    62539  36.3140  47.7610  17.2630  1148
55179  49.1890  -19.2280  -7.2330  1149    62573  19.1650  -29.4450  46.4790  1149
55180  48.3090  -19.2470  -7.5550  1150    63728  35.0460  46.7950  14.1400  1150
55181  47.4880  -19.3990  -7.7560  1151    63764  22.6630  -46.7800  -5.8010  1151
55189  61.4100  -18.6970  -7.3320  1156    62653  35.3920  -10.2790  -44.9850  1156
55191  59.4420  -18.2050  -7.1470  1158    62761  16.0730  -26.0280  19.4050  1158
55193  57.2850  -18.1620  -7.0790  1160    62988  23.2900  49.3300  17.0300  1160
55194  56.2080  -18.1880  -7.1860  1161    63022  19.3350  -49.2730  36.2790  1161
55195  55.2320  -18.1700  -7.3780  1162    63056  44.3980  49.9150  16.0430  1162
55197  49.7210  -18.7280  -7.7130  1164    2086  50.6520  56.2450  -10.7920  1164
55198  48.9710  -18.7380  -7.9340  1165    63458  40.5470  -1.5830  -36.0690  1165
55199  48.0130  -18.8660  -8.2900  1166    63747  13.7810  -67.9750  -35.5000  1166
55200  46.9320  -19.2740  -8.4000  1167    63779  5.9350  59.6370  -30.2940  1167
55201  46.1780  -19.4340  -8.8060  1168    64791  12.7810  -10.4720  54.6130  1168
55209  64.3800  -19.1290  -8.8480  1172    4094  50.2860  56.0950  -15.4730  1172
55211  47.4980  -18.7270  -8.8650  1174    3596  15.4100  -56.0260  22.9330  1174
55212  46.7780  -18.8570  -9.2560  1175    64741  67.7560  4.0800  2.7570  1175
55213  45.8920  -19.3080  -9.5200  1176    64969  57.8760  21.5860  -43.6650  1176
55218  66.7150  -19.4270  -10.0150  1177    4080  13.5760  -10.8370  17.5970  1177
55220  46.3840  -18.7050  -9.9210  1179    65639  12.2880  -1.6140  -38.9890  1179
55221  45.7100  -18.8940  -10.5720  1180    65650  21.2170  -28.4450  -17.7710  1180
55224  67.1120  -18.7730  -10.2820  1182    6452  6.9440  39.7650  21.8740  1182
55226  45.2180  -18.7580  -11.5940  1184    66097  51.2180  -31.3890  11.9150  1184
55227  44.8060  -19.6060  -11.6020  1185    66113  5.2030  -58.7580  -12.5280  1185
55229  45.0440  -18.4420  -12.1530  1186    8979  60.2620  -2.3300  16.5200  1186
55230  44.6420  -19.1490  -12.4910  1187    66387  20.8370  -17.1330  -30.5830  1187
55242  44.1600  -19.3240  -13.7220  1188    66491  26.2820  38.0000  -40.1860  1188
55262  43.8490  -19.5880  -14.9840  1189    67490  31.5340  35.0340  -23.2900  1189
55268  43.8940  -19.4570  -16.2110  1190    68445  6.5940  36.8830  -42.9920  1190
55272  44.1240  -19.4390  -17.2720  1191    68648  44.1830  -7.0850  44.5840  1191
55275  44.4300  -19.3390  -18.2310  1192    68825  67.0050  -3.0840  8.2400  1192
55277  45.3190  -19.7530  -19.2640  1193    69111  63.2610  8.0440  16.2690  1193
55278  44.7360  -19.2020  -19.0520  1194    68881  29.4190  -49.5420  39.1790  1194
55282  66.3920  -19.3570  -19.3850  1195    69214  62.9140  13.2300  -18.2060  1195
55283  65.4410  -19.5490  -19.7950  1196    69335  42.1240  37.5430  -47.0090  1196
55286  45.5250  -19.3380  -20.0040  1199    69110  45.2980  0.6130  2.5330  1199
55294  63.5100  -19.4420  -20.7980  1203    69834  38.0800  32.3320  -6.8270  1203
55295  62.4090  -19.4330  -21.2280  1204    19249  21.8410  51.8130  -30.1490  1204
55296  61.3780  -19.7770  -21.3420  1205    70081  39.2800  -29.1100  36.8250  1205
55297  60.4540  -19.9420  -21.4660  1206    70090  8.8140  85.6150  -20.6990  1206
55299  58.6360  -20.0850  -21.4110  1208    70140  37.5660  37.2910  -51.6340  1208
55302  55.6340  -20.2260  -21.5240  1211    70297  56.6730  -20.7860  -33.8910  1211
55303  54.6350  -20.2090  -21.4470  1212    70182  51.5240  5.6940  -37.5130  1212
55306  50.2500  -20.3580  -21.2900  1215    70472  50.7090  -53.5460  14.1120  1215
55307  49.2040  -20.3050  -21.1940  1216    70473  6.7230  56.9780  -18.4630  1216
55308  48.1870  -20.0480  -21.1210  1217    70492  34.8070  25.0970  26.1130  1217
55309  47.2950  -19.7680  -21.0330  1218    70511  12.1320  -60.3380  -20.8300  1218
55310  46.4880  -19.3860  -20.9470  1219    69490  37.4670  -12.1730  40.3250  1219
55323  60.7890  -19.2080  -21.7640  1223    70082  15.4810  -12.6900  40.8780  1223
55324  59.8690  -19.3570  -21.8530  1224    70107  57.5990  15.8830  22.7320  1224
55326  58.0370  -19.5330  -21.7800  1226    70150  2.7550  -23.3540  -3.0290  1226
55328  56.0580  -19.7040  -21.9210  1228    70183  55.8410  7.4260  14.4020  1228
55330  53.9480  -19.5680  -21.9750  1230    70184  51.6410  10.4760  -4.1950  1230
55331  52.7240  -19.8880  -21.6780  1231    70202  50.5580  10.5680  -4.8330  1231
55332  51.5730  -19.8770  -21.8750  1232    71569  33.0390  47.1370  24.6460  1232
55333  50.6060  -19.9250  -21.9390  1233    70471  6.3200  52.1300  -23.1570  1233
55335  48.6370  -19.7460  -21.8100  1235    70487  22.1720  79.7670  -18.2060  1235
55336  47.6330  -19.3980  -21.7760  1236    21180  36.4010  -70.1370  -2.8310  1236
55350  53.6700  -19.1990  -22.4050  1238    21139  32.6140  20.8550  -32.7190  1238
55351  53.1050  -19.3220  -22.4000  1239    71526  52.9100  -15.9260  32.1810  1239
55352  52.1080  -19.4230  -22.4510  1240    71558  62.3090  24.3970  -6.0200  1240
55353  51.0710  -19.4680  -22.5340  1241    71583  46.0650  45.4160  -31.7160  1241
55354  50.0560  -19.4680  -22.5330  1242    71603  12.7900  -39.7450  4.3410  1242
55355  49.0650  -19.3780  -22.4520  1243    71617  33.6980  -44.1010  11.2090  1243
56291  52.0730  -18.4370  -7.5440  1247    1511  17.7850  -60.7670  -27.2490  1247
56292  51.1320  -18.4900  -7.6960  1248    2040  11.2270  -26.0120  -16.2520  1248
56296  62.8430  -18.7200  -7.9870  1250    2265  53.6190  -43.2440  23.9940  1250
56298  61.2850  -17.9620  -7.7970  1252    2266  54.1030  -42.9060  23.3380  1252
56300  59.1360  -17.6120  -7.7290  1254    2320  63.0360  -19.0450  -30.0610  1254
56302  56.9950  -17.6100  -7.7260  1256    2844  43.9130  -50.6560  18.3450  1256
56304  55.0360  -17.7520  -7.8930  1258    2943  45.4280  32.6140  -14.6410  1258
56305  53.9740  -18.0510  -7.7940  1259    1477  53.0900  -42.4880  -35.9810  1259
56306  52.8800  -18.0060  -8.0240  1260    1476  33.8150  36.1260  -56.5660  1260
56307  51.8900  -18.0350  -8.1660  1261    2007  8.9520  51.8010  -16.3730  1261
56308  50.9310  -18.0830  -8.2750  1262    2063  26.0400  -41.9700  22.8560  1262
56309  49.8790  -18.2340  -8.3180  1263    2109  34.3190  22.3990  -38.6080  1263
56310  48.8920  -18.2990  -8.6360  1264    3554  33.2340  72.4230  -30.1290  1264
56314  65.4580  -19.3650  -9.6550  1266    4081  5.7940  -3.7500  40.7470  1266
56317  63.3000  -18.2440  -8.6350  1269    2267  25.7260  77.8000  -16.2220  1269
56319  61.1410  -17.3020  -8.4360  1271    2298  49.1190  -3.8570  27.8460  1271
56321  58.8450  -17.0980  -8.3170  1273    2342  59.7120  -33.4670  -40.0300  1273
56323  56.8030  -17.1370  -8.3620  1275    2879  20.0130  -83.9960  -29.2200  1275
56325  54.7840  -17.3790  -8.4570  1277    2966  36.8930  19.7070  -14.3880  1277
56326  53.7500  -17.5020  -8.5310  1278    3332  26.2550  -71.2000  -33.0640  1278
56327  52.7250  -17.5430  -8.6490  1279    3381  66.5090  -3.1810  -27.4370  1279
56328  51.7180  -17.5530  -8.7350  1280    3437  11.6200  -43.8720  22.3210  1280
56329  50.7090  -17.6170  -8.8430  1281    3482  6.5550  27.9190  14.9370  1281
56330  49.7100  -17.7060  -9.0220  1282    3531  60.4300  8.2390  22.2010  1282
56331  48.7410  -17.8400  -9.3420  1283    3574  19.2420  54.0940  27.0490  1283
56332  47.7000  -18.2120  -9.4560  1284    3965  42.9440  21.3520  24.1690  1284
56333  47.0030  -18.3320  -9.8470  1285    5903  19.8410  -48.2610  35.0580  1285
56340  65.0880  -18.1850  -9.9800  1288    4079  13.8900  -9.9680  17.0390  1288
56341  64.1330  -17.7660  -9.5800  1289    4116  28.9610  72.8350  -30.5010  1289
56342  63.1160  -17.4100  -9.3730  1290    4156  5.3250  -55.2750  21.5950  1290
56344  61.0440  -16.7640  -9.1190  1292    4451  42.2240  -58.7010  -27.4560  1292
56346  48.2860  -17.6350  -9.8330  1294    5401  8.2860  49.7330  2.4010  1294
56347  47.5830  -17.7140  -10.1660  1295    5419  18.0050  57.4070  -36.4820  1295
56348  46.6470  -18.1330  -10.4240  1296    5922  3.5470  20.2560  -20.7130  1296
56355  65.8970  -18.1340  -10.6990  1299    6451  15.8420  -76.1570  -11.9420  1299
56356  65.3300  -17.6670  -10.6900  1300    6515  29.2000  -73.0490  -36.0320  1300
56357  47.2250  -17.5310  -10.6860  1301    7166  8.1870  44.8700  -31.5490  1301
56358  46.6390  -17.6400  -11.0420  1302    7210  62.3750  8.4560  19.5350  1302
56359  45.9540  -18.1420  -11.3000  1303    7460  2.7920  15.0670  -11.9810  1303
56363  46.3180  -17.4950  -11.5730  1304    8392  36.4040  47.6880  -2.3730  1304
56364  45.6230  -17.7030  -12.0980  1305    8416  10.7650  1.4920  -39.0310  1305
56378  45.0870  -17.5800  -12.7390  1307    8980  39.8300  0.0060  -38.3300  1307
56379  44.5720  -18.0840  -13.2810  1308    9003  66.6580  -22.5190  3.7270  1308
56398  44.0440  -18.2140  -14.4050  1309    10339  42.2060  39.4310  17.1850  1309
56415  43.7590  -18.2970  -15.5990  1310    5536  5.3680  -50.5700  16.2190  1310
56429  43.7540  -18.3800  -16.7630  1311    7406  9.7100  -33.6410  51.9920  1311
56443  43.9120  -18.4300  -17.8340  1312    14759  47.7650  -52.8110  -4.8040  1312
56457  44.2260  -18.4360  -18.8030  1313    15952  11.1940  4.5980  21.0460  1313
56472  65.9400  -18.8970  -19.9190  1314    18357  5.6790  -27.6460  29.3240  1314
56474  45.0360  -18.8010  -20.0810  1316    17143  51.1190  -8.0040  36.0660  1316
56481  64.1280  -18.7250  -20.8850  1319    19096  17.7030  -60.9060  -32.1180  1319
56484  45.9430  -18.8300  -21.0650  1322    19673  44.9960  63.8280  -31.7310  1322
56485  45.3190  -18.4980  -20.7230  1323    19622  34.4970  -47.0340  37.7610  1323
56489  62.7680  -18.0310  -21.5730  1325    19248  20.8380  50.3680  -31.0050  1325
56491  61.1400  -18.4520  -21.9670  1327    20158  30.8680  -27.8110  -32.1380  1327
56493  59.3010  -18.7980  -22.1910  1329    20255  16.7640  -82.5410  -30.3130  1329
56495  57.4660  -19.0640  -22.2270  1331    20566  11.7060  35.8520  43.6230  1331
56496  56.5720  -19.1820  -22.3290  1332    20646  63.8440  -27.3450  -34.4280  1332
56497  55.6490  -19.1640  -22.3660  1333    20694  42.6740  11.4280  -3.0030  1333
56501  46.3710  -18.5870  -21.7230  1337    21182  21.7000  -61.7940  -32.8470  1337
56509  57.7360  -18.4710  -22.5790  1339    20565  12.2620  35.2710  44.2130  1339
56511  56.2040  -18.6270  -22.9030  1341    20672  5.3050  -23.4380  45.9630  1341
56512  55.2660  -18.7300  -22.8350  1342    20719  38.3930  27.5470  3.3380  1342
56515  52.6250  -18.9820  -23.0900  1345    22206  15.2220  54.3990  6.3550  1345
56516  51.5770  -18.9550  -23.1710  1346    22486  25.2820  -7.5600  32.5360  1346
56517  50.5180  -18.9460  -23.1640  1347    22527  39.8140  -19.7260  26.6340  1347
56518  49.4860  -18.8890  -23.0690  1348    22587  34.6280  -47.8560  19.9920  1348
56519  48.4800  -18.7250  -22.8760  1349    22622  49.3070  56.1250  -33.8270  1349
56520  47.3200  -18.4500  -22.5040  1350    21181  30.0800  36.7180  22.8620  1350
56521  46.5750  -18.1230  -22.2780  1351    21200  21.4290  35.8660  42.6590  1351
56532  55.6640  -18.3550  -23.2890  1352    21947  13.4700  -75.8210  -28.0820  1352
56534  54.1010  -18.4820  -23.4520  1354    22060  50.3540  -43.0790  3.7190  1354
56535  53.1970  -18.5330  -23.6120  1355    22185  7.6390  -33.1750  34.7710  1355
56536  52.1460  -18.4110  -23.8630  1356    22222  56.7820  39.1960  3.5960  1356
56537  51.0010  -18.3020  -23.8510  1357    22505  38.2530  -21.5250  26.3790  1357
56540  47.9870  -18.0210  -23.2090  1358    22643  31.8730  -6.1200  -2.0860  1358
57739  59.4870  -16.7320  -8.8650  1360    4273  4.8660  -11.8860  5.8320  1360
57741  57.6930  -16.6130  -8.9070  1362    4774  6.0010  44.3180  -26.8340  1362
57743  55.6420  -16.8020  -9.0130  1364    5137  6.8520  -16.5330  24.9370  1364
57744  54.6180  -16.9300  -9.0520  1365    5184  10.9290  -63.5560  -3.4200  1365
57746  52.5910  -17.0320  -9.2180  1367    5264  35.1260  -74.9020  -10.8610  1367
57747  51.5690  -17.0460  -9.3170  1368    5308  5.7110  -3.8150  39.2340  1368
57748  50.5700  -17.1700  -9.4890  1369    5348  65.9860  -22.2030  7.3250  1369
57749  49.6470  -17.3190  -9.6940  1370    5384  10.1150  76.9270  -20.5130  1370
57754  63.9800  -17.1550  -10.2420  1373    6572  21.1760  -23.9850  56.3360  1373
57755  62.9630  -16.8290  -10.0790  1374    7011  15.3620  -46.8620  -9.5090  1374
57756  61.9320  -16.5250  -9.8610  1375    7059  17.7190  81.6400  -33.4930  1375
57758  59.7440  -16.3610  -9.5340  1377    4737  25.1380  -40.0990  48.9450  1377
57760  57.6280  -16.1810  -9.5220  1379    87044  34.5520  33.0220  31.6410  1379
57762  55.4780  -16.3710  -9.5430  1381    87060  11.5450  -43.6050  41.0610  1381
57763  54.5020  -16.4390  -9.5890  1382    87065  58.0040  -3.9250  1.5300  1382
57765  52.4800  -16.4590  -9.7450  1384    87075  42.8020  51.0170  19.7780  1384
57766  51.4310  -16.4810  -9.9390  1385    87083  35.1320  49.3520  20.3070  1385
57767  50.4100  -16.7570  -10.0680  1386    87088  7.5110  -45.3940  39.0970  1386
57769  48.5850  -17.1490  -10.3950  1388    5881  28.7870  -56.9370  20.1760  1388
57774  67.0880  -17.8950  -11.1830  1390    6413  29.1990  -75.0040  -13.2330  1390
57775  66.5720  -17.8340  -11.3360  1391    7861  30.8550  -33.1750  49.7560  1391
57777  64.9250  -17.1260  -11.1020  1393    8342  46.3660  -4.3160  35.3890  1393
57778  63.8610  -16.6490  -11.0470  1394    87158  38.9950  -17.4660  44.4130  1394
57779  62.7600  -16.3830  -10.6760  1395    87194  31.7520  42.7650  28.6750  1395
57780  61.7670  -16.1120  -10.4320  1396    87198  39.2010  0.9650  -53.6280  1396
57782  59.6280  -15.8850  -10.1690  1398    87207  36.9780  12.8710  -11.0030  1398
57784  57.6240  -15.7460  -10.0990  1400    87211  54.0050  -2.2380  -50.0650  1400
57786  51.0050  -16.2540  -10.3980  1402    80447  22.0270  22.1570  29.0170  1402
57787  50.3160  -16.3590  -10.6230  1403    87316  8.9030  -15.0240  -15.0950  1403
57789  48.5040  -16.6240  -11.0630  1405    87340  14.4510  81.5590  -13.6570  1405
57790  47.5100  -17.0130  -11.1630  1406    8359  57.8100  -15.6770  22.7670  1406
57801  66.5650  -17.3530  -12.1150  1408    8251  31.7490  4.7430  49.7040  1408
57802  65.7170  -17.0310  -12.0670  1409    87390  8.9680  52.8640  -12.7860  1409
57803  64.8720  -16.5770  -11.8970  1410    87398  28.1080  -69.0190  6.2020  1410
57805  48.0900  -16.3920  -11.4710  1412    87425  15.7510  -54.9130  40.8260  1412
57807  46.5810  -16.8430  -11.9520  1414    8461  8.9950  2.8670  -39.5250  1414
57808  46.0760  -16.8440  -12.3660  1415    8968  30.6930  -56.0870  16.6350  1415
57816  45.0340  -17.0240  -13.2350  1417    10299  57.3060  -5.3040  6.6830  1417
57821  44.5250  -17.0920  -13.9710  1418    10340  27.1250  33.3620  -41.4960  1418
57826  44.0690  -16.9010  -15.0470  1419    5538  60.0590  -35.9850  15.1290  1419
57831  43.7090  -17.1890  -16.2540  1420    5537  10.0630  69.1280  -14.6080  1420
57836  43.6690  -17.3450  -17.3710  1421    14760  54.1380  -50.2180  8.6580  1421
57842  43.8140  -17.4510  -18.4420  1422    15953  10.9520  5.7250  20.1960  1422
57858  44.1760  -17.5490  -19.4480  1423    17144  53.5400  -1.1740  11.6830  1423
57877  45.0610  -17.8740  -20.9730  1425    19623  26.2640  65.5320  -28.6930  1425
57878  44.6890  -17.7340  -20.4410  1426    18815  41.4520  -45.3660  -19.7780  1426
57897  61.5160  -17.7520  -22.1100  1427    20101  27.4890  -27.7140  27.7490  1427
57899  59.4990  -18.1800  -22.5190  1428    20229  31.5750  -20.5620  30.1960  1428
57902  45.4670  -17.6540  -21.5780  1431    19674  12.7340  67.5570  -28.8900  1431
57907  59.5900  -17.6190  -22.8890  1433    83622  44.3500  59.9410  -8.0670  1433
57908  58.4940  -17.8740  -22.8800  1434    20627  53.9190  -45.5030  -19.3430  1434
57912  46.5570  -17.4760  -22.6410  1438    22812  20.0470  -36.3070  43.7920  1438
57923  57.5790  -17.6630  -23.4440  1440    83972  39.0490  4.8290  -36.5940  1440
57924  56.4830  -17.8500  -23.6380  1441    21992  52.9020  -43.9020  4.3880  1441
57926  54.6630  -18.0420  -23.9010  1443    24313  6.7700  62.0400  -29.0420  1443
57927  53.7610  -18.0830  -24.0800  1444    24334  49.6130  54.4960  2.7230  1444
59186  56.1530  -15.9230  -9.9670  1447    80401  18.0330  -24.3160  25.8180  1447
59188  54.4210  -15.9040  -10.1110  1449    80407  38.2490  23.4770  -25.5230  1449
59189  53.4100  -15.8960  -10.1780  1450    80423  30.8440  -69.2930  -15.0890  1450
59199  63.3950  -16.2280  -11.3420  1453    80934  7.9210  -37.4610  23.3360  1453
59201  61.6160  -15.6940  -10.9460  1455    80939  10.5690  -0.7150  29.9340  1455
59202  60.5590  -15.5510  -10.8170  1456    80952  58.2380  -12.6600  19.6860  1456
59204  58.5210  -15.3200  -10.6260  1458    80974  27.1790  80.6390  -6.7460  1458
59206  56.4360  -15.4160  -10.5120  1460    80400  30.7480  -28.0440  46.3420  1460
59207  55.3670  -15.3940  -10.6240  1461    80399  57.9560  -36.8270  -20.2170  1461
59209  53.3040  -15.3640  -10.7370  1463    80432  12.7370  -36.6140  -20.8860  1463
59211  51.2420  -15.7190  -10.9180  1465    80510  6.1180  -6.5420  33.8960  1465
59212  50.2810  -15.8970  -11.2100  1466    81153  13.1740  -72.7700  -17.8920  1466
59213  49.4070  -16.0400  -11.4030  1467    81258  35.2190  1.6910  26.2530  1467
59225  66.5180  -16.8430  -12.8290  1469    76040  32.8830  5.1710  -47.0910  1469
59227  64.8680  -15.9310  -12.5390  1471    73214  22.0890  -54.5390  16.6170  1471
59228  63.6100  -15.7970  -11.9000  1472    72821  25.4370  -66.6420  11.0530  1472
59229  62.5260  -15.4590  -11.6080  1473    72822  7.0860  72.5130  15.4250  1473
59230  61.4730  -15.2120  -11.4110  1474    80945  13.4550  -59.2380  34.0720  1474
59231  60.4150  -15.0830  -11.3200  1475    80956  23.4420  63.4290  5.0660  1475
59233  58.3920  -14.8350  -11.1210  1477    80979  7.0730  -3.0110  56.2980  1477
59235  56.3060  -14.8390  -11.1370  1479    80999  20.6960  -4.1850  55.4260  1479
59236  55.2540  -14.8710  -11.2370  1480    80998  34.0830  -18.5130  -27.3490  1480
59238  53.1520  -14.8910  -11.3430  1482    81125  30.8750  -66.9040  -12.7590  1482
59240  51.1010  -15.2360  -11.5920  1484    81145  56.3620  18.6890  -48.7160  1484
59241  50.1800  -15.3800  -11.7900  1485    81161  23.3390  22.1020  27.2160  1485
59243  48.3510  -15.7700  -11.9760  1487    81276  15.7990  -66.7130  -10.2950  1487
59244  47.3280  -16.0060  -12.1920  1488    81837  11.0940  54.8280  -22.0870  1488
59252  66.5050  -16.2140  -13.3210  1491    76846  55.1620  3.6840  11.7660  1491
59253  65.8110  -15.8910  -13.1380  1492    56648  38.4360  -18.8720  22.7850  1492
59255  49.9180  -15.1190  -12.1540  1494    57646  40.8720  24.0010  16.6930  1494
59256  49.3460  -15.1390  -12.3070  1495    59500  29.9430  -76.5960  -0.8980  1495
59258  47.0660  -15.7560  -12.5410  1497    59822  7.5440  -67.2080  -29.8630  1497
59259  46.5830  -15.8250  -12.8290  1498    81860  67.9160  -15.3880  12.3160  1498
59260  45.7650  -16.1170  -13.2220  1499    81904  34.8400  -5.2600  -14.0880  1499
59261  45.0410  -16.3760  -13.6720  1500    82219  40.2600  18.7190  -54.3440  1500
59266  45.4100  -15.7470  -13.7940  1501    59876  35.0620  40.2760  34.2280  1501
59267  44.7940  -15.9610  -14.3120  1502    82297  66.4500  4.7560  -32.4330  1502
59270  44.4740  -15.6230  -15.1060  1503    82356  46.9690  40.8170  -29.3300  1503
59273  43.9710  -15.9860  -15.8970  1504    82469  54.9650  -51.1870  -6.1650  1504
59276  43.6770  -16.1930  -16.9100  1505    82492  33.9370  -36.7330  -27.3820  1505
59279  43.6510  -16.3410  -17.9910  1506    82611  29.1220  -60.5450  23.8800  1506
59284  43.8190  -16.4640  -19.0730  1507    82647  7.1860  69.3040  -2.6390  1507
59294  44.2520  -16.5940  -20.0880  1508    82764  51.8440  54.7600  -25.0170  1508
59316  45.1470  -16.5150  -21.8240  1509    83347  21.0810  71.4240  -22.5580  1509
59317  44.7260  -16.7680  -21.0790  1510    82888  8.2140  12.8690  20.2980  1510
59336  45.7800  -16.7430  -22.3620  1511    83362  10.3070  80.7640  -19.0640  1511
60553  64.2460  -15.4560  -12.5600  1512    56646  31.4270  61.3270  -1.5390  1512
60555  62.3690  -14.9090  -12.0060  1514    56657  12.3010  53.0490  -45.2940  1514
60556  61.2960  -14.7100  -11.8730  1515    56994  41.9250  -37.4930  -25.5160  1515
60557  60.2370  -14.6000  -11.8070  1516    57037  49.6320  -2.5930  26.9250  1516
60559  58.2190  -14.3920  -11.6780  1518    57118  17.8380  16.1600  51.3040  1518
60561  56.1580  -14.3520  -11.7950  1520    57200  4.8690  5.7700  13.9110  1520
60562  55.0960  -14.4140  -11.8990  1521    57224  20.0750  45.7740  -33.5800  1521
60564  52.9790  -14.4680  -12.0050  1523    57245  67.7420  -19.8540  -18.7840  1523
60574  66.4800  -15.6420  -13.6720  1529    4035  36.6900  21.0440  -15.6090  1529
60577  64.1880  -14.9640  -12.9250  1532    56647  48.0460  -25.7880  23.5700  1532
60578  63.2460  -14.6290  -12.6230  1533    56658  8.8360  -48.3530  -11.1020  1533
60579  62.1920  -14.3330  -12.4120  1534    56995  57.4720  -22.2900  -38.0970  1534
60580  61.0790  -14.1900  -12.3390  1535    57038  10.8140  2.8050  36.6880  1535
60581  60.0110  -14.1420  -12.2980  1536    57096  30.4270  -0.9550  -30.2000  1536
60583  58.0440  -13.9440  -12.2450  1538    57180  6.2270  40.8290  33.0430  1538
60585  55.9820  -13.8590  -12.5080  1540    57225  32.9210  56.4410  1.2300  1540
60586  54.8840  -14.0020  -12.5170  1541    57233  1.7510  8.5340  -34.3690  1541
60588  52.8130  -14.0750  -12.7590  1543    57629  12.1760  30.4520  44.2780  1543
60589  51.6660  -14.3440  -12.7280  1544    57647  14.5980  33.3810  14.1050  1544
60590  50.4350  -14.5910  -12.6860  1545    57683  40.2700  35.4840  -10.4920  1545
60594  46.6360  -15.2790  -13.3240  1549    59850  31.5770  -29.6680  49.2180  1549
60601  55.5040  -13.6160  -12.9600  1551    59027  29.6080  -12.8040  53.1650  1551
60603  53.8330  -13.6320  -13.2340  1553    59362  5.2530  -41.6350  -0.4090  1553
60605  50.0520  -14.3020  -13.1890  1555    59501  7.1260  45.6620  -34.9430  1555
60607  48.4510  -14.4660  -13.4260  1557    59811  64.6680  1.6870  -39.9460  1557
60608  47.5180  -14.6100  -13.6100  1558    59839  37.0510  -9.0670  -7.8110  1558
60609  46.6450  -14.7490  -13.8910  1559    59863  45.4670  44.7860  -12.6420  1559
60610  45.6850  -14.9920  -14.2320  1560    59890  63.6430  1.2590  -40.0800  1560
60611  44.9990  -15.1810  -14.6730  1561    60817  54.3330  -20.1880  -21.4480  1561
60614  45.4320  -14.6620  -14.7710  1562    8054  36.3150  -20.3580  -35.0840  1562
60615  44.9080  -14.7570  -15.0980  1563    60833  12.9320  20.6250  29.5650  1563
60618  44.3850  -14.9370  -15.6650  1564    61208  37.5370  58.6870  -27.8400  1564
60621  43.8940  -15.0490  -16.4720  1565    61295  33.8330  16.3540  36.2820  1565
60624  43.6740  -15.2040  -17.5080  1566    61623  33.0260  16.7460  37.0300  1566
60628  43.6860  -15.3240  -18.6000  1567    61705  39.8340  -60.5840  -5.6740  1567
60633  43.9540  -15.4230  -19.6960  1568    62040  7.5220  32.5070  25.4810  1568
60647  44.3450  -15.5770  -20.7110  1569    58714  27.4960  56.1460  0.7110  1569
61810  65.8250  -14.9440  -13.8330  1571    4036  7.9000  25.4930  7.4770  1571
61811  64.9950  -14.6830  -13.6060  1572    4082  43.8900  -1.1580  19.2440  1572
61816  59.7550  -13.6890  -12.7230  1573    4587  6.0150  27.8080  13.1500  1573
61818  57.8870  -13.5220  -12.8250  1575    5054  22.5580  -46.5590  -28.3830  1575
61819  56.9470  -13.4770  -12.9740  1576    5102  25.5370  -27.5210  38.2800  1576
61821  52.3480  -13.8810  -13.2400  1578    5562  43.7880  -23.6260  -44.1750  1578
61843  51.4530  -13.6410  -13.9170  1581    5561  43.0610  -24.0910  -43.3690  1581
61844  50.3460  -13.9320  -13.7930  1582    5560  43.2760  -24.7720  -43.3200  1582
61846  48.4580  -14.0470  -14.0330  1584    7557  62.2310  10.7530  -41.9450  1584
61847  47.5470  -14.1740  -14.2260  1585    7601  52.0280  15.3030  -12.4580  1585
61848  46.6700  -14.2980  -14.4540  1586    8000  32.3560  -37.3200  -33.6880  1586
61861  46.6690  -13.8450  -14.9540  1588    8027  64.0090  -17.6080  21.8280  1588
61862  45.6690  -14.0140  -15.1600  1589    8074  36.1200  -19.4520  -35.9000  1589
61863  44.8560  -14.2370  -15.4460  1590    9255  4.9770  -54.2790  3.1110  1590
61865  45.1960  -13.6580  -15.5670  1591    9235  43.0410  -66.6360  -21.8820  1591
61866  44.5030  -13.9620  -16.0600  1592    9277  28.8520  41.6190  -21.8900  1592
61869  43.9770  -14.0980  -17.0340  1593    9434  38.2200  33.3450  -20.9450  1593
61872  43.7290  -14.1990  -18.0730  1594    9877  42.6970  51.7160  -24.9010  1594
61875  43.7680  -14.2620  -19.1940  1595    9996  31.6360  -54.9850  2.2140  1595
