#!ascii label  , from subject FreeSurferMNI152_0.6 vox2ras=TkReg
1874
56111  -24.770  6.501  49.427 1.0000000000
56180  0.795  -8.134  11.888 2.0000000000
56242  -24.076  77.463  4.188 3.0000000000
56581  -26.864  10.806  -68.129 4.0000000000
56650  0.283  62.845  8.559 5.0000000000
56736  -32.040  38.693  39.030 6.0000000000
57068  -0.598  -55.478  3.974 7.0000000000
57206  -51.889  10.767  6.933 8.0000000000
57232  -25.239  65.991  9.477 9.0000000000
57267  -23.522  46.247  35.345 10.0000000000
57366  -63.732  -16.130  21.042 11.0000000000
57394  -44.454  -51.290  26.010 12.0000000000
57597  -55.668  -33.096  18.294 13.0000000000
57631  -55.698  8.581  -48.466 14.0000000000
54937  -14.368  -71.618  9.854 15.0000000000
87877  -56.553  30.169  -5.094 16.0000000000
87796  -53.474  29.220  -4.043 17.0000000000
54312  -10.134  -36.450  28.173 18.0000000000
88020  -41.320  -36.016  -42.465 19.0000000000
87878  -2.703  -25.641  34.757 20.0000000000
55029  -52.875  8.512  24.940 21.0000000000
74715  -45.237  -20.643  22.927 22.0000000000
56125  -11.801  85.235  0.514 23.0000000000
56139  0.953  -58.423  6.432 24.0000000000
56225  -15.070  -57.902  2.438 25.0000000000
56561  -55.088  1.129  -23.840 26.0000000000
56636  -29.999  -13.222  -30.564 27.0000000000
56708  -60.441  13.183  7.668 28.0000000000
57047  -47.856  -13.588  22.167 29.0000000000
57123  -23.466  -26.984  -30.951 30.0000000000
57190  -29.341  10.562  -44.810 31.0000000000
57218  -35.168  -2.373  29.191 32.0000000000
57249  -22.126  43.798  33.634 33.0000000000
57343  -51.191  41.064  -24.267 34.0000000000
57380  -9.467  -36.995  25.892 35.0000000000
57579  -46.678  -46.301  -40.011 36.0000000000
57616  -1.671  -86.260  -10.926 37.0000000000
57646  -18.254  -36.392  -16.952 38.0000000000
54936  -37.391  37.294  -20.730 39.0000000000
59025  -18.255  -49.709  2.659 40.0000000000
88457  -13.277  -42.102  -5.981 41.0000000000
59043  -51.690  31.028  17.100 42.0000000000
72820  -2.151  -59.026  -10.593 43.0000000000
21660  -17.371  12.560  49.046 44.0000000000
22785  -23.898  50.173  10.239 45.0000000000
73859  -23.291  68.886  -17.586 46.0000000000
72829  -36.620  4.704  -47.904 47.0000000000
73046  -13.513  -27.090  34.190 49.0000000000
24004  -25.545  51.775  -29.446 50.0000000000
74473  -52.411  53.605  -26.593 51.0000000000
74482  -8.227  80.817  -39.591 52.0000000000
21619  -4.994  52.088  -29.463 53.0000000000
74084  -15.033  -18.168  -24.903 55.0000000000
74451  -56.073  27.844  -12.286 57.0000000000
75244  -15.189  33.038  -44.158 58.0000000000
75276  -23.993  32.233  -46.397 59.0000000000
75443  -34.443  49.585  -32.638 60.0000000000
75458  -52.773  10.921  -52.620 61.0000000000
75479  -25.606  -45.421  35.339 62.0000000000
75496  -5.015  67.613  -21.353 63.0000000000
75513  -23.236  -39.712  52.444 64.0000000000
75532  0.513  -29.048  4.319 65.0000000000
75546  -22.008  17.327  -32.608 66.0000000000
75547  -35.306  53.670  -34.358 67.0000000000
75737  -18.994  75.710  11.720 68.0000000000
75753  -13.746  -22.116  -31.959 69.0000000000
75768  -49.204  -0.175  -56.178 70.0000000000
74474  -4.530  64.749  -24.796 71.0000000000
74475  -0.537  -45.136  35.011 72.0000000000
74678  -46.610  -10.979  28.124 73.0000000000
74732  -7.664  12.253  -33.900 74.0000000000
74716  0.447  14.798  20.642 75.0000000000
27126  -9.121  59.498  -11.109 76.0000000000
75924  -43.310  17.920  -56.667 77.0000000000
76682  -1.669  -5.875  -10.293 78.0000000000
21582  -47.853  55.177  -9.548 79.0000000000
21581  -26.068  -58.243  -36.212 80.0000000000
22070  -49.806  -41.942  13.590 82.0000000000
21063  -41.550  -72.949  -14.487 83.0000000000
22881  -38.673  68.071  -6.864 85.0000000000
21637  -41.606  9.406  -9.570 86.0000000000
24075  -54.171  26.368  -50.792 92.0000000000
24101  -23.435  -64.625  2.002 93.0000000000
24576  -44.893  -10.804  -11.758 94.0000000000
24666  -49.976  -35.339  -2.829 95.0000000000
24778  -8.113  -60.527  36.299 96.0000000000
25221  -46.274  -14.927  -3.374 97.0000000000
25247  -46.964  -14.310  -3.529 98.0000000000
25376  -42.665  70.217  -9.167 99.0000000000
22922  -38.449  69.161  -5.859 100.0000000000
25759  -38.335  22.748  -55.437 103.0000000000
24055  -59.691  -16.966  -19.102 104.0000000000
26511  -49.374  34.833  12.796 105.0000000000
24076  -59.727  4.230  23.366 106.0000000000
24077  -56.453  10.117  12.253 107.0000000000
24562  -31.880  45.092  15.623 108.0000000000
24646  -55.971  -4.237  -40.684 109.0000000000
24732  -8.685  34.703  15.580 110.0000000000
26701  -56.059  5.514  -28.759 111.0000000000
26740  -30.092  -56.739  35.953 112.0000000000
27018  -30.851  -13.910  47.243 113.0000000000
27057  -0.097  37.649  40.266 114.0000000000
25222  -3.140  -9.791  -15.724 115.0000000000
25223  -66.079  -5.656  -40.330 116.0000000000
25359  -0.563  4.344  25.461 117.0000000000
25688  -0.315  75.008  -8.311 118.0000000000
25760  -15.303  27.292  -36.528 119.0000000000
27485  -11.724  41.803  42.955 120.0000000000
28276  -38.106  -70.588  8.261 122.0000000000
27486  -24.848  -68.670  -34.360 123.0000000000
27487  -35.625  48.010  -39.785 124.0000000000
18154  -49.023  -2.954  16.575 125.0000000000
18876  1.465  -7.972  2.695 126.0000000000
19234  -57.114  -16.733  2.429 127.0000000000
6863  -67.067  -20.928  -12.018 129.0000000000
54157  -48.038  -25.363  5.759 131.0000000000
84436  -26.375  -84.178  -26.423 132.0000000000
57328  -30.379  48.066  13.805 134.0000000000
22882  -38.412  67.025  -7.572 135.0000000000
21599  -25.125  67.625  -6.626 136.0000000000
21583  -25.431  68.752  -6.037 137.0000000000
21661  -42.122  20.553  -66.271 138.0000000000
57771  -38.571  28.670  27.191 140.0000000000
20977  -15.095  -12.420  51.374 141.0000000000
21064  -32.548  -71.253  14.343 142.0000000000
84486  -23.576  59.494  25.443 144.0000000000
84705  -4.599  -27.683  36.940 145.0000000000
84712  -19.874  -15.667  -39.533 146.0000000000
24602  -21.912  17.497  53.454 147.0000000000
59116  -39.657  16.757  -31.851 148.0000000000
25395  -28.024  42.920  -11.298 149.0000000000
22898  -42.400  55.620  -2.670 150.0000000000
22786  -1.374  51.830  -31.213 156.0000000000
84656  -0.910  -42.841  23.565 158.0000000000
24159  -53.335  28.633  -19.430 159.0000000000
24692  -22.123  69.401  -10.229 162.0000000000
60476  -20.358  26.690  39.780 164.0000000000
60507  0.182  -84.533  -17.583 165.0000000000
60539  -39.762  -27.044  -37.329 166.0000000000
25292  -56.483  41.951  -10.697 167.0000000000
22944  -45.996  -60.662  -35.399 170.0000000000
84859  -48.598  -56.875  18.317 171.0000000000
26512  -56.312  41.612  -11.512 174.0000000000
24540  -32.631  30.387  -36.300 175.0000000000
26702  -60.496  6.128  22.483 177.0000000000
26741  -28.747  -56.805  35.832 178.0000000000
27019  -51.869  -7.260  39.238 179.0000000000
27058  0.140  38.506  38.875 180.0000000000
25333  0.088  -53.439  34.687 181.0000000000
62547  -20.387  -48.676  19.926 182.0000000000
25761  -25.528  28.926  -45.515 183.0000000000
27536  -35.175  30.759  -43.374 184.0000000000
27127  -13.069  -46.353  -23.028 185.0000000000
28277  0.078  51.909  2.840 186.0000000000
27563  -39.435  -64.379  -3.054 187.0000000000
51356  -36.300  40.480  -17.061 188.0000000000
52209  -48.056  6.030  -13.467 189.0000000000
52282  -1.541  45.996  11.654 190.0000000000
18106  -28.541  -74.439  4.984 191.0000000000
52190  -63.964  -30.309  -24.265 192.0000000000
52228  -2.971  -35.307  -12.519 193.0000000000
52303  -66.586  -28.947  -26.710 194.0000000000
53431  -7.625  10.608  24.515 195.0000000000
53785  -6.917  -37.693  -15.038 199.0000000000
54447  -28.285  -54.584  8.549 200.0000000000
53786  -7.699  -37.002  -15.230 202.0000000000
54482  -23.079  -67.147  3.294 204.0000000000
54500  -18.789  71.968  19.193 205.0000000000
6862  -45.775  -22.009  26.877 206.0000000000
54899  -31.518  -10.005  -42.705 207.0000000000
54922  -16.537  46.733  40.881 208.0000000000
55249  -19.776  -19.641  54.580 210.0000000000
55288  -22.702  32.186  25.774 211.0000000000
55212  -19.687  -17.786  48.973 214.0000000000
56275  -11.216  -45.451  -23.527 215.0000000000
56287  -22.192  37.367  35.301 216.0000000000
56312  -41.320  -50.778  0.791 217.0000000000
57327  -37.511  -39.670  33.339 219.0000000000
57367  -0.252  9.337  24.568 220.0000000000
57667  0.178  -51.418  -1.549 221.0000000000
57733  -13.209  48.027  36.555 222.0000000000
57734  -43.924  -62.015  -0.258 223.0000000000
56895  -35.549  -11.507  -49.013 228.0000000000
57296  -35.519  63.813  10.233 230.0000000000
58721  -64.734  -37.787  -17.908 231.0000000000
59078  -59.095  9.582  -49.133 233.0000000000
59117  -38.741  19.523  14.145 235.0000000000
57344  -38.713  -59.776  -0.628 237.0000000000
57381  -33.204  -37.154  -39.436 238.0000000000
58722  -61.336  -5.307  7.516 246.0000000000
58745  -11.322  -29.777  14.716 247.0000000000
60191  -18.581  9.425  48.515 249.0000000000
60446  -20.392  58.093  26.059 250.0000000000
60538  -36.709  -28.918  31.330 254.0000000000
59118  -50.164  29.852  15.980 255.0000000000
59133  -0.433  27.092  23.538 256.0000000000
59160  -22.013  -29.171  -36.003 257.0000000000
59187  -29.911  -22.924  30.969 258.0000000000
59217  -12.457  -27.696  32.271 259.0000000000
59281  1.207  -65.195  -1.612 260.0000000000
60094  -42.288  48.159  -38.041 262.0000000000
60114  -2.709  6.091  27.714 263.0000000000
60171  -0.434  17.481  8.473 264.0000000000
60434  -27.153  -25.630  -19.817 265.0000000000
60456  -37.225  9.137  -48.564 266.0000000000
60491  -31.578  39.079  -8.703 267.0000000000
60520  -19.431  5.618  -33.329 268.0000000000
61879  -27.114  -65.492  -39.118 269.0000000000
60540  -47.323  -18.880  -4.680 270.0000000000
60553  -2.140  -34.893  25.249 271.0000000000
60579  -62.041  23.819  -3.684 272.0000000000
60601  -5.334  -59.004  10.760 273.0000000000
60613  -47.823  41.282  -26.122 274.0000000000
60627  -0.271  -75.027  -1.740 275.0000000000
62592  -13.661  -54.848  1.395 279.0000000000
62623  -35.515  23.736  -7.998 281.0000000000
61469  -36.157  39.006  -28.249 282.0000000000
61503  -44.919  -61.672  -38.812 283.0000000000
61780  -40.016  -71.228  1.518 284.0000000000
61812  -25.558  -60.542  8.287 285.0000000000
61838  -0.472  76.200  -9.302 286.0000000000
61867  -47.984  -60.771  10.608 287.0000000000
62094  -0.126  32.103  -40.559 288.0000000000
62122  -63.525  -17.378  17.933 289.0000000000
62152  -65.026  -16.132  17.773 290.0000000000
62193  -0.287  27.440  36.139 291.0000000000
62223  -23.060  37.693  30.403 292.0000000000
62249  -39.091  62.541  -20.966 293.0000000000
63786  -6.655  -4.871  21.890 295.0000000000
63808  -40.894  -44.756  -28.031 296.0000000000
62624  -57.986  31.578  -8.469 297.0000000000
62640  -58.493  32.402  -7.824 298.0000000000
51204  -1.530  23.219  24.331 299.0000000000
51760  -22.733  64.760  18.650 300.0000000000
52260  -66.114  -29.994  -25.747 301.0000000000
68726  -37.299  -67.713  -40.502 303.0000000000
52667  -32.855  -10.147  -40.535 304.0000000000
69064  -48.033  -44.356  -19.706 307.0000000000
54466  -22.329  -36.754  -34.477 309.0000000000
69151  -39.701  -61.558  19.055 310.0000000000
55333  -23.644  37.538  39.250 312.0000000000
55350  -3.538  70.438  -4.292 315.0000000000
56356  -51.084  -23.405  2.937 320.0000000000
57735  -18.744  62.756  10.382 323.0000000000
57668  -0.880  72.944  -11.428 331.0000000000
57750  -20.885  72.809  -10.047 333.0000000000
59224  -41.360  62.187  -20.336 337.0000000000
71000  -44.322  -49.343  22.960 338.0000000000
60141  -1.280  36.259  29.467 340.0000000000
61457  -36.813  39.731  -27.380 341.0000000000
62259  -17.731  7.006  44.511 342.0000000000
62469  -53.093  25.624  -6.359 343.0000000000
60916  -18.968  15.479  -33.369 344.0000000000
62548  -25.121  70.606  1.918 346.0000000000
62564  -23.748  -68.542  4.568 347.0000000000
61487  -15.304  -50.515  -0.984 349.0000000000
63280  -44.320  -32.646  -44.239 350.0000000000
63310  -60.916  13.322  -3.459 351.0000000000
63345  -18.793  -4.454  -31.004 352.0000000000
63371  -41.143  2.819  46.000 353.0000000000
63398  -51.356  -28.076  -10.574 354.0000000000
63648  -10.593  -31.516  11.191 355.0000000000
63671  -42.740  28.271  35.471 356.0000000000
63696  -14.552  -53.035  -0.135 357.0000000000
63725  -35.253  32.326  -13.808 358.0000000000
72342  -45.488  66.291  -17.283 361.0000000000
62608  -23.267  -51.922  20.221 364.0000000000
63829  -6.979  -48.029  -3.689 365.0000000000
63846  -3.936  60.449  -27.266 366.0000000000
72830  -0.348  10.894  41.617 367.0000000000
68058  0.032  -58.909  -10.497 368.0000000000
68332  -41.377  67.773  -3.921 369.0000000000
68343  -39.919  75.536  -25.503 370.0000000000
68458  -30.206  -23.995  22.234 371.0000000000
69087  -0.578  44.596  13.823 374.0000000000
69108  -48.359  27.469  6.366 375.0000000000
69136  -42.893  63.771  -6.001 376.0000000000
69229  -8.580  41.296  -44.108 377.0000000000
69528  -54.753  29.590  -9.117 378.0000000000
70303  -37.921  48.786  16.966 380.0000000000
3579  -41.374  -2.671  -19.903 384.0000000000
70644  -45.273  -36.284  -33.778 385.0000000000
71423  -13.783  -56.408  -10.728 388.0000000000
71440  -39.002  36.782  6.741 389.0000000000
71424  -26.006  70.945  -16.171 392.0000000000
71936  -27.787  -25.132  36.984 393.0000000000
71961  -59.947  -18.418  26.903 394.0000000000
71994  -54.068  -10.783  -7.286 395.0000000000
72014  -14.857  2.007  -43.669 396.0000000000
72038  -1.749  6.508  10.831 397.0000000000
72215  -10.315  45.357  8.317 398.0000000000
72233  -54.250  -37.399  30.695 399.0000000000
72254  -5.981  -57.529  -20.710 400.0000000000
72272  -45.463  -52.606  -15.758 401.0000000000
72288  -20.773  -17.778  -22.006 402.0000000000
72321  -37.280  -26.967  36.767 403.0000000000
71461  -61.168  -42.022  -30.808 405.0000000000
71475  -60.229  -18.541  28.200 406.0000000000
71468  -35.735  25.715  21.121 407.0000000000
72555  -31.756  44.812  34.835 408.0000000000
72295  0.329  -68.902  -17.362 409.0000000000
72289  -66.827  -6.640  -39.185 410.0000000000
72322  -45.873  -10.125  -10.245 411.0000000000
73125  -17.780  -61.043  -11.288 412.0000000000
73114  -9.488  43.011  7.045 413.0000000000
73295  -37.128  -71.953  -16.068 414.0000000000
10602  -17.392  -54.264  -32.899 416.0000000000
73675  -16.446  12.224  -30.962 417.0000000000
68100  0.355  -52.563  -15.434 418.0000000000
68361  -59.004  -24.053  -15.585 419.0000000000
68471  -17.874  -43.384  -16.137 420.0000000000
68739  -26.542  -21.390  -17.179 421.0000000000
69074  -32.700  35.137  -27.719 422.0000000000
69095  -26.484  -19.990  -18.440 423.0000000000
69122  -34.137  35.327  -28.047 424.0000000000
69236  -25.623  -34.141  -29.203 426.0000000000
1180  -54.039  22.528  -35.810 427.0000000000
325  -42.246  38.419  -53.176 429.0000000000
324  -36.651  28.962  -15.073 433.0000000000
70304  -29.122  -17.500  -20.260 437.0000000000
2837  -0.702  -67.634  -32.412 440.0000000000
3578  -41.767  -1.809  -20.338 441.0000000000
2856  -36.601  38.563  -58.011 442.0000000000
3508  -36.415  -15.104  -1.064 443.0000000000
4389  -55.311  -6.585  33.474 446.0000000000
4228  -27.057  -12.996  -36.917 447.0000000000
5190  -12.405  -88.846  -14.749 448.0000000000
5219  -31.872  -3.156  -34.850 449.0000000000
5267  -35.623  51.422  -4.510 450.0000000000
5308  -42.817  5.491  42.899 451.0000000000
5355  -38.478  -34.785  36.458 452.0000000000
5401  -28.112  32.523  -33.826 453.0000000000
5784  -50.421  -41.636  -11.055 454.0000000000
5881  -45.855  55.542  -6.794 455.0000000000
5924  -61.482  13.917  -3.677 456.0000000000
5989  -54.767  27.326  4.713 457.0000000000
5990  -55.843  28.085  5.411 458.0000000000
4388  -37.627  -19.330  -6.250 459.0000000000
4387  -38.064  -18.051  -7.345 460.0000000000
6469  -11.787  9.463  -33.457 461.0000000000
6509  -46.596  -54.890  -17.991 462.0000000000
5785  -8.211  -34.780  12.988 463.0000000000
5809  -6.071  8.089  -34.288 464.0000000000
5905  -19.273  -80.752  -9.288 465.0000000000
5948  -62.552  15.500  -4.318 466.0000000000
5988  -40.856  16.904  37.239 468.0000000000
6029  -62.707  20.806  -2.117 469.0000000000
6443  -35.757  52.734  -6.643 470.0000000000
6485  -29.438  -11.694  -37.178 471.0000000000
7249  -54.984  45.539  -19.866 472.0000000000
7264  -38.130  -63.210  20.427 473.0000000000
7438  -14.745  -49.578  3.178 474.0000000000
7480  -2.084  29.689  -19.813 475.0000000000
7785  -39.041  55.768  18.489 476.0000000000
7804  -43.709  45.888  -20.630 477.0000000000
7858  -29.063  9.240  28.781 478.0000000000
9107  -35.777  26.842  -8.468 479.0000000000
9127  -2.343  18.009  30.468 480.0000000000
9479  -22.130  -52.423  -31.521 481.0000000000
9517  -21.893  17.144  32.017 482.0000000000
9538  -49.171  36.267  -34.984 484.0000000000
9574  -21.190  5.298  38.531 485.0000000000
77334  -8.861  51.638  0.430 486.0000000000
77401  -66.939  -6.780  -23.723 487.0000000000
77538  -2.754  -56.437  -25.743 488.0000000000
77703  -14.312  79.881  6.556 489.0000000000
77720  -16.247  80.554  6.296 490.0000000000
77741  -55.736  -46.173  -38.078 491.0000000000
77763  -18.079  -42.164  44.273 492.0000000000
77775  -61.279  -27.562  -33.806 493.0000000000
326  -11.620  -65.255  26.792 496.0000000000
1179  -20.095  6.366  -34.469 502.0000000000
79448  -3.709  28.535  -41.162 512.0000000000
3577  -63.509  -17.002  -36.180 513.0000000000
30461  -49.770  -46.296  -35.260 514.0000000000
79676  -9.616  28.716  -36.414 515.0000000000
4250  -39.714  -9.965  -1.805 516.0000000000
5203  -49.923  -16.055  -5.679 517.0000000000
5243  -15.613  44.377  42.690 518.0000000000
5290  -39.330  -15.722  -3.907 519.0000000000
5331  -5.888  -67.191  -34.531 520.0000000000
5380  -26.492  11.523  -53.995 521.0000000000
5419  -54.769  2.024  -11.526 522.0000000000
30481  -27.787  77.616  -12.217 523.0000000000
30513  -25.556  -38.747  -35.786 524.0000000000
80108  -38.542  -7.844  37.446 525.0000000000
80099  -20.676  -76.879  -5.305 526.0000000000
7878  -0.266  45.789  -19.607 528.0000000000
7901  -27.637  44.899  -20.359 529.0000000000
8064  0.495  0.262  -33.292 530.0000000000
80452  -16.850  -11.040  -30.786 531.0000000000
80447  -13.073  86.539  -24.491 532.0000000000
7310  -7.004  -25.524  -18.701 533.0000000000
7925  -44.145  3.194  -14.905 535.0000000000
80472  -11.040  -44.165  -10.633 536.0000000000
33953  -21.020  61.923  -30.824 537.0000000000
80943  -43.058  -15.783  24.820 538.0000000000
9446  -22.948  -15.408  47.713 539.0000000000
10166  -44.696  62.110  -4.074 540.0000000000
10200  -27.556  57.201  14.893 541.0000000000
10247  0.187  2.076  -19.334 542.0000000000
10628  -10.122  -73.906  11.643 543.0000000000
80997  -24.014  77.342  -10.937 544.0000000000
80988  -59.435  -11.448  30.155 545.0000000000
34051  -0.204  -1.320  -2.856 546.0000000000
34524  -57.952  0.216  -54.554 548.0000000000
23805  0.111  -43.156  9.466 549.0000000000
23920  -23.960  51.246  -29.452 550.0000000000
24383  -42.474  66.818  -6.488 551.0000000000
24412  -4.020  -33.510  19.853 552.0000000000
24454  -2.151  60.367  16.425 553.0000000000
24542  -50.770  31.391  -43.039 554.0000000000
25131  -26.753  -70.296  10.783 557.0000000000
1181  -40.451  37.363  -55.978 559.0000000000
16448  -38.941  42.728  26.744 561.0000000000
27022  -17.318  -2.024  -39.394 564.0000000000
17543  -53.303  -22.013  -19.039 566.0000000000
27646  -52.099  49.911  -27.669 570.0000000000
30460  -20.700  -44.810  24.097 573.0000000000
30514  -65.942  -20.394  5.215 576.0000000000
30553  -22.399  -17.141  -25.275 577.0000000000
30949  -36.261  -74.078  -25.764 578.0000000000
30990  -35.149  -41.634  25.535 579.0000000000
30515  -65.875  -21.511  5.113 581.0000000000
30532  -29.744  -33.712  19.933 582.0000000000
30564  -34.373  -59.638  30.966 583.0000000000
30973  -32.019  -34.718  29.832 584.0000000000
31011  -30.306  -68.062  -38.458 585.0000000000
31236  -57.188  9.370  5.986 586.0000000000
31255  -30.466  -18.266  -26.980 587.0000000000
31723  -23.875  -14.459  40.801 588.0000000000
31756  -37.281  77.158  -13.380 589.0000000000
31792  -19.183  24.836  -65.474 590.0000000000
32844  -17.421  -32.154  42.465 592.0000000000
33979  -9.896  -34.296  27.923 594.0000000000
34572  -34.241  27.760  -36.149 597.0000000000
16449  -39.452  42.657  26.173 602.0000000000
17053  -49.027  -28.609  -16.011 603.0000000000
27007  -10.235  27.395  -38.445 607.0000000000
30459  -20.288  -44.897  24.940 616.0000000000
30499  -58.462  -45.439  -34.183 617.0000000000
31214  -8.693  45.322  -46.026 618.0000000000
82639  -32.190  72.674  6.344 619.0000000000
31694  -50.939  58.129  -11.744 620.0000000000
32412  0.100  -58.118  30.167 621.0000000000
32411  -38.176  -59.635  27.870 622.0000000000
32448  -40.900  -69.532  5.365 623.0000000000
82860  -9.789  -7.057  23.657 624.0000000000
82870  -40.545  -4.263  38.410 625.0000000000
82877  -21.562  3.841  40.689 626.0000000000
82991  -12.079  -28.082  -23.273 627.0000000000
33952  -21.446  61.935  -30.314 630.0000000000
34000  -26.884  -20.350  -36.340 631.0000000000
34050  -56.020  -6.000  -7.981 632.0000000000
34598  -6.804  -55.669  25.142 633.0000000000
14500  -23.586  -30.459  50.903 634.0000000000
14687  -32.906  -12.844  -48.843 635.0000000000
15136  -36.462  43.628  4.079 636.0000000000
15518  -33.600  -15.317  -48.197 637.0000000000
15519  -40.857  -6.884  46.442 638.0000000000
17077  -22.565  -54.960  -31.416 643.0000000000
17448  -49.380  -38.504  3.231 644.0000000000
17054  -25.541  -23.593  36.109 646.0000000000
17055  -33.650  -22.695  38.143 647.0000000000
19893  -41.109  30.441  -28.706 652.0000000000
19894  -3.452  -69.054  -15.761 653.0000000000
19952  -54.157  -26.074  -15.600 654.0000000000
20523  -10.050  -81.099  7.302 655.0000000000
21868  -35.705  63.601  -8.190 656.0000000000
21909  -12.720  -47.318  7.324 657.0000000000
21952  -51.637  -15.927  -16.799 658.0000000000
22087  -27.692  -42.940  35.181 659.0000000000
22130  -9.553  62.102  -14.835 660.0000000000
20570  -14.399  -25.916  32.163 661.0000000000
20571  -42.316  0.791  14.527 662.0000000000
14501  -62.115  -24.142  25.122 663.0000000000
5102  -24.943  -64.589  8.830 664.0000000000
15185  -62.865  12.705  -0.775 666.0000000000
15238  -17.807  -87.301  -28.311 667.0000000000
7714  -10.915  -50.608  -29.225 668.0000000000
7678  -15.550  -45.592  47.883 669.0000000000
17100  -37.400  37.174  -40.545 672.0000000000
17101  -6.845  45.961  -29.969 673.0000000000
16450  -37.378  -59.533  -28.562 674.0000000000
17469  -45.488  -18.312  44.570 675.0000000000
17496  -50.819  39.609  7.105 676.0000000000
18284  -28.367  -40.136  -25.259 678.0000000000
19895  -2.725  -70.621  -16.787 680.0000000000
19953  -50.584  -25.375  38.226 682.0000000000
11990  -48.733  -52.528  -31.015 683.0000000000
78301  -46.762  35.063  -32.403 684.0000000000
78463  -30.704  -11.268  32.200 685.0000000000
78494  -32.552  -11.054  33.092 686.0000000000
20524  -37.999  37.215  3.411 687.0000000000
21869  -53.816  -21.423  15.093 688.0000000000
21910  -21.066  83.833  -27.419 689.0000000000
21953  -19.810  -9.292  41.006 690.0000000000
22088  -28.422  -43.744  35.595 691.0000000000
22131  -60.996  -38.324  14.993 692.0000000000
78974  -31.600  41.364  -21.829 693.0000000000
78962  2.145  -23.984  -5.731 694.0000000000
14503  -36.913  -0.010  23.028 696.0000000000
5103  -23.069  58.654  -32.757 698.0000000000
5221  -56.223  21.310  -35.625 699.0000000000
15187  -20.202  -71.552  22.073 700.0000000000
15239  -20.963  47.875  21.982 701.0000000000
6945  -34.497  -15.112  -2.867 702.0000000000
7025  -46.183  53.657  -8.175 704.0000000000
6966  -55.867  -45.618  6.710 705.0000000000
7715  -11.323  -49.423  -29.064 709.0000000000
8488  -19.297  -52.740  -30.353 711.0000000000
8489  -0.068  64.056  -2.977 712.0000000000
8487  -2.831  -64.765  -14.675 713.0000000000
9021  -32.300  -3.078  25.911 715.0000000000
9719  -25.786  79.921  -9.533 716.0000000000
10201  -42.682  -50.731  -28.881 718.0000000000
9758  -6.206  43.149  13.016 719.0000000000
9759  -42.984  53.052  3.883 720.0000000000
11641  -27.283  82.060  -19.475 721.0000000000
13167  -0.245  30.257  -30.295 722.0000000000
12027  -17.010  -86.016  -32.598 723.0000000000
14002  -10.932  -32.624  -17.767 724.0000000000
13118  -53.752  -36.668  31.805 725.0000000000
14504  -43.586  3.530  31.326 726.0000000000
14003  -27.312  -24.854  39.790 728.0000000000
15137  -35.220  60.351  -8.759 731.0000000000
15592  -42.778  -7.564  46.978 732.0000000000
5175  -23.426  59.662  -31.851 735.0000000000
73892  -51.748  4.790  24.870 738.0000000000
73881  -43.372  69.458  -17.915 739.0000000000
73921  -14.815  77.850  -38.198 740.0000000000
74297  -55.246  -3.852  -2.959 742.0000000000
6946  -8.818  -10.004  57.881 743.0000000000
6944  -35.151  -37.200  35.189 744.0000000000
7679  -61.608  -41.802  -18.211 749.0000000000
8505  -46.484  63.264  -31.946 751.0000000000
9022  -34.103  -0.552  27.123 754.0000000000
9720  -5.130  -21.060  28.523 755.0000000000
2292  -12.076  70.232  20.026 756.0000000000
11991  -29.407  -53.641  -36.698 757.0000000000
639  -16.342  -17.598  53.496 758.0000000000
11642  -41.227  -33.354  33.682 759.0000000000
12052  -36.100  -60.153  -29.040 761.0000000000
14133  -60.623  -28.675  -13.197 762.0000000000
13119  -20.297  -32.011  -30.989 763.0000000000
14502  -38.421  0.179  23.862 766.0000000000
15188  -54.425  51.467  -18.539 767.0000000000
16339  -37.104  19.820  -15.033 768.0000000000
15643  -38.082  15.020  27.502 769.0000000000
16316  -24.405  -74.208  8.124 770.0000000000
78207  -7.926  7.588  56.078 774.0000000000
73701  -0.360  78.123  -35.932 775.0000000000
67806  -54.227  -55.304  -7.049 776.0000000000
67972  -13.357  -54.560  -11.674 779.0000000000
6967  2.160  -19.925  -11.110 781.0000000000
75307  -2.314  -20.328  17.880 783.0000000000
75497  -57.282  -21.818  -31.248 784.0000000000
555  -15.746  -20.400  53.847 785.0000000000
556  -15.879  -20.092  54.755 787.0000000000
641  1.008  -16.495  4.181 789.0000000000
2237  -32.165  14.711  43.799 790.0000000000
3009  -53.519  -11.237  22.992 791.0000000000
2344  -32.869  14.118  42.353 792.0000000000
4037  -39.635  -34.557  40.784 793.0000000000
2969  -0.702  35.028  17.832 794.0000000000
3010  -65.250  -13.277  -36.856 795.0000000000
3024  -19.488  64.119  13.353 796.0000000000
4112  -29.766  -73.679  4.341 798.0000000000
4786  -0.811  6.131  41.663 799.0000000000
4841  -55.219  -12.977  -1.442 800.0000000000
5499  -32.613  -16.314  52.057 801.0000000000
6790  -0.550  -53.729  -19.603 803.0000000000
5907  -37.790  71.591  -3.402 804.0000000000
8703  -49.403  -53.487  -19.851 806.0000000000
6791  -48.342  -52.815  -29.180 807.0000000000
8704  -3.766  58.451  -31.693 809.0000000000
8984  -7.472  -3.496  24.796 810.0000000000
66537  -54.648  -3.730  18.141 812.0000000000
67829  -23.339  6.890  -62.919 814.0000000000
67988  -58.846  -36.233  -25.927 817.0000000000
68238  -12.133  -26.551  45.733 818.0000000000
68363  0.343  -4.124  -35.938 819.0000000000
557  -24.725  -10.361  -30.757 820.0000000000
640  -16.030  -18.068  52.318 821.0000000000
603  -47.841  -21.480  33.926 822.0000000000
2293  -15.846  82.777  0.063 823.0000000000
675  -54.063  -41.261  -11.216 824.0000000000
2263  -30.093  -65.157  26.825 825.0000000000
2363  0.919  3.509  -10.192 826.0000000000
2988  -42.107  21.291  -35.794 828.0000000000
4036  -31.219  45.310  17.596 831.0000000000
4060  -11.414  -16.594  49.223 832.0000000000
70123  -57.799  -33.703  -4.907 833.0000000000
4815  -28.182  45.284  -14.089 834.0000000000
4869  -14.373  82.209  -3.437 835.0000000000
5926  -34.544  15.173  37.252 838.0000000000
9085  -52.657  35.745  16.069 840.0000000000
7174  -50.583  -2.506  -25.105 841.0000000000
9147  -47.766  -6.246  17.910 844.0000000000
72645  -4.477  -37.535  2.655 846.0000000000
72656  0.292  -66.143  17.696 847.0000000000
67830  -36.515  34.040  -17.545 849.0000000000
54032  -21.273  -17.797  56.044 850.0000000000
67973  -13.492  -55.198  -11.252 852.0000000000
68046  -33.679  29.377  8.820 853.0000000000
68249  -6.375  -71.530  -14.594 854.0000000000
68532  -48.374  10.641  -64.399 855.0000000000
68592  -15.317  -58.070  -10.712 856.0000000000
69152  -0.523  69.237  -11.243 857.0000000000
69140  -35.534  -37.618  36.000 858.0000000000
69467  -33.270  29.718  -10.874 859.0000000000
69196  1.545  17.490  -11.849 860.0000000000
69459  -28.160  -14.754  40.161 861.0000000000
69512  -45.253  15.832  -16.060 862.0000000000
87469  -14.231  4.253  -44.349 863.0000000000
69832  -60.108  -0.038  19.307 866.0000000000
70105  -58.100  -21.156  32.507 867.0000000000
70419  -1.523  47.556  -19.266 868.0000000000
57370  -61.801  23.643  2.130 869.0000000000
57449  -5.112  -56.251  5.515 870.0000000000
70760  -44.748  -51.115  -17.936 875.0000000000
71223  -10.093  -53.206  -12.542 876.0000000000
71241  -10.846  -52.937  -13.063 877.0000000000
72062  -1.433  29.067  18.541 878.0000000000
72711  -9.387  -32.856  -17.402 880.0000000000
60733  -8.874  25.721  16.985 882.0000000000
61245  -61.577  24.658  -5.845 883.0000000000
73459  -35.761  25.927  10.898 884.0000000000
61259  -8.544  28.285  19.636 886.0000000000
62363  -63.093  -29.972  -38.156 887.0000000000
53998  -26.045  29.819  -63.862 888.0000000000
54448  -42.783  -50.593  28.584 890.0000000000
54517  -32.749  51.100  -30.687 891.0000000000
54901  -35.865  18.578  15.677 892.0000000000
54975  -25.520  49.126  10.701 893.0000000000
55505  -24.608  -37.819  30.644 894.0000000000
55061  -53.027  -38.304  31.926 895.0000000000
55998  -0.337  -21.005  41.813 896.0000000000
55945  -0.523  18.616  14.786 898.0000000000
56912  -53.804  15.174  -30.346 900.0000000000
56163  -66.438  -7.599  14.219 901.0000000000
56842  -45.721  -13.213  21.853 902.0000000000
57329  -58.575  -39.515  -40.729 904.0000000000
57300  -12.742  84.744  -3.550 906.0000000000
57976  -38.050  13.723  -67.702 909.0000000000
59243  -47.167  -21.995  34.200 912.0000000000
57977  -1.336  24.536  -28.896 914.0000000000
55144  -6.438  -64.468  -33.725 915.0000000000
59326  -51.464  3.853  -25.474 916.0000000000
55145  -51.194  -57.314  6.233 917.0000000000
60750  -34.884  -3.479  25.955 919.0000000000
60779  -8.205  -34.105  -19.410 924.0000000000
61246  0.097  32.040  13.986 925.0000000000
53999  -36.787  29.036  23.247 929.0000000000
54033  -24.537  -11.988  -43.327 930.0000000000
54449  -44.980  -46.357  -30.492 931.0000000000
32804  -61.356  -0.711  2.176 932.0000000000
54518  -31.566  51.492  -30.899 933.0000000000
32887  -25.453  19.985  -34.901 934.0000000000
54902  -36.511  19.254  15.530 935.0000000000
54976  -3.023  -26.278  2.296 937.0000000000
55062  -52.044  -39.578  32.342 938.0000000000
35211  -55.145  42.406  4.028 939.0000000000
55946  -37.448  24.827  21.089 941.0000000000
56843  -31.969  -10.510  -49.132 944.0000000000
57348  -39.176  -54.005  5.856 945.0000000000
35750  -45.728  -31.743  -36.659 946.0000000000
57301  -45.578  -37.664  -40.439 947.0000000000
57450  -3.466  -36.843  30.648 950.0000000000
38029  -38.126  -6.093  -16.601 951.0000000000
41611  -16.916  63.334  -39.197 956.0000000000
41690  -17.248  7.988  -35.941 957.0000000000
60751  -35.346  -3.641  26.422 960.0000000000
41636  -20.574  46.793  26.399 962.0000000000
42790  -20.322  -40.557  42.614 963.0000000000
62354  -50.028  27.107  14.660 965.0000000000
62377  -47.999  7.484  -32.273 966.0000000000
42803  -23.814  82.981  -16.983 967.0000000000
32368  1.882  -74.303  -16.164 968.0000000000
32451  -1.597  47.197  40.814 969.0000000000
33021  -49.895  50.150  0.877 971.0000000000
33408  -34.863  4.290  -63.192 973.0000000000
34060  -26.353  -52.553  25.748 975.0000000000
34172  -54.689  -0.803  0.627 977.0000000000
34061  -42.134  -48.326  -29.007 978.0000000000
35132  -29.830  -6.348  -48.942 982.0000000000
35227  -2.416  20.186  35.573 983.0000000000
35689  -39.441  42.195  -21.351 984.0000000000
36397  -30.977  -31.522  -39.794 985.0000000000
39278  -14.523  9.721  55.890 987.0000000000
37684  -9.028  -42.515  52.024 988.0000000000
39277  -63.896  -1.537  -1.755 989.0000000000
39375  -39.278  8.985  -27.077 991.0000000000
39329  -9.554  68.109  -24.528 993.0000000000
41692  -45.939  32.072  28.814 994.0000000000
41589  -42.239  -68.259  -2.462 995.0000000000
41691  -36.347  26.244  -61.570 997.0000000000
42744  -0.515  58.314  1.695 1001.0000000000
44436  -16.893  -84.103  -1.096 1002.0000000000
44886  -37.625  2.911  -50.892 1006.0000000000
32452  -3.135  47.505  42.048 1008.0000000000
32805  -51.005  8.613  4.821 1009.0000000000
32888  -3.402  25.337  -28.009 1010.0000000000
2134  -28.461  -68.150  -31.527 1011.0000000000
3864  0.121  -21.356  -12.209 1013.0000000000
5270  -15.459  -45.518  50.335 1017.0000000000
35133  -29.402  -6.112  -49.343 1018.0000000000
34062  -31.273  77.652  -19.863 1019.0000000000
35212  -16.363  49.648  38.423 1020.0000000000
7048  -0.425  -74.480  0.270 1023.0000000000
7117  -19.334  -17.694  48.354 1025.0000000000
10729  -19.080  -38.236  -18.228 1026.0000000000
35726  1.777  -77.827  -17.085 1028.0000000000
13748  -43.070  -48.690  1.032 1032.0000000000
37685  -9.865  -37.698  48.940 1035.0000000000
39330  -27.732  77.271  -18.593 1036.0000000000
16753  -35.983  -33.204  47.683 1039.0000000000
15597  1.722  19.950  -14.584 1041.0000000000
41637  -19.186  53.729  27.587 1043.0000000000
42745  -26.478  64.125  -36.172 1045.0000000000
42791  -4.876  -24.532  56.938 1047.0000000000
18049  -32.158  27.523  -12.147 1048.0000000000
44435  -34.242  -6.690  47.504 1049.0000000000
79151  -55.559  -34.265  15.874 1052.0000000000
241  -0.774  33.135  -24.224 1053.0000000000
242  -0.950  33.873  -24.237 1055.0000000000
5160  -11.111  42.926  42.797 1059.0000000000
3863  -5.311  -29.586  19.761 1061.0000000000
5159  -21.294  38.843  21.381 1064.0000000000
9202  -21.517  70.910  -9.223 1066.0000000000
10728  -1.013  -41.108  21.731 1070.0000000000
9496  -21.693  16.438  32.753 1071.0000000000
9495  -42.758  4.538  37.291 1072.0000000000
11872  -19.018  9.234  -38.791 1074.0000000000
10790  -39.314  64.441  7.111 1075.0000000000
11499  -34.680  33.153  -30.887 1077.0000000000
11915  -25.012  10.452  -57.130 1078.0000000000
12627  -40.338  -33.256  31.175 1081.0000000000
13790  -41.984  -3.682  21.855 1084.0000000000
13885  -47.052  5.589  19.961 1086.0000000000
16795  -12.691  79.459  -24.829 1090.0000000000
16865  -22.944  72.123  -17.050 1091.0000000000
75583  -24.779  62.492  21.274 1092.0000000000
18050  1.571  -71.626  -15.381 1094.0000000000
17521  -23.681  69.485  -2.305 1095.0000000000
18051  1.500  -70.692  -15.243 1096.0000000000
67920  -45.190  -53.616  -10.592 1098.0000000000
67960  -18.776  -52.872  -14.796 1099.0000000000
243  0.678  8.661  -30.577 1100.0000000000
446  -20.047  81.932  3.130 1102.0000000000
2158  -29.289  -68.061  -32.035 1103.0000000000
5222  -14.390  43.670  42.898 1107.0000000000
5269  -22.270  -49.917  -26.054 1108.0000000000
7066  -33.996  13.977  36.188 1110.0000000000
7137  -42.413  44.259  -19.278 1111.0000000000
10746  -40.197  -31.466  -30.164 1113.0000000000
10727  -2.483  80.040  -12.846 1115.0000000000
10809  -43.566  -34.262  -30.802 1117.0000000000
11835  -53.982  -1.227  21.065 1118.0000000000
11914  -47.652  5.649  22.322 1119.0000000000
13749  -9.249  79.046  13.628 1120.0000000000
13815  -7.081  -67.979  -16.738 1124.0000000000
13884  -51.136  3.945  25.512 1126.0000000000
16754  -20.737  -32.139  -34.333 1127.0000000000
16864  -22.676  70.857  -17.696 1131.0000000000
18134  -44.371  0.410  16.608 1134.0000000000
17499  -48.681  -56.882  -35.057 1135.0000000000
75792  -38.172  50.058  3.351 1136.0000000000
18112  -12.523  77.408  6.951 1137.0000000000
18538  -40.879  -21.493  20.157 1138.0000000000
67921  -0.309  76.137  -22.258 1139.0000000000
67975  -55.056  -52.647  -8.184 1140.0000000000
68435  -20.307  41.410  -42.636 1142.0000000000
60703  -51.712  -55.554  3.663 1143.0000000000
60832  -62.042  17.638  5.722 1144.0000000000
72148  -37.630  37.242  4.820 1148.0000000000
62506  -64.323  -36.772  -23.645 1149.0000000000
71329  -9.125  60.428  -39.667 1150.0000000000
72171  -31.530  -68.927  19.898 1151.0000000000
72747  -40.687  -51.156  -27.237 1152.0000000000
62807  -35.182  -45.545  37.364 1153.0000000000
72732  -20.475  -53.610  -16.203 1154.0000000000
73094  -53.953  3.523  -45.231 1155.0000000000
72784  -58.902  0.186  14.662 1156.0000000000
74105  -16.456  -17.922  -25.216 1159.0000000000
65813  -46.899  -45.109  -32.008 1160.0000000000
65434  -57.522  8.085  24.732 1162.0000000000
74298  -58.189  3.627  -45.862 1163.0000000000
74874  0.362  27.242  9.786 1164.0000000000
75166  -38.174  40.736  -39.909 1166.0000000000
66612  -3.700  -33.988  20.792 1167.0000000000
66631  -28.599  74.234  -19.946 1169.0000000000
75590  -22.285  -53.157  -33.659 1171.0000000000
75826  -62.211  -19.145  21.202 1172.0000000000
67303  -49.775  11.205  -13.863 1173.0000000000
75894  -2.707  17.510  -31.634 1175.0000000000
75850  -2.760  -20.123  17.511 1176.0000000000
59032  -57.993  -38.891  -18.813 1177.0000000000
59063  -11.269  -62.349  -35.022 1178.0000000000
59554  -3.324  75.206  -3.969 1179.0000000000
60318  -27.134  7.184  47.419 1180.0000000000
60816  1.975  -77.439  -14.605 1181.0000000000
61695  -4.779  67.230  0.174 1183.0000000000
62492  -6.369  -38.956  -20.093 1185.0000000000
62765  -37.622  21.692  -32.255 1187.0000000000
62519  -59.175  -34.420  14.962 1188.0000000000
63291  -10.810  48.256  -41.143 1189.0000000000
63268  -24.524  9.888  -55.958 1191.0000000000
65192  -56.079  31.765  -14.402 1192.0000000000
63573  -44.633  -8.713  46.271 1193.0000000000
64098  -10.714  -58.670  5.877 1194.0000000000
65814  -30.669  -30.032  21.488 1201.0000000000
66298  -28.359  -8.682  -40.552 1202.0000000000
65854  -19.408  -27.373  56.456 1203.0000000000
66610  -51.512  -49.400  -35.671 1204.0000000000
66309  -28.980  -7.937  -40.993 1206.0000000000
66853  -50.537  -53.244  -8.916 1208.0000000000
67121  -19.056  -47.694  28.844 1210.0000000000
67584  -56.678  9.699  -30.646 1213.0000000000
67696  -22.157  17.463  -40.632 1214.0000000000
67612  -1.687  75.433  -17.283 1215.0000000000
59033  -0.351  -33.576  -1.709 1216.0000000000
59064  -10.882  -61.726  -34.639 1217.0000000000
36807  -5.741  -43.562  20.024 1218.0000000000
59555  -65.096  -36.865  -18.884 1219.0000000000
39113  -40.018  -4.397  -50.572 1221.0000000000
60704  -1.745  49.215  -35.238 1223.0000000000
60833  -48.552  -60.779  9.102 1226.0000000000
62493  -3.140  82.449  -14.511 1228.0000000000
41824  -55.337  16.193  -8.629 1231.0000000000
62520  -59.362  -14.863  0.543 1232.0000000000
62796  -34.168  23.764  11.197 1233.0000000000
63269  -18.065  27.607  33.349 1235.0000000000
63558  -7.160  -51.821  -10.632 1236.0000000000
45616  -3.842  -7.218  -21.829 1240.0000000000
65815  -29.561  -30.640  21.706 1246.0000000000
66299  -28.887  -8.487  -40.216 1247.0000000000
66611  -4.652  -34.666  21.668 1249.0000000000
47474  -27.534  -62.628  29.707 1251.0000000000
66632  -51.533  -48.771  -36.256 1252.0000000000
67129  -19.476  -46.821  28.780 1255.0000000000
67302  -47.054  -7.687  -4.992 1256.0000000000
67597  -33.478  -45.924  -37.827 1257.0000000000
67697  -23.274  17.034  -40.889 1258.0000000000
36186  -39.282  42.035  2.527 1260.0000000000
36668  -0.547  43.663  -26.797 1261.0000000000
37992  -24.109  16.955  35.015 1266.0000000000
29969  -30.698  11.709  37.096 1267.0000000000
28212  -23.164  -75.021  -6.204 1268.0000000000
40643  -26.265  47.379  30.599 1269.0000000000
28213  -28.155  -68.475  7.029 1270.0000000000
41714  -29.849  -14.466  -29.423 1271.0000000000
40683  -48.859  -54.317  21.617 1273.0000000000
41715  -25.506  -11.168  37.433 1276.0000000000
44076  -37.309  -58.900  18.625 1281.0000000000
44112  -19.066  25.827  37.157 1282.0000000000
42939  0.229  0.515  47.760 1283.0000000000
45571  -40.032  -59.035  17.748 1286.0000000000
44141  -40.005  -54.535  9.629 1287.0000000000
45188  -23.310  66.780  -34.594 1288.0000000000
46081  -0.391  -4.298  -11.975 1289.0000000000
46040  -43.401  -14.911  29.361 1291.0000000000
46786  -27.066  56.196  -37.796 1292.0000000000
46280  -0.721  -62.969  1.375 1293.0000000000
47379  -50.798  -13.412  30.637 1294.0000000000
46743  -47.199  37.125  -12.768 1295.0000000000
47989  -5.798  -7.679  -24.313 1297.0000000000
48025  -0.627  81.779  -27.928 1298.0000000000
47990  -2.774  -6.706  -25.530 1300.0000000000
48369  -7.272  65.512  -41.623 1301.0000000000
48572  -13.922  75.111  5.524 1302.0000000000
49003  -22.432  83.426  -29.607 1303.0000000000
48631  -22.531  -59.691  25.060 1304.0000000000
49004  -17.769  -38.865  36.095 1305.0000000000
35727  -10.858  48.737  37.856 1307.0000000000
12503  -7.148  -45.865  40.116 1308.0000000000
36762  -11.522  -42.347  -0.889 1310.0000000000
36827  -18.003  -43.240  52.217 1311.0000000000
38008  -30.295  -22.544  -43.173 1312.0000000000
18009  -40.813  21.629  -58.515 1314.0000000000
28211  -23.198  -74.216  -6.438 1316.0000000000
41725  -40.861  -65.933  -14.814 1318.0000000000
40682  -21.413  52.808  29.682 1319.0000000000
20475  -57.252  20.458  -19.274 1321.0000000000
42926  -62.255  17.412  -9.198 1322.0000000000
42959  -42.507  1.105  -48.208 1325.0000000000
22143  -24.878  59.626  1.096 1326.0000000000
44140  -40.005  -55.104  11.629 1328.0000000000
45189  -22.724  67.393  -34.645 1329.0000000000
45615  2.297  -23.374  -7.958 1331.0000000000
46041  -43.964  -16.659  29.504 1332.0000000000
46279  0.222  -63.044  2.194 1334.0000000000
25136  -16.407  -47.779  4.072 1335.0000000000
46744  -47.669  37.428  -11.996 1336.0000000000
25808  -7.598  69.718  -23.882 1339.0000000000
47473  -26.444  37.847  -44.539 1340.0000000000
47991  -35.626  -3.568  50.251 1341.0000000000
48573  -7.400  -44.071  -13.207 1343.0000000000
49092  -60.079  -20.923  -45.036 1344.0000000000
48612  -12.376  36.682  -44.964 1345.0000000000
49042  -46.609  24.715  14.799 1346.0000000000
49120  -29.589  -15.250  -28.309 1347.0000000000
12132  -38.376  45.352  -20.254 1348.0000000000
12526  -6.586  65.092  -7.796 1349.0000000000
12504  -6.581  -41.591  21.840 1351.0000000000
13102  -34.250  34.220  -34.911 1352.0000000000
13224  -42.665  -64.464  14.781 1353.0000000000
15123  -0.866  14.622  -17.072 1354.0000000000
19056  -12.413  -12.091  56.186 1357.0000000000
18054  -16.715  -41.564  -24.402 1358.0000000000
19723  -59.728  -40.458  16.580 1359.0000000000
19722  -36.474  62.038  -9.172 1360.0000000000
19057  -55.714  -15.840  1.890 1361.0000000000
19721  -10.453  70.914  -20.008 1364.0000000000
20709  -21.814  12.274  52.034 1365.0000000000
20527  -10.319  -61.324  7.965 1366.0000000000
22181  -28.855  17.426  -68.235 1367.0000000000
20711  -58.070  22.331  18.138 1368.0000000000
23204  -47.421  -39.459  -29.416 1370.0000000000
22225  -15.648  -0.550  -42.232 1371.0000000000
23163  -38.441  8.495  -49.614 1372.0000000000
23239  -1.880  -64.703  -32.481 1373.0000000000
23464  -7.755  -71.321  13.345 1375.0000000000
23664  -42.445  22.807  14.245 1376.0000000000
24478  -1.044  73.348  -5.003 1380.0000000000
25181  -20.351  -39.679  40.457 1381.0000000000
25226  -28.465  5.344  -49.136 1383.0000000000
25764  -9.909  -54.014  28.532 1384.0000000000
25843  -43.109  51.787  -22.491 1385.0000000000
26365  -53.026  -43.655  9.689 1386.0000000000
27095  -49.546  -17.881  -20.970 1387.0000000000
26418  -56.843  -16.837  34.110 1388.0000000000
27064  -15.730  -51.837  29.714 1389.0000000000
27131  -30.487  -22.983  32.480 1390.0000000000
12133  -47.993  55.012  1.687 1391.0000000000
13103  -18.383  41.337  28.398 1394.0000000000
13225  -28.299  -53.885  -36.455 1395.0000000000
15124  -40.860  14.794  28.086 1396.0000000000
18010  -33.306  23.933  -59.352 1397.0000000000
20476  -58.682  20.224  -19.199 1403.0000000000
20644  0.464  8.847  7.428 1407.0000000000
22182  -59.618  21.589  15.057 1408.0000000000
22160  -16.309  22.720  53.234 1410.0000000000
23205  -56.764  -32.109  -45.329 1411.0000000000
23184  -48.016  -40.727  -30.363 1413.0000000000
23640  -42.745  23.835  -19.438 1414.0000000000
23267  -52.244  -22.618  13.381 1415.0000000000
23590  0.484  -48.756  32.723 1416.0000000000
24457  -61.625  -19.217  12.476 1417.0000000000
23927  -0.174  16.454  18.084 1418.0000000000
25137  -38.203  -33.955  35.261 1419.0000000000
24495  -8.123  60.890  -16.696 1421.0000000000
25202  -41.784  -12.662  -3.793 1422.0000000000
25809  -6.714  69.339  -24.367 1423.0000000000
25785  -17.908  -51.448  30.294 1425.0000000000
25858  -35.937  -72.655  -16.040 1426.0000000000
26389  -7.665  -32.432  18.304 1427.0000000000
27096  -49.741  -19.133  -21.104 1428.0000000000
26439  -16.553  6.537  -50.687 1429.0000000000
27084  -31.347  -70.988  -18.031 1430.0000000000
27473  -43.036  -17.976  28.838 1431.0000000000
72797  -38.637  -10.903  49.780 1432.0000000000
72843  -38.376  44.333  4.602 1433.0000000000
48551  -23.825  -53.857  9.862 1434.0000000000
72911  -45.117  -16.309  -2.941 1435.0000000000
48661  -0.626  12.471  24.967 1436.0000000000
73386  -23.700  23.930  -46.491 1437.0000000000
51877  -37.951  30.083  40.290 1438.0000000000
66060  -19.038  17.915  -39.369 1439.0000000000
54851  -27.752  8.183  35.667 1440.0000000000
66059  -19.004  17.165  -39.962 1441.0000000000
55869  -1.708  70.738  -5.228 1442.0000000000
75403  -35.894  6.179  -56.051 1443.0000000000
56790  -13.121  -56.942  2.498 1444.0000000000
75572  -1.100  27.261  7.341 1445.0000000000
76120  -20.479  62.222  15.951 1446.0000000000
76121  -57.949  -27.917  3.504 1447.0000000000
76181  0.342  35.554  24.953 1449.0000000000
58299  -48.152  -43.524  29.079 1452.0000000000
76595  -5.313  -23.648  30.673 1455.0000000000
77150  -14.227  -73.629  20.718 1456.0000000000
76628  0.513  -43.270  -3.830 1457.0000000000
77126  -7.906  -9.039  -21.726 1458.0000000000
77370  -3.226  18.772  27.862 1459.0000000000
77571  -36.849  -59.700  -28.254 1462.0000000000
77957  -52.863  -13.941  33.135 1464.0000000000
77984  -42.041  -10.801  21.842 1467.0000000000
78119  -9.211  -64.684  -35.617 1468.0000000000
78113  -0.893  -20.070  16.758 1470.0000000000
78237  -19.601  -40.581  42.866 1471.0000000000
78416  -55.689  8.433  -27.491 1472.0000000000
78628  -15.276  -41.312  41.630 1473.0000000000
78622  -34.127  -10.939  33.011 1475.0000000000
48282  0.736  9.337  33.516 1477.0000000000
47967  -55.794  18.761  -53.607 1478.0000000000
48398  0.229  23.696  31.650 1480.0000000000
52651  -43.905  -0.381  39.399 1486.0000000000
52650  -37.967  -13.665  20.955 1487.0000000000
53918  -36.106  73.788  -1.331 1489.0000000000
54891  -41.408  -43.673  -20.515 1491.0000000000
57602  -55.087  8.121  -47.471 1494.0000000000
57637  -21.110  -65.995  1.013 1496.0000000000
58298  -39.897  -48.663  24.950 1498.0000000000
57675  -12.074  47.547  36.500 1500.0000000000
59067  -21.327  72.935  -11.765 1502.0000000000
59018  -65.034  -34.343  -3.030 1504.0000000000
59531  -35.728  64.221  9.146 1505.0000000000
59500  -62.758  -39.823  -18.312 1507.0000000000
59484  -4.366  49.664  7.105 1508.0000000000
59559  -1.618  -2.031  27.487 1509.0000000000
60016  -34.085  27.051  44.060 1511.0000000000
60034  -25.309  21.122  47.396 1512.0000000000
60796  0.426  14.127  47.207 1513.0000000000
60753  0.210  25.553  40.330 1514.0000000000
61207  -16.245  -14.167  -37.030 1515.0000000000
60797  0.321  13.943  47.741 1516.0000000000
61182  0.752  -56.741  -2.208 1517.0000000000
61261  1.488  -76.354  -19.191 1518.0000000000
61609  -7.786  31.674  13.113 1519.0000000000
62029  -67.041  -26.624  -24.781 1520.0000000000
61651  -47.337  27.383  22.383 1521.0000000000
62001  -35.978  -76.993  -15.285 1522.0000000000
62063  -27.680  73.828  -15.810 1523.0000000000
48266  -46.796  36.816  -13.785 1524.0000000000
48352  -35.211  50.583  18.852 1525.0000000000
48660  -0.206  11.960  24.890 1529.0000000000
48659  -18.743  9.272  -37.300 1530.0000000000
53890  -23.146  32.275  25.519 1532.0000000000
23488  -23.387  68.943  -9.554 1533.0000000000
54852  -48.362  17.980  -21.483 1534.0000000000
53933  -24.572  55.530  16.671 1535.0000000000
55870  -30.335  -40.751  33.634 1536.0000000000
54912  -56.150  -33.874  -9.941 1537.0000000000
56791  -53.468  41.155  -22.790 1538.0000000000
55916  -60.271  17.537  16.005 1539.0000000000
56845  -0.701  8.316  -24.779 1541.0000000000
57636  -28.129  -78.544  -4.086 1543.0000000000
58297  -37.481  50.366  -1.363 1545.0000000000
59019  -40.462  -27.338  -34.943 1546.0000000000
27702  -51.316  49.674  -30.608 1547.0000000000
59066  -25.451  -48.246  42.202 1549.0000000000
27874  -41.944  -59.992  -27.150 1550.0000000000
59034  -40.183  -27.384  -35.524 1551.0000000000
28516  -22.492  -57.243  31.955 1553.0000000000
59558  -1.400  -2.835  27.530 1557.0000000000
30688  -43.413  -30.300  -31.393 1558.0000000000
30537  -14.739  -15.855  -23.708 1560.0000000000
60795  -47.949  2.504  -29.695 1563.0000000000
61183  -51.055  -51.414  -1.712 1564.0000000000
61260  -29.990  32.457  -7.513 1565.0000000000
61610  -7.636  30.831  13.771 1566.0000000000
62039  0.786  -56.724  -3.680 1567.0000000000
61634  -65.232  -4.194  5.185 1568.0000000000
62002  -35.570  -77.885  -15.880 1569.0000000000
62050  -36.433  -59.584  -4.806 1570.0000000000
17035  -30.058  7.811  -65.501 1571.0000000000
17196  -16.392  -60.910  -11.938 1572.0000000000
17174  -0.690  -33.354  46.158 1573.0000000000
18359  1.691  -3.205  -34.836 1574.0000000000
18394  -8.420  -44.107  35.621 1575.0000000000
21348  -33.595  6.730  -42.020 1576.0000000000
22474  -2.753  72.884  -3.397 1577.0000000000
24545  -14.323  41.246  44.227 1579.0000000000
25214  -50.567  -61.000  -25.215 1581.0000000000
26020  -35.064  47.963  2.043 1583.0000000000
26720  -28.676  -22.272  32.618 1585.0000000000
27353  -47.359  -43.664  -31.344 1587.0000000000
28517  -1.631  60.515  -11.942 1594.0000000000
28473  -21.787  -80.032  -4.602 1596.0000000000
29500  -29.845  74.360  4.673 1597.0000000000
28518  0.546  -53.913  30.367 1598.0000000000
30213  -57.142  -1.583  12.261 1600.0000000000
29501  -30.011  73.865  5.401 1602.0000000000
30745  -40.862  29.754  -36.224 1605.0000000000
30689  -3.034  -22.129  5.628 1607.0000000000
31373  0.799  2.566  3.822 1608.0000000000
31322  -23.163  -0.952  -51.311 1610.0000000000
31434  -57.447  8.323  -54.769 1611.0000000000
31882  -2.853  -29.303  -9.594 1612.0000000000
32495  -42.582  -51.577  25.003 1613.0000000000
31946  -66.314  0.363  4.161 1614.0000000000
32470  -42.662  -52.040  26.015 1615.0000000000
60108  -17.326  -63.456  -36.492 1616.0000000000
18360  -55.562  9.270  19.421 1619.0000000000
18395  -9.690  -29.573  12.161 1620.0000000000
21349  -33.617  5.690  -41.430 1622.0000000000
70236  -46.455  -41.446  -29.671 1623.0000000000
22475  -36.951  -39.057  41.979 1624.0000000000
23489  -42.666  -43.734  -27.952 1625.0000000000
24546  -56.573  42.886  -7.665 1626.0000000000
24208  0.170  -75.400  -3.337 1627.0000000000
25215  -32.298  51.794  -28.925 1628.0000000000
26021  -5.275  -48.505  -24.103 1630.0000000000
26721  -28.921  -22.824  31.790 1632.0000000000
27354  -47.291  -42.604  -30.756 1634.0000000000
27876  -9.609  -55.055  31.086 1637.0000000000
28436  -26.191  -29.023  50.443 1638.0000000000
27848  -5.623  -41.480  -11.531 1639.0000000000
27916  -12.854  29.916  45.223 1640.0000000000
29139  -61.184  -39.366  -35.311 1646.0000000000
30536  -47.612  -16.602  30.145 1650.0000000000
30690  -7.396  -10.526  -20.481 1652.0000000000
31393  -55.478  -25.652  -31.998 1653.0000000000
30791  -15.989  -10.445  -38.275 1654.0000000000
31323  -66.209  1.440  7.299 1655.0000000000
31906  0.600  1.354  3.116 1657.0000000000
32496  -10.733  -47.406  -13.132 1658.0000000000
31928  -50.185  29.298  -42.461 1659.0000000000
23929  -53.741  26.365  -51.795 1660.0000000000
68386  -42.498  -20.330  32.967 1662.0000000000
68447  -1.769  3.378  29.221 1663.0000000000
24066  -17.768  -55.767  35.835 1664.0000000000
68473  -30.880  -24.921  22.819 1665.0000000000
85900  0.200  -30.685  26.364 1666.0000000000
70280  -27.609  -17.649  -20.641 1668.0000000000
29416  -45.994  13.366  38.590 1670.0000000000
70646  -64.591  -7.285  -5.637 1671.0000000000
71156  -31.959  -69.198  -12.145 1673.0000000000
71714  -48.102  64.376  -14.790 1674.0000000000
72039  -34.142  38.289  38.165 1676.0000000000
72344  -60.751  19.519  -20.933 1678.0000000000
72584  -15.139  4.732  -46.479 1680.0000000000
73119  -39.971  68.593  -16.440 1682.0000000000
33933  -54.688  -43.892  0.875 1684.0000000000
35157  0.694  51.711  -6.804 1685.0000000000
73729  -12.566  20.885  -35.465 1687.0000000000
73406  -41.956  -22.701  -42.371 1688.0000000000
36187  -8.355  -56.219  26.823 1689.0000000000
73825  -57.764  -5.045  -39.915 1690.0000000000
36474  -30.103  -72.313  -16.903 1692.0000000000
74565  -48.626  47.011  -25.932 1694.0000000000
36251  -23.414  69.189  -18.254 1695.0000000000
74533  -23.781  62.125  24.555 1697.0000000000
74806  -15.970  21.647  -38.134 1700.0000000000
37505  -42.617  2.592  -59.985 1701.0000000000
37874  -49.619  56.992  -21.052 1703.0000000000
38491  -31.608  -27.244  19.113 1704.0000000000
27085  -37.621  -69.970  10.784 1712.0000000000
28260  -7.906  -52.098  26.121 1713.0000000000
29991  -55.105  10.495  -57.945 1714.0000000000
30027  -23.153  -29.254  48.191 1716.0000000000
30799  -49.151  7.823  6.135 1717.0000000000
30294  -28.235  73.765  3.865 1718.0000000000
31646  -12.782  18.329  -33.396 1719.0000000000
32161  -31.604  -16.654  -23.352 1721.0000000000
32826  -5.521  14.422  -36.239 1723.0000000000
33412  -2.682  33.222  34.231 1725.0000000000
34024  -45.809  -38.408  -40.653 1730.0000000000
36253  -47.728  56.027  -20.830 1733.0000000000
36252  -49.389  57.001  -20.626 1734.0000000000
35586  -13.670  -14.931  -27.868 1735.0000000000
37504  -57.776  -0.776  -1.312 1738.0000000000
37460  -41.333  -53.426  27.990 1743.0000000000
37935  -1.265  22.822  42.058 1744.0000000000
39040  -7.621  -34.737  -20.045 1749.0000000000
70502  -42.965  23.324  -25.777 1751.0000000000
23951  -0.438  16.475  50.395 1752.0000000000
24085  -0.602  -27.236  1.514 1754.0000000000
25885  -26.829  -67.747  -33.161 1755.0000000000
27097  -48.974  -18.857  -21.136 1756.0000000000
28283  -34.798  78.660  -9.692 1757.0000000000
30026  -6.551  83.294  6.725 1760.0000000000
30800  -48.512  33.475  10.226 1761.0000000000
31647  -13.098  18.735  -33.533 1763.0000000000
32162  -48.050  -13.162  43.463 1765.0000000000
32827  -52.336  19.066  -33.648 1767.0000000000
33413  -2.206  33.793  34.788 1769.0000000000
33474  -9.862  -53.262  27.981 1771.0000000000
35158  -30.076  -53.851  26.455 1772.0000000000
35614  -65.671  -21.485  -34.599 1774.0000000000
35252  -19.165  49.024  38.651 1775.0000000000
76690  -25.818  -7.409  50.514 1776.0000000000
35215  -24.292  -52.960  24.706 1777.0000000000
36475  -16.448  -37.272  50.505 1781.0000000000
36611  -56.100  -6.365  -51.509 1785.0000000000
77200  -6.919  52.248  0.981 1786.0000000000
37503  0.020  -1.698  -9.814 1787.0000000000
37486  -9.691  33.053  48.371 1788.0000000000
37895  -7.828  -74.550  -21.246 1791.0000000000
38492  -52.407  -26.055  -46.620 1792.0000000000
39041  -39.972  -30.649  -43.868 1794.0000000000
39058  -30.709  46.904  -15.189 1796.0000000000
70561  -0.085  -60.531  13.255 1797.0000000000
34403  -55.398  -41.691  2.030 1798.0000000000
71041  -42.833  -40.261  10.458 1800.0000000000
36722  -49.531  -48.751  -33.670 1801.0000000000
71049  -5.203  85.534  -15.380 1802.0000000000
72218  -19.629  -19.591  -21.728 1806.0000000000
73582  -65.978  -28.803  -24.678 1809.0000000000
39620  -21.624  18.204  32.194 1810.0000000000
73603  -55.147  -1.019  12.679 1811.0000000000
74155  -33.822  -36.173  26.076 1812.0000000000
74191  -44.194  69.426  -19.124 1814.0000000000
74444  -32.370  -25.848  -29.279 1816.0000000000
74735  -59.475  -45.828  -29.619 1818.0000000000
74995  -56.936  -35.610  23.717 1820.0000000000
75268  -29.841  35.012  -34.959 1822.0000000000
76414  -30.056  -71.764  -39.544 1826.0000000000
76404  -9.934  -46.972  -22.039 1827.0000000000
76377  -1.925  12.372  -34.650 1829.0000000000
76739  -33.588  -11.328  35.851 1830.0000000000
76884  -26.066  -25.174  -33.156 1833.0000000000
76951  -1.628  -11.181  36.285 1835.0000000000
77118  -0.302  34.675  18.667 1837.0000000000
60863  -3.032  81.840  -14.232 1845.0000000000
78083  -1.558  63.850  -33.975 1846.0000000000
61006  -11.853  -43.177  -25.852 1847.0000000000
60594  -3.963  -11.327  8.455 1848.0000000000
60980  -61.993  23.655  -5.163 1849.0000000000
60178  -0.675  37.721  29.124 1850.0000000000
33905  -49.741  42.546  -24.053 1851.0000000000
33904  -19.972  32.238  35.193 1852.0000000000
38741  -31.872  -5.770  -51.037 1859.0000000000
37936  -26.215  24.127  -38.107 1860.0000000000
39619  -27.371  14.772  -40.201 1861.0000000000
40707  -51.729  57.526  -23.627 1862.0000000000
40756  -19.159  28.266  -55.513 1864.0000000000
43650  0.147  31.765  23.829 1865.0000000000
44548  -58.699  21.339  -45.111 1867.0000000000
45270  -54.744  -25.044  -16.109 1869.0000000000
46000  -60.863  19.603  -11.604 1871.0000000000
46203  -10.937  -9.315  22.768 1873.0000000000
47076  -45.787  60.794  -2.600 1875.0000000000
48124  -53.332  -3.193  -10.076 1877.0000000000
48269  -11.341  -51.857  11.066 1878.0000000000
48270  -55.350  -51.229  -29.831 1879.0000000000
48861  -0.909  -84.690  -8.579 1880.0000000000
49309  -43.379  20.213  20.517 1882.0000000000
48897  -43.194  -3.218  38.744 1884.0000000000
49340  -36.922  -19.271  -47.170 1885.0000000000
50363  -56.476  35.628  -13.688 1888.0000000000
83072  -26.013  71.591  2.563 1890.0000000000
50364  -56.096  35.198  -14.621 1891.0000000000
51979  -58.807  13.336  15.738 1892.0000000000
51424  -40.626  22.960  -58.833 1893.0000000000
51977  -54.594  4.306  -11.329 1895.0000000000
51474  -53.600  21.017  -18.465 1897.0000000000
52013  -35.006  74.077  0.964 1898.0000000000
52398  -66.824  1.742  -16.804 1899.0000000000
52064  -54.370  9.392  29.150 1900.0000000000
34455  -58.373  -42.865  -38.312 1902.0000000000
35643  -30.313  29.275  -46.772 1905.0000000000
35642  -0.610  21.118  30.123 1906.0000000000
36741  -11.485  -62.606  -10.223 1907.0000000000
37240  -1.727  57.315  -18.498 1908.0000000000
38742  -34.976  -2.638  -11.653 1909.0000000000
39621  -34.123  26.388  -57.986 1912.0000000000
984  -48.003  -22.037  35.143 1914.0000000000
40757  -19.458  29.551  -56.049 1915.0000000000
43651  -37.321  37.237  -11.325 1916.0000000000
44549  -38.113  20.005  16.472 1918.0000000000
43708  -22.679  51.976  26.488 1919.0000000000
45271  -56.776  -18.444  17.352 1920.0000000000
46001  -5.975  36.093  -44.326 1922.0000000000
46204  -10.781  -8.220  22.872 1924.0000000000
47077  -63.071  -38.922  -5.493 1926.0000000000
48125  -40.566  -0.234  -52.608 1928.0000000000
48271  -21.771  76.849  -35.532 1929.0000000000
48862  -17.046  -73.204  -39.574 1931.0000000000
48318  -2.471  58.275  -7.410 1933.0000000000
51425  -40.387  23.345  -60.127 1942.0000000000
50362  -24.880  32.366  29.376 1943.0000000000
51978  -31.302  12.018  28.150 1947.0000000000
51452  -47.251  -57.825  10.661 1949.0000000000
52014  -57.180  -8.385  -37.394 1950.0000000000
52399  -56.625  13.278  -31.481 1951.0000000000
52049  -21.981  64.492  17.481 1952.0000000000
58321  -56.510  0.020  22.663 1953.0000000000
78209  -37.238  -77.277  -21.755 1955.0000000000
78228  -17.326  10.257  53.221 1956.0000000000
61915  -31.691  32.652  -8.803 1961.0000000000
63015  -0.395  -45.585  35.209 1962.0000000000
62523  -16.425  11.249  -52.986 1963.0000000000
64043  -22.442  -86.036  -27.635 1965.0000000000
79048  -14.270  -41.201  40.725 1966.0000000000
79698  -0.614  -78.788  -33.575 1967.0000000000
888  -62.664  -10.756  25.999 1968.0000000000
2618  -22.829  -52.969  -23.809 1972.0000000000
3877  -24.557  -52.369  -25.489 1974.0000000000
5910  -48.121  -43.895  27.762 1976.0000000000
6779  -12.393  -7.836  18.334 1978.0000000000
6795  -5.245  -36.374  34.273 1980.0000000000
8174  -25.523  6.444  38.571 1982.0000000000
8741  -17.017  14.900  -40.575 1984.0000000000
9215  -18.093  17.746  -39.574 1985.0000000000
9216  -36.848  30.891  -19.000 1986.0000000000
9917  -2.833  58.881  -31.902 1987.0000000000
9306  -13.641  74.433  -39.868 1989.0000000000
9941  -33.009  42.044  36.274 1991.0000000000
10026  -64.404  11.192  7.308 1992.0000000000
10879  -35.826  -2.955  26.626 1995.0000000000
62710  -4.886  61.927  -26.070 1997.0000000000
11273  -26.291  78.881  -13.104 1998.0000000000
44097  -42.513  -69.859  -3.788 2001.0000000000
53572  -21.575  -12.233  -42.746 2004.0000000000
46027  -10.303  34.980  -42.941 2005.0000000000
62064  -13.484  -34.173  -20.843 2006.0000000000
62052  -25.264  -43.073  -10.443 2007.0000000000
58319  -33.328  -18.526  52.371 2008.0000000000
58563  -36.875  45.797  2.447 2009.0000000000
58630  -46.562  52.741  2.438 2012.0000000000
59994  -31.014  -30.801  17.985 2013.0000000000
60947  -0.610  37.457  28.423 2016.0000000000
63016  -1.592  -46.125  35.640 2020.0000000000
28597  -24.993  -17.539  -22.232 2021.0000000000
63661  -1.834  55.312  -48.442 2023.0000000000
64178  -38.534  29.832  9.613 2024.0000000000
64079  -4.984  50.195  -46.450 2025.0000000000
64179  -38.356  30.657  9.489 2026.0000000000
889  -59.485  -4.627  24.339 2027.0000000000
890  -34.912  -4.771  -14.936 2028.0000000000
2566  -22.840  -44.505  -15.045 2029.0000000000
985  -11.577  70.216  21.155 2031.0000000000
2619  -24.406  -51.611  -25.205 2032.0000000000
3878  -38.036  -50.867  -25.035 2034.0000000000
5911  -53.553  -41.558  -11.913 2035.0000000000
5477  -32.582  -15.724  51.367 2036.0000000000
6241  -19.672  -52.627  -27.961 2037.0000000000
8124  -14.650  -88.885  -17.102 2039.0000000000
6796  -39.815  -33.983  -42.647 2040.0000000000
8710  -68.042  -23.593  -17.350 2041.0000000000
9217  -1.194  34.457  36.223 2044.0000000000
9190  -40.501  -16.447  -40.915 2046.0000000000
10878  -66.723  -13.932  -38.579 2048.0000000000
10005  -47.127  -4.487  -25.953 2049.0000000000
9278  -60.911  7.343  -28.014 2050.0000000000
9942  -19.157  49.383  26.592 2051.0000000000
11272  -26.662  79.964  -12.842 2052.0000000000
10652  -4.445  -56.719  -23.646 2055.0000000000
58581  -12.636  47.732  36.063 2059.0000000000
26087  -4.292  34.923  48.983 2060.0000000000
59995  -31.556  -30.034  17.320 2063.0000000000
26086  -3.548  34.183  48.951 2064.0000000000
27474  -2.000  -7.442  -4.168 2065.0000000000
27965  -44.290  30.362  -48.193 2067.0000000000
28129  -45.064  -64.190  -34.756 2069.0000000000
28722  -42.494  -5.088  40.479 2071.0000000000
64044  -39.730  -71.766  0.120 2073.0000000000
64092  -7.233  -31.219  10.755 2076.0000000000
32101  -55.513  -3.358  9.502 2077.0000000000
32081  -43.324  -4.317  -43.647 2080.0000000000
85882  -25.446  79.573  2.021 2081.0000000000
66456  -14.711  -20.568  -14.734 2082.0000000000
35353  -6.077  50.850  -42.754 2084.0000000000
66488  -13.074  -41.239  -26.248 2086.0000000000
67164  -4.930  -79.910  -30.954 2089.0000000000
67529  -48.929  33.394  -21.627 2091.0000000000
68436  -41.220  18.110  32.404 2092.0000000000
68004  -19.765  -27.609  47.360 2093.0000000000
69078  -16.357  -11.414  58.096 2095.0000000000
69161  -45.301  63.656  -5.534 2097.0000000000
69365  -36.709  35.688  -27.745 2099.0000000000
38697  -4.465  -27.510  -14.496 2100.0000000000
69455  -40.969  -72.237  -7.305 2101.0000000000
69777  -31.850  78.989  -22.123 2103.0000000000
69463  -41.100  -72.744  -9.190 2106.0000000000
69812  -15.466  -55.192  -13.257 2108.0000000000
61482  -51.171  27.262  15.714 2111.0000000000
62788  -46.257  20.975  3.614 2112.0000000000
23812  -30.499  -9.681  39.740 2114.0000000000
24387  -0.542  73.407  -5.902 2115.0000000000
24327  0.200  12.568  41.782 2117.0000000000
24403  -24.199  27.257  -44.827 2118.0000000000
27492  -12.187  -45.581  0.469 2126.0000000000
29160  -45.184  23.108  6.301 2130.0000000000
30895  -18.744  -79.812  -8.791 2132.0000000000
32079  -25.066  -11.105  44.658 2135.0000000000
32080  -9.146  -9.828  -24.171 2137.0000000000
33304  -31.879  -13.457  43.649 2140.0000000000
33397  -41.303  -73.085  -26.340 2147.0000000000
35399  -22.040  83.338  -3.153 2152.0000000000
36983  -37.543  77.814  -22.117 2153.0000000000
36517  -4.520  52.867  -47.105 2155.0000000000
37000  -2.302  -77.351  -20.423 2156.0000000000
37626  -2.867  19.487  32.911 2158.0000000000
38139  -7.810  -56.292  22.281 2160.0000000000
38767  0.349  -74.362  -19.849 2164.0000000000
39356  -64.977  -1.225  -1.810 2167.0000000000
38716  -4.147  -45.244  -19.939 2168.0000000000
39077  -19.511  -67.430  1.619 2169.0000000000
39983  -21.183  54.169  33.566 2170.0000000000
39945  -23.830  -43.233  50.077 2172.0000000000
40048  -1.271  73.237  18.057 2173.0000000000
40539  -33.747  21.343  -6.996 2175.0000000000
71850  -32.064  -13.871  1.117 2176.0000000000
24437  -12.335  -23.841  -30.261 2177.0000000000
24373  -46.935  2.387  14.360 2179.0000000000
24874  -39.120  -21.947  33.763 2181.0000000000
24919  -40.815  -51.993  33.094 2182.0000000000
26127  -44.407  -32.496  38.646 2183.0000000000
28088  -17.029  -69.962  7.388 2186.0000000000
28330  -22.129  -78.168  -3.842 2188.0000000000
28723  -3.338  -7.769  -7.564 2189.0000000000
29161  -6.343  22.129  38.034 2191.0000000000
74832  -1.729  -8.455  -17.986 2194.0000000000
30896  -55.219  44.496  -19.006 2196.0000000000
33305  -63.667  -4.957  -47.353 2200.0000000000
32117  -8.787  -29.514  43.938 2203.0000000000
34623  -52.282  -33.032  28.695 2210.0000000000
76691  -25.179  -7.861  49.637 2212.0000000000
35352  -44.360  -36.828  9.222 2216.0000000000
35425  -0.185  47.666  35.489 2218.0000000000
36984  -38.054  77.775  -21.022 2220.0000000000
37027  -13.582  48.444  36.477 2223.0000000000
37643  -56.052  -19.052  21.797 2225.0000000000
38158  -8.111  -54.772  22.213 2227.0000000000
38696  -4.682  -42.726  49.430 2229.0000000000
38695  -5.662  -42.801  50.163 2230.0000000000
38657  -10.487  25.657  -39.959 2231.0000000000
39357  -2.073  8.444  42.825 2232.0000000000
39097  -43.994  32.014  31.051 2234.0000000000
39984  -6.803  -53.395  15.429 2235.0000000000
62852  -10.149  33.048  -42.191 2238.0000000000
62327  -20.576  44.020  25.895 2240.0000000000
86324  -38.742  15.791  33.688 2242.0000000000
27804  -1.262  -60.635  30.543 2243.0000000000
72075  -60.095  -43.230  8.531 2245.0000000000
28500  0.413  -55.089  31.228 2246.0000000000
31241  -50.736  34.752  10.155 2253.0000000000
31437  1.272  20.458  5.978 2255.0000000000
73643  -53.638  7.389  5.292 2256.0000000000
32329  -29.416  29.813  -60.921 2257.0000000000
33174  -52.334  5.547  13.490 2260.0000000000
74192  -15.922  -40.962  -0.315 2261.0000000000
32519  -56.343  -30.867  -8.369 2262.0000000000
36120  -38.618  42.526  27.571 2269.0000000000
37776  -8.578  -74.989  -19.704 2275.0000000000
37825  -42.883  -24.834  -43.333 2279.0000000000
77329  -19.906  80.295  6.468 2283.0000000000
77617  -28.841  -8.705  47.149 2285.0000000000
77831  -20.807  66.843  -33.134 2287.0000000000
78071  -38.125  62.600  12.121 2289.0000000000
78247  -14.495  -45.933  -6.322 2291.0000000000
78417  -3.471  17.950  -34.659 2293.0000000000
78665  -47.744  -13.410  32.582 2296.0000000000
78435  -4.382  17.753  -34.409 2297.0000000000
78862  -36.990  -28.857  27.792 2299.0000000000
44096  -43.677  -69.643  -4.885 2307.0000000000
62021  -28.377  -47.964  37.668 2308.0000000000
45532  -40.281  20.043  -13.532 2309.0000000000
53571  -38.908  -12.389  20.114 2310.0000000000
44909  -35.841  35.405  -12.802 2311.0000000000
62430  -57.087  26.869  15.090 2312.0000000000
27707  -62.948  -31.496  -24.717 2314.0000000000
29840  -20.310  -11.581  42.602 2320.0000000000
30120  -21.852  50.907  -34.311 2321.0000000000
30575  -52.455  -10.593  37.067 2322.0000000000
31138  -14.534  -18.049  25.681 2323.0000000000
31223  -35.005  -11.770  51.579 2325.0000000000
32520  -64.675  -21.915  3.615 2329.0000000000
33152  -42.693  -24.959  -38.079 2332.0000000000
34789  -53.144  43.853  5.763 2337.0000000000
34790  -14.578  -60.215  -32.247 2338.0000000000
33175  -42.348  11.342  -21.951 2341.0000000000
37826  -18.771  -21.570  -35.220 2349.0000000000
38304  -18.759  -13.291  38.155 2355.0000000000
39865  -13.095  -27.455  16.585 2356.0000000000
40840  -13.420  -35.758  -20.055 2357.0000000000
40395  -27.529  14.846  -39.873 2358.0000000000
41034  -34.510  -61.854  -38.649 2359.0000000000
41695  -44.300  43.329  -35.784 2361.0000000000
41718  -0.691  -5.555  49.676 2366.0000000000
42750  -31.518  -6.834  50.234 2368.0000000000
42689  -0.492  60.806  -39.041 2369.0000000000
42767  -25.717  52.143  29.257 2370.0000000000
43351  -63.240  -37.768  -25.165 2373.0000000000
43825  -18.216  -22.963  54.467 2375.0000000000
44568  -19.578  -29.832  51.365 2377.0000000000
43922  -1.446  50.688  23.110 2378.0000000000
44523  -14.145  -17.530  19.726 2379.0000000000
44655  -18.289  82.658  -21.603 2380.0000000000
44938  -20.263  22.047  -43.841 2383.0000000000
72670  -29.834  2.516  -48.451 2386.0000000000
29758  -30.338  -49.710  28.796 2387.0000000000
27805  -0.829  -59.572  31.015 2388.0000000000
28263  -39.654  -38.465  7.208 2390.0000000000
28304  -5.831  75.166  -12.401 2391.0000000000
28919  -61.556  10.984  -11.977 2392.0000000000
29859  -1.779  -9.792  39.721 2393.0000000000
30151  -28.657  3.369  -52.939 2394.0000000000
30590  -7.831  -56.391  21.626 2395.0000000000
31222  -60.016  -37.843  -37.819 2396.0000000000
31325  -32.297  11.723  34.698 2398.0000000000
32307  -43.410  -64.264  -39.050 2400.0000000000
32541  -6.145  -13.393  -8.553 2403.0000000000
75863  -34.168  13.785  34.826 2407.0000000000
75864  -40.309  32.885  -28.243 2408.0000000000
33151  -42.887  -26.380  -38.192 2409.0000000000
33150  -42.623  -26.165  -36.997 2415.0000000000
34788  -15.360  48.640  39.163 2417.0000000000
77034  -49.330  -40.097  -0.461 2419.0000000000
36137  -37.439  66.802  -18.113 2421.0000000000
38262  -49.354  -2.071  -8.928 2424.0000000000
38348  -39.928  -74.917  -21.939 2425.0000000000
77944  -4.449  17.567  -33.432 2426.0000000000
38397  -17.265  4.412  -41.014 2427.0000000000
40396  -35.082  26.068  43.738 2431.0000000000
41035  -25.759  -56.061  22.481 2433.0000000000
40907  -31.933  -59.811  -38.383 2434.0000000000
41696  -6.625  -62.601  31.763 2435.0000000000
79185  -46.157  4.040  11.201 2438.0000000000
41719  -0.905  -4.360  49.721 2439.0000000000
42666  -55.624  -0.156  -11.441 2440.0000000000
42752  -35.221  30.852  41.819 2442.0000000000
42751  -48.958  24.118  -4.877 2443.0000000000
79475  -13.935  -65.381  31.615 2445.0000000000
42793  -17.934  7.276  -35.979 2446.0000000000
43295  -21.534  39.560  20.947 2448.0000000000
43921  -1.741  -64.161  -14.466 2449.0000000000
43826  -55.426  -17.775  -34.712 2451.0000000000
44585  -51.871  -54.483  15.436 2453.0000000000
43933  -5.013  -34.725  2.081 2454.0000000000
44676  -52.046  -45.152  -9.310 2457.0000000000
44910  -26.706  -69.954  -39.292 2458.0000000000
45533  -18.319  29.969  33.989 2459.0000000000
44964  -27.622  -69.006  -38.990 2460.0000000000
30797  -62.323  3.848  18.138 2463.0000000000
33351  -35.600  -10.573  33.310 2466.0000000000
34382  -20.652  63.067  -30.737 2467.0000000000
34738  -7.680  60.502  -29.633 2471.0000000000
35093  -25.092  -13.041  50.198 2473.0000000000
36401  -5.219  -26.341  55.528 2476.0000000000
87331  -2.423  -74.107  0.171 2477.0000000000
75793  -49.657  46.549  -32.172 2479.0000000000
75794  -9.961  62.994  -27.290 2480.0000000000
38011  -26.997  -4.094  -49.733 2482.0000000000
38012  -20.263  1.511  57.718 2490.0000000000
77019  -46.320  64.587  -30.653 2491.0000000000
77919  -5.428  -14.611  -12.622 2495.0000000000
78308  -25.771  10.147  -39.037 2500.0000000000
78603  -2.259  15.754  11.050 2502.0000000000
78497  -5.007  -49.875  40.528 2503.0000000000
78779  -51.584  0.007  38.030 2504.0000000000
78953  -17.621  86.820  -17.324 2507.0000000000
45315  -26.190  -55.270  14.072 2513.0000000000
79396  -42.688  -4.445  42.490 2515.0000000000
79265  -24.413  6.628  51.205 2516.0000000000
79554  -13.994  -10.295  18.661 2521.0000000000
79822  -49.530  -3.271  -8.993 2522.0000000000
80023  -3.362  -19.007  6.519 2523.0000000000
79835  -0.876  -78.831  -34.526 2524.0000000000
80010  -37.461  -24.005  44.385 2526.0000000000
80037  -13.176  -66.467  28.933 2527.0000000000
80367  0.364  3.561  47.147 2529.0000000000
31491  -5.504  -40.148  -13.419 2533.0000000000
31510  -2.601  63.220  -26.207 2534.0000000000
32123  -65.518  4.246  -41.006 2535.0000000000
33331  -37.460  33.567  38.532 2536.0000000000
34361  -42.689  -48.034  -29.436 2538.0000000000
34473  -29.982  -54.077  27.199 2540.0000000000
35095  -14.595  -41.597  0.132 2542.0000000000
34533  -23.818  61.792  -31.054 2544.0000000000
35680  -2.859  -16.500  27.534 2546.0000000000
35094  -24.557  -13.446  49.954 2548.0000000000
35681  -3.122  -17.187  27.747 2554.0000000000
35694  -5.395  59.043  -16.269 2556.0000000000
38010  -34.118  -5.938  -14.579 2563.0000000000
38460  -35.086  -63.956  -8.963 2564.0000000000
38459  -35.506  -64.470  -8.893 2568.0000000000
38560  1.213  48.682  -14.267 2570.0000000000
40928  -8.500  36.358  -37.662 2572.0000000000
41720  -57.875  0.933  -10.856 2573.0000000000
43354  -37.517  -56.335  16.135 2574.0000000000
25255  -52.820  10.490  -11.888 2576.0000000000
44270  -30.233  -79.263  -34.191 2579.0000000000
44313  -18.755  46.085  22.965 2582.0000000000
44735  -23.345  -1.865  56.795 2584.0000000000
44842  -55.025  48.335  -18.620 2586.0000000000
45244  -35.479  51.249  23.709 2589.0000000000
46002  -2.175  38.160  14.824 2590.0000000000
45317  -11.097  -55.254  9.304 2591.0000000000
45939  -0.583  64.346  -36.592 2592.0000000000
46324  -4.965  31.071  18.808 2593.0000000000
46455  -20.050  -35.152  -27.595 2594.0000000000
47019  -47.606  -42.140  -8.624 2595.0000000000
46489  -57.295  -9.544  28.797 2596.0000000000
46766  -25.805  -56.178  16.122 2597.0000000000
47054  -58.050  -13.442  32.384 2598.0000000000
29699  -4.369  82.326  7.326 2599.0000000000
70545  -19.547  -68.352  3.744 2600.0000000000
29757  -30.523  -50.923  28.469 2601.0000000000
30815  -14.955  -21.781  28.640 2603.0000000000
71454  -30.976  -8.705  -9.643 2604.0000000000
34420  -25.314  -68.174  -39.026 2609.0000000000
34603  -37.752  -38.104  -40.817 2611.0000000000
34488  -48.403  12.395  -18.301 2612.0000000000
35115  -41.793  -58.586  25.752 2614.0000000000
36400  -6.435  -26.134  55.853 2618.0000000000
35679  -23.005  -20.624  -38.595 2620.0000000000
36402  -5.297  -25.581  56.386 2624.0000000000
74378  -4.752  43.722  26.845 2631.0000000000
74534  -10.197  80.136  -39.458 2632.0000000000
38609  -25.696  5.386  -38.174 2638.0000000000
75229  -35.072  53.795  -33.031 2639.0000000000
40929  -13.326  -71.713  -38.743 2641.0000000000
40946  -56.223  -18.406  20.669 2642.0000000000
42794  1.558  20.322  -7.949 2643.0000000000
25254  -53.784  8.266  11.650 2645.0000000000
25256  -13.884  16.319  50.924 2648.0000000000
44271  -9.721  -74.739  -35.268 2651.0000000000
44736  -36.232  7.108  48.359 2656.0000000000
44843  -10.779  56.391  35.994 2658.0000000000
45316  -11.144  -54.697  9.323 2660.0000000000
46003  -23.288  -59.668  28.229 2662.0000000000
45940  -0.561  65.431  -36.605 2664.0000000000
46512  -30.035  -61.357  31.288 2665.0000000000
46346  -19.860  43.073  -37.627 2666.0000000000
46456  -20.686  -35.128  -27.837 2667.0000000000
47040  -56.124  10.830  23.318 2668.0000000000
46767  -27.905  55.602  -37.678 2670.0000000000
71122  -13.203  -27.612  -22.740 2672.0000000000
16977  -19.481  -55.428  -30.574 2675.0000000000
15860  -3.523  -16.788  -11.623 2676.0000000000
17645  0.279  49.187  16.214 2679.0000000000
73061  -49.950  -16.718  -21.031 2680.0000000000
21330  -40.980  11.785  -27.465 2682.0000000000
73337  -57.013  -41.032  -0.131 2683.0000000000
86081  -16.888  -4.822  -38.873 2686.0000000000
20909  -59.872  -39.449  -2.429 2688.0000000000
72326  -5.193  28.423  17.427 2690.0000000000
73692  -41.902  68.722  -17.241 2693.0000000000
72903  -14.973  -59.635  -11.142 2694.0000000000
73885  -51.054  4.245  24.761 2699.0000000000
25468  -41.382  -47.384  -23.513 2700.0000000000
74390  -27.118  -68.459  10.119 2703.0000000000
74540  0.305  62.108  23.795 2704.0000000000
25999  -30.639  23.018  45.716 2706.0000000000
27304  -33.186  -54.634  36.568 2710.0000000000
30012  -38.084  -18.465  26.394 2711.0000000000
77011  -26.134  74.526  6.692 2713.0000000000
31186  -22.796  34.105  -53.016 2716.0000000000
77434  -36.326  -3.566  -1.773 2719.0000000000
77264  -65.652  -29.777  1.609 2720.0000000000
77497  -13.457  75.508  5.037 2723.0000000000
77912  -22.772  -23.372  46.080 2727.0000000000
32522  -24.825  -16.386  -26.611 2728.0000000000
77901  -15.126  4.409  58.811 2729.0000000000
78148  -46.161  -30.070  -6.579 2730.0000000000
78127  -29.806  9.931  30.584 2732.0000000000
78400  -65.046  2.503  -11.539 2733.0000000000
78167  -15.266  10.607  53.723 2734.0000000000
78365  -28.777  -66.618  2.059 2735.0000000000
78505  -33.053  -11.003  32.922 2736.0000000000
15092  -61.833  -14.437  -46.164 2737.0000000000
14086  -19.219  42.253  27.123 2738.0000000000
15093  -49.098  -13.651  -47.457 2739.0000000000
17644  -36.618  69.295  -2.793 2743.0000000000
19318  -26.958  66.917  -5.971 2745.0000000000
20734  -19.014  3.514  -30.679 2748.0000000000
20908  -48.842  -41.273  15.631 2750.0000000000
20809  -5.977  -67.040  -31.871 2755.0000000000
20736  -22.180  10.788  50.628 2756.0000000000
20735  -22.632  11.562  51.365 2757.0000000000
22911  -57.247  7.316  25.666 2761.0000000000
24267  0.195  -11.094  44.453 2763.0000000000
25514  -21.720  -24.257  -31.051 2766.0000000000
25556  -0.935  -27.115  0.814 2769.0000000000
26062  -34.977  47.096  1.638 2772.0000000000
27305  -22.505  45.979  -40.786 2773.0000000000
28922  -36.935  16.373  14.322 2775.0000000000
28900  -59.348  -4.919  -40.850 2776.0000000000
29994  -45.516  38.295  -9.767 2778.0000000000
30665  -32.821  -9.928  50.379 2781.0000000000
31331  -38.177  72.388  -33.161 2783.0000000000
31910  -36.264  21.785  5.866 2787.0000000000
32477  -67.279  -12.455  -5.536 2789.0000000000
32380  -57.048  9.459  -54.611 2792.0000000000
32981  -34.035  29.423  -63.068 2793.0000000000
32478  -9.683  -10.557  -25.416 2794.0000000000
32937  -32.347  37.912  -14.969 2796.0000000000
33177  -47.493  15.424  36.128 2797.0000000000
33043  -8.958  47.437  42.113 2798.0000000000
33176  -42.445  10.623  -22.035 2799.0000000000
14087  -25.737  35.399  31.637 2802.0000000000
61586  -19.026  -17.037  52.455 2803.0000000000
15861  -4.383  -10.921  -9.562 2805.0000000000
17664  -20.577  39.425  -42.188 2807.0000000000
64539  -28.997  58.611  19.310 2810.0000000000
20935  -60.346  -6.444  -38.132 2812.0000000000
63783  -1.284  61.134  -27.388 2814.0000000000
19319  -56.066  -39.654  0.133 2815.0000000000
64830  -0.035  -49.030  -6.338 2817.0000000000
20760  -19.793  -51.074  33.249 2818.0000000000
20761  -18.680  -50.884  32.609 2819.0000000000
21285  -5.913  -46.111  -22.202 2821.0000000000
67471  -10.498  -4.683  -35.440 2828.0000000000
25467  -14.738  -50.701  30.467 2832.0000000000
25537  -56.209  -2.010  17.845 2833.0000000000
26026  -13.511  -12.093  43.998 2835.0000000000
70318  -8.477  26.664  20.432 2841.0000000000
70373  -8.452  -38.037  8.173 2844.0000000000
30666  -52.540  -41.448  4.555 2845.0000000000
71185  -52.246  29.437  -13.471 2847.0000000000
31187  -4.111  -77.388  -19.209 2848.0000000000
31375  -32.292  11.837  35.379 2852.0000000000
31933  -34.428  -57.708  32.829 2854.0000000000
32401  -52.237  5.040  14.423 2858.0000000000
32982  -20.187  32.336  36.000 2859.0000000000
32476  -55.589  -30.093  -9.133 2860.0000000000
33062  -39.081  -49.094  -15.828 2861.0000000000
32953  -24.010  -10.739  41.244 2862.0000000000
33607  -63.390  2.741  13.869 2863.0000000000
33029  -27.990  71.333  -35.222 2864.0000000000
82348  -31.054  -15.696  -28.087 2865.0000000000
61199  -52.225  49.115  2.366 2866.0000000000
82573  -58.308  -49.326  -18.501 2867.0000000000
62302  -34.541  -0.449  -37.540 2868.0000000000
82692  -39.928  -4.982  42.421 2870.0000000000
62286  -53.489  -30.927  31.116 2872.0000000000
83239  -51.451  10.136  10.054 2873.0000000000
82942  -6.531  -53.905  26.208 2875.0000000000
82918  -38.012  -16.768  19.787 2876.0000000000
63769  0.315  14.612  39.136 2877.0000000000
64573  -24.959  -23.715  37.045 2879.0000000000
64878  -20.833  27.255  32.420 2882.0000000000
64912  -0.977  83.455  -28.695 2883.0000000000
66395  -50.370  10.936  -12.905 2888.0000000000
67459  -13.061  51.632  36.434 2891.0000000000
67766  -55.109  -47.043  14.251 2893.0000000000
68034  -61.117  -36.554  -25.941 2896.0000000000
68118  -66.184  5.320  -37.998 2899.0000000000
1407  -20.567  -26.943  52.839 2903.0000000000
69049  -16.095  -52.759  -13.963 2904.0000000000
71287  0.670  -60.650  12.040 2913.0000000000
71569  -24.215  13.594  -42.399 2915.0000000000
71541  -57.286  -47.735  7.741 2916.0000000000
71872  -15.750  14.339  -42.072 2918.0000000000
71867  -59.859  -45.544  -19.841 2920.0000000000
72152  -57.498  -48.205  6.507 2921.0000000000
72030  -55.242  -44.713  7.441 2922.0000000000
88045  -44.393  -67.193  1.973 2923.0000000000
82360  -33.780  -14.510  -25.549 2924.0000000000
31044  -20.929  -57.048  33.219 2925.0000000000
32082  -34.491  3.196  -39.276 2928.0000000000
82939  -44.467  -1.155  41.329 2930.0000000000
32913  -40.135  -52.412  28.159 2932.0000000000
32914  -39.766  -52.046  27.351 2934.0000000000
34281  -45.717  -40.571  -35.402 2938.0000000000
35815  -35.617  78.566  -21.050 2941.0000000000
36814  -19.353  -14.270  -26.719 2946.0000000000
84183  -55.437  37.892  -11.504 2949.0000000000
84189  -36.381  19.592  14.009 2950.0000000000
84194  -3.736  55.708  -3.681 2951.0000000000
84342  -37.195  19.972  13.687 2952.0000000000
40509  0.801  2.617  -2.356 2956.0000000000
84480  -37.706  -25.617  31.612 2957.0000000000
1408  -27.298  -21.048  54.739 2958.0000000000
1409  -29.513  -20.856  54.005 2961.0000000000
2594  -25.586  -42.492  -12.766 2964.0000000000
4283  -20.742  83.072  -1.483 2969.0000000000
4413  -0.132  5.341  -30.807 2970.0000000000
4915  -28.768  33.349  -32.517 2971.0000000000
5321  -40.458  -16.063  -4.220 2972.0000000000
5048  -46.256  -21.690  28.358 2973.0000000000
5320  -33.714  68.857  10.687 2974.0000000000
5719  0.298  -55.095  -18.813 2976.0000000000
6182  -0.191  6.167  -31.485 2977.0000000000
6183  -51.278  6.423  30.939 2978.0000000000
5721  -24.842  -51.246  -26.411 2979.0000000000
29995  -31.178  -73.543  -7.413 2980.0000000000
30014  -29.457  -10.252  36.531 2981.0000000000
31076  -3.756  -7.969  36.238 2982.0000000000
31022  -31.089  -35.105  20.612 2984.0000000000
32165  -65.282  3.324  -42.118 2986.0000000000
32083  -42.259  11.104  -20.366 2988.0000000000
35814  -23.334  54.265  -34.126 2998.0000000000
36050  -29.441  -21.019  23.467 3000.0000000000
36829  -26.319  -39.857  51.186 3002.0000000000
68192  -65.524  -16.275  10.027 3003.0000000000
39264  -14.942  25.381  -38.655 3004.0000000000
39265  -2.746  -74.485  -20.806 3005.0000000000
40009  -14.764  83.729  -5.762 3006.0000000000
40526  -41.322  -18.516  -37.870 3008.0000000000
41785  -32.653  20.886  -7.929 3011.0000000000
2595  -22.501  -41.748  -15.315 3014.0000000000
2620  -43.516  62.951  -26.351 3017.0000000000
3851  -0.824  49.832  37.815 3019.0000000000
4309  0.257  64.474  10.095 3020.0000000000
4934  -0.371  -3.207  -22.314 3022.0000000000
5068  -0.924  11.383  11.681 3023.0000000000
5144  -48.071  -16.940  -6.303 3025.0000000000
6184  -24.028  11.111  -56.690 3027.0000000000
6246  -42.883  -52.141  -28.851 3028.0000000000
64022  -5.136  59.755  -27.001 3029.0000000000
30404  1.105  -2.495  1.137 3030.0000000000
64911  -34.235  -40.370  22.669 3031.0000000000
32142  -42.545  33.973  -57.133 3033.0000000000
33063  -27.452  72.377  -35.258 3036.0000000000
34282  -32.309  -8.228  47.897 3040.0000000000
34295  -0.163  47.464  36.616 3042.0000000000
35098  -61.214  -23.145  -33.390 3043.0000000000
35842  -1.267  -12.439  37.397 3047.0000000000
66663  -38.109  -66.015  -7.814 3048.0000000000
36813  -58.195  -17.902  24.215 3050.0000000000
68193  -41.350  16.220  34.518 3053.0000000000
68652  -46.022  -16.292  44.633 3055.0000000000
39263  -48.610  19.584  -39.982 3056.0000000000
40510  -10.988  9.331  51.480 3057.0000000000
70513  -8.408  53.641  -28.374 3060.0000000000
71133  -43.678  -45.928  -22.675 3063.0000000000
43432  -35.511  34.109  -38.982 3066.0000000000
43446  0.170  -31.842  29.465 3068.0000000000
44440  -9.691  -60.460  30.962 3069.0000000000
44569  -52.458  -23.039  12.529 3070.0000000000
44941  -9.519  -74.887  -35.911 3071.0000000000
45062  -38.171  -2.143  -17.199 3072.0000000000
45388  -31.635  -9.860  -32.386 3073.0000000000
45720  -13.259  82.621  -24.465 3074.0000000000
46217  -4.847  57.576  -3.330 3075.0000000000
64516  -48.948  24.770  -7.326 3076.0000000000
82093  -61.857  -5.004  6.746 3082.0000000000
66638  -36.032  48.847  19.268 3088.0000000000
67291  -54.852  15.895  -9.695 3091.0000000000
67640  -57.202  -36.114  -26.052 3092.0000000000
68880  -26.176  -26.323  44.682 3094.0000000000
70503  -46.728  25.047  3.424 3096.0000000000
71413  -31.974  46.705  14.542 3102.0000000000
71951  -13.657  9.118  -45.391 3104.0000000000
72209  -27.358  -13.866  39.650 3105.0000000000
72489  -45.492  53.751  -23.919 3106.0000000000
72998  -62.113  -29.696  -11.739 3107.0000000000
73086  -30.841  -19.147  22.900 3108.0000000000
81950  -52.778  -12.725  -21.379 3109.0000000000
82043  -44.280  -69.119  -14.094 3110.0000000000
82294  -28.487  75.056  -15.793 3117.0000000000
82312  -15.766  -11.387  -37.440 3118.0000000000
13152  -34.896  -51.217  -38.284 3119.0000000000
82717  -0.341  -75.421  2.115 3122.0000000000
82723  -12.258  -81.196  6.937 3123.0000000000
82818  -0.227  -18.209  17.341 3124.0000000000
82997  -41.977  3.279  -12.388 3125.0000000000
17892  -40.429  61.973  -6.960 3128.0000000000
83337  -6.917  87.274  -27.445 3129.0000000000
83945  -46.969  3.181  36.053 3130.0000000000
84106  -19.223  -76.970  -7.381 3135.0000000000
84393  -1.196  -40.100  20.360 3137.0000000000
9798  -29.974  -24.913  -18.920 3138.0000000000
9616  -48.468  -59.584  -30.794 3139.0000000000
40889  -52.198  51.521  -12.023 3141.0000000000
41310  -50.481  -31.942  20.931 3143.0000000000
41553  -42.722  -45.192  -22.332 3144.0000000000
13173  -42.424  62.543  -5.962 3145.0000000000
13153  -3.531  77.984  14.812 3149.0000000000
43768  -33.360  -4.927  -8.743 3150.0000000000
16741  -32.764  23.221  -57.360 3151.0000000000
16412  -54.481  7.699  -46.424 3153.0000000000
16413  -38.939  11.375  -2.762 3154.0000000000
17891  -5.501  -53.266  42.998 3156.0000000000
16694  -22.244  40.481  -41.367 3157.0000000000
16414  -54.153  13.833  -16.756 3158.0000000000
17914  -50.258  -42.812  17.681 3159.0000000000
19102  -10.527  -45.745  -2.937 3161.0000000000
9617  -0.700  57.381  12.894 3163.0000000000
13154  -31.864  -44.396  40.963 3171.0000000000
43785  -44.727  -19.151  -41.602 3175.0000000000
16715  -17.056  -55.879  -33.185 3178.0000000000
40203  -50.491  54.622  -22.826 3184.0000000000
40888  -10.883  -73.353  -37.792 3186.0000000000
41336  -62.314  -3.036  -49.769 3188.0000000000
41993  -0.360  54.089  -44.289 3189.0000000000
42024  -17.828  9.243  47.525 3190.0000000000
43278  -1.069  52.067  24.231 3194.0000000000
60391  -7.195  25.488  17.326 3197.0000000000
60862  -59.736  -45.703  -7.583 3201.0000000000
60107  -45.537  41.375  -24.942 3202.0000000000
60177  -3.621  49.417  -34.284 3203.0000000000
60131  -2.470  -27.871  -6.888 3206.0000000000
60572  -65.229  -15.170  18.562 3207.0000000000
60595  -0.267  -9.378  50.447 3208.0000000000
61414  -38.655  -60.634  -37.458 3211.0000000000
53570  -1.367  71.337  21.115 3214.0000000000
46026  -40.631  30.369  37.822 3215.0000000000
46028  -9.649  36.335  -42.650 3221.0000000000
61483  -30.570  32.593  -7.612 3227.0000000000
