#!ascii label  , from subject FreeSurferMNI152_0.6 vox2ras=TkReg
520
66647  -27.536  -12.671  -46.272 1.0000000000
89227  -18.877  8.846  -29.957 3.0000000000
77  -64.806  2.684  -7.286 4.0000000000
89224  -0.640  -37.073  16.486 5.0000000000
23  -31.317  76.524  -22.155 6.0000000000
22  -30.957  76.334  -20.871 8.0000000000
21  -30.923  75.361  -21.417 9.0000000000
2011  -52.089  7.887  15.045 10.0000000000
65795  -41.051  39.534  -42.089 11.0000000000
61997  -48.579  3.365  -30.376 12.0000000000
66646  -27.244  -13.382  -46.030 14.0000000000
65796  -42.172  40.463  -43.081 15.0000000000
62809  -40.651  -43.366  -21.475 16.0000000000
62808  -21.085  -45.136  -30.547 17.0000000000
66997  -39.560  12.286  -8.536 22.0000000000
67636  -50.977  -52.876  -9.354 23.0000000000
78  -53.386  5.134  -25.756 24.0000000000
196  -20.940  -65.555  -27.618 28.0000000000
2104  -15.025  -48.139  -9.086 30.0000000000
87195  -8.808  -25.778  56.493 31.0000000000
61998  -8.639  15.880  -33.603 32.0000000000
66667  -36.837  -59.297  -4.805 34.0000000000
65797  -1.339  -80.444  -28.801 35.0000000000
61999  -34.946  29.768  10.250 38.0000000000
56605  -55.452  -5.025  34.434 39.0000000000
87433  -63.094  -19.712  -34.922 44.0000000000
67653  -43.608  -53.576  -12.371 46.0000000000
59546  -31.118  45.981  34.288 47.0000000000
69237  -24.976  -26.411  44.123 49.0000000000
54561  -66.908  -8.979  -40.358 54.0000000000
54792  -2.632  -19.397  6.448 56.0000000000
55322  -14.337  -53.805  5.747 58.0000000000
55622  -26.013  50.591  -32.590 59.0000000000
55002  -20.918  11.518  -64.543 61.0000000000
55273  0.238  28.500  31.304 62.0000000000
57157  -39.795  5.122  -23.662 67.0000000000
57174  -42.180  22.092  -27.801 68.0000000000
57175  -8.195  60.031  -16.837 70.0000000000
59544  -2.023  35.626  30.251 71.0000000000
59893  -54.960  -37.824  -19.051 73.0000000000
59909  -11.511  -39.746  -16.754 74.0000000000
59988  -32.877  27.068  44.600 75.0000000000
60260  -0.827  -34.983  25.428 76.0000000000
59895  -12.447  -29.618  14.999 78.0000000000
54562  -21.513  7.702  53.986 79.0000000000
54563  -21.946  28.842  -64.169 80.0000000000
55305  -2.197  -69.889  -17.925 81.0000000000
55682  -16.212  79.643  6.931 86.0000000000
56585  -37.346  37.049  -25.708 88.0000000000
57139  -34.361  -12.624  -31.602 90.0000000000
85824  -46.317  -55.347  9.225 95.0000000000
59949  -0.756  45.630  30.514 96.0000000000
59931  -50.385  7.568  -29.435 97.0000000000
59989  -44.730  -69.508  -26.793 98.0000000000
60261  -22.373  48.629  -36.564 99.0000000000
59545  -30.022  46.561  34.208 100.0000000000
37435  -58.568  -47.296  -19.894 102.0000000000
29862  -42.250  2.091  17.063 104.0000000000
31880  -9.213  -39.559  -13.898 106.0000000000
31925  -48.897  23.727  5.803 107.0000000000
32587  -31.749  -10.576  48.296 109.0000000000
34228  -3.783  -60.025  -31.009 113.0000000000
35397  -16.418  -47.644  -15.413 115.0000000000
35488  -41.180  -70.393  1.278 117.0000000000
36230  -0.108  71.334  2.028 118.0000000000
37329  -51.074  -25.234  -45.388 119.0000000000
37330  -33.873  -16.499  -29.132 120.0000000000
37376  -28.869  -53.783  24.268 121.0000000000
37482  -22.556  -4.814  -48.619 123.0000000000
37484  -4.502  20.441  25.189 124.0000000000
36774  -40.429  1.476  -43.812 125.0000000000
37398  -1.938  1.524  55.466 126.0000000000
37483  -34.399  17.320  34.446 129.0000000000
31016  -14.312  46.240  -45.040 130.0000000000
31903  -4.086  -21.320  5.840 131.0000000000
10185  -10.140  -20.712  26.981 132.0000000000
32604  -39.757  62.651  -23.369 134.0000000000
33849  -29.678  -21.826  25.286 136.0000000000
34294  -45.287  35.948  6.441 138.0000000000
11917  -21.486  24.337  -48.688 140.0000000000
36248  -8.757  -60.746  -33.498 142.0000000000
14554  -5.352  54.887  6.593 144.0000000000
14933  -9.684  57.912  -41.065 145.0000000000
37499  -28.108  -40.209  50.005 147.0000000000
36789  -41.227  -21.470  -40.589 148.0000000000
14988  -7.740  62.447  -9.723 149.0000000000
39006  -66.056  4.970  7.180 150.0000000000
39026  -38.222  6.940  -5.750 151.0000000000
16755  -5.699  -30.059  13.556 153.0000000000
16812  0.538  -6.671  6.050 154.0000000000
10184  -62.482  -31.062  19.801 156.0000000000
10929  -25.984  -13.694  -43.918 157.0000000000
11164  -65.451  -10.921  -36.894 158.0000000000
11482  -25.065  -56.558  -30.613 160.0000000000
11916  -61.635  16.047  -11.923 164.0000000000
12696  0.120  -16.186  44.280 165.0000000000
12679  -51.373  11.215  -34.950 166.0000000000
12678  -11.322  1.999  23.423 167.0000000000
14510  -32.647  29.295  -15.620 168.0000000000
13168  -37.356  37.142  34.514 172.0000000000
16722  -53.562  -0.381  -27.238 174.0000000000
16644  -48.274  -49.249  21.285 175.0000000000
16645  0.574  -29.813  11.623 176.0000000000
16674  -8.669  -51.297  45.411 180.0000000000
16646  -52.019  -0.720  -26.863 181.0000000000
16756  -30.361  -24.343  21.906 182.0000000000
11136  -20.519  -73.411  -6.724 184.0000000000
72353  -50.431  47.250  -23.889 186.0000000000
11481  -24.556  -56.127  -30.344 187.0000000000
72569  -54.654  -1.241  13.196 189.0000000000
12652  -58.363  -31.437  -34.355 190.0000000000
14511  -9.321  38.201  8.882 194.0000000000
14555  -45.943  -54.085  -37.741 195.0000000000
14934  -16.096  22.758  -39.311 196.0000000000
15061  -42.449  14.088  -15.312 198.0000000000
74257  -39.454  17.941  -28.661 200.0000000000
16868  -57.164  -16.549  -47.570 203.0000000000
71317  -4.944  -59.463  -8.869 205.0000000000
17935  -42.154  -0.569  18.993 208.0000000000
75156  -56.117  27.992  -13.399 211.0000000000
72874  -41.291  3.196  -47.735 216.0000000000
72887  -37.644  46.225  -19.971 217.0000000000
74006  -24.089  54.045  -30.711 219.0000000000
74030  -46.853  -22.528  -47.368 220.0000000000
52418  -1.746  -53.297  5.259 221.0000000000
68865  -54.627  -46.138  12.495 222.0000000000
73359  -49.652  7.357  6.522 223.0000000000
53455  -2.544  6.761  39.404 225.0000000000
75202  -59.508  25.574  -14.044 231.0000000000
68175  -38.128  28.118  26.789 232.0000000000
55388  -5.485  -25.332  38.658 234.0000000000
49489  -24.770  58.225  -37.065 239.0000000000
49854  -51.823  -55.936  12.639 241.0000000000
51800  -48.368  -12.781  -25.122 242.0000000000
51407  -0.295  28.716  36.252 245.0000000000
52380  -11.903  -54.913  8.201 246.0000000000
51845  -26.420  -44.420  -17.652 249.0000000000
52509  -37.221  19.547  16.600 250.0000000000
52596  -44.908  -24.659  5.901 253.0000000000
24292  -56.109  -25.976  33.725 255.0000000000
53471  -67.070  -5.243  -19.522 256.0000000000
53873  -46.787  31.569  10.475 257.0000000000
55404  -13.925  47.401  39.965 261.0000000000
55559  -43.566  39.800  -22.019 262.0000000000
55572  -45.520  8.991  -20.650 263.0000000000
54836  -28.638  9.592  27.132 264.0000000000
55560  -6.877  -64.989  -33.016 266.0000000000
55802  -20.846  17.664  -66.277 268.0000000000
49506  -50.890  37.016  -13.936 269.0000000000
49545  -42.530  7.639  -15.276 270.0000000000
51799  -48.559  -12.364  -25.724 271.0000000000
51818  -24.496  30.946  38.336 276.0000000000
22594  -26.829  12.886  47.037 278.0000000000
22903  -37.799  66.448  -7.850 279.0000000000
23641  -51.170  30.910  -42.351 280.0000000000
51862  -20.108  55.162  22.938 281.0000000000
52620  -7.423  -72.124  14.256 286.0000000000
53872  0.498  22.751  6.446 289.0000000000
24443  -15.572  13.570  -31.439 290.0000000000
54778  -36.630  -12.204  -30.232 291.0000000000
54835  -62.652  -4.453  -21.659 294.0000000000
25625  -38.727  64.772  -8.583 295.0000000000
24985  -34.933  34.582  -62.102 296.0000000000
26143  -31.649  61.919  19.412 298.0000000000
56742  -1.590  -51.926  -0.043 299.0000000000
56775  -61.168  -33.247  -9.905 300.0000000000
26632  -1.880  22.130  41.906 301.0000000000
27237  -34.010  -71.318  -17.828 304.0000000000
21938  -13.795  37.787  -44.968 305.0000000000
22971  -39.492  67.891  -7.239 308.0000000000
23054  -26.650  11.966  46.130 310.0000000000
23697  -0.265  79.994  -33.208 314.0000000000
24422  -57.890  18.494  -29.605 315.0000000000
23120  -32.960  -56.743  -38.169 316.0000000000
24291  -19.076  -31.705  40.921 317.0000000000
24326  -19.001  8.311  -54.489 321.0000000000
24293  -56.576  -27.472  32.609 322.0000000000
25573  -22.051  -67.822  -34.023 328.0000000000
26161  -60.608  -41.149  -28.209 333.0000000000
26144  -10.999  83.983  -33.929 334.0000000000
21981  -24.039  9.898  -46.716 338.0000000000
22051  -63.407  0.084  15.050 339.0000000000
22997  -58.998  -33.792  -42.823 341.0000000000
23071  -34.287  -9.393  51.270 342.0000000000
22904  -20.327  -37.258  -30.424 343.0000000000
23642  -22.879  35.076  -58.773 344.0000000000
24942  -48.274  -14.145  -2.787 352.0000000000
25058  -24.477  -68.261  11.319 353.0000000000
24423  -23.554  26.827  -48.166 354.0000000000
24986  -6.850  40.852  13.612 355.0000000000
25657  -35.127  23.699  -55.565 356.0000000000
71527  -23.586  52.585  -28.772 358.0000000000
25574  -45.769  49.764  -25.752 359.0000000000
27317  -38.289  26.887  -19.685 360.0000000000
72113  -56.791  24.820  -42.601 362.0000000000
27199  -6.268  -41.577  -8.366 364.0000000000
27301  -6.068  -66.439  -34.334 366.0000000000
72531  -42.184  25.146  14.397 368.0000000000
72888  -16.131  -60.204  -11.420 370.0000000000
70020  -17.816  86.239  -7.948 372.0000000000
70544  -43.542  16.745  33.117 373.0000000000
28403  0.493  40.555  37.333 374.0000000000
29542  -5.399  -46.779  -11.058 377.0000000000
71112  -53.480  -44.412  10.088 378.0000000000
71425  -21.496  84.723  -18.071 380.0000000000
30096  -64.151  -0.513  8.284 381.0000000000
30216  -12.682  1.749  -37.708 382.0000000000
71502  -40.137  23.508  -30.775 384.0000000000
71508  -45.994  47.480  -22.120 385.0000000000
31198  -59.450  -40.353  -38.059 388.0000000000
71985  -44.487  25.204  16.522 390.0000000000
72193  -36.085  -3.307  -54.002 393.0000000000
72513  -2.383  -39.351  9.601 396.0000000000
72900  1.475  31.153  -8.074 398.0000000000
33250  -67.237  -5.516  -8.579 401.0000000000
27284  -32.065  43.472  -13.315 405.0000000000
27398  -49.007  41.661  -30.672 406.0000000000
29941  -30.114  11.243  35.547 413.0000000000
30595  -3.950  62.988  -14.951 415.0000000000
30557  -40.054  1.650  -53.595 417.0000000000
31783  -23.070  53.527  -29.243 421.0000000000
31603  -8.133  -53.017  22.409 422.0000000000
31742  -14.251  -23.775  26.210 423.0000000000
32737  -17.953  -9.895  -27.010 424.0000000000
32700  -18.456  61.040  10.994 426.0000000000
33372  0.188  -0.142  -2.378 427.0000000000
33544  -55.502  -44.313  1.421 432.0000000000
75245  -51.332  -51.646  -1.171 433.0000000000
26518  -13.215  -20.605  30.130 434.0000000000
27302  -3.008  53.836  4.172 436.0000000000
28390  -18.217  -47.715  -13.645 438.0000000000
28786  -19.553  -74.603  -7.526 440.0000000000
29908  0.383  -49.934  27.023 442.0000000000
30177  -16.857  -53.954  31.341 444.0000000000
30596  -56.077  -34.982  -8.013 445.0000000000
30194  0.296  52.112  -0.747 446.0000000000
30578  -29.746  15.705  44.059 447.0000000000
30667  -57.443  -35.545  -7.970 449.0000000000
74377  -6.108  76.107  19.294 450.0000000000
31743  -65.408  -21.393  4.207 451.0000000000
31784  -22.429  53.745  -30.074 452.0000000000
31769  -32.141  -41.012  -38.023 454.0000000000
32738  -16.526  -10.793  -26.569 455.0000000000
32717  -23.736  -42.586  -34.637 457.0000000000
33373  -1.091  19.474  37.865 459.0000000000
33273  -39.769  -64.124  -4.355 461.0000000000
37822  -17.482  -38.622  39.261 465.0000000000
72428  0.028  -39.469  9.569 469.0000000000
39175  -45.286  68.616  -22.605 473.0000000000
40280  -30.919  77.498  -20.192 476.0000000000
73562  -52.826  28.426  12.228 479.0000000000
41550  -20.160  -60.902  34.746 480.0000000000
74119  -0.147  -23.778  5.874 482.0000000000
73871  -34.195  -14.048  -2.232 483.0000000000
43151  -25.326  -11.456  38.162 484.0000000000
44372  -3.144  24.656  20.535 485.0000000000
44924  -27.987  8.696  -43.371 488.0000000000
74468  -57.023  27.888  -12.013 490.0000000000
45787  -56.381  12.052  25.402 494.0000000000
46950  -41.683  -38.362  -26.559 495.0000000000
45979  -21.287  12.970  -46.455 497.0000000000
75756  -16.829  13.865  -37.034 500.0000000000
75240  -4.650  85.438  -32.147 501.0000000000
37823  -5.135  -28.512  37.861 503.0000000000
38452  -59.248  -2.926  1.557 505.0000000000
39174  -7.802  -50.959  18.151 507.0000000000
39176  -59.502  -46.158  -2.735 510.0000000000
40303  -6.773  -28.108  -18.208 513.0000000000
40281  -35.643  -31.883  22.128 514.0000000000
40661  -55.243  39.918  -7.067 516.0000000000
41665  -26.501  81.357  -10.647 517.0000000000
41551  -19.645  52.813  27.704 518.0000000000
42077  -0.293  -0.921  49.222 520.0000000000
42043  -1.804  -80.876  -26.900 521.0000000000
43173  -19.016  6.908  -35.908 523.0000000000
43152  -5.402  -12.199  27.590 524.0000000000
44295  -23.691  -70.145  -39.542 527.0000000000
43635  -38.534  20.390  17.220 529.0000000000
44892  -39.862  45.234  -36.504 532.0000000000
44923  -0.431  -41.124  42.205 534.0000000000
45805  -39.464  -70.792  -5.875 537.0000000000
45788  -55.930  10.965  -50.885 538.0000000000
46563  -6.214  -54.551  8.535 539.0000000000
46551  -30.686  -28.388  49.298 544.0000000000
46990  -38.889  7.530  46.456 545.0000000000
37821  -18.224  -39.676  41.626 547.0000000000
78839  -32.858  40.789  -18.752 549.0000000000
78851  -0.075  -79.866  -23.970 550.0000000000
38453  -57.244  19.494  -33.427 551.0000000000
79312  -31.868  -10.642  -30.974 554.0000000000
79274  -45.526  -13.150  30.434 555.0000000000
79896  -65.057  -9.695  19.920 559.0000000000
79386  -64.673  -8.530  20.732 560.0000000000
79313  -43.490  -3.959  43.574 561.0000000000
79314  -45.897  -5.889  -51.009 562.0000000000
39528  -32.338  27.154  -57.291 563.0000000000
80075  -8.267  -14.286  -21.670 569.0000000000
80087  -54.791  -26.852  -46.497 570.0000000000
36  -31.244  -11.058  -31.878 571.0000000000
2501  -24.808  -61.602  2.673 574.0000000000
80319  -56.363  1.211  31.995 576.0000000000
80474  1.055  -18.503  2.296 578.0000000000
80484  -16.220  58.897  29.877 579.0000000000
42042  -36.846  27.100  42.320 580.0000000000
1992  -38.503  0.643  -24.688 582.0000000000
3751  -22.828  63.173  2.192 585.0000000000
81005  -21.446  71.570  15.455 586.0000000000
81037  -55.608  -10.504  28.591 587.0000000000
81142  -7.053  -26.653  53.762 588.0000000000
43636  -40.501  26.045  39.962 589.0000000000
3258  -0.764  45.022  21.865 591.0000000000
81487  -13.149  -75.899  12.194 594.0000000000
81522  -23.649  -39.973  33.494 595.0000000000
4932  1.600  -16.461  -1.262 597.0000000000
5066  -47.486  -21.077  29.284 599.0000000000
45227  -59.930  -37.648  -26.410 600.0000000000
4933  -56.547  -4.848  -40.554 602.0000000000
44893  -2.673  46.188  23.171 603.0000000000
45958  -37.391  -61.150  -34.711 604.0000000000
46506  -4.356  -7.285  -23.328 607.0000000000
82409  -58.539  -17.650  20.333 609.0000000000
46975  -39.241  50.112  21.786 610.0000000000
45959  -37.478  -61.093  -33.969 611.0000000000
88797  -10.944  -24.888  39.663 615.0000000000
79239  -23.211  -55.341  -32.038 618.0000000000
79258  -51.957  -20.967  5.427 619.0000000000
88909  -45.733  47.577  1.245 620.0000000000
88914  -18.841  15.088  53.611 622.0000000000
64751  -52.599  -43.189  -11.430 623.0000000000
79287  -19.184  86.661  -16.946 624.0000000000
79734  -5.743  11.896  25.989 625.0000000000
63333  -39.797  62.422  -21.934 627.0000000000
79901  -51.365  59.049  -24.976 628.0000000000
79474  -60.346  7.988  -46.912 629.0000000000
767  -61.228  -28.076  25.121 630.0000000000
807  -0.950  4.109  -6.179 634.0000000000
38  -30.190  -11.376  -31.661 635.0000000000
37  -31.161  -11.936  -31.337 636.0000000000
850  0.147  35.382  19.163 638.0000000000
2399  -41.465  1.995  -9.645 640.0000000000
1993  -53.372  8.690  15.808 641.0000000000
2521  -37.663  34.255  -29.206 643.0000000000
2500  -2.650  48.944  -48.227 644.0000000000
3289  -48.410  -41.439  -10.735 646.0000000000
3259  -55.534  46.318  -15.123 647.0000000000
3729  -31.365  -36.381  19.893 649.0000000000
3730  -31.689  -37.012  19.210 650.0000000000
4953  -46.266  -35.466  -36.476 652.0000000000
5065  -1.582  -27.458  49.452 654.0000000000
5684  -7.292  -23.822  -17.493 656.0000000000
6316  -9.035  -33.867  13.167 657.0000000000
5741  -50.781  -41.891  -11.161 658.0000000000
6388  -31.655  -1.491  -34.942 660.0000000000
7533  -48.563  8.841  9.493 661.0000000000
7534  -60.572  18.058  -43.477 662.0000000000
7587  -36.747  13.971  -5.080 663.0000000000
6538  0.477  -62.014  -20.640 664.0000000000
61368  -45.040  -32.161  -38.386 666.0000000000
61817  -54.611  26.338  -4.951 667.0000000000
63733  -44.281  63.158  -23.475 671.0000000000
64770  -52.863  -43.838  -10.910 678.0000000000
64850  -41.989  16.498  39.666 679.0000000000
64021  -50.906  24.340  -5.022 680.0000000000
808  -52.834  6.491  -27.063 686.0000000000
65576  -37.401  59.369  17.213 688.0000000000
809  -52.015  4.940  -26.043 691.0000000000
66132  -10.082  -63.643  24.643 692.0000000000
66842  -43.386  39.105  -51.075 697.0000000000
3775  -0.458  -2.542  -21.803 700.0000000000
67417  -11.042  -58.661  -8.898 702.0000000000
5632  -2.608  65.011  0.038 704.0000000000
67468  -8.568  59.800  -29.266 705.0000000000
5108  -40.596  -2.919  32.459 706.0000000000
5685  -19.666  -16.649  -38.625 707.0000000000
6317  -1.085  -35.848  35.544 708.0000000000
68179  -52.931  29.201  -6.021 709.0000000000
67871  -2.334  65.968  -8.933 710.0000000000
5777  -6.293  63.953  -0.397 711.0000000000
7535  1.409  28.908  -6.700 714.0000000000
7588  -36.411  14.709  -5.889 715.0000000000
61831  -11.432  -26.696  31.474 717.0000000000
62826  -49.596  49.883  0.787 718.0000000000
63316  -59.080  -37.383  19.818 719.0000000000
64752  -55.624  -41.822  -20.290 723.0000000000
64032  -16.615  -44.911  -31.148 727.0000000000
30369  1.474  -71.352  -21.630 729.0000000000
64903  -38.028  12.338  -5.832 732.0000000000
31563  -48.775  35.317  9.106 734.0000000000
66117  -40.548  -71.350  -2.696 735.0000000000
65856  -39.697  33.049  -17.857 737.0000000000
32740  -36.738  -2.665  -54.601 738.0000000000
67122  -0.342  -37.446  40.118 742.0000000000
34133  -1.175  37.520  -21.599 743.0000000000
67141  -7.713  -50.252  13.226 746.0000000000
67510  -49.525  39.479  20.472 751.0000000000
35917  -0.277  50.779  -46.308 752.0000000000
68218  0.660  47.315  -15.256 754.0000000000
68404  -25.493  60.635  -36.138 755.0000000000
36084  -46.662  -19.306  25.927 756.0000000000
28169  -43.286  31.445  -49.814 760.0000000000
28671  -42.754  26.834  -27.756 762.0000000000
29923  -52.311  29.004  -24.285 763.0000000000
29944  -54.346  29.108  -24.416 764.0000000000
30368  -25.462  -81.146  -3.661 765.0000000000
29122  -21.097  -7.539  -46.340 766.0000000000
30793  -16.038  -9.696  -38.390 770.0000000000
31649  -30.657  -78.822  -6.034 774.0000000000
34165  -54.354  -42.444  -41.230 781.0000000000
34187  -3.512  -47.113  -3.410 783.0000000000
35253  -6.021  -59.920  21.772 786.0000000000
35636  -49.671  -24.244  -41.828 787.0000000000
35660  -18.646  16.092  -40.402 788.0000000000
36085  -60.038  -8.206  -23.610 789.0000000000
35266  -38.766  30.429  -63.130 790.0000000000
35945  -40.005  -72.810  -32.388 792.0000000000
36038  -47.232  -10.435  -26.805 793.0000000000
28190  -37.895  -63.399  -3.474 796.0000000000
28699  -22.623  39.249  36.805 798.0000000000
73853  -8.247  -7.647  -27.927 799.0000000000
30370  -8.564  46.277  -43.321 802.0000000000
30424  -5.691  13.828  -35.549 804.0000000000
74144  -48.924  21.568  19.124 805.0000000000
31548  -50.503  57.771  -10.510 807.0000000000
31620  -16.506  -32.493  43.783 809.0000000000
75482  -44.243  -35.021  -32.744 810.0000000000
32718  -25.881  -34.077  29.006 812.0000000000
32848  -42.136  -21.734  -39.497 814.0000000000
34105  -42.019  -21.981  3.582 816.0000000000
76405  -15.215  76.396  8.598 817.0000000000
32847  -2.361  82.609  0.534 819.0000000000
76288  -0.984  -27.508  0.350 820.0000000000
35254  -40.972  -55.904  29.020 822.0000000000
35637  -0.917  -16.697  27.679 823.0000000000
77168  -20.733  -25.373  -35.651 824.0000000000
34205  -15.461  -68.938  3.543 825.0000000000
36010  -20.493  24.259  30.238 829.0000000000
36635  -42.474  42.445  -23.494 830.0000000000
73492  -44.221  -45.365  -28.547 836.0000000000
32376  -59.489  -38.914  -38.643 838.0000000000
32400  -58.897  0.359  1.891 841.0000000000
74663  -22.999  42.103  -40.958 842.0000000000
74682  -61.027  -20.902  -30.326 843.0000000000
74783  0.261  61.886  22.454 846.0000000000
75449  -13.432  63.662  25.594 850.0000000000
75473  -52.326  37.955  9.151 853.0000000000
75991  -41.853  -27.952  -33.600 857.0000000000
76268  -31.663  -17.117  -28.319 858.0000000000
76445  -20.194  -33.651  49.527 859.0000000000
77137  -11.732  -12.035  -26.120 861.0000000000
76032  -54.505  -21.621  -31.416 863.0000000000
39212  -10.025  -29.295  36.056 869.0000000000
87641  -62.701  -24.394  3.271 871.0000000000
76601  -22.358  -43.785  -33.688 872.0000000000
77399  -55.679  -19.528  16.580 875.0000000000
77456  -29.395  50.613  -39.217 876.0000000000
32474  -43.925  -30.644  -32.224 880.0000000000
34159  -17.830  39.684  27.359 881.0000000000
34206  -43.211  35.620  6.483 882.0000000000
33000  -34.770  31.102  -63.490 884.0000000000
34259  -55.209  -28.730  -31.739 885.0000000000
36086  -58.634  -8.081  -24.273 887.0000000000
37129  -45.694  65.245  -26.992 891.0000000000
37128  -32.255  62.103  -35.894 892.0000000000
37224  -25.148  -66.961  2.582 893.0000000000
36296  -10.664  -55.162  28.904 895.0000000000
17961  -46.236  61.637  -6.146 896.0000000000
17962  -36.090  65.828  -5.307 897.0000000000
37127  -49.713  -51.472  21.424 899.0000000000
37645  -56.664  -19.334  22.593 901.0000000000
37664  -50.533  -45.590  -4.693 902.0000000000
39213  -29.165  -21.529  -43.050 903.0000000000
39262  -23.777  10.460  30.625 904.0000000000
37710  -10.392  -38.315  49.716 905.0000000000
33060  -39.151  -58.659  28.071 913.0000000000
34078  -43.182  -37.397  -26.505 914.0000000000
34178  -34.600  29.064  -43.279 915.0000000000
34231  -7.612  50.885  -40.848 916.0000000000
33079  0.100  52.361  -37.553 917.0000000000
36011  -21.843  26.599  50.123 919.0000000000
34316  -53.611  -46.872  -38.327 920.0000000000
17963  -55.862  -49.770  -3.478 922.0000000000
37544  -39.762  52.806  -39.255 925.0000000000
37627  -16.343  32.968  48.830 926.0000000000
39247  -0.846  -0.236  53.559 927.0000000000
77755  -47.069  -1.364  42.303 929.0000000000
17975  -36.779  48.051  -19.912 932.0000000000
75437  -25.100  79.058  2.813 943.0000000000
76115  -4.782  20.745  -32.384 944.0000000000
76301  -38.463  37.093  -42.340 945.0000000000
37683  -35.064  -49.587  -38.257 946.0000000000
76335  -6.751  -14.342  -9.018 947.0000000000
76820  -24.211  63.072  -33.397 948.0000000000
39838  -22.105  47.833  28.543 949.0000000000
40479  -15.345  76.730  -24.996 952.0000000000
76344  -20.534  -7.913  49.197 953.0000000000
77330  -53.973  -37.253  -3.054 955.0000000000
77496  -40.052  -43.707  -4.943 956.0000000000
77521  -62.814  10.894  -24.429 958.0000000000
39906  -41.179  -37.335  5.837 959.0000000000
40327  0.525  -40.387  14.767 961.0000000000
78178  -39.786  -0.706  36.135 965.0000000000
77508  -50.321  -0.307  -9.559 966.0000000000
37356  -1.482  56.324  -20.225 971.0000000000
37381  -20.129  19.262  34.878 972.0000000000
36231  -0.207  72.325  1.254 974.0000000000
37466  -0.336  -10.147  33.639 976.0000000000
39907  -51.930  -29.577  -46.580 981.0000000000
40372  0.886  34.732  -5.530 983.0000000000
37509  -23.318  22.807  -37.935 984.0000000000
39314  -45.119  -28.103  -13.996 986.0000000000
41667  -2.012  -41.335  46.790 993.0000000000
37358  -24.656  70.271  -19.098 994.0000000000
37400  -29.274  6.694  -39.883 995.0000000000
74860  -15.403  11.812  -36.457 997.0000000000
74868  -41.085  -21.808  -46.972 998.0000000000
37508  -21.471  22.244  -37.907 1000.0000000000
37657  -27.246  36.336  -31.106 1003.0000000000
39839  -8.729  53.515  -39.549 1004.0000000000
39889  1.001  9.233  -5.069 1006.0000000000
74310  -56.218  -22.556  6.124 1012.0000000000
