52265  14.0930  -23.6010  -25.2480  1    86664  10.3820  -77.9660  7.2960  1
52289  29.5760  -23.5860  -27.4010  2    24411  25.1190  -51.9480  -10.9500  2
52290  28.6480  -23.6300  -27.6110  3    24448  47.9300  -12.8630  1.8840  3
52291  27.7770  -23.6730  -27.8190  4    24828  48.5040  34.6240  -30.9800  4
52292  26.9760  -23.7040  -28.1240  5    24878  9.6300  44.9430  15.5440  5
52293  26.3220  -23.6830  -28.5520  6    24921  2.5730  50.5400  -31.5650  6
52301  34.3630  -22.9050  -27.2520  8    87009  28.3820  48.2780  -36.3420  8
52302  33.3890  -22.7660  -27.3320  9    87013  53.4940  9.7630  15.0330  9
52303  32.3210  -22.8240  -27.4850  10    87021  40.1110  -24.5780  21.4150  10
52304  31.2460  -22.9680  -27.6700  11    87027  15.9140  88.6330  -19.0310  11
52305  30.2010  -23.0390  -27.8320  12    87033  60.0180  43.5460  -12.1310  12
52306  29.2110  -23.0780  -27.9890  13    87040  45.1630  -43.3470  29.6800  13
52307  28.2880  -23.1120  -28.1620  14    87098  57.7470  41.6170  -11.8430  14
52308  27.4480  -23.1460  -28.3930  15    63311  21.5110  38.6860  -42.9760  15
52309  26.7260  -23.1780  -28.7140  16    87107  14.7610  81.1550  10.4470  16
52311  25.4830  -23.4080  -29.3090  18    24986  1.6960  40.2680  -32.5550  18
52312  24.7980  -23.4900  -29.9350  19    25658  5.0010  34.3510  21.0310  19
52313  24.3060  -23.5920  -30.6240  20    25684  21.0200  18.1250  -65.3890  20
52316  13.4250  -23.5360  -27.6720  21    26225  68.6700  5.0020  -10.7060  21
52320  23.8150  -23.5900  -31.4180  22    26136  32.4630  51.8200  19.1290  22
52321  22.9830  -23.5450  -32.4660  23    26749  26.7490  46.8790  15.1050  23
52322  14.3210  -22.9150  -29.2260  24    26265  69.5660  4.4510  -11.4570  24
52326  21.5730  -23.5420  -33.4190  25    26801  5.5730  -14.1770  8.0450  25
52327  19.8630  -23.4590  -33.7950  26    27441  23.3240  29.4460  -45.2630  26
52328  18.3380  -23.2460  -33.1990  27    27489  47.6150  5.1400  -12.7950  27
52329  16.9590  -22.9640  -32.0400  28    27941  18.1390  -44.0570  8.5410  28
52330  15.4570  -22.6300  -30.6940  29    27226  55.9710  0.3800  -28.3360  29
53325  13.8860  -23.6340  -25.4430  30    61458  46.4850  59.1460  10.1140  30
53326  12.6480  -23.5360  -25.7390  31    61459  67.4820  -25.1760  -29.3480  31
53327  11.9660  -23.1010  -25.2610  32    61486  45.9270  -20.6590  -37.0240  32
53338  13.4070  -23.5170  -25.5400  33    25051  35.2670  -59.3680  27.5640  33
53339  12.9530  -23.7110  -26.0540  34    61460  45.8530  -22.5150  -35.9230  34
53345  13.1310  -23.6890  -26.0500  35    25461  50.6010  3.3210  21.0000  35
53346  12.7290  -23.4640  -26.3370  36    62022  13.2870  -78.0490  -24.6260  36
53351  34.9970  -22.3860  -27.8640  37    62744  12.7750  24.8720  21.9090  37
53352  34.0850  -22.1510  -27.8770  38    62779  9.4650  18.6290  -31.4600  38
53353  33.0190  -22.1250  -28.0790  39    62811  7.8560  0.9980  29.7000  39
53354  31.8950  -22.3910  -28.1520  40    62913  60.1240  35.4280  -15.2070  40
53355  30.8370  -22.5290  -28.3210  41    63148  25.0260  80.0190  5.0550  41
53356  29.8030  -22.5650  -28.4420  42    63171  26.6690  49.7990  18.5110  42
53357  28.8290  -22.6060  -28.5850  43    63194  15.5370  -59.2310  40.1660  43
53358  27.9290  -22.6320  -28.7510  44    63285  24.8130  -20.1400  -38.6610  44
53360  26.4140  -22.6350  -29.2390  46    63493  44.7040  22.5840  18.3660  46
53361  25.7040  -22.6190  -29.5700  47    63522  58.2120  -2.3420  -22.3390  47
53362  25.0300  -22.7560  -29.9720  48    63554  52.9700  56.6360  2.0120  48
53365  12.9320  -23.8870  -26.2980  51    26188  43.3820  -17.8610  28.4430  51
53366  12.9140  -23.2470  -26.9160  52    62615  3.7880  55.3220  4.6480  52
53367  13.4860  -22.2030  -28.5520  53    63965  36.9390  -64.3030  11.2780  53
53368  13.4420  -21.4230  -28.9550  54    63983  30.9800  -16.3640  -21.6250  54
53373  35.5090  -21.8450  -28.5660  55    62745  41.2000  32.2720  8.6140  55
53374  34.7790  -21.6970  -28.3690  56    62780  32.5240  27.2500  43.6120  56
53375  32.9310  -21.8590  -28.4800  57    62914  35.6870  -52.7190  20.7850  57
53377  31.4600  -22.0290  -28.7930  59    63149  20.3670  84.8170  -0.1590  59
53378  30.4050  -22.0710  -28.9210  60    63172  50.1150  61.1010  -25.0860  60
53379  29.3850  -22.1050  -29.0330  61    63195  14.2000  -58.9440  40.5350  61
53380  28.4240  -22.1320  -29.1490  62    63286  25.1800  -21.4230  -38.7670  62
53381  27.5490  -22.1290  -29.2850  63    63312  21.8460  39.6920  -42.5500  63
53382  26.7690  -22.0710  -29.4620  64    63494  44.9120  22.7320  17.1620  64
53383  26.0810  -22.0630  -29.7010  65    63523  41.8840  3.5630  -46.2730  65
53384  24.9350  -22.2870  -30.1730  66    63555  26.0160  -46.9750  -29.0330  66
53385  24.5610  -22.3950  -30.6070  67    63860  22.2750  -47.0110  -14.2150  67
53386  23.7610  -22.7580  -31.5410  68    63948  19.8980  -46.2440  -14.4300  68
53387  22.4960  -22.7300  -32.8980  69    65089  3.8840  12.5460  -34.5280  69
53388  14.3430  -21.9660  -29.8420  70    64014  39.2430  -1.8580  27.3990  70
53389  13.7700  -21.3840  -29.4380  71    64000  14.8790  40.6800  44.2290  71
53394  36.2980  -21.3690  -29.5930  72    64351  7.3030  73.8300  -16.6760  72
53395  20.9140  -22.6920  -33.7450  73    65248  64.2040  -40.4560  -5.0570  73
53396  19.1210  -22.5740  -33.8310  74    65763  29.4210  39.4020  36.4050  74
53397  17.6090  -22.2820  -32.9310  75    65788  36.1730  -43.5600  30.9910  75
53398  16.2700  -21.9260  -31.7990  76    65811  48.2930  -25.5500  -5.0760  76
53399  15.0890  -21.5400  -30.8190  77    65154  27.7450  -20.6020  -40.7560  77
54341  12.6770  -20.9580  -23.8740  78    89260  24.0250  -74.9690  13.3750  78
54349  12.1540  -21.5800  -24.2790  79    60581  60.2130  -9.1330  34.1890  79
54363  12.1990  -22.8090  -26.1470  80    61501  68.4760  -3.7930  -42.8830  80
54364  11.9980  -22.2470  -25.7190  81    61487  70.0990  -16.1400  9.3120  81
54365  11.6900  -22.2550  -24.9560  82    60591  32.6730  42.6100  -12.0580  82
54379  12.4350  -23.0090  -26.4160  83    61522  21.2610  -58.0130  -34.5520  83
54380  12.1670  -22.1170  -26.4520  84    89526  52.6690  29.8630  5.9090  84
54389  12.4850  -22.3930  -27.0590  85    62288  32.9390  -11.6210  -30.9000  85
54390  12.3170  -22.2380  -26.8070  86    89720  60.0060  1.2470  -4.3340  86
54394  34.0690  -21.6440  -28.3790  87    62812  6.0260  0.2860  29.1140  87
54398  12.8080  -21.9530  -27.8310  91    62652  41.2570  -37.4410  26.6750  91
54403  35.9140  -21.2660  -29.2590  94    64363  3.4930  47.5930  15.9900  94
54404  35.2530  -21.1600  -28.9570  95    64377  49.9880  -48.0070  -1.2560  95
54405  34.3910  -21.1890  -28.8480  96    62900  30.6110  -63.7940  2.7050  96
54406  33.2700  -21.5370  -28.7770  97    63118  40.5910  77.8280  -15.3220  97
54407  32.1100  -21.5340  -29.2140  98    64641  30.0200  65.7290  4.6340  98
54408  31.0200  -21.5930  -29.4150  99    64660  6.9110  53.5420  -36.2650  99
54409  29.9540  -21.6140  -29.5090  100    64685  16.8050  -55.2100  17.5170  100
54412  27.1500  -21.5870  -29.7150  103    64988  24.2240  -17.4810  -35.9610  103
54413  26.3920  -21.3970  -29.9480  104    65011  18.1020  -54.5660  15.7000  104
54416  24.0760  -21.9250  -31.2670  107    65048  62.3320  -44.5130  -28.1590  107
54417  23.1540  -22.0300  -32.3240  108    65072  31.8770  76.9180  -20.3880  108
54418  21.9100  -22.0150  -33.3840  109    65109  25.1210  49.7910  15.4130  109
54419  14.2950  -21.1500  -30.1580  110    65125  2.6270  42.1610  1.0260  110
54420  13.9010  -20.7210  -29.8260  111    65140  31.6340  -22.2170  -42.1100  111
54424  36.4860  -21.0650  -30.1680  112    65497  45.7640  -44.3260  30.8010  112
54425  36.2220  -20.6740  -30.0520  113    64593  2.8560  -31.9260  31.5400  113
54426  35.6540  -20.6390  -29.6230  114    89929  41.1910  5.5320  -5.0180  114
54427  34.8600  -20.6070  -29.4390  115    89971  61.3860  -1.1980  -53.5030  115
54428  33.8740  -20.7590  -29.4770  116    89974  47.4380  -14.8370  30.9160  116
54429  32.7690  -20.9470  -29.6740  117    89979  58.4140  -2.3820  -53.8850  117
54430  31.6450  -21.0660  -29.9040  118    89983  15.2610  -73.2790  9.5570  118
54431  30.5410  -21.1220  -30.0150  119    89989  38.4460  79.6640  -14.8260  119
54433  28.4400  -21.1770  -30.0900  121    76485  68.0110  -19.1880  19.5850  121
54436  20.1970  -21.9090  -34.0210  124    65258  33.5030  55.4460  -29.0740  124
54437  18.3840  -21.6770  -33.6790  125    65774  57.1330  -34.2380  -2.8810  125
54438  16.9180  -21.3080  -32.7000  126    65803  45.1370  21.7120  39.5620  126
54439  15.6910  -20.9380  -31.6290  127    65825  49.8130  -54.3010  20.5180  127
54440  14.7120  -20.7130  -30.7510  128    65416  35.8470  14.5120  37.5890  128
54448  36.5770  -20.5490  -30.9090  130    65742  58.4070  -33.9380  -3.0930  130
55374  12.6110  -20.5170  -24.3520  132    72991  45.6550  -41.7240  -14.0700  132
55382  11.9080  -21.3620  -25.7900  133    73633  6.6460  -33.7920  52.7880  133
55383  11.9930  -20.9060  -25.3240  134    73330  47.9320  -67.6940  -17.3830  134
55397  12.1340  -20.8930  -26.2370  135    73634  6.9550  -7.7790  8.6970  135
55398  12.2880  -20.0710  -25.9340  136    26618  46.5860  -25.6580  -34.4330  136
55415  12.4290  -21.7660  -27.2780  137    75231  39.5770  -67.6030  -20.9710  137
55416  12.4030  -21.2370  -27.2110  138    74459  59.9390  -12.4070  -0.1170  138
55425  12.8070  -20.8350  -28.1620  140    75241  42.8490  -68.5870  -38.4150  140
55426  13.2680  -20.4340  -28.9660  141    30302  59.3840  -16.2940  35.6520  141
55431  25.2020  -21.2170  -30.5740  144    75622  8.0380  1.4450  58.0380  144
55432  24.4300  -21.3420  -31.1580  145    75623  7.2090  0.5890  57.7330  145
55433  23.5620  -21.4400  -31.9940  146    75841  35.5940  -29.4250  31.5460  146
55434  22.6770  -21.5480  -32.8720  147    75869  6.4690  -24.2740  4.0540  147
55441  35.9620  -20.2240  -30.2290  150    76169  6.3240  -60.9650  -30.1740  150
55442  35.3170  -20.0870  -30.0240  151    76186  9.6540  -80.8380  -16.2320  151
55443  34.4380  -20.1050  -30.0250  152    76202  49.6700  -14.0530  37.7470  152
55444  33.3890  -20.2390  -30.1710  153    76211  58.5420  -38.9740  3.2850  153
55445  32.2640  -20.4390  -30.3850  154    76215  45.4230  22.2760  -62.1960  154
55446  31.1380  -20.5860  -30.5320  155    76418  27.4390  46.7610  19.9030  155
55447  30.0390  -20.6670  -30.5930  156    76435  25.8390  15.8030  -57.7420  156
55448  28.9640  -20.6900  -30.5810  157    76458  38.0480  -5.9720  27.2950  157
55450  26.5740  -20.7470  -30.5180  159    32088  47.0590  5.2630  -16.4970  159
55451  25.5880  -20.7790  -30.7400  160    32089  46.8530  4.5580  -17.3110  160
55453  23.9350  -20.9440  -31.8810  162    75621  56.2570  -0.0830  17.2930  162
55454  22.9300  -21.0940  -32.8080  163    75853  34.4830  -29.6050  31.9580  163
55455  21.4560  -21.3020  -33.7630  164    75886  57.5440  -31.8390  -23.8950  164
55456  19.3710  -21.1350  -34.1710  165    76894  2.6830  -13.9670  43.4350  165
55457  17.6310  -20.7590  -33.5280  166    76908  35.0540  -10.6830  44.5020  166
55458  16.2380  -20.2950  -32.4760  167    76926  58.5920  10.7860  -57.5850  167
55459  15.0070  -19.9980  -31.3620  168    76942  33.5850  -36.3480  42.2920  168
55460  14.2060  -20.1080  -30.3080  169    30840  14.0460  51.6100  -38.4500  169
55470  36.4530  -20.1500  -31.1370  170    77868  2.2880  42.1070  -37.2680  170
55471  36.2570  -20.0720  -30.8860  171    33732  34.6440  10.2440  -67.7360  171
55472  35.7010  -19.7190  -30.6410  172    75668  41.5910  -15.6500  49.0980  172
55473  34.9780  -19.5350  -30.5200  173    74020  15.2190  -29.2010  17.5440  173
55474  34.0200  -19.5770  -30.6950  174    72540  56.8310  13.7210  -54.2200  174
55475  32.8860  -19.7310  -30.8840  175    71180  51.5340  22.4070  -39.8280  175
55476  31.7200  -19.9330  -30.9950  176    69309  49.9090  -14.2130  -45.9840  176
55477  30.6060  -20.0790  -31.0670  177    34316  1.3590  13.7410  6.4640  177
55478  29.5250  -20.1660  -31.0820  178    34317  40.3800  12.5710  -67.6630  178
55479  28.4660  -20.1980  -31.0370  179    34362  13.9010  6.8980  -35.6980  179
55480  27.4450  -20.2420  -31.0120  180    34403  37.2360  11.2700  -67.9440  180
55481  26.7700  -20.2280  -31.0730  181    32090  62.6700  11.7700  -30.5970  181
56550  12.7520  -19.6200  -25.0010  184    23737  7.9600  81.0020  -16.4690  184
56558  12.7430  -19.1230  -26.0550  185    26619  30.9750  -24.0560  -40.7970  185
56559  12.5790  -19.5320  -25.7830  186    25686  4.7010  35.4480  20.4660  186
56585  12.6010  -19.6520  -27.1170  189    27343  36.2520  -61.0620  16.6390  189
56603  12.9280  -19.5670  -28.1060  190    28712  35.4230  -35.2010  -39.1180  190
56609  13.4900  -18.9310  -29.1570  192    30301  4.7990  -20.2240  28.4830  192
56610  13.5940  -19.6480  -29.4670  193    30320  18.6900  14.8900  -34.2670  193
56622  24.3850  -20.4800  -31.8560  196    32245  39.0300  60.5970  10.8760  196
56623  23.4030  -20.6280  -32.6830  197    32299  39.6150  19.7760  13.2400  197
56624  22.1190  -20.7300  -33.6070  198    32602  1.3820  12.7900  8.5350  198
56625  20.3910  -20.6310  -34.2430  199    32639  3.1590  64.1280  -13.4760  199
56626  18.5060  -20.2940  -34.1770  200    32679  15.1910  63.3430  -19.1790  200
56627  16.9310  -19.7560  -33.3500  201    32722  45.8580  47.9760  -23.4000  201
56628  15.5960  -19.0940  -32.1710  202    33088  8.8320  26.7570  -22.0020  202
56629  14.2990  -18.8910  -30.4820  203    30831  5.0080  -28.3590  -4.6310  203
56639  35.9860  -19.3830  -31.2360  205    33665  2.5860  -31.2170  36.5900  205
56640  35.4800  -19.1160  -31.0340  206    33666  36.0900  41.2470  -41.6590  206
56641  34.6930  -18.9770  -31.0890  207    33906  7.5030  -23.1080  57.5050  207
56642  33.5870  -18.8680  -31.4700  208    33850  4.7240  -48.4550  -0.5350  208
56643  32.2840  -19.2780  -31.5130  209    33851  57.2030  -47.2160  13.7300  209
56644  31.1620  -19.5000  -31.5770  210    34232  42.9050  29.4660  -38.2850  210
56650  25.0230  -20.0390  -31.9900  216    32107  5.5310  -10.0410  57.0810  216
56651  23.9620  -20.1600  -32.6210  217    32265  3.9650  -50.8070  -16.2700  217
56652  22.8040  -20.3070  -33.4600  218    32322  21.3930  43.2990  25.1600  218
56653  21.3020  -20.2550  -34.1960  219    32618  49.5760  -24.1610  -40.9350  219
56654  19.5170  -19.9130  -34.4920  220    32654  61.1850  38.5110  3.1360  220
56655  17.7740  -19.3620  -34.0980  221    32700  31.2650  -74.7190  -37.1120  221
56656  16.4490  -18.7190  -33.1690  222    32744  7.5050  38.9630  15.4270  222
56657  15.7210  -18.2860  -32.4690  223    33112  28.6010  -74.8450  -37.2520  223
56661  36.4580  -19.1500  -31.9340  224    35611  47.7380  6.1370  29.3060  224
56663  33.3500  -18.3850  -31.9640  226    33870  46.6300  35.1700  -56.0600  226
56664  32.6750  -18.6530  -31.9870  227    33852  39.3520  68.4400  -21.0530  227
56665  31.6600  -18.8870  -32.0380  228    34233  37.5060  -77.5480  -25.6410  228
56667  29.5760  -19.1520  -32.0630  230    34318  41.4880  14.4520  -67.7110  230
56668  28.5390  -19.2650  -32.0640  231    34363  68.0270  13.6060  5.3900  231
56669  27.4960  -19.3480  -32.0200  232    34404  38.7110  13.4530  -67.6560  232
56670  26.4480  -19.5030  -31.9960  233    34449  37.6130  34.9390  8.9540  233
56671  25.6490  -19.6840  -32.0270  234    34818  50.1780  9.9030  7.8010  234
56684  36.6190  -19.0760  -32.2510  235    35665  29.4090  1.0990  -40.8170  235
57958  13.1380  -18.4990  -26.1020  236    26635  4.2810  -59.4420  23.6490  236
57966  13.1020  -18.4160  -27.0360  237    26709  30.3940  -22.3160  -41.3100  237
57972  13.1160  -18.5630  -27.7410  238    27363  10.4830  54.7590  -27.7980  238
57989  13.4970  -18.1220  -28.5550  239    28740  3.8040  -0.3270  -37.3600  239
58008  13.9070  -17.7150  -29.5900  240    30656  5.3610  -28.1430  -4.5170  240
58016  15.1290  -17.8810  -31.6940  241    33132  26.7910  -9.6870  52.9930  241
58017  14.5580  -17.2390  -30.5700  242    31198  64.5930  3.5780  -45.7520  242
58021  35.9000  -18.8210  -31.5450  244    33667  33.7620  -45.8190  32.8520  244
58025  24.5930  -19.7010  -32.6940  248    34850  38.7720  -70.9010  -40.7410  248
58026  23.5330  -19.8770  -33.4050  249    34923  10.5260  -36.4940  54.2540  249
58027  22.2150  -19.9470  -34.1460  250    34967  22.7730  32.8760  -56.5160  250
58028  20.5970  -19.6920  -34.6420  251    35006  16.9970  12.4980  -45.7320  251
58029  18.7590  -19.0360  -34.6410  252    35048  40.2980  40.1700  2.9430  252
58030  17.1580  -18.3520  -33.9300  253    35087  43.3190  0.4990  -43.7760  253
58031  15.9420  -17.5670  -32.8320  254    33204  51.4140  -53.2820  -23.3410  254
58044  36.2950  -18.6320  -32.0290  256    33731  35.6560  9.3200  -66.8120  256
58046  35.1350  -18.0140  -31.9420  258    89801  11.6680  61.5920  33.9000  258
58047  34.0830  -18.0050  -32.1220  259    33891  3.3650  -1.4070  -37.0480  259
58051  30.1240  -18.5740  -32.5130  263    36072  47.5630  61.0780  -20.3100  263
58055  25.5790  -19.2650  -32.7170  267    36535  60.2550  -1.8850  23.7830  267
58056  24.3190  -19.3420  -33.4740  268    89855  68.4880  -3.1930  -0.5400  268
58057  23.1120  -19.5690  -34.1120  269    89860  16.9780  89.1180  -17.0240  269
58058  21.7180  -19.4870  -34.6960  270    89864  54.7750  -6.1020  -24.3240  270
58059  20.1220  -19.0810  -35.0110  271    89865  49.2080  7.8770  -10.7970  271
58060  18.8140  -18.4370  -34.9790  272    89870  13.3080  -35.7890  35.7430  272
58073  36.5250  -18.3850  -32.6560  273    35664  48.7760  -5.0740  23.0000  273
58074  36.3490  -17.9690  -32.6160  274    90126  12.0770  -21.0390  -16.6860  274
58075  33.4950  -17.5660  -32.7300  275    90196  35.3800  -20.5340  35.9830  275
58076  32.5700  -17.7320  -32.8420  276    85855  16.4830  -48.0460  5.4800  276
58077  31.6340  -17.8710  -32.8860  277    85908  10.5710  -18.7210  -12.8870  277
58078  30.6770  -17.9980  -32.9320  278    85911  13.0570  88.9700  -12.8010  278
58080  28.6620  -18.2160  -32.9980  280    85924  64.1440  -26.1390  -0.6940  280
58081  27.5630  -18.3200  -33.0450  281    90258  9.1900  -36.6610  33.3220  281
58082  26.3650  -18.5260  -33.2260  282    90262  47.3390  -51.4390  3.2520  282
58083  25.1740  -18.8400  -33.6370  283    90268  8.2630  -60.9530  -26.3080  283
58084  24.4550  -19.0520  -33.9510  284    85678  49.2560  -21.4160  -8.2540  284
59392  13.7320  -17.3470  -27.0570  285    84351  46.3730  -55.8390  -27.8920  285
59401  14.2650  -16.5200  -27.6010  286    67876  63.0580  -8.9750  17.2770  286
59402  13.7950  -17.2640  -27.8980  287    84532  38.9460  -38.8710  40.2690  287
59414  14.0670  -16.9170  -28.8800  288    84719  31.8960  35.1590  38.6160  288
59436  14.3790  -16.5630  -29.7370  289    84898  45.4150  3.7600  24.1210  289
59452  15.1530  -16.4130  -31.5510  290    85361  38.3130  -77.0600  -25.2250  290
59453  14.7270  -16.1630  -30.4380  291    85179  35.9050  36.3020  -36.4440  291
59456  17.8190  -18.1070  -34.5300  292    85428  3.1730  52.1090  12.1490  292
59457  16.8030  -17.2940  -33.8610  293    85429  2.8550  57.7660  -34.3000  293
59458  15.9660  -16.1740  -32.8120  294    85372  33.9370  -62.6660  14.8390  294
59472  36.1050  -17.9620  -32.3670  295    85609  32.4890  -63.9060  3.0490  295
59473  35.6880  -17.6380  -32.3740  296    85610  45.0190  63.4340  8.4710  296
59474  34.9840  -17.4520  -32.4400  297    85674  22.9650  83.0990  -27.5570  297
59475  34.2890  -17.3790  -32.6570  298    85675  53.0480  -52.9090  -22.5170  298
59477  22.9020  -19.2240  -34.7860  300    85679  10.9160  -17.6750  -14.6060  300
59478  21.3420  -18.9940  -35.2760  301    85686  27.2420  5.9530  40.0390  301
59479  19.6990  -18.4140  -35.3750  302    85693  65.1730  -9.8850  22.0980  302
59480  17.9650  -17.3110  -34.8790  303    85430  3.2720  57.1710  -34.6180  303
59481  16.6190  -16.2830  -33.8040  304    85433  20.2970  -13.7010  -38.8030  304
59482  16.2520  -15.6790  -33.1350  305    70185  2.8960  77.5250  -13.4440  305
59488  36.4710  -17.5490  -33.1770  306    85782  46.6120  1.9740  25.9070  306
59489  36.1280  -17.3320  -32.9070  307    85611  32.0210  80.7910  -32.1660  307
59492  33.9390  -17.0000  -33.0810  310    71288  18.0120  -73.5030  -32.0330  310
59493  33.0220  -17.1360  -33.2370  311    71287  9.7060  77.7160  -16.2760  311
59497  29.3030  -17.6160  -33.3870  315    85915  49.0080  -61.6890  7.4260  315
59499  27.1310  -17.8320  -33.5870  317    85926  7.4350  -56.6640  -25.0120  317
59500  25.9030  -18.1350  -33.9630  318    85935  14.5110  -76.0550  -16.1210  318
59501  24.4060  -18.6690  -34.5480  319    85680  60.2310  -12.4690  -35.3280  319
59502  22.7850  -18.6770  -35.5340  320    85684  52.0690  -52.3210  -21.8020  320
59503  20.9180  -18.4030  -35.7960  321    85688  51.6560  -52.7690  -22.3920  321
59504  19.4080  -17.7150  -35.6350  322    85697  51.2600  -25.3790  0.4130  322
59505  18.5400  -17.0690  -35.4140  323    85700  52.0250  25.6110  26.9310  323
59507  36.5980  -17.0130  -33.8620  324    85827  38.9450  -45.4070  35.7610  324
59509  31.8730  -16.8840  -33.6520  326    71852  48.9260  -23.9440  -40.4160  326
59510  30.9120  -16.9270  -33.7050  327    71869  16.9470  -10.2440  51.0270  327
59511  29.9410  -17.0200  -33.7320  328    71891  51.5520  -2.9330  18.7050  328
59513  27.9510  -17.1330  -33.8720  330    85923  48.8540  -28.6430  -34.4840  330
59514  26.7860  -17.2850  -34.1300  331    85932  45.3620  72.2130  -9.4380  331
59515  25.5680  -17.6250  -34.6680  332    85942  31.3480  -7.9470  33.2510  332
59516  24.3410  -18.0180  -35.4080  333    85941  32.0990  -46.1550  34.3190  333
59517  23.3320  -18.1460  -36.0080  334    85951  54.2250  -25.0990  0.2350  334
60745  14.5110  -16.2050  -28.4110  336    67872  54.7250  6.7030  -11.5900  336
60753  15.3040  -15.0580  -29.3740  337    68302  28.6290  64.3900  -1.9900  337
60754  14.6750  -15.9230  -29.1290  338    68303  58.5400  -34.9200  27.4190  338
60769  15.2400  -15.1270  -30.4450  339    68835  11.4440  32.8390  15.3390  339
60770  14.8260  -15.7290  -29.8110  340    68836  10.8940  32.8140  15.1510  340
60783  15.6670  -15.0870  -31.6540  341    69575  48.0120  62.9270  3.4010  341
60797  17.0380  -16.0290  -34.3390  342    70843  28.5840  9.4550  26.9800  342
60798  16.4790  -15.2450  -33.3760  343    24723  46.1310  58.3580  -2.7120  343
60802  36.3600  -16.7320  -33.6220  345    71101  8.2400  -12.4560  56.7080  345
60803  35.9350  -16.5050  -33.4160  346    71102  6.8040  -12.2940  56.8090  346
60804  35.3070  -16.3440  -33.3010  347    71118  61.6560  12.9580  15.1950  347
60805  34.4420  -16.4180  -33.3910  348    71136  45.6620  -42.4040  -9.8270  348
60808  22.0260  -18.1730  -36.2220  351    71301  2.4840  -10.3250  17.8530  351
60809  20.4740  -17.7350  -36.2030  352    71302  4.5700  -3.1360  -38.0280  352
60810  19.1430  -16.9990  -35.8350  353    71324  6.8440  -73.1820  -33.6880  353
60811  17.8260  -16.1060  -35.1720  354    70852  63.9810  -11.6180  7.2180  354
60812  16.8860  -15.1470  -34.1500  355    70844  27.8510  9.1760  27.1240  355
60815  36.5160  -16.1020  -34.3330  356    27537  9.4180  -39.2530  -20.9230  356
60816  36.2050  -15.9200  -34.0300  357    71103  7.4910  -13.1380  56.3310  357
60817  35.7160  -15.7640  -33.8110  358    71119  50.0570  26.7050  7.3760  358
60818  34.9530  -15.7510  -33.7320  359    27732  42.5450  -13.1280  -46.8800  359
60825  27.7200  -16.4870  -34.3000  366    71976  50.5490  -35.4680  -43.4820  366
60826  26.5420  -16.6210  -34.6300  367    72004  11.9360  5.0320  26.6930  367
60827  25.3710  -16.8830  -35.2680  368    72143  13.2160  50.9300  4.8570  368
60828  24.2240  -17.4810  -35.9610  369    72161  21.6710  -70.8470  -28.4940  369
60829  23.1000  -17.7850  -36.5400  370    71316  67.0490  15.1390  -9.8340  370
60830  21.5940  -17.5390  -36.7590  371    71303  50.9400  18.6040  -42.5830  371
60831  20.0250  -16.9820  -36.5040  372    71325  4.6750  -18.5090  28.7080  372
60832  18.8050  -16.1200  -35.9290  373    71342  46.7970  27.3780  8.1000  373
60836  24.9270  -16.6650  -35.8620  374    72162  12.7490  -52.6850  7.2140  374
60838  22.9940  -17.3460  -37.0660  376    72243  5.2850  31.5470  5.2960  376
62002  16.1360  -14.0460  -29.5870  378    21370  24.0260  -40.3390  -15.6320  378
62010  15.9460  -14.1290  -30.6700  379    22169  3.6060  4.0300  -6.0140  379
62026  16.5970  -13.6760  -32.1030  380    24707  32.2810  -37.8800  38.4730  380
62027  16.3110  -13.9930  -31.7620  381    23066  31.2840  34.0430  -62.8470  381
62047  16.6310  -14.0650  -32.9210  382    24708  5.4670  -34.8430  15.4270  382
62051  17.9620  -15.4240  -35.4390  384    27060  4.5310  -27.8870  -0.9560  384
62052  17.2940  -14.3950  -34.5520  385    26745  42.7010  37.7860  -35.4910  385
62056  36.3580  -15.3050  -34.6410  387    27536  10.0380  -38.6160  -21.4870  387
62057  36.0320  -15.1970  -34.3460  388    27587  10.3250  -75.7940  -32.0300  388
62058  35.4110  -15.0560  -34.2360  389    27669  50.1910  65.2200  -13.8890  389
62060  33.5140  -15.4360  -34.2810  391    27794  2.8060  2.2910  24.0790  391
62061  32.3980  -15.5860  -34.4090  392    27795  53.3610  5.1150  -35.1460  392
62062  31.2310  -15.6860  -34.4930  393    27836  57.8410  27.0030  -19.3800  393
62063  29.9230  -15.8440  -34.4530  394    28225  60.7510  -26.1640  -2.0770  394
62064  28.7000  -15.7580  -34.5550  395    28280  59.1860  -27.0220  -2.7520  395
62065  27.5390  -15.7770  -34.7170  396    28319  3.3270  -5.6460  49.7320  396
62066  26.4430  -15.9170  -35.0800  397    28361  47.0110  5.1860  -21.1740  397
62067  25.6380  -16.0960  -35.5340  398    28741  45.0120  18.9580  15.6980  398
62068  20.8680  -16.9010  -37.0090  399    28796  42.6010  21.0740  -28.2200  399
62069  19.7410  -16.0360  -36.7180  400    28797  43.1470  22.0330  -28.3910  400
62070  18.3040  -14.9560  -35.8110  401    27061  3.7880  -12.8310  8.4070  401
62071  17.7010  -13.7790  -35.0730  402    27078  50.3870  -51.4670  4.6050  402
62074  36.4400  -15.0080  -35.1770  403    27538  65.6440  -26.9400  -2.7820  403
62075  36.3210  -14.6850  -35.0380  404    27566  10.6400  30.1070  -36.3250  404
62077  34.1720  -14.6930  -34.5910  406    27731  60.1960  -12.9880  -47.3990  406
62078  33.1540  -14.7850  -34.7130  407    27796  42.9300  8.2130  -29.0620  407
62079  32.0360  -14.8830  -34.8350  408    26711  47.4490  -5.6010  -23.9170  408
62080  30.8510  -14.9940  -34.8960  409    23030  62.3550  23.4860  -19.6390  409
62081  29.6640  -15.0370  -34.8960  410    19939  11.5810  -51.4460  -6.4290  410
62082  28.5170  -15.0280  -34.9560  411    16896  14.2350  -25.9860  42.8400  411
62083  27.4010  -15.1090  -35.1730  412    13251  13.1480  -50.6340  2.3140  412
62084  26.3600  -15.3530  -35.5810  413    10245  14.2190  -78.5640  -14.0150  413
62085  25.2430  -15.9590  -36.2450  414    10246  52.9150  -33.9610  24.9910  414
62086  24.0870  -16.6910  -37.0720  415    29816  14.6230  -38.8810  -26.0200  415
62087  22.8650  -16.8930  -37.5750  416    30279  40.6080  46.2980  30.0060  416
62088  21.3360  -16.4570  -37.4920  417    28798  28.6980  34.5600  42.1130  417
62089  20.1380  -15.4920  -37.3510  418    28818  54.1800  -53.1750  3.9640  418
62096  24.9010  -15.9720  -37.0630  419    29817  14.9590  -38.3540  -26.1600  419
62098  22.7110  -16.4310  -38.1130  421    30303  5.5730  -9.3080  -3.1170  421
62099  21.3720  -15.8450  -38.0760  422    30339  43.3740  -58.7220  -10.8560  422
63207  17.0960  -12.9500  -30.5610  425    23085  50.2570  -14.8100  -43.1730  425
63208  16.5590  -13.4730  -30.6030  426    23065  2.7860  13.4290  24.1180  426
63224  16.9840  -13.0730  -31.6630  427    24740  6.3110  -61.5470  25.3580  427
63251  17.1800  -12.9330  -32.9620  429    24775  2.9720  2.4990  25.1030  429
63255  17.5190  -12.9770  -34.0700  430    26768  20.3690  -44.3640  7.8050  430
63258  36.1910  -14.7500  -34.7800  431    27588  7.8030  -75.8110  -31.4850  431
63259  35.8800  -14.5440  -34.6720  432    27608  17.5180  -31.8470  -29.9630  432
63261  19.0310  -14.9640  -36.6430  434    28841  1.4370  -20.1370  1.2500  434
63262  18.2050  -13.7620  -35.9040  435    28858  9.1900  -39.5960  36.7490  435
63263  17.7780  -12.8390  -34.8050  436    27121  21.9590  -44.5610  41.1340  436
63266  36.2800  -14.3390  -35.4460  437    29301  45.2290  23.7150  14.7490  437
63267  36.0940  -14.0940  -35.2350  438    27648  50.7100  66.1440  -15.5740  438
63269  34.8960  -14.0250  -34.8830  440    29389  30.4170  -47.0040  35.9950  440
63270  33.8940  -14.0420  -35.0250  441    29405  15.8630  34.2880  44.6450  441
63271  32.8550  -14.1350  -35.1990  442    26710  47.2370  -6.5310  -22.6730  442
63272  31.7110  -14.1760  -35.3620  443    24905  58.5440  12.6580  17.5760  443
63273  30.5330  -14.3470  -35.3160  444    21714  52.8870  -38.5760  -39.1390  444
63274  29.4570  -14.3520  -35.3200  445    18080  31.8620  -2.6550  54.1710  445
63275  28.3710  -14.3850  -35.4350  446    15106  48.0700  14.7070  -15.7440  446
63276  27.2880  -14.5130  -35.6840  447    12107  7.3090  8.5390  53.8520  447
63277  26.2970  -14.8530  -36.1340  448    10247  52.5880  -33.3920  24.9770  448
63278  25.5880  -15.2700  -36.6980  449    29802  56.4070  36.5650  15.1840  449
63279  19.2290  -14.3160  -37.1140  450    28902  65.6970  -10.7440  -46.1860  450
63280  18.3830  -13.1740  -36.4010  451    86874  9.6510  56.3730  38.0060  451
63287  30.3290  -13.7360  -35.7240  455    86969  4.2560  -61.3980  4.6680  455
63288  29.2970  -13.7090  -35.7680  456    87041  24.1470  -70.6300  -30.2660  456
63289  28.2350  -13.7600  -35.9200  457    87049  23.6940  -70.6610  -30.4180  457
63290  27.1780  -13.9450  -36.2270  458    87057  30.4830  -11.6130  54.5480  458
63291  26.2570  -14.4350  -36.7640  459    87108  4.5450  86.4650  -18.7470  459
63292  25.2300  -15.3240  -37.5660  460    30258  40.8130  45.6170  30.3590  460
63293  23.9660  -16.0160  -38.3570  461    31342  28.5010  8.3970  -34.9860  461
63294  22.6200  -15.9330  -38.7080  462    31388  6.9590  28.0380  -40.4380  462
63295  21.3370  -15.2110  -38.5550  463    31444  39.9400  68.0080  -20.7550  463
63296  20.0360  -14.1700  -38.1140  464    30405  41.4030  24.1250  13.1230  464
63306  35.9980  -13.1250  -36.6880  465    30965  66.5540  -9.3160  4.4240  465
63307  24.8280  -15.3660  -38.4290  466    87238  18.2840  87.8750  -22.8030  466
63309  22.5270  -15.3510  -39.2620  468    87255  49.7890  6.8010  29.7350  468
63310  21.2550  -14.5740  -39.1070  469    87260  10.7780  88.5580  -22.1300  469
64435  17.8040  -12.3230  -30.5300  471    68283  32.1140  -53.8700  14.4220  471
64446  18.1010  -11.7950  -31.4650  472    68893  17.7820  -74.8230  9.1290  472
64470  17.8330  -12.0430  -32.9550  473    69038  42.7600  -18.0560  27.0940  473
64483  18.0900  -11.8230  -34.2820  474    71072  52.0620  26.4730  7.1710  474
64484  17.9220  -12.0350  -34.0320  475    28251  35.1630  10.1720  -40.1510  475
64492  35.3220  -13.3720  -35.4000  479    71449  50.1830  -14.6270  -44.2670  479
64493  34.5320  -13.3450  -35.3950  480    71466  39.0280  15.1630  28.5130  480
64494  33.6000  -13.3950  -35.4950  481    71478  70.7480  -2.2470  -24.2540  481
64495  32.6330  -13.4830  -35.6550  482    71495  41.8220  33.7280  -16.5480  482
64496  31.8420  -13.5030  -35.7820  483    71657  4.2050  -23.0210  39.8200  483
64497  18.9200  -13.3320  -37.2590  484    71679  4.9220  -76.5040  -6.8200  484
64498  18.3930  -12.1270  -36.3950  485    71252  36.3060  1.1920  20.2540  485
64501  35.9030  -12.9710  -36.3030  486    71765  9.9410  77.5860  -17.7470  486
64502  35.6340  -12.9050  -35.9880  487    71450  22.3840  -28.6970  41.8070  487
64503  35.0150  -12.7010  -35.8850  488    71458  19.5370  56.4710  31.1780  488
64504  34.2200  -12.7130  -35.8640  489    71472  63.9500  -43.2770  -14.9750  489
64505  33.3130  -12.7670  -35.9430  490    71489  15.1410  -10.6000  53.4660  490
64506  32.3620  -12.8970  -36.0610  491    32552  27.0180  19.2830  -38.2660  491
64508  30.1880  -13.0650  -36.1260  493    72216  15.9390  63.5560  -13.2760  493
64509  29.1480  -13.0680  -36.2260  494    72232  2.2360  40.7360  22.0480  494
64510  28.1170  -13.1630  -36.4470  495    72249  6.9020  46.8620  27.9890  495
64511  27.0830  -13.3880  -36.8690  496    72272  5.3070  31.7830  4.8300  496
64512  26.1720  -14.1000  -37.4040  497    72310  38.2900  -74.7170  -10.2200  497
64513  25.5100  -14.6220  -38.0210  498    72333  54.6400  29.2360  3.1950  498
64514  19.1840  -12.7130  -37.9570  499    71680  10.3690  34.6540  -38.1910  499
64515  18.5570  -11.5510  -36.8950  500    31859  52.6670  55.6690  -34.3370  500
64522  35.6920  -12.3570  -37.0070  501    71927  13.5270  -74.5820  -34.1580  501
64524  26.1260  -13.7980  -38.0420  503    72309  14.5000  -83.1480  0.2770  503
64525  25.1180  -14.7040  -38.9170  504    72342  45.1760  -14.8090  -2.7750  504
64526  23.7660  -15.1670  -39.6490  505    72923  46.9750  -68.1950  -16.0970  505
64527  22.4550  -14.7080  -39.7840  506    73135  5.1540  2.8600  -37.1100  506
64528  21.1800  -13.7510  -39.6740  507    34950  38.1830  -13.9120  -2.4570  507
64538  24.6340  -14.6580  -39.7230  509    72924  46.9050  -68.2390  -16.4080  509
64540  22.4820  -14.1350  -40.2780  511    73147  27.2190  -42.4520  48.9990  511
65753  18.4090  -11.2200  -33.7840  513    26579  23.0780  6.9810  -33.4650  513
65765  18.4320  -11.0950  -34.9760  514    30585  28.3850  -53.1750  -25.5680  514
65768  18.5490  -10.8610  -35.8930  515    31321  28.6300  18.9800  51.0240  515
65771  35.6270  -12.4310  -36.6200  516    31925  44.3250  -59.3680  -11.8250  516
65772  35.2200  -12.0960  -36.6390  517    31926  10.8420  67.4490  -13.4290  517
65773  34.6710  -12.1490  -36.3470  518    32014  42.7060  -69.8260  -35.8610  518
65774  33.9230  -12.1550  -36.3530  519    32015  42.3620  39.6250  4.4370  519
65775  32.9940  -12.1560  -36.4620  520    32026  6.0300  -11.1320  57.0800  520
65777  31.0130  -12.4380  -36.5220  522    32619  48.7900  -15.9770  34.5290  522
65778  30.0060  -12.4360  -36.5970  523    32655  60.6660  39.8080  3.5740  523
65779  29.0030  -12.4670  -36.7270  524    33012  11.0790  -80.1620  -22.6960  524
65780  28.0430  -12.5770  -36.9690  525    33058  23.0140  -5.8140  -28.8670  525
65782  18.8170  -11.3000  -37.5320  527    33154  24.8350  26.6940  -42.9170  527
65789  35.3660  -11.8780  -37.2090  529    31927  50.4900  -30.6410  -35.1250  529
65792  31.7270  -11.7950  -36.8580  532    32551  36.4190  9.4270  -65.2360  532
65793  30.7880  -11.8050  -36.9660  533    32640  51.0000  -40.3120  5.2030  533
65794  29.8160  -11.8240  -37.0680  534    32990  67.1810  -28.6880  4.7470  534
65796  27.9320  -12.1120  -37.5300  536    33091  46.4770  -69.5000  -25.8260  536
65797  26.9480  -12.6920  -38.0150  537    33133  43.6990  1.9610  15.2930  537
65798  26.0540  -13.5400  -38.7240  538    34834  67.1210  -32.5400  3.3070  538
65801  19.6620  -12.0960  -39.0170  541    33221  32.6670  -58.6630  0.0640  541
65808  35.2030  -11.6790  -37.8150  542    34052  60.1350  -2.1980  25.5730  542
65809  26.6460  -12.7900  -38.7920  543    34835  49.5950  -24.8020  30.1530  543
65811  24.8680  -14.1220  -40.1570  545    34926  48.0210  -23.9620  29.1850  545
65812  23.5820  -14.0300  -40.6320  546    36051  41.8670  25.8600  8.3100  546
65814  21.0340  -12.7050  -40.1720  548    34951  34.0130  -9.8580  51.7960  548
65815  20.2120  -11.9510  -39.6880  549    34968  11.8220  -85.2420  -5.8420  549
65822  25.5760  -13.5210  -40.3340  550    35548  27.7410  -28.0840  52.7290  550
65824  23.3920  -13.4380  -41.0930  552    36076  4.3970  74.3420  -6.8650  552
65825  22.2300  -12.9040  -40.9800  553    36122  13.1940  -14.3650  45.9380  553
67010  19.1350  -10.1560  -33.9000  555    30584  28.0960  -54.1660  -25.4100  555
67037  18.8870  -10.3120  -34.9160  556    30608  50.2650  -32.1890  -33.9870  556
67049  19.1340  -9.7090  -35.7890  557    33155  28.7560  -75.8080  -37.1130  557
67050  19.0510  -9.9230  -35.4680  558    31750  24.3910  -8.3770  46.8310  558
67059  33.6980  -11.5710  -36.7950  561    32013  15.5620  -75.0330  -33.5340  561
67060  33.0380  -11.5440  -36.8760  562    32503  7.8830  25.2770  -20.7850  562
67070  34.8340  -11.3920  -37.3430  566    32217  4.9110  -51.6380  -16.6620  566
67071  34.1490  -11.1100  -37.3160  567    88000  57.2990  14.6370  -10.1000  567
67074  31.5020  -11.1810  -37.2980  570    33894  8.4650  -78.7460  -23.8600  570
67075  30.5660  -11.1810  -37.4700  571    34320  38.6590  18.7010  43.4820  571
67076  29.6240  -11.3000  -37.5720  572    34365  38.8940  11.9980  -67.6600  572
67078  27.8510  -11.7810  -38.2170  574    34450  24.9390  74.6760  -5.8300  574
67080  19.0250  -10.5710  -38.0320  576    33205  48.4150  54.0820  -38.0670  576
67088  34.9380  -11.2470  -37.9510  577    34051  15.1440  -5.1460  -29.6920  577
67089  34.6690  -10.7000  -38.2230  578    88137  39.8490  13.5300  -5.8560  578
67091  29.5180  -10.7750  -38.1350  580    88198  68.4330  -5.3560  -43.1870  580
67092  28.6090  -11.0400  -38.5520  581    88208  6.8460  -63.4880  -1.4700  581
67093  27.7250  -11.5180  -38.9950  582    71570  52.2440  29.1080  5.3070  582
67094  26.8810  -12.3630  -39.3770  583    34887  63.0750  13.6500  4.6850  583
67105  34.9150  -10.7380  -38.6970  587    35512  4.6680  49.4450  -48.6780  587
67107  26.8720  -12.3510  -40.3130  589    88390  16.5380  88.6010  -13.7580  589
67108  25.7130  -13.0310  -40.9520  590    36032  36.6770  -12.2850  -0.6210  590
67109  24.3900  -13.1540  -41.4170  591    36777  38.2850  31.2440  -64.2890  591
67110  23.1470  -12.7840  -41.5290  592    37213  17.0910  -78.4850  -34.2660  592
67112  20.8580  -11.5100  -40.6390  594    36516  51.9810  47.4060  -32.7060  594
67113  20.1040  -10.5450  -40.1040  595    70789  61.4560  0.1530  20.1240  595
67121  25.1300  -12.8190  -41.6220  596    72176  11.1710  -53.0690  5.8870  596
67123  22.8260  -11.9830  -41.9000  598    88604  40.5210  43.8770  -20.7920  598
67125  21.0690  -10.8130  -41.1870  600    26119  60.1810  -48.5980  -11.4080  600
67135  23.6110  -11.8010  -42.2670  601    72751  37.8530  -0.8540  -33.6970  601
68094  20.1420  -8.7660  -34.0570  603    67042  63.5820  -8.8180  18.2810  603
68131  19.2290  -9.2470  -36.8950  607    69843  2.8000  28.8570  8.0940  607
68137  34.3890  -10.5680  -37.9980  608    70505  53.6210  -32.0320  25.3770  608
68138  33.7980  -10.4760  -37.7840  609    70506  42.2170  30.4270  8.8420  609
68139  33.0140  -10.4800  -37.6540  610    70551  41.9670  1.9080  -58.3980  610
68140  32.1140  -10.5360  -37.6440  611    70552  44.3410  23.0080  -36.4450  611
68141  31.2030  -10.6070  -37.7230  612    70565  13.9250  -84.1180  -27.8970  612
68143  19.2230  -9.6250  -38.3630  614    70196  40.8430  -73.9280  -30.5560  614
68151  34.7690  -10.2620  -38.7690  615    71085  51.9440  48.1920  3.8980  615
68152  34.5520  -9.7310  -38.8040  616    70512  42.5260  66.1860  -8.3460  616
68153  34.0910  -9.8270  -38.3820  617    70507  42.7440  29.5120  8.2120  617
68155  32.6330  -9.8530  -38.0280  619    24338  66.4680  0.6390  21.1960  619
68156  31.6960  -9.9430  -38.0600  620    24741  6.4220  -61.2530  24.3470  620
68158  29.4360  -10.0970  -38.9420  622    71378  13.8350  -33.5290  15.8840  622
68159  28.3670  -10.8100  -39.3220  623    71398  62.2750  -38.0920  19.0390  623
68168  34.9410  -9.3990  -39.5910  626    71095  35.6080  -75.1670  -3.2720  626
68169  34.7510  -9.5640  -39.1940  627    71086  8.1760  -48.7070  40.0200  627
68170  29.3730  -9.6930  -39.5210  628    26080  41.9440  32.9080  -37.8230  628
68172  27.9810  -11.3370  -40.4970  630    71571  3.6590  -66.4840  -29.7620  630
68173  26.5750  -12.3840  -41.2880  631    72144  39.9240  63.1080  -12.1010  631
68184  28.0370  -11.3060  -41.5130  635    27231  39.0710  26.3000  -14.5880  635
68185  27.1750  -11.8560  -42.1060  636    72145  18.3070  -41.3590  53.2030  636
68186  25.4680  -12.3740  -42.1640  637    72177  10.2780  -53.3120  5.3520  637
68188  22.3770  -11.2010  -42.0080  639    27630  12.5350  2.8410  24.5710  639
68199  26.9670  -11.7460  -42.9470  642    27249  2.0610  -16.1630  4.5290  642
68200  25.8060  -11.6810  -43.0640  643    72511  49.6520  26.0920  18.3210  643
68201  24.3630  -11.6040  -42.6460  644    72752  22.4270  7.3180  53.7280  644
68202  23.0060  -10.9560  -42.4950  645    27631  49.5870  8.6320  13.8300  645
68214  25.1910  -11.1070  -43.4140  647    30233  0.3420  8.0860  -32.5880  647
69323  20.4270  -8.0470  -34.6760  650    18788  49.2870  -23.1070  -35.4970  650
69339  20.7710  -7.4070  -34.9800  651    21649  5.5990  -51.9050  -16.8600  651
69340  20.0330  -8.0320  -35.8450  652    21674  12.2110  65.8180  -7.1740  652
69342  19.5370  -8.3230  -37.2700  653    23032  3.7860  29.5650  -32.6750  653
69350  34.6340  -8.8110  -39.1740  654    24148  15.8780  -75.4660  -28.0260  654
69351  34.3170  -9.0900  -38.8590  655    24149  21.0910  -56.1680  7.2010  655
69352  33.7980  -9.1660  -38.5830  656    24247  41.8350  -3.1040  -19.1260  656
69353  33.0750  -9.1600  -38.4660  657    24337  39.9250  -4.3670  -17.8430  657
69356  30.4500  -9.4900  -38.8830  660    24800  45.4330  4.8590  -23.2970  660
69357  19.4320  -8.7100  -38.6850  661    23110  39.2400  -63.3250  20.4750  661
69364  35.1660  -8.3160  -40.0350  662    25464  54.8810  22.9890  -22.1710  662
69365  34.8590  -8.7900  -39.5030  663    24223  4.7690  3.8000  -34.5320  663
69367  31.9640  -8.7150  -38.9340  665    24336  12.1580  -6.8760  24.6620  665
69368  30.9960  -8.8230  -39.2430  666    24776  57.4000  7.0260  -32.8930  666
69369  29.9840  -9.2030  -39.6090  667    24815  64.1110  -37.2620  13.9670  667
69373  19.7930  -9.2200  -40.1400  671    24859  27.1440  -23.1680  -39.2320  671
69382  29.6850  -9.0480  -40.2880  672    25733  49.8330  -12.7560  8.8260  672
69384  28.6350  -10.5590  -41.4370  674    26102  31.6880  50.7510  17.8810  674
69387  20.7030  -9.5490  -41.2740  677    26120  3.8420  -44.3100  -12.4520  677
69388  19.9790  -8.7830  -40.5700  678    26142  16.2660  78.9250  3.7670  678
69397  28.5260  -10.8460  -42.4520  679    27205  35.3930  5.7110  -36.8970  679
69402  21.2620  -9.3330  -41.8610  684    27650  64.9240  -38.7740  -22.2150  684
69413  27.5730  -10.9900  -44.0390  686    28455  15.8800  76.9560  1.0540  686
69414  25.8770  -10.9350  -43.8340  687    28622  28.1570  -79.0940  -17.9110  687
69416  23.2450  -10.1620  -42.9730  689    28984  3.0710  10.1050  12.4300  689
69426  26.5750  -10.6010  -44.4840  691    30144  25.8540  26.2270  -40.9190  691
69428  24.7630  -10.1810  -43.9390  693    30234  0.8420  7.3800  -32.5290  693
70735  21.0140  -6.6230  -35.6640  696    82285  27.1580  65.6630  21.9740  696
70736  20.3530  -7.1870  -36.3600  697    22738  31.4990  9.2760  43.1620  697
70743  34.4930  -8.4660  -39.1520  698    24150  44.0720  48.7750  -37.2020  698
70744  34.0800  -8.5210  -38.9460  699    24168  6.6700  -68.5510  -15.2830  699
70747  19.8140  -7.4290  -37.6260  702    23093  36.5980  52.6480  -32.5840  702
70755  35.1560  -7.7120  -40.0940  703    25465  15.7400  30.0170  -34.1510  703
70756  34.7840  -8.0320  -39.5730  704    24203  28.6220  -13.9620  -43.9730  704
70759  32.7750  -8.1800  -39.1100  707    25545  4.3270  29.7450  -42.0770  707
70760  31.7050  -7.9880  -39.7200  708    25566  37.7760  36.6450  -34.4170  708
70761  30.5350  -8.3920  -39.9400  709    25601  34.8810  -7.1950  29.3150  709
70763  19.5760  -7.8070  -38.9860  711    24830  4.1850  -59.6310  25.9010  711
70773  35.3620  -7.6420  -40.4640  712    25509  6.7270  29.2420  -41.6300  712
70774  31.5270  -7.4950  -40.2950  713    82983  24.2140  -75.1880  12.7450  713
70775  30.8890  -7.8350  -40.4220  714    82997  46.4080  -10.5620  -20.9050  714
70776  30.0230  -8.5770  -41.0980  715    27163  47.0060  -12.3390  -44.8790  715
70777  29.1980  -9.7010  -41.7990  716    27162  49.8050  -13.7840  -46.3180  716
70779  19.9580  -8.1200  -40.7290  718    27673  18.4470  -30.1330  -31.1820  718
70789  30.0370  -8.4070  -42.1000  720    83250  19.2400  64.7550  28.6190  720
70790  29.6140  -9.1890  -42.7090  721    89285  21.9100  46.9070  25.8440  721
70792  21.5190  -9.1600  -42.1640  723    27713  46.9320  8.6080  12.9920  723
70804  29.4580  -9.3160  -43.6310  725    83487  3.4910  73.4730  -15.9970  725
70805  28.6910  -10.0570  -43.9920  726    30098  57.3830  -23.0400  -5.4850  726
70807  22.8950  -9.3890  -43.1750  728    28967  33.9040  27.5430  -42.7140  728
70821  28.4850  -9.9880  -44.8610  731    30187  47.3010  61.7200  -11.4230  731
70826  22.6390  -8.8550  -43.2760  736    83582  14.5050  -37.6250  -13.4490  736
70833  27.1760  -9.7290  -45.6220  737    89800  46.8870  -14.2410  35.0830  737
70835  25.4950  -9.4380  -45.0880  739    83943  23.9550  -11.4310  -28.0490  739
72072  21.6950  -5.7310  -35.5930  740    81838  56.7080  -50.1260  -3.1990  740
72078  20.9490  -5.6380  -36.9280  742    82193  15.2420  86.3580  -0.9380  742
72079  20.5950  -6.4350  -36.7170  743    82194  33.5290  -31.1730  28.6960  743
72086  35.2150  -7.1430  -40.3620  744    82588  28.5120  15.5740  -40.2140  744
72088  34.5990  -7.3160  -39.8230  746    82589  33.0290  -62.6400  -34.0080  746
72089  33.9510  -7.3440  -39.6800  747    82601  1.8370  5.6190  0.3880  747
72090  33.1250  -7.4350  -39.6240  748    82612  16.6680  -76.2760  12.1850  748
72092  20.6180  -5.6980  -37.5240  750    82336  47.2460  -15.8680  3.6510  750
72101  35.6020  -6.7920  -41.0710  752    27062  4.1440  -11.9290  8.5930  752
72102  35.4120  -6.8920  -40.7700  753    82845  17.1890  -76.2200  11.2390  753
72104  34.8390  -6.6990  -40.3050  755    67139  43.3410  -12.4660  -41.6390  755
72105  34.2490  -6.6810  -40.1560  756    82602  36.3820  -59.3090  26.7620  756
72106  33.4330  -6.7650  -40.1110  757    67199  36.0360  -59.5110  29.3040  757
72107  32.2880  -6.9830  -40.3870  758    82623  28.0670  47.1100  20.3440  758
72110  19.7290  -7.2710  -40.4240  761    83095  19.1550  -76.4620  10.1880  761
72111  19.6370  -6.9620  -39.4930  762    82706  5.3670  72.8210  -7.2650  762
72120  32.0380  -6.3950  -41.1290  764    68102  32.3630  -23.9610  19.6210  764
72121  31.4130  -6.7560  -41.3370  765    68121  46.1300  62.7820  7.6290  765
72122  30.5220  -7.5980  -42.0850  766    82998  46.7250  -10.4570  -21.4010  766
72124  20.0820  -7.3450  -41.1830  768    83331  18.2110  64.0600  29.3860  768
72134  30.4080  -7.5010  -43.1110  770    68812  62.8430  -23.0480  -39.6840  770
72135  29.9100  -8.4130  -43.6550  771    83251  2.5320  73.9010  -13.0970  771
72138  21.1070  -7.8850  -42.3010  774    83340  27.4020  -6.2780  52.8660  774
72151  29.7990  -8.2080  -45.2220  775    83494  11.1240  -19.7350  33.9950  775
72152  29.0290  -9.3180  -44.9520  776    83488  11.8310  -37.6390  -13.0290  776
72156  22.6090  -8.0500  -43.7090  780    83588  67.0270  -22.2800  14.9250  780
72157  21.6020  -7.5560  -43.0330  781    83583  49.1890  -24.6280  34.4250  781
72166  29.8120  -7.9880  -45.9870  782    70406  33.1190  -76.1650  0.6530  782
72167  29.1630  -8.4540  -46.2070  783    83846  4.6820  3.0260  35.9410  783
72168  27.9470  -9.3660  -45.8620  784    83932  24.9650  -11.5110  -27.9550  784
72169  26.6550  -9.2040  -45.9240  785    83945  44.8920  37.1930  -31.2480  785
72171  24.1510  -8.2170  -45.0590  787    83944  17.6590  6.6960  48.2650  787
72178  28.9000  -8.1890  -46.8780  789    70735  3.5530  82.8090  -18.7270  789
72179  28.1900  -8.4640  -46.7020  790    84088  38.2390  -6.8590  46.8870  790
72181  26.0090  -8.5370  -46.1270  792    70441  4.7260  82.9450  -17.3660  792
73511  20.8050  -5.1330  -37.7440  793    65402  43.8060  -46.6990  -17.4320  793
73512  20.0420  -5.9690  -38.5620  794    66455  33.5430  -59.6530  30.7430  794
73521  35.5080  -6.1180  -41.3750  795    12092  37.3360  -12.6760  21.2270  795
73522  35.3270  -6.2130  -41.0000  796    12505  63.1920  19.4570  -12.0790  796
73524  34.5880  -6.0930  -40.6160  798    12615  1.6630  7.8020  -16.1330  798
73525  33.7490  -5.9990  -40.7080  799    67200  56.3200  54.1720  -6.4150  799
73527  20.5490  -4.7670  -38.4600  801    12633  29.5490  -32.5740  -37.3990  801
73528  19.9480  -5.5200  -39.1990  802    66447  30.7520  7.2430  35.0000  802
73537  33.3950  -5.5920  -41.1730  804    14325  7.8400  -21.3430  35.4760  804
73538  32.7330  -5.9670  -41.0940  805    67201  52.3110  60.6470  -30.9740  805
73541  20.2610  -6.8060  -41.7380  808    68217  4.3880  44.0570  -3.4230  808
73542  19.7400  -6.0060  -40.7730  809    67494  3.7730  60.2350  -2.2810  809
73551  31.5030  -5.8950  -42.7360  810    15700  64.9470  27.6820  -4.0330  810
73552  30.8720  -6.6170  -43.2100  811    68122  14.9420  -20.8300  60.9140  811
73554  20.6400  -6.5500  -42.5840  813    68841  55.2790  42.4220  -23.9940  813
73568  30.7010  -6.5630  -44.8700  815    68813  60.1880  -17.8040  -35.3080  815
73570  22.3060  -6.8850  -44.2150  817    17063  41.7370  39.3160  34.9170  817
73571  21.6650  -6.9740  -43.4470  818    68882  11.6310  66.5430  -7.2570  818
73588  23.3170  -7.2520  -45.0190  824    69750  10.0100  60.1390  2.3710  824
73597  27.2850  -7.7430  -47.1470  828    70953  30.7770  9.7620  -36.7460  828
73598  25.6330  -7.6810  -46.4950  829    70440  49.7820  -55.2240  8.3080  829
73599  24.3100  -6.9490  -46.1610  830    19012  35.7600  -60.7590  28.3980  830
73606  29.1120  -7.3810  -47.6830  831    18691  35.3540  -22.5140  18.4280  831
73607  28.2630  -7.2200  -47.7290  832    21504  3.4900  -69.4550  -22.1820  832
74694  34.8690  -5.6050  -41.0850  837    12528  62.2640  18.8870  -12.7040  837
74707  35.7430  -5.5060  -42.2680  840    13801  31.5570  -17.9420  45.0820  840
74708  35.5960  -5.4900  -42.0210  841    12091  9.9890  68.5700  -8.5260  841
74709  35.3340  -5.1990  -41.8260  842    12090  11.8300  55.7440  38.2760  842
74712  33.8750  -5.2030  -41.4600  845    12614  57.9560  -2.4720  32.3850  845
74714  32.5020  -5.4830  -41.8830  847    14399  17.7980  -48.3590  12.1880  847
74715  20.7230  -3.7720  -38.8470  848    12632  35.8680  -37.9140  25.8580  848
74716  19.9490  -4.4720  -39.7590  849    12664  27.7860  10.5550  31.5900  849
74724  35.8130  -4.6690  -42.7610  850    13800  61.2430  -28.0590  -27.6820  850
74726  32.8410  -4.8780  -42.3450  852    14324  62.5110  -33.2080  -41.0500  852
74729  20.3170  -5.6310  -42.6470  855    16046  19.0150  -86.0920  -7.8580  855
74730  19.7830  -5.1580  -41.5160  856    14852  28.9450  78.5960  -3.9280  856
74740  31.8680  -5.0610  -43.7370  858    15643  3.1960  61.1390  4.0910  858
74741  31.2030  -5.7820  -44.2760  859    15718  17.2560  20.0010  -43.5410  859
74743  21.1230  -5.8710  -43.6750  861    16089  34.1670  75.9670  -9.2460  861
74757  31.1840  -5.9550  -45.9100  863    16881  23.0890  -27.2970  42.9890  863
74758  30.6720  -6.8740  -46.8730  864    18664  50.1620  61.1370  0.4550  864
74760  22.3190  -6.0470  -44.8960  866    16914  46.3580  72.5010  -12.6920  866
74761  21.2500  -5.1190  -44.4340  867    16913  46.0300  73.1300  -13.5290  867
74771  31.2140  -6.3270  -47.7290  868    18665  50.3530  60.5800  -0.5560  868
74774  26.0270  -6.8600  -47.2450  871    20363  49.6640  2.8540  -7.2720  871
74776  23.3360  -5.9180  -46.0870  873    19013  35.5500  -60.4180  28.7470  873
74777  22.4280  -5.4010  -45.5590  874    19043  33.4460  -60.0080  30.2740  874
74784  31.3210  -6.1840  -48.6390  875    19830  46.1600  29.2890  -24.4710  875
74786  29.3870  -6.5960  -48.3610  877    19875  58.6180  7.6310  -25.5530  877
74788  26.4050  -6.1260  -47.8320  879    20387  17.8020  14.5560  -49.6810  879
74790  24.0470  -5.6850  -46.8520  881    20364  38.7190  9.8780  47.5080  881
74799  29.0580  -5.9090  -48.9070  882    15271  5.0330  24.0700  -29.2650  882
74801  27.1430  -5.8670  -48.3580  884    15272  46.9200  25.4170  3.5990  884
75810  34.8230  -4.4980  -41.9980  887    13935  7.1640  -58.2630  19.5780  887
75811  34.2060  -4.5660  -41.9460  888    14257  4.9020  -46.8060  27.4320  888
75813  20.7120  -3.1200  -39.2890  890    13000  20.3980  11.1530  -29.3290  890
75814  19.8970  -3.5930  -40.3030  891    14461  53.4620  -40.2370  -40.6770  891
75822  35.9910  -3.7520  -43.2300  892    15127  32.5010  9.5190  48.1490  892
75823  35.5220  -3.8050  -42.7960  893    83646  48.6920  -9.3520  -25.2880  893
75825  34.4180  -3.9400  -42.4710  895    52728  52.8040  61.6030  -11.1780  895
75826  33.4640  -4.1210  -42.6340  896    15593  60.7560  29.8090  -3.6850  896
75828  20.0240  -4.8390  -42.6100  898    16047  19.6500  -86.1280  -8.6620  898
75829  19.6340  -3.8560  -41.5470  899    14869  46.8270  61.9110  7.6690  899
75838  33.1340  -3.7030  -43.3950  900    52730  22.3720  -49.4800  -14.1230  900
75839  32.5050  -4.1080  -43.8440  901    16836  43.2290  -4.3750  30.9950  901
75841  20.1860  -4.3200  -43.5330  903    16118  29.4930  -63.5070  2.8140  903
75842  19.7270  -4.0320  -42.4900  904    84023  19.6320  81.7690  -28.5440  904
75854  32.3990  -3.8250  -44.8550  905    54464  29.2690  49.8540  15.6990  905
75855  32.0070  -4.5960  -45.6180  906    18617  42.5090  -0.5170  -22.0280  906
75856  31.7300  -5.2910  -46.2530  907    18641  3.7620  46.6520  24.3820  907
75858  20.9930  -4.3380  -44.7580  909    16949  14.5180  -63.1940  28.9390  909
75873  22.3240  -4.6840  -46.0640  913    20409  49.1650  3.1650  -7.3640  913
75884  31.4430  -5.4650  -48.5480  915    19861  31.4320  75.5110  -15.4570  915
75889  23.9860  -4.8230  -47.3350  920    21716  53.0050  -39.2860  -40.3360  920
75898  31.0590  -5.2850  -49.7000  922    56714  32.5270  -46.7290  11.6620  922
75899  29.9990  -5.5740  -49.2740  923    17016  68.4150  -25.1140  -29.8450  923
75900  28.5430  -5.3160  -49.1560  924    15273  48.1230  25.3530  3.2660  924
75902  25.6610  -4.7890  -48.3070  926    84870  60.1330  13.8250  24.7660  926
76960  36.1870  -2.8150  -43.6650  928    52635  21.5980  42.2060  25.5540  928
76962  35.3010  -3.1110  -43.0660  930    52650  20.3070  -11.3690  38.2740  930
76963  34.5720  -3.1310  -43.1310  931    52729  23.2200  -48.7150  -14.1630  931
76966  20.1430  -2.4260  -40.3530  933    51646  60.5670  -23.0360  -27.7900  933
76973  36.4320  -3.1650  -43.8610  934    52636  21.5660  41.9920  24.4810  934
76974  34.1820  -2.7160  -43.6040  935    52748  56.5770  54.3600  -21.6310  935
76977  19.7380  -3.4300  -43.3520  938    53835  6.1490  74.6320  -3.5900  938
76978  19.4250  -3.0650  -42.1800  939    52836  9.4160  68.4970  -42.2060  939
76989  20.2060  -3.5240  -44.2200  943    53852  32.5770  -71.2090  -5.6230  943
76990  19.4580  -2.7340  -43.3670  944    53836  56.8670  -42.3620  8.5620  944
76998  32.7340  -3.1070  -45.7630  945    1572  30.7950  11.9310  41.2670  945
76999  32.6410  -3.8320  -46.7020  946    2851  20.9050  82.3020  -35.4980  946
77001  22.0070  -4.0640  -46.2140  948    54899  2.5310  1.0200  49.0530  948
77013  31.9890  -4.3810  -48.5180  951    56660  19.3740  -84.5250  -3.7530  951
77015  23.6350  -4.1610  -47.4310  953    55743  60.7890  -4.8580  -3.1460  953
77017  21.4060  -2.8590  -46.3160  955    55742  34.5840  -18.1260  40.1240  955
77025  32.0780  -4.4390  -49.5160  956    4061  40.3220  -65.9550  15.2940  956
77028  29.1570  -4.6220  -49.6850  959    57730  21.4720  -19.4200  -15.7000  959
77030  26.1750  -4.1740  -48.9070  961    57820  39.8530  -76.2280  -20.3640  961
77031  24.3220  -3.8430  -48.0790  962    56769  1.4820  42.9180  -6.1280  962
77032  23.0310  -3.0100  -47.6380  963    56795  59.2110  32.4960  1.1700  963
77037  29.6210  -3.9900  -50.1570  964    5331  53.7660  5.3950  37.0840  964
77038  28.4170  -3.7320  -50.0210  965    57744  43.9830  25.5230  30.5860  965
77040  25.4640  -3.2390  -49.1490  967    57839  56.1150  -52.5690  -21.4500  967
77041  24.4420  -2.8580  -48.7520  968    4202  39.7340  -7.0730  -32.7620  968
78187  36.2570  -2.4640  -43.8230  969    52634  33.3530  -76.1490  -14.1580  969
78189  35.4820  -2.3300  -43.4480  971    52651  7.8970  22.5190  38.8720  971
78202  19.7270  -1.5660  -40.9180  973    52823  39.4160  0.5470  -11.2000  973
78210  35.3310  -1.7140  -43.8410  976    82162  17.9680  67.1290  19.8510  976
78211  34.5720  -2.0040  -43.8830  977    52761  30.0490  31.2100  38.9240  977
78213  19.1720  -1.8040  -42.1680  979    53002  47.4060  16.7540  30.6000  979
78221  34.2190  -1.5690  -44.6910  980    1668  32.2250  66.8750  11.3520  980
78222  33.5550  -2.0650  -45.0370  981    1571  2.8120  3.4750  41.5970  981
78224  19.9310  -2.6500  -44.5170  983    1700  35.0870  38.0290  -46.1720  983
78225  19.1500  -1.7330  -43.5330  984    108  49.2450  -36.9350  38.3010  984
78233  33.5070  -1.9130  -46.1230  985    1599  43.0730  40.3030  33.1670  985
78234  33.2210  -2.6710  -46.7470  986    1573  29.3980  24.5370  46.7970  986
78236  20.3510  -2.1680  -45.5450  988    1701  36.3810  -73.9380  0.4490  988
78245  33.5280  -2.7050  -48.0050  990    2881  60.4150  -31.0350  -5.0700  990
78246  32.7650  -3.3340  -48.4850  991    2852  24.5760  -32.0800  -29.4910  991
78248  21.9130  -2.3870  -47.0320  993    3335  50.3560  27.6040  4.6580  993
78258  32.4180  -3.1170  -49.0970  995    4086  48.1630  -2.5410  -6.5260  995
78259  32.1620  -3.6570  -49.6830  996    4062  41.5610  -60.6780  -30.0820  996
78260  31.2190  -3.5120  -50.4920  997    5283  39.6120  -29.0760  -42.9150  997
78270  30.4950  -2.7320  -50.8340  1001    5351  54.0820  -5.4310  40.1710  1001
78271  29.5440  -3.0870  -50.5680  1002    5332  52.8050  5.4870  37.4210  1002
78272  27.6090  -2.6010  -50.3820  1003    6432  33.6310  38.3750  -61.7260  1003
78274  24.9520  -2.2730  -49.4750  1005    5809  63.2990  -32.2060  -27.3560  1005
78282  27.0620  -1.9270  -50.6060  1008    6551  37.9510  -14.5120  26.0740  1008
79363  20.1430  -0.0750  -40.4530  1011    81949  69.8050  5.0300  5.5940  1011
79364  19.4560  -1.0080  -41.3390  1012    81964  2.7110  -4.4930  14.9060  1012
79371  36.4670  -1.5010  -44.7410  1013    82161  68.1310  -2.6470  -1.4190  1013
79375  19.6060  0.3090  -41.0090  1017    81956  4.7600  22.9890  42.2820  1017
79376  19.0560  -0.5620  -41.9080  1018    109  48.3130  -38.2120  38.2660  1018
79385  35.6600  -0.8680  -44.8240  1020    82163  18.3160  -41.4260  -2.4950  1020
79386  34.7460  -1.0560  -44.9750  1021    82179  18.3400  -46.0250  -28.9520  1021
79388  18.8290  -0.7550  -43.4220  1023    107  49.2360  -38.2560  37.8490  1023
79397  34.4720  -0.8310  -45.8960  1024    51382  55.2000  34.1480  10.1520  1024
79398  33.9870  -1.3270  -46.2380  1025    1633  42.4420  41.5980  0.9940  1025
79400  19.7070  -1.0430  -45.4640  1027    2970  58.2020  6.3710  -12.7260  1027
79401  19.3560  -1.3220  -44.5380  1028    1753  17.9230  25.9670  45.9490  1028
79410  33.9340  -1.2750  -47.4200  1029    51397  9.6510  -22.8240  -16.7760  1029
79411  33.6810  -1.9270  -47.6450  1030    2909  3.9200  -54.9560  7.8290  1030
79413  21.5550  -1.8480  -47.0670  1032    2993  54.8210  30.2070  14.8000  1032
79425  32.0170  -2.5740  -50.4970  1036    5284  41.6110  74.1270  -1.8960  1036
79427  21.3990  -1.1190  -47.3150  1038    53938  49.2120  -20.2120  -9.3280  1038
79439  28.7240  -2.1570  -50.8660  1041    6433  34.4320  39.8970  -60.3710  1041
79441  24.1760  -1.5800  -49.3680  1043    7060  52.4260  28.0550  -2.6480  1043
79442  22.8860  -1.5050  -48.4520  1044    5437  35.1840  -70.6400  -8.0750  1044
79451  28.8670  -1.4640  -51.1110  1045    54822  45.5740  -20.5600  35.0980  1045
79452  27.7650  -1.5690  -51.0040  1046    6552  37.6070  -14.0740  25.3130  1046
80581  19.2390  0.6510  -41.4290  1050    49714  9.2410  -42.2460  -10.4400  1050
80588  36.2370  -0.8760  -45.5660  1051    1070  42.0110  78.1780  -20.9650  1051
80589  35.8120  -0.6770  -45.4510  1052    50285  7.1830  -55.9630  -24.0600  1052
80590  35.3060  -0.6290  -45.4350  1053    51354  2.8830  70.0260  -35.2120  1053
80594  18.6560  0.2100  -42.5810  1054    49749  8.4540  68.5120  27.9410  1054
80601  35.7610  -0.6780  -46.1060  1055    50286  6.6310  -55.0970  -23.3820  1055
80605  19.4000  -0.5460  -45.3300  1059    51748  23.0330  -50.9120  -33.3570  1059
80606  18.8800  -0.1620  -44.4950  1060    50724  23.0460  -65.2760  -37.1860  1060
80614  34.5370  -0.6170  -46.9260  1061    51333  3.4950  35.3680  8.7970  1061
80617  33.4520  -1.8420  -48.6090  1064    52440  31.0740  14.5290  -55.8360  1064
80619  19.1160  0.4210  -45.5590  1066    51747  18.9230  -58.5490  37.4300  1066
80629  33.3070  -1.1230  -48.7190  1067    52421  27.3790  67.3330  21.3990  1067
80630  32.8270  -1.4660  -49.2380  1068    52455  66.6970  3.5310  -8.9230  1068
80631  32.2050  -1.3420  -50.1770  1069    53543  40.5280  44.1520  1.7650  1069
80632  31.5390  -1.5660  -50.7150  1070    53853  1.7170  37.2060  -12.6420  1070
80634  20.9090  -0.3720  -47.3370  1072    52637  30.2350  -61.1920  -36.0840  1072
80644  31.4440  -0.4930  -50.6020  1073    53854  53.0810  60.3790  -13.6740  1073
80645  30.2490  -0.8100  -51.0420  1074    53872  3.3800  -17.3670  41.8120  1074
80648  22.0820  -0.3210  -48.5170  1077    53939  49.4850  -20.7020  -8.6650  1077
80659  29.4190  -0.0370  -51.3180  1078    54838  48.4600  -39.8750  -12.1180  1078
80660  28.5470  -0.4260  -51.4960  1079    54823  35.1580  78.2330  -33.2520  1079
80661  27.0000  -0.7390  -51.3120  1080    55839  2.5640  81.6330  -28.6820  1080
80662  25.7420  -0.7720  -50.9050  1081    55910  11.6410  61.4820  -16.3140  1081
81794  18.4890  1.3460  -42.6140  1083    49762  51.9010  9.6800  -48.6510  1083
81802  35.1690  -0.5900  -46.8010  1084    51262  52.2400  -31.6980  20.0890  1084
81805  18.3420  1.1470  -44.5450  1087    50742  30.9280  38.2970  -28.3930  1087
81813  34.5760  -0.6010  -47.6140  1088    89835  44.0070  46.6290  23.2250  1088
81814  34.3870  -0.4330  -47.5780  1089    89840  17.4440  -32.2030  -20.4270  1089
81816  33.7340  -0.5120  -48.6480  1091    52376  48.7370  -59.9420  -4.0810  1091
81818  19.7930  0.4340  -46.5830  1093    52508  67.0280  -28.7660  14.6570  1093
81827  33.1760  -0.0830  -49.1850  1094    82849  16.8030  -17.2940  -33.8610  1094
81828  33.0000  -0.3910  -49.1140  1095    53505  3.2690  -61.4060  -5.7840  1095
81829  32.5050  -0.3080  -49.6390  1096    53522  36.9100  12.8600  -59.3010  1096
81830  32.0610  0.0340  -50.1860  1097    53837  45.5230  -39.8080  -12.0860  1097
81840  31.3440  0.5310  -50.2430  1098    53912  44.0720  -35.7630  37.0840  1098
81841  30.6700  0.4390  -50.6340  1099    54785  50.2730  -23.6380  38.0370  1099
81855  29.0960  0.6330  -51.7110  1101    55616  46.7520  -43.3940  -15.1290  1101
83050  33.9160  -0.3210  -48.5990  1102    82770  25.8830  -22.2100  38.5890  1102
83051  33.9880  -0.3170  -48.3500  1103    71978  66.6330  -22.5040  13.2500  1103
83052  33.8540  -0.2560  -48.5420  1104    71979  42.7970  20.6990  -14.9860  1104
83053  33.7710  -0.2720  -48.7610  1105    82850  17.9650  -17.3110  -34.8790  1105
83062  33.3710  0.0200  -49.3190  1106    82779  52.2830  -44.5980  -6.2060  1106
83066  32.6130  0.7580  -49.6660  1110    83041  64.1570  20.5430  -8.5840  1110
83078  32.2560  1.3630  -49.9280  1112    72605  63.7810  -11.3750  3.3160  1112
83080  30.9660  1.4470  -50.2530  1114    73366  49.8010  -29.0070  9.3420  1114
83091  29.6240  1.5770  -51.6200  1116    83611  4.9070  -7.5830  -17.1680  1116
84542  33.5840  0.7290  -49.2660  1120    71980  21.7240  -84.2030  -31.9560  1120
84544  33.1280  0.8990  -49.6060  1122    71994  5.4920  -13.3490  55.9770  1122
84545  32.8860  1.2840  -49.8280  1123    72577  62.8970  -39.2400  15.0730  1123
84546  32.5870  1.7100  -49.9520  1124    72604  62.3440  -17.5590  -36.2900  1124
84555  33.0790  0.9510  -49.7660  1126    72541  47.9380  -57.9090  -33.2560  1126
84556  32.2170  2.4250  -49.9010  1127    50743  53.6850  43.8400  4.0160  1127
84557  31.9260  2.3800  -49.8570  1128    72610  4.9240  32.5290  5.1040  1128
84558  31.2540  2.5980  -49.9620  1129    52185  14.7840  -15.4040  -21.5540  1129
84569  30.7300  3.1700  -50.2250  1131    73367  4.4970  67.8680  -16.0120  1131
86016  33.0620  1.7970  -49.8830  1133    50673  32.3220  28.9730  -57.7600  1133
86017  32.8880  1.9140  -50.0060  1134    50674  4.2480  -72.3470  0.8250  1134
86018  32.6430  2.5110  -49.9660  1135    50726  8.6660  62.9840  -7.7170  1135
86031  33.1780  2.4020  -49.8890  1138    48153  40.2040  -18.4920  44.7000  1138
86032  32.4360  3.5610  -49.6770  1139    13916  13.2330  -42.6100  -4.8790  1139
86033  32.0750  3.4720  -49.6560  1140    50766  20.1960  15.4210  -55.2360  1140
87440  32.9640  2.3770  -49.8660  1145    13917  10.1860  68.3180  -9.5990  1145
87458  32.7200  4.4160  -49.3680  1150    14005  11.8960  -80.0210  4.7710  1150
87460  31.8600  4.7260  -49.3310  1152    14350  61.8420  -34.2630  -41.7700  1152
87468  33.4540  2.9530  -50.1710  1154    13956  26.6780  35.6730  35.3160  1154
87480  33.5190  3.2820  -50.3820  1156    5460  33.6440  67.7570  8.9620  1156
87481  33.7160  4.3390  -50.2650  1157    3623  59.1090  -12.6630  -21.8790  1157
88705  33.3150  4.4110  -49.6520  1158    13918  21.9900  55.0460  35.1340  1158
