120871  -42.9880  35.7880  -28.4260  1    66647  -27.5360  -12.6710  -46.2720  1
120873  -44.7580  36.1540  -28.6190  3    89227  -18.8770  8.8460  -29.9570  3
120874  -45.7160  36.6660  -28.6990  4    77  -64.8060  2.6840  -7.2860  4
120881  -44.0480  35.9480  -29.6540  5    89224  -0.6400  -37.0730  16.4860  5
120882  -45.2950  36.5970  -29.7770  6    23  -31.3170  76.5240  -22.1550  6
120892  -44.6420  36.5950  -31.2690  8    22  -30.9570  76.3340  -20.8710  8
120893  -45.5170  37.1510  -30.8820  9    21  -30.9230  75.3610  -21.4170  9
120905  -44.6920  37.4190  -32.6870  10    2011  -52.0890  7.8870  15.0450  10
121637  -43.8320  37.4570  -25.5500  11    65795  -41.0510  39.5340  -42.0890  11
121638  -45.1510  37.8330  -25.7920  12    61997  -48.5790  3.3650  -30.3760  12
121643  -41.9960  36.6500  -26.6190  14    66646  -27.2440  -13.3820  -46.0300  14
121644  -43.3400  36.5810  -26.5120  15    65796  -42.1720  40.4630  -43.0810  15
121645  -44.7290  36.8830  -26.5410  16    62809  -40.6510  -43.3660  -21.4750  16
121646  -46.0740  37.6030  -26.7630  17    62808  -21.0850  -45.1360  -30.5470  17
121657  -46.6590  37.4890  -28.2440  22    66997  -39.5600  12.2860  -8.5360  22
121658  -47.1790  38.0060  -28.6890  23    67636  -50.9770  -52.8760  -9.3540  23
121669  -46.0290  37.3300  -30.1680  24    78  -53.3860  5.1340  -25.7560  24
121685  -46.0780  37.8200  -31.0770  28    196  -20.9400  -65.5550  -27.6180  28
121703  -44.9510  38.2760  -33.2580  30    2104  -15.0250  -48.1390  -9.0860  30
122455  -41.9970  39.0210  -24.1800  31    87195  -8.8080  -25.7780  56.4930  31
122456  -43.1550  39.2820  -24.3610  32    61998  -8.6390  15.8800  -33.6030  32
122462  -40.4170  38.1090  -25.0590  34    66667  -36.8370  -59.2970  -4.8050  34
122463  -41.6190  38.0690  -24.8670  35    65797  -1.3390  -80.4440  -28.8010  35
122466  -45.8190  38.8620  -25.6240  38    61999  -34.9460  29.7680  10.2500  38
122467  -46.5760  39.4370  -25.9070  39    56605  -55.4520  -5.0250  34.4340  39
122478  -47.7610  39.2080  -27.5270  44    87433  -63.0940  -19.7120  -34.9220  44
122488  -47.5170  38.5430  -28.1990  46    67653  -43.6080  -53.5760  -12.3710  46
122505  -46.9610  38.2840  -29.9800  47    59546  -31.1180  45.9810  34.2880  47
122521  -45.4520  39.1170  -33.5320  49    69237  -24.9760  -26.4110  44.1230  49
123277  -40.1700  40.2230  -23.0250  54    54561  -66.9080  -8.9790  -40.3580  54
123282  -39.9980  39.4080  -23.6120  56    54792  -2.6320  -19.3970  6.4480  56
123284  -42.4700  40.1280  -23.7720  58    55322  -14.3370  -53.8050  5.7470  58
123285  -43.6360  40.2950  -24.2950  59    55622  -26.0130  50.5910  -32.5900  59
123294  -39.6670  38.7650  -24.4490  61    55002  -20.9180  11.5180  -64.5430  61
123295  -40.7910  38.7880  -24.1590  62    55273  0.2380  28.5000  31.3040  62
123307  -48.0580  40.1700  -27.1190  67    57157  -39.7950  5.1220  -23.6620  67
123308  -48.6530  40.8140  -27.5360  68    57174  -42.1800  22.0920  -27.8010  68
123321  -48.6020  40.4020  -28.1410  70    57175  -8.1950  60.0310  -16.8370  70
123339  -48.1670  39.5440  -29.4730  71    59544  -2.0230  35.6260  30.2510  71
123347  -44.4410  41.2470  -35.5110  73    59893  -54.9600  -37.8240  -19.0510  73
123348  -45.3460  40.4950  -34.5900  74    59909  -11.5110  -39.7460  -16.7540  74
123349  -46.3300  39.8570  -33.3900  75    59988  -32.8770  27.0680  44.6000  75
123350  -47.2410  39.3530  -31.9540  76    60260  -0.8270  -34.9830  25.4280  76
123356  -44.8450  39.9710  -34.8430  78    59895  -12.4470  -29.6180  14.9990  78
124086  -39.4150  40.5780  -22.3740  79    54562  -21.5130  7.7020  53.9860  79
124087  -40.5860  41.0670  -22.5620  80    54563  -21.9460  28.8420  -64.1690  80
124088  -41.2220  41.5780  -22.8990  81    55305  -2.1970  -69.8890  -17.9250  81
124099  -43.7810  41.4810  -24.2400  86    55682  -16.2120  79.6430  6.9310  86
124110  -45.5370  41.3750  -24.9420  88    56585  -37.3460  37.0490  -25.7080  88
124121  -47.8230  41.2820  -26.1220  90    57139  -34.3610  -12.6240  -31.6020  90
124151  -42.5530  43.3030  -36.2160  95    85824  -46.3170  -55.3470  9.2250  95
124152  -43.6270  42.4990  -35.9330  96    59949  -0.7560  45.6300  30.5140  96
124153  -44.7140  41.7420  -35.3480  97    59931  -50.3850  7.5680  -29.4350  97
124154  -45.9240  41.2410  -34.4530  98    59989  -44.7300  -69.5080  -26.7930  98
124155  -47.2340  40.7310  -33.1570  99    60261  -22.3730  48.6290  -36.5640  99
124156  -48.2420  40.2320  -31.1740  100    59545  -30.0220  46.5610  34.2080  100
124164  -46.2330  41.6680  -34.2940  102    37435  -58.5680  -47.2960  -19.8940  102
124840  -39.1380  41.3580  -21.6810  104    29862  -42.2500  2.0910  17.0630  104
124842  -41.0010  42.2230  -22.4830  106    31880  -9.2130  -39.5590  -13.8980  106
124843  -41.6790  42.3990  -23.0120  107    31925  -48.8970  23.7270  5.8030  107
124851  -43.3630  42.5800  -24.0360  109    32587  -31.7490  -10.5760  48.2960  109
124865  -46.0930  42.5150  -25.0850  113    34228  -3.7830  -60.0250  -31.0090  113
124878  -48.3260  42.4370  -26.1620  115    35397  -16.4180  -47.6440  -15.4130  115
124890  -49.3850  42.2480  -27.5710  117    35488  -41.1800  -70.3930  1.2780  117
124897  -49.4490  41.9750  -28.8490  118    36230  -0.1080  71.3340  2.0280  118
124902  -41.4580  44.4520  -36.3160  119    37329  -51.0740  -25.2340  -45.3880  119
124903  -42.5420  43.7140  -36.1890  120    37330  -33.8730  -16.4990  -29.1320  120
124904  -43.7900  42.9240  -35.8640  121    37376  -28.8690  -53.7830  24.2680  121
124906  -47.3840  41.3280  -33.1660  123    37482  -22.5560  -4.8140  -48.6190  123
124907  -48.0060  41.4390  -32.5190  124    37484  -4.5020  20.4410  25.1890  124
124908  -49.0070  41.6610  -30.6720  125    36774  -40.4290  1.4760  -43.8120  125
124916  -44.4480  42.8290  -35.6190  126    37398  -1.9380  1.5240  55.4660  126
124919  -47.7890  42.3890  -33.0730  129    37483  -34.3990  17.3200  34.4460  129
125627  -40.7340  42.9910  -22.0940  130    31016  -14.3120  46.2400  -45.0400  130
125628  -41.4140  43.3490  -22.6450  131    31903  -4.0860  -21.3200  5.8400  131
125629  -42.1190  43.4380  -23.2520  132    10185  -10.1400  -20.7120  26.9810  132
125640  -43.5140  43.7720  -24.2000  134    32604  -39.7570  62.6510  -23.3690  134
125654  -45.4640  43.7020  -24.9180  136    33849  -29.6780  -21.8260  25.2860  136
125663  -47.8000  43.5030  -25.6610  138    34294  -45.2870  35.9480  6.4410  138
125665  -49.5630  43.2410  -27.0210  140    11917  -21.4860  24.3370  -48.6880  140
125677  -49.7840  43.1100  -29.4700  142    36248  -8.7570  -60.7460  -33.4980  142
125682  -41.3330  44.8660  -36.3580  144    14554  -5.3520  54.8870  6.5930  144
125683  -42.5240  44.1680  -36.2250  145    14933  -9.6840  57.9120  -41.0650  145
125685  -48.4950  42.4140  -32.0720  147    37499  -28.1080  -40.2090  50.0050  147
125686  -49.2510  43.3310  -31.2270  148    36789  -41.2270  -21.4700  -40.5890  148
125697  -43.1400  44.0540  -36.1300  149    14988  -7.7400  62.4470  -9.7230  149
125698  -44.3390  43.4210  -35.8050  150    39006  -66.0560  4.9700  7.1800  150
125699  -45.8140  43.0450  -35.0200  151    39026  -38.2220  6.9400  -5.7500  151
125701  -48.2410  43.3330  -32.8210  153    16755  -5.6990  -30.0590  13.5560  153
125702  -48.9180  44.0580  -32.1430  154    16812  0.5380  -6.6710  6.0500  154
126441  -43.7690  44.7800  -24.5040  156    10184  -62.4820  -31.0620  19.8010  156
126449  -44.8420  44.8440  -24.8830  157    10929  -25.9840  -13.6940  -43.9180  157
126450  -46.0150  44.6890  -25.1640  158    11164  -65.4510  -10.9210  -36.8940  158
126453  -48.2220  44.5350  -25.8470  160    11482  -25.0650  -56.5580  -30.6130  160
126463  -50.3300  44.5180  -28.0920  164    11916  -61.6350  16.0470  -11.9230  164
126464  -50.7160  45.2510  -28.6560  165    12696  0.1200  -16.1860  44.2800  165
126469  -50.1010  44.2150  -29.9570  166    12679  -51.3730  11.2150  -34.9500  166
126470  -50.5270  44.9970  -29.3960  167    12678  -11.3220  1.9990  23.4230  167
126479  -39.4620  46.3940  -35.4650  168    14510  -32.6470  29.2950  -15.6200  168
126483  -49.6080  44.7060  -31.2730  172    13168  -37.3560  37.1420  34.5140  172
126498  -43.1360  44.4250  -36.2610  174    16722  -53.5620  -0.3810  -27.2380  174
126499  -44.5080  44.1500  -35.9690  175    16644  -48.2740  -49.2490  21.2850  175
126500  -46.2050  43.8270  -34.9640  176    16645  0.5740  -29.8130  11.6230  176
126514  -44.4800  44.6520  -36.1620  180    16674  -8.6690  -51.2970  45.4110  180
126515  -45.4370  44.5560  -35.6530  181    16646  -52.0190  -0.7200  -26.8630  181
126516  -46.7310  44.5420  -34.7570  182    16756  -30.3610  -24.3430  21.9060  182
127247  -45.6290  45.9520  -25.1700  184    11136  -20.5190  -73.4110  -6.7240  184
127250  -46.2580  46.5440  -25.3690  186    72353  -50.4310  47.2500  -23.8890  186
127251  -47.3500  45.8920  -25.5800  187    11481  -24.5560  -56.1270  -30.3440  187
127259  -48.1090  46.5150  -25.8280  189    72569  -54.6540  -1.2410  13.1960  189
127260  -49.1220  45.8320  -26.1910  190    12652  -58.3630  -31.4370  -34.3550  190
127280  -38.4920  47.2490  -34.5380  194    14511  -9.3210  38.2010  8.8820  194
127281  -39.2940  46.8940  -35.2980  195    14555  -45.9430  -54.0850  -37.7410  195
127282  -40.1960  46.2720  -36.1880  196    14934  -16.0960  22.7580  -39.3110  196
127284  -49.9300  45.8300  -31.3890  198    15061  -42.4490  14.0880  -15.3120  198
127296  -40.3210  46.3620  -36.4060  200    74257  -39.4540  17.9410  -28.6610  200
127299  -48.1620  44.9510  -33.5050  203    16868  -57.1640  -16.5490  -47.5700  203
127308  -42.2260  45.5120  -36.7440  205    71317  -4.9440  -59.4630  -8.8690  205
127311  -46.0630  45.3200  -35.5270  208    17935  -42.1540  -0.5690  18.9930  208
127321  -44.7710  45.5340  -36.3230  211    75156  -56.1170  27.9920  -13.3990  211
127999  -49.9170  46.7080  -26.3600  216    72874  -41.2910  3.1960  -47.7350  216
128000  -50.8800  46.5170  -27.1680  217    72887  -37.6440  46.2250  -19.9710  217
128026  -37.8780  47.9510  -33.2020  219    74006  -24.0890  54.0450  -30.7110  219
128027  -38.4980  47.8280  -34.0650  220    74030  -46.8530  -22.5280  -47.3680  220
128028  -38.9840  47.5800  -34.9750  221    52418  -1.7460  -53.2970  5.2590  221
128029  -50.0960  46.3510  -31.3550  222    68865  -54.6270  -46.1380  12.4950  222
128030  -50.5750  46.6490  -30.4670  223    73359  -49.6520  7.3570  6.5220  223
128042  -40.2440  46.5960  -36.4460  225    53455  -2.5440  6.7610  39.4040  225
128056  -46.2320  45.8990  -35.5710  231    75202  -59.5080  25.5740  -14.0440  231
128057  -47.1760  46.1660  -34.9990  232    68175  -38.1280  28.1180  26.7890  232
128066  -41.3410  46.4100  -37.0350  234    55388  -5.4850  -25.3320  38.6580  234
128730  -47.9480  47.9530  -25.7950  239    49489  -24.7700  58.2250  -37.0650  239
128732  -50.5750  47.4790  -26.5290  241    49854  -51.8230  -55.9360  12.6390  241
128733  -51.1910  47.1770  -27.4520  242    51800  -48.3680  -12.7810  -25.1220  242
128766  -37.0660  48.9060  -32.3040  245    51407  -0.2950  28.7160  36.2520  245
128767  -37.8270  48.7010  -32.9900  246    52380  -11.9030  -54.9130  8.2010  246
128770  -51.1060  47.8390  -30.0980  249    51845  -26.4200  -44.4200  -17.6520  249
128780  -38.4640  48.6430  -34.0490  250    52509  -37.2210  19.5470  16.6000  250
128783  -49.5040  47.2950  -32.7370  253    52596  -44.9080  -24.6590  5.9010  253
128793  -39.1330  47.8490  -35.5330  255    24292  -56.1090  -25.9760  33.7250  255
128794  -39.8870  47.0650  -36.3210  256    53471  -67.0700  -5.2430  -19.5220  256
128795  -47.5080  46.9440  -35.0050  257    53873  -46.7870  31.5690  10.4750  257
128807  -41.6080  46.6760  -37.2680  261    55404  -13.9250  47.4010  39.9650  261
128808  -42.9390  46.5910  -37.2800  262    55559  -43.5660  39.8000  -22.0190  262
128809  -44.6430  46.8330  -36.8870  263    55572  -45.5200  8.9910  -20.6500  263
128810  -46.4830  46.9660  -35.8710  264    54836  -28.6380  9.5920  27.1320  264
128820  -41.9840  47.2740  -37.5930  266    55560  -6.8770  -64.9890  -33.0160  266
128822  -44.5710  47.8330  -37.2350  268    55802  -20.8460  17.6640  -66.2770  268
129527  -48.4810  48.7070  -25.8810  269    49506  -50.8900  37.0160  -13.9360  269
129528  -49.9140  48.3140  -26.0680  270    49545  -42.5300  7.6390  -15.2760  270
129529  -50.8950  48.1270  -26.3790  271    51799  -48.5590  -12.3640  -25.7240  271
129552  -51.5480  48.6650  -28.9280  276    51818  -24.4960  30.9460  38.3360  276
129563  -37.0970  49.6560  -32.3520  278    22594  -26.8290  12.8860  47.0370  278
129564  -37.6680  49.4440  -32.9270  279    22903  -37.7990  66.4480  -7.8500  279
129565  -38.0320  49.2840  -33.4820  280    23641  -51.1700  30.9100  -42.3510  280
129566  -51.0620  48.7790  -30.8460  281    51862  -20.1080  55.1620  22.9380  281
129579  -50.0920  48.8990  -32.6450  286    52620  -7.4230  -72.1240  14.2560  286
129589  -48.7450  48.6450  -34.3470  289    53872  0.4980  22.7510  6.4460  289
129590  -49.5630  49.6040  -33.6900  290    24443  -15.5720  13.5700  -31.4390  290
129598  -39.3830  48.1250  -36.5670  291    54778  -36.6300  -12.2040  -30.2320  291
129601  -47.1050  48.5640  -36.0180  294    54835  -62.6520  -4.4530  -21.6590  294
129602  -48.1330  49.4930  -35.3460  295    25625  -38.7270  64.7720  -8.5830  295
129610  -39.7970  48.3210  -37.4590  296    24985  -34.9330  34.5820  -62.1020  296
129612  -42.3090  48.0490  -37.9880  298    26143  -31.6490  61.9190  19.4120  298
129613  -43.7670  48.5110  -37.7970  299    56742  -1.5900  -51.9260  -0.0430  299
129614  -45.4720  48.7930  -37.1480  300    56775  -61.1680  -33.2470  -9.9050  300
129615  -46.5420  49.5250  -36.7190  301    26632  -1.8800  22.1300  41.9060  301
129625  -43.5580  49.3720  -38.1530  304    27237  -34.0100  -71.3180  -17.8280  304
130278  -35.4890  51.3790  -30.7340  305    21938  -13.7950  37.7870  -44.9680  305
130291  -51.1360  49.1130  -26.1710  308    22971  -39.4920  67.8910  -7.2390  308
130293  -51.8560  49.5390  -28.8160  310    23054  -26.6500  11.9660  46.1300  310
130300  -37.7650  49.9070  -33.5420  314    23697  -0.2650  79.9940  -33.2080  314
130301  -50.8070  49.6430  -31.7020  315    24422  -57.8900  18.4940  -29.6050  315
130302  -51.1920  50.1690  -31.1490  316    23120  -32.9600  -56.7430  -38.1690  316
130305  -38.1130  49.6790  -34.4060  317    24291  -19.0760  -31.7050  40.9210  317
130312  -37.9550  50.0240  -34.9030  321    24326  -19.0010  8.3110  -54.4890  321
130313  -38.3900  49.2950  -35.6460  322    24293  -56.5760  -27.4720  32.6090  322
130325  -39.9240  49.1210  -38.1860  328    25573  -22.0510  -67.8220  -34.0230  328
130334  -40.2750  49.8050  -38.6670  333    26161  -60.6080  -41.1490  -28.2090  333
130335  -41.2580  49.4680  -38.6000  334    26144  -10.9990  83.9830  -33.9290  334
130919  -35.1230  51.8590  -30.5030  338    21981  -24.0390  9.8980  -46.7160  338
130926  -35.7570  51.5900  -30.8520  339    22051  -63.4070  0.0840  15.0500  339
130931  -52.0990  49.9110  -27.6690  341    22997  -58.9980  -33.7920  -42.8230  341
130932  -52.0000  50.3200  -29.0840  342    23071  -34.2870  -9.3930  51.2700  342
130936  -36.6090  51.1630  -31.9230  343    22904  -20.3270  -37.2580  -30.4240  343
130937  -36.9740  50.9900  -32.5490  344    23642  -22.8790  35.0760  -58.7730  344
130950  -37.7460  50.4370  -35.4270  352    24942  -48.2740  -14.1450  -2.7870  352
130951  -49.0230  50.6990  -34.7940  353    25058  -24.4770  -68.2610  11.3190  353
130952  -49.6010  51.0260  -34.1140  354    24423  -23.5540  26.8270  -48.1660  354
130956  -38.0170  50.0760  -36.6830  355    24986  -6.8500  40.8520  13.6120  355
130957  -47.6150  50.6980  -36.1830  356    25657  -35.1270  23.6990  -55.5650  356
130959  -49.1950  51.8740  -34.9040  358    71527  -23.5860  52.5850  -28.7720  358
130963  -38.6930  50.0540  -37.8350  359    25574  -45.7690  49.7640  -25.7520  359
130964  -46.0710  50.7480  -37.4060  360    27317  -38.2890  26.8870  -19.6850  360
130966  -47.9150  51.9730  -36.2950  362    72113  -56.7910  24.8200  -42.6010  362
130972  -40.6320  50.5530  -38.9790  364    27199  -6.2680  -41.5770  -8.3660  364
130974  -43.4180  51.0860  -38.6770  366    27301  -6.0680  -66.4390  -34.3340  366
130976  -46.3960  52.0010  -37.4760  368    72531  -42.1840  25.1460  14.3970  368
130982  -42.2520  51.5390  -39.1020  370    72888  -16.1310  -60.2040  -11.4200  370
131565  -34.7760  52.4950  -30.0630  372    70020  -17.8160  86.2390  -7.9480  372
131566  -35.5560  52.2560  -30.7030  373    70544  -43.5420  16.7450  33.1170  373
131567  -35.6940  52.4850  -31.0560  374    28403  0.4930  40.5550  37.3330  374
131576  -36.2620  52.3890  -32.0240  377    29542  -5.3990  -46.7790  -11.0580  377
131581  -51.9560  51.2460  -29.5970  378    71112  -53.4800  -44.4120  10.0880  378
131587  -36.6740  51.9200  -32.6090  380    71425  -21.4960  84.7230  -18.0710  380
131588  -36.6530  52.2480  -33.2070  381    30096  -64.1510  -0.5130  8.2840  381
131589  -51.3940  51.5750  -31.0510  382    30216  -12.6820  1.7490  -37.7080  382
131594  -37.0010  51.6920  -33.7410  384    71502  -40.1370  23.5080  -30.7750  384
131595  -50.4580  51.9240  -32.9470  385    71508  -45.9940  47.4800  -22.1200  385
131601  -37.3570  51.1110  -36.2380  388    31198  -59.4500  -40.3530  -38.0590  388
131607  -37.7540  50.9910  -37.4750  390    71985  -44.4870  25.2040  16.5220  390
131614  -38.5810  51.1680  -38.4500  393    72193  -36.0850  -3.3070  -54.0020  393
131622  -39.8440  51.5680  -39.1170  396    72513  -2.3830  -39.3510  9.6010  396
131624  -44.2760  52.4610  -38.6340  398    72900  1.4750  31.1530  -8.0740  398
131631  -40.3610  52.3710  -39.2670  401    33250  -67.2370  -5.5160  -8.5790  401
132194  -34.0650  53.4750  -29.0590  405    27284  -32.0650  43.4720  -13.3150  405
132202  -34.4970  53.1900  -29.7340  406    27398  -49.0070  41.6610  -30.6720  406
132226  -51.7110  52.3540  -30.3340  413    29941  -30.1140  11.2430  35.5470  413
132231  -50.5800  52.8170  -32.7480  415    30595  -3.9500  62.9880  -14.9510  415
132237  -36.5440  52.2480  -34.7660  417    30557  -40.0540  1.6500  -53.5950  417
132245  -48.8370  53.4710  -35.5760  421    31783  -23.0700  53.5270  -29.2430  421
132246  -49.4290  53.3810  -34.7540  422    31603  -8.1330  -53.0170  22.4090  422
132251  -37.6210  52.0710  -38.1250  423    31742  -14.2510  -23.7750  26.2100  423
132252  -47.4490  53.5620  -37.0060  424    32737  -17.9530  -9.8950  -27.0100  424
132258  -38.6660  52.3830  -38.9140  426    32700  -18.4560  61.0400  10.9940  426
132259  -44.3720  53.4770  -38.7310  427    33372  0.1880  -0.1420  -2.3780  427
132267  -42.0000  53.2330  -39.2950  432    33544  -55.5020  -44.3130  1.4210  432
132268  -43.4240  53.4170  -39.0680  433    75245  -51.3320  -51.6460  -1.1710  433
132805  -33.3630  54.6340  -28.3890  434    26518  -13.2150  -20.6050  30.1300  434
132819  -34.2520  53.9760  -29.6350  436    27302  -3.0080  53.8360  4.1720  436
132832  -34.9130  53.3700  -30.7520  438    28390  -18.2170  -47.7150  -13.6450  438
132842  -35.3730  53.2800  -31.7270  440    28786  -19.5530  -74.6030  -7.5260  440
132850  -35.8130  53.2030  -32.8860  442    29908  0.3830  -49.9340  27.0230  442
132855  -35.9390  53.0040  -34.5740  444    30177  -16.8570  -53.9540  31.3410  444
132856  -50.6430  53.7460  -32.6210  445    30596  -56.0770  -34.9820  -8.0130  445
132857  -51.3320  53.5880  -31.1960  446    30194  0.2960  52.1120  -0.7470  446
132861  -36.0600  52.9030  -36.0890  447    30578  -29.7460  15.7050  44.0590  447
132863  -50.0200  54.2000  -33.8360  449    30667  -57.4430  -35.5450  -7.9700  449
132867  -36.0550  53.4430  -37.0780  450    74377  -6.1080  76.1070  19.2940  450
132868  -36.6420  52.9870  -37.5740  451    31743  -65.4080  -21.3930  4.2070  451
132869  -48.9140  54.3760  -35.5190  452    31784  -22.4290  53.7450  -30.0740  452
132875  -37.7740  53.3100  -38.7280  454    31769  -32.1410  -41.0120  -38.0230  454
132876  -47.5650  54.4500  -36.9710  455    32738  -16.5260  -10.7930  -26.5690  455
132882  -39.0200  53.6330  -39.1860  457    32717  -23.7360  -42.5860  -34.6370  457
132884  -45.8870  54.6480  -38.1040  459    33373  -1.0910  19.4740  37.8650  459
132893  -40.2070  53.9010  -39.3690  461    33273  -39.7690  -64.1240  -4.3550  461
133447  -32.9300  55.3520  -28.5320  465    37822  -17.4820  -38.6220  39.2610  465
133462  -33.8220  54.7610  -29.8230  469    72428  0.0280  -39.4690  9.5690  469
133488  -34.3620  54.3960  -31.5620  473    39175  -45.2860  68.6160  -22.6050  473
133501  -34.7160  54.1040  -32.5930  476    40280  -30.9190  77.4980  -20.1920  476
133504  -51.4450  54.6910  -30.6280  479    73562  -52.8260  28.4260  12.2280  479
133510  -34.9900  53.9300  -33.8580  480    41550  -20.1600  -60.9020  34.7460  480
133512  -50.3090  55.1160  -33.1110  482    74119  -0.1470  -23.7780  5.8740  482
133513  -50.9000  54.8730  -31.9260  483    73871  -34.1950  -14.0480  -2.2320  483
133517  -35.4000  53.6330  -35.4960  484    43151  -25.3260  -11.4560  38.1620  484
133518  -49.7550  55.2820  -34.1140  485    44372  -3.1440  24.6560  20.5350  485
133525  -48.6200  55.5000  -35.7930  488    44924  -27.9870  8.6960  -43.3710  488
133531  -36.2100  54.7750  -37.9990  490    74468  -57.0230  27.8880  -12.0130  490
133539  -38.4320  54.6180  -39.0370  494    45787  -56.3810  12.0520  25.4020  494
133540  -44.5030  55.5300  -38.7330  495    46950  -41.6830  -38.3620  -26.5590  495
133542  -46.5400  55.7840  -37.6450  497    45979  -21.2870  12.9700  -46.4550  497
133554  -42.0850  55.1870  -39.3220  500    75756  -16.8290  13.8650  -37.0340  500
133555  -43.5540  55.3710  -39.0960  501    75240  -4.6500  85.4380  -32.1470  501
134155  -32.0950  56.2880  -29.0350  503    37823  -5.1350  -28.5120  37.8610  503
134157  -33.0520  55.8160  -29.7870  505    38452  -59.2480  -2.9260  1.5570  505
134165  -33.1430  55.8180  -30.6580  507    39174  -7.8020  -50.9590  18.1510  507
134177  -33.4810  55.6590  -32.1990  510    39176  -59.5020  -46.1580  -2.7350  510
134191  -33.7500  55.4020  -33.5190  513    40303  -6.7730  -28.1080  -18.2080  513
134192  -34.2150  54.8290  -33.6520  514    40281  -35.6430  -31.8830  22.1280  514
134194  -50.7630  56.5630  -31.4250  516    40661  -55.2430  39.9180  -7.0670  516
134204  -34.0490  55.2570  -34.7570  517    41665  -26.5010  81.3570  -10.6470  517
134205  -34.4540  54.6880  -35.0090  518    41551  -19.6450  52.8130  27.7040  518
134207  -49.8640  57.0360  -33.2170  520    42077  -0.2930  -0.9210  49.2220  520
134208  -50.3890  56.3300  -32.4020  521    42043  -1.8040  -80.8760  -26.9000  521
134218  -34.6160  55.5860  -36.7270  523    43173  -19.0160  6.9080  -35.9080  523
134219  -34.8990  54.4850  -36.2080  524    43152  -5.4020  -12.1990  27.5900  524
134226  -34.9950  56.1680  -37.3720  527    44295  -23.6910  -70.1450  -39.5420  527
134228  -48.2070  57.1780  -35.9180  529    43635  -38.5340  20.3900  17.2200  529
134234  -37.3550  56.0450  -38.5680  532    44892  -39.8620  45.2340  -36.5040  532
134236  -46.8460  57.4570  -37.1810  534    44923  -0.4310  -41.1240  42.2050  534
134243  -38.5450  56.9570  -38.8720  537    45805  -39.4640  -70.7920  -5.8750  537
134244  -39.4320  56.2240  -39.1300  538    45788  -55.9300  10.9650  -50.8850  538
134245  -40.7980  56.8860  -39.1790  539    46563  -6.2140  -54.5510  8.5350  539
134259  -41.2910  56.1830  -39.2820  544    46551  -30.6860  -28.3880  49.2980  544
134260  -42.7800  56.1630  -39.1780  545    46990  -38.8890  7.5300  46.4560  545
134822  -31.4530  56.4730  -29.0480  547    37821  -18.2240  -39.6760  41.6260  547
134830  -30.7830  56.7960  -29.7210  549    78839  -32.8580  40.7890  -18.7520  549
134831  -31.1930  56.9480  -29.8540  550    78851  -0.0750  -79.8660  -23.9700  550
134832  -31.8340  56.7800  -30.1960  551    38453  -57.2440  19.4940  -33.4270  551
134835  -46.2690  63.0660  -28.3070  554    79312  -31.8680  -10.6420  -30.9740  554
134843  -31.8740  57.2610  -31.4260  555    79274  -45.5260  -13.1500  30.4340  555
134847  -45.9420  63.2000  -28.3310  559    79896  -65.0570  -9.6950  19.9200  559
134848  -46.3540  63.0920  -28.7850  560    79386  -64.6730  -8.5300  20.7320  560
134849  -46.8550  62.8980  -29.2790  561    79313  -43.4900  -3.9590  43.5740  561
134850  -47.3830  62.5890  -29.7210  562    79314  -45.8970  -5.8890  -51.0090  562
134857  -32.4800  56.7120  -32.3510  563    39528  -32.3380  27.1540  -57.2910  563
134863  -47.7620  62.1220  -30.6720  569    80075  -8.2670  -14.2860  -21.6700  569
134864  -48.3720  61.4210  -30.8310  570    80087  -54.7910  -26.8520  -46.4970  570
134876  -32.8900  56.4540  -33.4880  571    36  -31.2440  -11.0580  -31.8780  571
134879  -46.8770  62.9720  -30.2620  574    2501  -24.8080  -61.6020  2.6730  574
134881  -47.5230  62.1260  -31.3240  576    80319  -56.3630  1.2110  31.9950  576
134883  -48.6210  60.5880  -31.8860  578    80474  1.0550  -18.5030  2.2960  578
134884  -49.3840  59.3450  -31.9220  579    80484  -16.2200  58.8970  29.8770  579
134885  -50.2600  57.6980  -31.7240  580    42042  -36.8460  27.1000  42.3200  580
134895  -33.1990  56.2990  -34.7450  582    1992  -38.5030  0.6430  -24.6880  582
134898  -47.3080  62.1680  -31.9040  585    3751  -22.8280  63.1730  2.1920  585
134899  -47.5920  61.5890  -32.5160  586    81005  -21.4460  71.5700  15.4550  586
134900  -48.1070  60.8330  -32.7170  587    81037  -55.6080  -10.5040  28.5910  587
134901  -48.6850  59.7470  -32.9960  588    81142  -7.0530  -26.6530  53.7620  588
134902  -49.4030  58.1600  -33.2080  589    43636  -40.5010  26.0450  39.9620  589
134912  -33.6620  56.3780  -35.9400  591    3258  -0.7640  45.0220  21.8650  591
134915  -47.9110  60.2770  -33.8460  594    81487  -13.1490  -75.8990  12.1940  594
134916  -48.4970  58.9980  -34.2170  595    81522  -23.6490  -39.9730  33.4940  595
134924  -34.7710  56.8180  -37.2720  597    4932  1.6000  -16.4610  -1.2620  597
134926  -47.7710  59.4970  -35.0430  599    5066  -47.4860  -21.0770  29.2840  599
134927  -48.1470  58.2450  -35.4470  600    45227  -59.9300  -37.6480  -26.4100  600
134932  -35.5910  57.5830  -37.7610  602    4933  -56.5470  -4.8480  -40.5540  602
134933  -36.5240  57.3080  -38.2120  603    44893  -2.6730  46.1880  23.1710  603
134934  -47.1400  58.7220  -36.3660  604    45958  -37.3910  -61.1500  -34.7110  604
134944  -39.4300  57.7970  -38.9040  607    46506  -4.3560  -7.2850  -23.3280  607
134946  -42.4730  58.1330  -38.9430  609    82409  -58.5390  -17.6500  20.3330  609
134947  -43.9440  57.9220  -38.6200  610    46975  -39.2410  50.1120  21.7860  610
134948  -45.7490  58.2190  -37.7430  611    45959  -37.4780  -61.0930  -33.9690  611
135511  -41.6670  61.2700  -25.2300  615    88797  -10.9440  -24.8880  39.6630  615
135525  -30.9450  57.5810  -30.7090  618    79239  -23.2110  -55.3410  -32.0380  618
135526  -31.2470  57.4250  -30.8960  619    79258  -51.9570  -20.9670  5.4270  619
135527  -42.3290  61.7570  -25.7390  620    88909  -45.7330  47.5770  1.2450  620
135529  -44.6440  62.7400  -26.7850  622    88914  -18.8410  15.0880  53.6110  622
135541  -31.1840  58.2040  -31.5330  623    64751  -52.5990  -43.1890  -11.4300  623
135542  -31.5480  57.8930  -31.9880  624    79287  -19.1840  86.6610  -16.9460  624
135543  -31.9760  57.4100  -32.2260  625    79734  -5.7430  11.8960  25.9890  625
135545  -44.2500  62.8940  -26.5810  627    63333  -39.7970  62.4220  -21.9340  627
135546  -45.1020  63.1380  -27.1970  628    79901  -51.3650  59.0490  -24.9760  628
135547  -45.6320  63.1030  -27.7660  629    79474  -60.3460  7.9880  -46.9120  629
135560  -31.6870  58.4210  -32.9120  630    767  -61.2280  -28.0760  25.1210  630
135564  -46.0670  63.2480  -28.6420  634    807  -0.9500  4.1090  -6.1790  634
135578  -32.3890  57.9490  -34.3590  635    38  -30.1900  -11.3760  -31.6610  635
135579  -32.6040  57.3310  -34.5560  636    37  -31.1610  -11.9360  -31.3370  636
135581  -46.7180  63.1040  -30.3910  638    850  0.1470  35.3820  19.1630  638
135591  -32.7120  57.9350  -35.4450  640    2399  -41.4650  1.9950  -9.6450  640
135592  -33.0460  57.3630  -35.6470  641    1993  -53.3720  8.6900  15.8080  641
135594  -46.7770  62.9450  -31.3790  643    2521  -37.6630  34.2550  -29.2060  643
135595  -46.9450  62.4870  -32.1430  644    2500  -2.6500  48.9440  -48.2270  644
135605  -33.3530  58.1700  -36.3520  646    3289  -48.4100  -41.4390  -10.7350  646
135606  -33.8460  57.7100  -36.6240  647    3259  -55.5340  46.3180  -15.1230  647
135608  -46.7580  62.1170  -33.5440  649    3729  -31.3650  -36.3810  19.8930  649
135609  -47.1070  61.3160  -34.0370  650    3730  -31.6890  -37.0120  19.2100  650
135618  -34.5500  58.7930  -37.1690  652    4953  -46.2660  -35.4660  -36.4760  652
135620  -46.2470  60.5590  -36.0350  654    5065  -1.5820  -27.4580  49.4520  654
135625  -36.4950  58.6850  -38.0160  656    5684  -7.2920  -23.8220  -17.4930  656
135626  -37.8190  58.7510  -38.3540  657    6316  -9.0350  -33.8670  13.1670  657
135627  -45.5010  59.9070  -37.1760  658    5741  -50.7810  -41.8910  -11.1610  658
135637  -39.1610  58.8750  -38.5680  660    6388  -31.6550  -1.4910  -34.9420  660
135638  -40.5730  59.0380  -38.6840  661    7533  -48.5630  8.8410  9.4930  661
135639  -42.1230  59.2320  -38.6410  662    7534  -60.5720  18.0580  -43.4770  662
135640  -43.6050  59.2250  -38.3620  663    7587  -36.7470  13.9710  -5.0800  663
135641  -44.8860  59.1340  -37.9430  664    6538  0.4770  -62.0140  -20.6400  664
136263  -40.1750  61.8250  -23.6170  666    61368  -45.0400  -32.1610  -38.3860  666
136264  -40.5730  61.4370  -24.3820  667    61817  -54.6110  26.3380  -4.9510  667
136286  -30.7690  58.0770  -30.8930  671    63733  -44.2810  63.1580  -23.4750  671
136303  -31.1220  59.0630  -31.9380  678    64770  -52.8630  -43.8380  -10.9100  678
136304  -31.3210  58.9040  -32.3920  679    64850  -41.9890  16.4980  39.6660  679
136305  -43.4820  62.7590  -26.3090  680    64021  -50.9060  24.3400  -5.0220  680
136319  -45.3670  63.4660  -27.3920  686    808  -52.8340  6.4910  -27.0630  686
136329  -32.1490  59.1450  -34.1640  688    65576  -37.4010  59.3690  17.2130  688
136332  -46.4870  63.3970  -29.5680  691    809  -52.0150  4.9400  -26.0430  691
136341  -32.4140  59.1040  -35.1720  692    66132  -10.0820  -63.6430  24.6430  692
136353  -32.7770  59.1940  -36.0410  697    66842  -43.3860  39.1050  -51.0750  697
136356  -46.3750  62.6140  -33.6200  700    3775  -0.4580  -2.5420  -21.8030  700
136363  -33.6180  59.5340  -36.7330  702    67417  -11.0420  -58.6610  -8.8980  702
136365  -35.2610  59.7090  -37.3350  704    5632  -2.6080  65.0110  0.0380  704
136366  -45.7030  62.2650  -35.2160  705    67468  -8.5680  59.8000  -29.2660  705
136367  -45.9970  61.4810  -35.5710  706    5108  -40.5960  -2.9190  32.4590  706
136371  -36.4120  59.8440  -37.7010  707    5685  -19.6660  -16.6490  -38.6250  707
136372  -37.9360  60.0550  -38.0630  708    6317  -1.0850  -35.8480  35.5440  708
136373  -39.4110  60.5810  -38.1140  709    68179  -52.9310  29.2010  -6.0210  709
136374  -44.8700  61.6820  -36.5760  710    67871  -2.3340  65.9680  -8.9330  710
136375  -45.1980  60.7990  -36.9260  711    5777  -6.2930  63.9530  -0.3970  711
136387  -41.6480  60.2090  -38.3630  714    7535  1.4090  28.9080  -6.7000  714
136388  -43.4920  60.6990  -37.8560  715    7588  -36.4110  14.7090  -5.8890  715
136980  -40.2170  61.9050  -24.2200  717    61831  -11.4320  -26.6960  31.4740  717
136985  -40.8110  61.7700  -25.1600  718    62826  -49.5960  49.8830  0.7870  718
136986  -41.7630  62.1140  -25.8680  719    63316  -59.0800  -37.3830  19.8180  719
136999  -30.9170  59.6150  -31.6520  723    64752  -55.6240  -41.8220  -20.2900  723
137003  -43.9110  63.0540  -26.5260  727    64032  -16.6150  -44.9110  -31.1480  727
137013  -31.7940  60.6860  -33.2480  729    30369  1.4740  -71.3520  -21.6300  729
137016  -45.7190  63.6310  -27.8540  732    64903  -38.0280  12.3380  -5.8320  732
137026  -32.0660  60.6450  -34.4540  734    31563  -48.7750  35.3170  9.1060  734
137027  -32.1200  60.0950  -34.8250  735    66117  -40.5480  -71.3500  -2.6960  735
137029  -46.5840  63.4540  -30.3590  737    65856  -39.6970  33.0490  -17.8570  737
137038  -32.1970  60.7280  -35.5150  738    32740  -36.7380  -2.6650  -54.6010  738
137042  -46.1840  63.2680  -33.1120  742    67122  -0.3420  -37.4460  40.1180  742
137047  -32.7120  60.9390  -36.2490  743    34133  -1.1750  37.5200  -21.5990  743
137050  -45.4810  63.0430  -34.7520  746    67141  -7.7130  -50.2520  13.2260  746
137060  -44.6110  62.5480  -36.1460  751    67510  -49.5250  39.4790  20.4720  751
137065  -37.6440  61.1010  -37.6040  752    35917  -0.2770  50.7790  -46.3080  752
137067  -40.9190  61.4910  -37.9090  754    68218  0.6600  47.3150  -15.2560  754
137068  -42.6090  61.9770  -37.5020  755    68404  -25.4930  60.6350  -36.1380  755
137069  -43.7280  61.8840  -37.1790  756    36084  -46.6620  -19.3060  25.9270  756
137695  -40.3870  62.2840  -24.7430  760    28169  -43.2860  31.4450  -49.8140  760
137699  -42.2250  62.6380  -26.0720  762    28671  -42.7540  26.8340  -27.7560  762
137709  -30.8530  60.8590  -32.3180  763    29923  -52.3110  29.0040  -24.2850  763
137710  -31.0690  60.9290  -32.3310  764    29944  -54.3460  29.1080  -24.4160  764
137711  -31.3480  61.0950  -32.5880  765    30368  -25.4620  -81.1460  -3.6610  765
137712  -43.3610  63.0210  -26.3710  766    29122  -21.0970  -7.5390  -46.3400  766
137725  -45.3070  63.6320  -27.4870  770    30793  -16.0380  -9.6960  -38.3900  770
137738  -46.4940  63.7060  -29.9580  774    31649  -30.6570  -78.8220  -6.0340  774
137762  -33.1090  61.7200  -36.5130  781    34165  -54.3540  -42.4440  -41.2300  781
137764  -45.3720  63.7590  -34.1460  783    34187  -3.5120  -47.1130  -3.4100  783
137772  -34.9750  61.8950  -37.0770  786    35253  -6.0210  -59.9200  21.7720  786
137773  -36.3940  62.1700  -37.1320  787    35636  -49.6710  -24.2440  -41.8280  787
137774  -37.8920  62.7540  -37.0850  788    35660  -18.6460  16.0920  -40.4020  788
137775  -43.0110  63.4620  -36.4410  789    36085  -60.0380  -8.2060  -23.6100  789
137776  -43.9840  63.4820  -35.9260  790    35266  -38.7660  30.4290  -63.1300  790
137780  -38.7960  62.3210  -37.3280  792    35945  -40.0050  -72.8100  -32.3880  792
137781  -40.2870  62.4450  -37.4330  793    36038  -47.2320  -10.4350  -26.8050  793
138335  -40.7680  62.7970  -25.1460  796    28190  -37.8950  -63.3990  -3.4740  796
138339  -43.1610  63.1500  -26.3430  798    28699  -22.6230  39.2490  36.8050  798
138340  -43.9040  63.3430  -26.6840  799    73853  -8.2470  -7.6470  -27.9270  799
138353  -31.3590  62.0740  -33.0840  802    30370  -8.5640  46.2770  -43.3210  802
138355  -44.9100  63.4980  -27.1840  804    30424  -5.6910  13.8280  -35.5490  804
138356  -45.6180  63.7960  -28.0780  805    74144  -48.9240  21.5680  19.1240  805
138369  -31.6870  62.1100  -34.2360  807    31548  -50.5030  57.7710  -10.5100  807
138371  -46.2730  64.0650  -29.2370  809    31620  -16.5060  -32.4930  43.7830  809
138372  -46.3200  64.5870  -30.6530  810    75482  -44.2430  -35.0210  -32.7440  810
138385  -31.9680  62.1270  -35.3740  812    32718  -25.8810  -34.0770  29.0060  812
138387  -46.1820  64.3650  -31.5020  814    32848  -42.1360  -21.7340  -39.4970  814
138397  -32.6150  62.4110  -36.2060  816    34105  -42.0190  -21.9810  3.5820  816
138398  -34.1900  63.8190  -36.5660  817    76405  -15.2150  76.3960  8.5980  817
138400  -45.3190  64.4470  -33.4730  819    32847  -2.3610  82.6090  0.5340  819
138411  -33.0290  62.5080  -36.4420  820    76288  -0.9840  -27.5080  0.3500  820
138413  -34.8410  63.4270  -36.6910  822    35254  -40.9720  -55.9040  29.0200  822
138414  -36.4830  64.0760  -36.5410  823    35637  -0.9170  -16.6970  27.6790  823
138415  -37.3540  64.3920  -36.4160  824    77168  -20.7330  -25.3730  -35.6510  824
138416  -44.3300  64.2280  -34.9370  825    34205  -15.4610  -68.9380  3.5430  825
138426  -39.4970  63.5850  -36.8870  829    36010  -20.4930  24.2590  30.2380  829
138427  -41.3430  63.9920  -36.5900  830    36635  -42.4740  42.4450  -23.4940  830
138970  -41.2790  63.2130  -25.4520  836    73492  -44.2210  -45.3650  -28.5470  836
138972  -43.3860  63.6580  -26.2950  838    32376  -59.4890  -38.9140  -38.6430  838
138978  -45.3220  64.0630  -27.4570  841    32400  -58.8970  0.3590  1.8910  841
138989  -30.5940  62.8950  -33.3110  842    74663  -22.9990  42.1030  -40.9580  842
138990  -30.6180  62.9450  -33.4720  843    74682  -61.0270  -20.9020  -30.3260  843
138993  -45.9360  64.2950  -28.3960  846    74783  0.2610  61.8860  22.4540  846
139010  -31.4150  63.0180  -34.1900  850    75449  -13.4320  63.6620  25.5940  850
139024  -31.5700  63.0190  -34.8430  853    75473  -52.3260  37.9550  9.1510  853
139036  -32.1340  63.2860  -35.7510  857    75991  -41.8530  -27.9520  -33.6000  857
139037  -32.8890  63.6150  -36.2150  858    76268  -31.6630  -17.1170  -28.3190  858
139038  -33.8660  64.2310  -36.4380  859    76445  -20.1940  -33.6510  49.5270  859
139040  -35.9890  65.3140  -36.1810  861    77137  -11.7320  -12.0350  -26.1200  861
139042  -45.1720  65.1520  -32.9360  863    76032  -54.5050  -21.6210  -31.4160  863
139057  -38.7820  65.3130  -36.1170  869    39212  -10.0250  -29.2950  36.0560  869
139059  -41.9540  65.5380  -35.5220  871    87641  -62.7010  -24.3940  3.2710  871
139060  -43.8370  65.1270  -34.6430  872    76601  -22.3580  -43.7850  -33.6880  872
139066  -40.7570  64.7190  -36.3140  875    77399  -55.6790  -19.5280  16.5800  875
139067  -42.3920  64.6760  -35.9110  876    77456  -29.3950  50.6130  -39.2170  876
139586  -45.9230  65.1120  -27.5420  880    32474  -43.9250  -30.6440  -32.2240  880
139597  -30.2500  63.9520  -33.7220  881    34159  -17.8300  39.6840  27.3590  881
139598  -30.3690  64.0370  -33.8330  882    34206  -43.2110  35.6200  6.4830  882
139600  -46.1460  65.3530  -28.6120  884    33000  -34.7700  31.1020  -63.4900  884
139616  -30.4820  64.0150  -34.0810  885    34259  -55.2090  -28.7300  -31.7390  885
139618  -31.3050  63.7150  -34.6850  887    36086  -58.6340  -8.0810  -24.2730  887
139629  -34.5980  65.8320  -36.1890  891    37129  -45.6940  65.2450  -26.9920  891
139630  -34.9940  66.0250  -36.1510  892    37128  -32.2550  62.1030  -35.8940  892
139631  -35.8580  66.4240  -35.9580  893    37224  -25.1480  -66.9610  2.5820  893
139633  -45.6320  65.8510  -31.2110  895    36296  -10.6640  -55.1620  28.9040  895
139645  -32.0460  64.3200  -35.6790  896    17961  -46.2360  61.6370  -6.1460  896
139646  -32.8100  64.5960  -36.0870  897    17962  -36.0900  65.8280  -5.3070  897
139648  -34.8810  65.4480  -36.2430  899    37127  -49.7130  -51.4720  21.4240  899
139650  -37.1300  66.3300  -35.7900  901    37645  -56.6640  -19.3340  22.5930  901
139651  -38.3210  66.2510  -35.6890  902    37664  -50.5330  -45.5900  -4.6930  902
139652  -39.9860  66.8550  -35.1980  903    39213  -29.1650  -21.5290  -43.0500  903
139653  -41.1010  67.0980  -34.7450  904    39262  -23.7770  10.4600  30.6250  904
139654  -43.9230  66.2810  -33.4360  905    37710  -10.3920  -38.3150  49.7160  905
140222  -46.0710  66.2980  -27.7430  913    33060  -39.1510  -58.6590  28.0710  913
140230  -29.9980  65.0950  -33.6800  914    34078  -43.1820  -37.3970  -26.5050  914
140231  -30.1440  65.0030  -33.9910  915    34178  -34.6000  29.0640  -43.2790  915
140232  -30.1450  64.9740  -34.2350  916    34231  -7.6120  50.8850  -40.8480  916
140233  -45.7610  66.6250  -29.5500  917    33079  0.1000  52.3610  -37.5530  917
140247  -30.8190  65.1150  -34.8090  919    36011  -21.8430  26.5990  50.1230  919
140248  -45.2760  66.6740  -30.8710  920    34316  -53.6110  -46.8720  -38.3270  920
140259  -31.8640  65.2160  -35.5150  922    17963  -55.8620  -49.7700  -3.4780  922
140262  -37.0000  67.4080  -35.5240  925    37544  -39.7620  52.8060  -39.2550  925
140263  -38.1760  67.5160  -35.2390  926    37627  -16.3430  32.9680  48.8300  926
140264  -39.7430  68.0490  -34.5960  927    39247  -0.8460  -0.2360  53.5590  927
140266  -43.7800  67.1840  -32.6230  929    77755  -47.0690  -1.3640  42.3030  929
140280  -33.6030  65.7740  -36.1050  932    17975  -36.7790  48.0510  -19.9120  932
140863  -45.5450  67.7310  -28.2270  943    75437  -25.1000  79.0580  2.8130  943
140872  -29.9290  66.0770  -33.9350  944    76115  -4.7820  20.7450  -32.3840  944
140873  -30.0440  66.0160  -34.2490  945    76301  -38.4630  37.0930  -42.3400  945
140874  -45.3580  67.5970  -29.2450  946    37683  -35.0640  -49.5870  -38.2570  946
140885  -30.0870  66.0040  -34.4980  947    76335  -6.7510  -14.3420  -9.0180  947
140886  -30.4370  66.0600  -34.7560  948    76820  -24.2110  63.0720  -33.3970  948
140887  -37.2310  68.6870  -35.1690  949    39838  -22.1050  47.8330  28.5430  949
140890  -43.6940  68.4490  -31.2670  952    40479  -15.3450  76.7300  -24.9960  952
140891  -44.5620  67.8110  -30.6990  953    76344  -20.5340  -7.9130  49.1970  953
140905  -31.6200  66.1970  -35.3540  955    77330  -53.9730  -37.2530  -3.0540  955
140906  -36.6460  68.1260  -35.4160  956    77496  -40.0520  -43.7070  -4.9430  956
140908  -38.2880  68.5310  -34.8290  958    77521  -62.8140  10.8940  -24.4290  958
140909  -39.3900  68.5990  -34.3860  959    39906  -41.1790  -37.3350  5.8370  959
140911  -41.8510  68.5980  -33.0940  961    40327  0.5250  -40.3870  14.7670  961
140922  -33.4060  66.4440  -35.9550  965    78178  -39.7860  -0.7060  36.1350  965
140923  -34.3990  66.7680  -36.0270  966    77508  -50.3210  -0.3070  -9.5590  966
141477  -29.7700  67.2510  -34.2980  971    37356  -1.4820  56.3240  -20.2250  971
141478  -30.0000  67.0400  -34.3140  972    37381  -20.1290  19.2620  34.8780  972
141480  -44.3070  69.2550  -28.9570  974    36231  -0.2070  72.3250  1.2540  974
141494  -30.1500  67.0810  -34.6770  976    37466  -0.3360  -10.1470  33.6390  976
141499  -39.9900  69.9430  -33.2990  981    39907  -51.9300  -29.5770  -46.5800  981
141501  -42.1470  69.7240  -31.8000  983    40372  0.8860  34.7320  -5.5300  983
141502  -43.5990  69.1160  -30.5650  984    37509  -23.3180  22.8070  -37.9350  984
141516  -31.2870  67.2230  -35.1750  986    39314  -45.1190  -28.1030  -13.9960  986
141532  -36.2200  68.3000  -35.4580  993    41667  -2.0120  -41.3350  46.7900  993
142041  -29.6350  68.1630  -34.5840  994    37358  -24.6560  70.2710  -19.0980  994
142042  -29.8070  67.9950  -34.6050  995    37400  -29.2740  6.6940  -39.8830  995
142044  -39.7380  71.3640  -32.5120  997    74860  -15.4030  11.8120  -36.4570  997
142045  -40.3780  71.3370  -32.0160  998    74868  -41.0850  -21.8080  -46.9720  998
142047  -41.9340  70.9780  -30.7600  1000    37508  -21.4710  22.2440  -37.9070  1000
142062  -30.3890  68.2280  -34.7460  1003    37657  -27.2460  36.3360  -31.1060  1003
142064  -37.9370  69.8690  -34.4590  1004    39839  -8.7290  53.5150  -39.5490  1004
142066  -39.7750  70.6200  -32.9980  1006    39889  1.0010  9.2330  -5.0690  1006
142612  -41.4810  71.6350  -30.5150  1012    74310  -56.2180  -22.5560  6.1240  1012
