#!ascii label  , from subject FreeSurferMNI152 vox2ras=TkReg
1355
98484  4.108  16.253  10.608 1
98485  3.989  15.889  10.506 2
99582  4.649  16.813  10.797 3
99583  4.239  16.873  10.742 4
99584  4.105  16.459  10.736 5
99588  4.073  17.517  10.935 6
99589  4.033  16.900  10.816 7
100691  4.912  17.810  10.704 8
100692  4.463  17.985  10.776 9
100693  4.158  17.895  10.987 10
100697  4.333  18.569  10.987 11
100698  4.336  18.317  10.849 12
101803  5.563  18.880  10.351 13
101804  5.261  18.669  10.430 14
101805  4.850  18.934  10.476 15
101806  4.507  18.884  10.604 16
101809  4.650  19.524  10.413 17
101810  4.367  19.444  10.640 18
101811  4.375  19.701  10.414 19
102864  5.789  19.508  10.327 20
102865  5.551  19.540  10.257 21
102866  5.286  19.650  10.256 22
102869  5.027  20.033  10.274 23
102870  4.785  20.342  10.360 24
102871  4.572  20.414  10.154 25
102872  4.506  20.599  10.031 26
103928  5.901  20.198  10.461 27
103930  6.122  20.328  10.477 28
103931  5.757  20.461  10.338 29
103932  5.549  20.074  10.197 30
103935  5.711  20.989  10.200 31
103936  5.458  20.712  10.191 32
103937  5.150  21.030  9.999 33
103938  5.003  21.281  9.720 34
103939  4.763  21.170  9.911 35
103940  4.570  21.113  9.810 36
103942  5.056  21.905  9.559 37
103943  4.898  21.860  9.724 38
103944  4.819  21.653  9.686 39
105009  5.855  20.988  10.210 40
105010  5.597  21.015  10.279 41
105023  6.065  20.880  10.288 42
105030  6.125  21.192  10.198 43
105031  5.886  21.180  10.133 44
105034  5.912  21.700  10.043 45
105035  5.671  21.614  10.053 46
105036  5.389  21.713  9.763 47
105037  5.234  21.816  9.353 48
105038  5.095  21.993  9.250 49
105047  5.135  22.257  9.054 50
105048  4.916  22.243  8.941 51
105049  4.847  22.610  9.359 52
106108  2.439  22.291  12.994 53
106109  2.551  22.140  11.964 54
106124  3.041  22.096  11.063 55
106133  5.686  21.759  10.143 56
106134  5.402  21.724  10.215 57
106135  4.885  21.843  10.200 58
106136  4.234  22.065  10.211 59
106137  3.642  22.142  10.439 60
106147  5.930  21.808  10.096 61
106158  5.845  22.031  10.021 62
106168  5.625  22.375  9.928 63
106169  5.560  22.531  9.592 64
106170  5.170  22.620  9.341 65
106171  5.179  22.487  8.966 66
106193  5.121  22.977  9.007 67
106194  4.952  22.904  8.835 68
106195  4.806  23.177  8.670 69
106196  4.781  23.530  8.685 70
107320  11.443  24.948  18.656 71
107321  11.086  25.052  18.550 72
107322  10.813  25.190  18.550 73
107346  2.918  23.728  15.005 74
107362  2.592  23.467  13.394 75
107363  2.347  22.931  12.392 76
107371  2.350  23.667  12.335 77
107372  2.616  23.182  11.476 78
107379  5.510  22.186  10.090 79
107380  5.234  22.431  10.054 80
107381  4.680  22.712  10.007 81
107382  3.894  23.121  10.036 82
107383  3.186  23.034  10.553 83
107390  5.492  22.780  9.849 84
107391  5.062  23.244  9.780 85
107392  4.519  23.515  9.730 86
107393  4.091  23.752  9.722 87
107401  5.547  22.944  9.707 88
107421  5.364  23.314  9.604 89
107422  5.184  23.523  9.376 90
107423  5.019  23.327  9.148 91
107442  4.973  23.933  9.068 92
107443  4.878  23.603  8.975 93
107444  4.860  23.929  8.771 94
107445  4.853  24.328  8.668 95
107446  4.808  24.171  8.738 96
107455  4.868  24.863  8.359 97
108420  10.518  25.422  18.633 98
108421  9.814  25.642  19.135 99
108422  8.948  25.839  20.023 100
108423  8.003  26.405  20.819 101
108430  11.349  25.689  18.394 102
108431  10.867  25.784  18.346 103
108432  10.281  26.075  18.610 104
108456  2.851  24.973  15.893 105
108469  2.818  24.712  14.258 106
108478  2.502  24.515  12.857 107
108479  2.336  24.321  11.719 108
108487  3.308  23.593  10.128 109
108488  2.844  24.174  10.571 110
108496  5.252  23.919  9.521 111
108497  4.899  24.074  9.533 112
108498  4.349  24.222  9.512 113
108499  3.576  24.182  9.752 114
108500  3.048  24.786  9.914 115
108509  5.414  23.946  9.338 116
108528  5.429  24.246  9.160 117
108529  5.221  24.108  9.228 118
108538  5.247  24.862  8.925 119
108539  5.214  24.595  8.878 120
108540  4.856  24.596  8.877 121
108541  4.801  25.063  8.643 122
108542  4.746  25.232  8.499 123
108550  4.822  25.781  8.188 124
108551  4.636  25.910  8.108 125
109427  9.183  26.293  19.541 126
109428  8.348  27.016  20.244 127
109429  6.981  27.220  21.390 128
109430  2.817  26.765  20.126 129
109437  11.607  26.535  18.201 130
109438  11.178  26.499  18.031 131
109439  10.523  26.898  18.238 132
109440  9.446  26.866  19.111 133
109441  8.681  27.417  19.694 134
109442  2.519  26.516  18.486 135
109447  11.382  27.174  17.982 136
109448  11.051  27.300  17.908 137
109449  10.795  27.452  17.970 138
109450  2.654  26.258  16.810 139
109464  2.906  25.970  15.108 140
109478  2.723  25.666  13.473 141
109488  2.409  25.340  12.180 142
109489  2.389  25.184  11.176 143
109498  2.676  25.250  10.252 144
109506  5.117  24.568  9.367 145
109507  4.766  24.914  9.232 146
109508  4.044  24.925  9.278 147
109509  3.335  25.118  9.470 148
109510  2.928  25.254  9.734 149
109526  5.263  24.831  9.198 150
109527  5.079  25.000  9.189 151
109542  5.346  25.068  9.012 152
109549  5.308  25.470  8.829 153
109550  5.201  25.906  8.632 154
109551  5.329  25.445  8.370 155
109552  5.057  25.264  8.337 156
109558  5.301  26.614  8.251 157
109559  5.108  26.511  8.452 158
109560  5.010  26.141  8.084 159
109561  4.657  26.759  7.849 160
109562  4.366  26.906  7.799 161
109570  4.525  27.284  7.678 162
109571  4.359  27.471  7.677 163
110402  5.780  27.855  21.708 164
110403  4.626  27.748  21.815 165
110404  3.924  27.454  21.656 166
110410  8.139  27.881  20.237 167
110411  6.768  28.284  21.105 168
110412  4.956  28.472  21.529 169
110413  3.544  27.957  21.042 170
110420  11.828  26.992  18.155 171
110421  10.491  27.700  18.099 172
110422  9.761  27.931  18.664 173
110423  8.728  28.051  19.519 174
110424  7.729  28.630  20.393 175
110425  2.782  27.782  19.471 176
110430  11.837  28.034  17.973 177
110431  11.652  27.705  17.959 178
110432  11.282  27.981  17.840 179
110433  10.839  28.066  17.843 180
110434  10.245  28.375  18.156 181
110435  2.574  27.588  17.807 182
110447  2.783  27.280  16.039 183
110461  2.895  26.949  14.263 184
110469  2.570  26.592  12.376 185
110470  2.345  25.836  11.635 186
110480  2.408  27.017  11.479 187
110481  2.357  26.268  10.872 188
110493  4.780  25.337  9.023 189
110494  4.465  25.423  8.932 190
110495  3.694  25.693  8.865 191
110496  2.839  25.953  9.504 192
110508  5.244  25.678  8.791 193
110509  4.916  25.637  8.849 194
110510  4.333  26.123  8.615 195
110511  3.813  26.428  8.572 196
110518  5.360  26.101  8.510 197
110526  5.354  26.490  8.235 198
110527  5.330  26.891  8.221 199
110536  5.174  27.115  8.142 200
110537  4.945  27.278  8.173 201
110538  4.763  27.444  7.985 202
110539  4.571  27.569  7.876 203
110547  4.902  27.881  7.649 204
110548  4.581  27.850  7.519 205
111322  5.415  29.132  21.238 206
111323  4.086  29.152  20.947 207
111324  3.200  28.707  20.169 208
111331  9.057  28.598  19.149 209
111332  8.174  29.245  19.858 210
111333  6.510  29.534  20.823 211
111334  3.341  29.479  20.138 212
111335  2.758  28.956  18.937 213
111342  11.728  28.739  17.739 214
111343  11.412  28.882  17.577 215
111344  11.076  28.804  17.509 216
111345  10.444  29.106  17.782 217
111346  9.369  29.249  18.702 218
111347  8.127  30.167  19.520 219
111348  2.555  28.613  17.031 220
111359  11.227  29.446  17.307 221
111360  10.888  29.630  17.275 222
111361  10.398  29.944  17.478 223
111362  2.797  28.262  15.216 224
111378  2.888  27.948  13.458 225
111388  2.576  27.830  11.881 226
111397  2.317  27.388  10.846 227
111398  2.463  27.027  9.880 228
111408  3.306  26.379  8.749 229
111409  2.940  26.998  8.929 230
111417  5.153  26.742  8.436 231
111418  4.732  26.717  8.410 232
111419  4.158  26.921  8.326 233
111420  3.467  27.040  8.356 234
111421  3.120  27.352  8.441 235
111427  5.500  27.289  8.038 236
111433  5.401  27.558  7.673 237
111434  5.269  27.406  7.808 238
111441  5.319  27.971  7.315 239
111442  5.161  27.845  7.574 240
111443  5.050  28.014  7.359 241
111444  4.823  28.042  7.430 242
111452  4.870  28.600  7.265 243
111453  4.610  28.536  7.431 244
111454  4.463  28.463  7.181 245
112214  4.981  29.798  20.952 246
112215  4.030  30.017  20.605 247
112221  7.101  30.305  20.361 248
112222  5.185  30.808  20.518 249
112223  3.223  30.350  19.674 250
112224  2.636  29.919  17.922 251
112230  11.805  29.625  17.453 252
112231  11.532  29.782  17.264 253
112232  11.318  29.711  17.185 254
112233  9.824  29.931  17.991 255
112234  8.769  30.748  18.633 256
112235  6.997  31.185  19.858 257
112236  5.738  31.531  20.139 258
112237  2.571  29.557  16.147 259
112245  11.306  30.344  16.950 260
112246  11.080  30.229  16.953 261
112247  10.582  30.451  17.007 262
112248  9.789  30.734  17.598 263
112249  9.156  31.145  18.014 264
112250  2.830  29.191  14.375 265
112263  2.796  28.900  12.767 266
112276  2.547  28.756  11.578 267
112286  2.367  28.261  10.866 268
112287  2.355  27.925  10.102 269
112295  2.579  27.729  9.214 270
112302  4.926  27.315  8.169 271
112303  4.541  27.519  8.025 272
112304  3.857  27.680  7.956 273
112305  3.177  27.775  8.059 274
112306  2.882  27.605  8.569 275
112313  4.971  28.190  7.646 276
112314  4.259  28.232  7.589 277
112315  3.751  28.221  7.654 278
112316  3.513  27.998  7.784 279
112324  5.272  28.359  7.202 280
112331  5.272  28.559  7.071 281
112332  5.163  28.706  6.902 282
112333  5.114  28.446  7.248 283
112342  4.988  29.267  6.501 284
112343  5.018  28.867  6.672 285
112344  4.632  29.316  6.814 286
112345  4.466  29.091  7.031 287
112346  4.284  28.887  7.102 288
112355  4.584  29.936  6.414 289
112356  4.501  29.753  6.576 290
112357  4.335  29.399  6.664 291
113103  4.849  31.798  19.960 292
113104  3.749  31.387  19.670 293
113105  2.947  31.099  18.626 294
113111  11.919  30.535  17.078 295
113112  11.655  30.350  17.059 296
113113  8.661  31.492  18.292 297
113114  7.601  32.037  19.003 298
113115  6.013  32.085  19.764 299
113116  2.600  30.833  17.047 300
113122  11.640  31.018  16.701 301
113123  11.427  30.836  16.714 302
113124  11.135  31.154  16.465 303
113125  10.785  30.986  16.492 304
113126  10.121  31.419  16.738 305
113127  9.119  31.642  17.662 306
113128  8.413  31.938  18.277 307
113129  2.659  30.432  15.222 308
113136  11.025  31.691  16.025 309
113137  10.853  31.544  16.132 310
113138  10.593  31.456  16.288 311
113139  2.858  30.037  13.493 312
113147  2.698  29.659  11.944 313
113150  2.426  29.146  10.532 314
113151  2.331  28.499  10.265 315
113154  2.344  29.208  9.734 316
113155  2.359  28.632  9.553 317
113158  2.950  28.174  7.966 318
113159  2.714  28.265  8.466 319
113162  4.873  29.472  6.906 320
113163  4.435  29.066  7.228 321
113164  3.770  28.833  7.411 322
113165  3.257  28.436  7.794 323
113166  2.886  28.408  7.998 324
113169  4.969  29.328  6.679 325
113172  5.073  29.495  6.450 326
113173  5.187  29.093  6.667 327
113184  4.933  30.053  6.008 328
113185  4.988  29.636  6.243 329
113186  4.926  29.739  5.992 330
113187  4.896  29.393  6.207 331
113195  4.962  30.217  5.564 332
113196  4.813  29.935  5.828 333
113197  4.640  30.376  5.806 334
113198  4.387  30.152  6.074 335
113199  4.224  29.999  6.123 336
113213  4.772  31.000  5.556 337
113214  4.563  30.903  5.780 338
113215  4.317  30.644  5.846 339
113966  4.903  32.515  19.701 340
113967  3.830  32.160  19.408 341
113968  3.291  31.724  18.987 342
113973  12.177  31.397  16.707 343
113974  7.242  32.705  18.866 344
113975  6.034  33.089  19.270 345
113976  4.027  33.036  19.257 346
113977  2.955  32.169  18.123 347
113983  11.794  31.592  16.423 348
113984  11.463  31.798  16.127 349
113985  11.296  31.442  16.301 350
113986  9.959  31.978  16.441 351
113987  9.321  32.367  16.916 352
113988  8.069  32.589  18.200 353
113989  7.123  32.993  18.765 354
113990  2.486  31.700  16.069 355
113997  11.315  32.357  15.651 356
113998  11.135  31.991  15.879 357
113999  10.818  32.073  15.725 358
114000  10.330  32.021  16.087 359
114001  9.848  32.265  16.336 360
114002  2.693  31.243  14.210 361
114012  2.844  30.805  12.511 362
114014  2.627  30.343  10.941 363
114016  2.454  29.812  9.494 364
114017  2.356  29.193  9.397 365
114020  2.616  29.702  8.265 366
114021  2.447  29.079  8.835 367
114024  4.848  30.020  6.726 368
114025  4.529  29.841  6.926 369
114026  3.774  29.838  7.104 370
114027  3.145  29.327  7.594 371
114028  2.800  28.857  8.094 372
114030  4.914  30.395  6.336 373
114031  4.523  30.349  6.644 374
114032  4.182  30.200  6.883 375
114042  4.962  30.374  6.023 376
114056  4.961  30.499  5.801 377
114057  5.063  30.588  5.622 378
114058  4.953  30.141  5.806 379
114067  5.157  30.987  5.270 380
114068  5.070  30.536  5.380 381
114069  5.104  30.805  5.359 382
114070  4.973  30.607  5.737 383
114080  5.285  31.547  5.296 384
114081  5.046  31.248  5.558 385
114082  4.890  31.662  5.585 386
114083  4.658  31.568  5.446 387
114798  5.679  34.106  18.788 388
114799  4.436  33.880  18.935 389
114800  3.249  33.500  18.222 390
114805  11.966  32.558  15.842 391
114806  11.668  32.224  15.943 392
114807  9.091  32.935  16.738 393
114808  8.272  33.423  17.406 394
114809  7.036  33.491  18.537 395
114810  2.643  32.978  16.734 396
114817  11.793  33.194  15.294 397
114818  11.507  32.919  15.318 398
114819  11.153  32.725  15.320 399
114820  10.891  32.599  15.322 400
114821  10.344  32.845  15.389 401
114822  9.569  32.854  16.210 402
114823  8.968  33.205  16.663 403
114824  2.487  32.489  14.922 404
114836  11.364  33.455  14.760 405
114837  11.191  33.288  14.838 406
114838  10.928  33.108  14.904 407
114839  10.711  32.982  15.035 408
114840  2.822  32.013  13.137 409
114844  2.816  31.554  11.452 410
114846  2.627  31.104  9.907 411
114848  2.624  30.731  8.560 412
114850  3.493  30.399  7.062 413
114851  3.006  30.405  7.441 414
114858  4.887  31.373  5.919 415
114859  4.372  30.994  6.248 416
114860  3.818  30.672  6.782 417
114861  3.363  30.650  7.014 418
114875  4.981  31.285  5.642 419
114888  5.246  31.423  5.390 420
114889  5.113  31.017  5.465 421
114898  5.461  31.932  5.072 422
114899  5.375  31.506  5.149 423
114900  5.245  31.270  4.958 424
114901  5.186  31.045  5.065 425
114906  5.431  32.176  4.864 426
114907  5.417  32.024  4.667 427
114908  5.307  31.783  4.830 428
114909  5.236  32.305  5.124 429
114910  4.892  32.366  5.207 430
114911  4.760  32.398  5.001 431
114916  5.277  32.853  4.797 432
114917  5.044  32.876  4.801 433
114918  4.819  32.904  4.856 434
115638  5.359  34.838  18.423 435
115639  4.542  34.558  18.589 436
115640  3.666  34.402  18.280 437
115643  12.306  33.348  15.562 438
115644  7.592  34.566  17.367 439
115645  6.687  34.375  18.180 440
115646  2.924  34.158  17.214 441
115652  11.983  33.558  15.154 442
115653  11.750  33.703  14.849 443
115654  10.142  33.416  15.125 444
115655  9.571  33.776  15.613 445
115656  8.763  33.782  16.581 446
115657  2.503  33.731  15.589 447
115669  11.497  33.815  14.573 448
115670  11.233  33.803  14.415 449
115671  10.928  33.669  14.405 450
115672  10.449  33.525  14.804 451
115673  10.014  33.718  15.050 452
115674  2.573  33.242  13.781 453
115680  2.906  32.764  12.028 454
115682  2.921  32.306  10.376 455
115684  2.729  31.885  8.887 456
115686  2.812  31.496  7.686 457
115698  4.815  31.806  5.824 458
115699  4.413  31.647  5.944 459
115700  3.657  31.669  6.305 460
115701  3.195  31.169  6.950 461
115716  4.989  32.025  5.585 462
115717  4.419  32.083  5.724 463
115718  3.998  31.973  5.938 464
115732  5.327  32.155  5.224 465
115738  5.472  32.502  4.854 466
115739  5.627  32.251  4.976 467
115742  5.520  33.054  4.475 468
115743  5.581  32.780  4.501 469
115744  5.578  32.901  4.160 470
115745  5.560  32.747  4.456 471
115746  5.480  32.839  4.668 472
115749  5.690  33.390  3.766 473
115750  5.501  33.238  3.820 474
115751  5.367  33.058  4.031 475
115752  5.185  33.284  4.077 476
115753  4.841  33.079  4.386 477
115758  5.319  33.495  3.635 478
115759  5.103  33.393  3.777 479
116500  5.023  35.248  18.255 480
116501  4.442  35.084  18.352 481
116502  3.992  34.827  18.302 482
116507  7.201  35.147  17.294 483
116508  5.942  35.419  17.864 484
116509  4.503  35.529  18.101 485
116510  3.624  35.126  17.695 486
116518  12.139  34.446  14.714 487
116519  11.911  34.095  14.711 488
116520  9.187  34.429  15.572 489
116521  8.205  34.982  16.416 490
116522  6.940  35.495  17.274 491
116523  2.688  34.946  16.261 492
116533  11.990  35.032  14.233 493
116534  11.744  34.683  14.194 494
116535  11.334  34.386  14.093 495
116536  11.031  34.228  13.989 496
116537  10.481  34.473  14.187 497
116538  9.699  34.370  14.992 498
116539  9.038  34.729  15.524 499
116540  2.490  34.467  14.431 500
116548  11.600  35.236  13.753 501
116549  11.415  35.021  13.752 502
116550  11.094  34.802  13.747 503
116551  10.850  34.642  13.835 504
116552  2.804  33.974  12.626 505
116557  3.132  33.516  10.922 506
116560  2.980  33.086  9.297 507
116566  2.838  32.637  7.869 508
116581  3.269  32.262  6.254 509
116582  2.994  32.172  6.789 510
116596  5.035  32.720  5.107 511
116597  4.314  32.582  5.306 512
116598  3.626  32.490  5.858 513
116599  3.024  32.670  6.217 514
116613  5.384  32.962  4.767 515
116619  5.502  33.317  4.385 516
116623  5.532  33.570  4.124 517
116624  5.593  33.701  3.828 518
116625  5.739  33.569  3.671 519
116629  5.625  34.145  3.568 520
116630  5.608  33.901  3.542 521
116631  5.520  33.856  3.313 522
116632  5.452  33.780  3.532 523
116633  5.409  33.890  3.676 524
116636  5.576  34.152  2.951 525
116637  5.389  34.242  2.979 526
117349  5.322  36.150  17.682 527
117350  4.532  36.039  17.801 528
117351  3.902  35.750  17.714 529
117359  12.373  35.299  14.599 530
117360  7.774  36.217  16.169 531
117361  6.339  36.271  17.202 532
117362  4.640  36.702  17.514 533
117363  3.355  36.155  16.941 534
117368  12.144  35.455  14.174 535
117369  11.958  35.565  13.904 536
117370  10.264  35.068  13.974 537
117371  9.710  35.384  14.470 538
117372  8.870  35.334  15.410 539
117373  2.479  35.721  15.091 540
117379  11.738  35.665  13.668 541
117380  11.469  35.645  13.522 542
117381  11.127  35.515  13.481 543
117382  10.604  35.252  13.732 544
117383  10.162  35.402  13.976 545
117384  2.564  35.188  13.244 546
117390  3.035  34.720  11.520 547
117393  3.343  34.329  9.849 548
117400  3.070  33.900  8.213 549
117412  2.923  33.348  6.757 550
117422  4.992  33.292  4.713 551
117423  4.353  33.202  4.878 552
117424  3.500  33.283  5.213 553
117425  3.097  33.189  5.882 554
117441  5.166  33.801  4.309 555
117442  4.397  33.773  4.495 556
117443  3.804  33.735  4.812 557
117453  5.551  34.105  3.958 558
117456  5.590  34.451  3.617 559
117457  5.647  34.324  3.587 560
117461  5.584  34.939  3.312 561
117462  5.556  34.713  3.287 562
117463  5.497  34.773  2.907 563
117464  5.518  34.420  2.891 564
117468  5.358  35.288  2.634 565
117469  5.357  35.021  2.636 566
117470  5.289  35.267  2.463 567
117478  5.312  36.218  1.953 568
117479  5.357  36.701  1.630 569
118169  7.660  36.789  15.965 570
118170  6.657  37.282  16.549 571
118171  5.105  37.395  17.074 572
118172  3.725  37.344  16.771 573
118177  12.287  36.468  13.891 574
118178  12.095  36.015  13.842 575
118179  9.375  36.088  14.508 576
118180  8.498  36.586  15.260 577
118181  7.535  37.074  15.911 578
118182  2.752  36.992  15.540 579
118187  12.205  37.029  13.512 580
118188  11.989  36.661  13.476 581
118189  11.605  36.340  13.353 582
118190  11.279  36.200  13.231 583
118191  10.722  36.455  13.487 584
118192  9.905  36.160  14.099 585
118193  9.267  36.447  14.567 586
118194  2.444  37.008  12.732 587
118195  2.428  36.433  13.814 588
118201  11.950  37.384  13.140 589
118202  11.742  37.142  13.144 590
118203  11.393  36.908  13.172 591
118204  11.127  36.711  13.252 592
118205  2.861  36.588  11.245 593
118206  2.729  35.894  12.153 594
118210  3.444  36.247  9.765 595
118211  3.289  35.509  10.532 596
118220  3.642  36.095  8.947 597
118221  3.495  35.368  8.797 598
118233  3.102  34.748  7.142 599
118243  3.306  33.970  4.954 600
118244  3.069  34.210  5.680 601
118256  5.169  34.731  3.799 602
118257  4.412  34.463  4.159 603
118258  3.574  34.302  4.482 604
118259  3.235  34.404  4.951 605
118269  5.495  34.775  3.546 606
118274  5.516  35.169  3.228 607
118277  5.457  35.506  2.972 608
118278  5.378  35.720  2.625 609
118279  5.386  35.502  2.634 610
118281  5.294  36.174  2.254 611
118282  5.293  35.943  2.297 612
118283  5.389  36.215  1.985 613
118284  5.308  35.990  2.026 614
118287  5.286  36.870  1.596 615
118288  5.530  36.785  1.608 616
118289  5.471  37.145  1.364 617
119002  6.045  38.283  16.393 618
119003  5.268  38.085  16.702 619
119004  4.286  38.137  16.672 620
119011  7.985  37.986  15.387 621
119012  7.231  37.704  15.950 622
119013  3.286  38.099  15.824 623
119018  12.305  37.783  13.385 624
119019  12.166  37.323  13.365 625
119020  10.532  37.232  13.526 626
119021  9.948  37.513  14.000 627
119022  9.106  37.200  14.676 628
119023  2.445  37.628  13.006 629
119024  2.514  37.774  14.093 630
119030  12.229  38.481  13.068 631
119031  12.086  37.937  13.124 632
119032  11.824  37.961  13.024 633
119033  11.447  37.861  13.065 634
119034  10.901  37.516  13.342 635
119035  10.431  37.661  13.613 636
119036  2.557  37.735  12.105 637
119037  2.447  37.965  13.086 638
119042  3.018  37.254  10.423 639
119050  3.567  36.761  8.863 640
119051  3.612  36.079  8.530 641
119062  3.667  36.839  8.051 642
119063  3.471  36.171  7.722 643
119073  3.101  35.634  6.177 644
119085  4.925  35.267  3.563 645
119086  4.398  35.122  3.788 646
119087  3.655  34.956  4.069 647
119088  3.242  35.176  4.835 648
119100  5.228  35.544  3.267 649
119101  4.396  35.648  3.378 650
119102  3.743  35.568  3.802 651
119103  3.469  35.433  4.210 652
119110  5.431  35.987  2.800 653
119113  5.269  36.559  2.329 654
119114  5.264  36.376  2.225 655
119117  5.230  37.204  1.829 656
119118  5.229  36.959  1.840 657
119119  5.280  36.757  1.773 658
119120  5.462  36.727  1.660 659
119124  5.295  37.467  1.509 660
119125  5.215  37.495  1.329 661
119126  5.599  37.568  1.444 662
119127  5.652  37.529  1.184 663
119128  5.464  37.709  1.154 664
119131  5.702  38.111  1.084 665
119132  5.797  38.167  0.873 666
119133  5.539  38.278  0.735 667
119882  5.655  38.791  16.311 668
119883  5.144  38.697  16.568 669
119884  4.686  38.502  16.606 670
119894  7.640  38.709  15.414 671
119895  6.513  38.946  15.931 672
119896  5.223  39.162  16.352 673
119897  4.286  38.912  16.163 674
119904  9.579  38.393  14.176 675
119905  8.578  38.764  14.807 676
119906  7.397  39.105  15.430 677
119907  3.096  39.008  15.008 678
119912  12.298  39.014  12.990 679
119913  12.147  39.288  12.744 680
119914  11.914  38.863  12.826 681
119915  11.569  38.776  12.860 682
119916  10.973  39.095  13.107 683
119917  10.149  38.591  13.777 684
119918  9.431  38.830  14.220 685
119919  2.485  38.397  12.151 686
119920  2.497  38.691  13.166 687
119925  12.117  40.013  12.376 688
119926  11.957  39.752  12.522 689
119927  11.647  39.581  12.644 690
119928  11.373  39.452  12.810 691
119929  2.557  38.427  11.213 692
119930  2.482  38.776  12.170 693
119937  3.097  37.925  9.623 694
119947  3.552  37.588  8.155 695
119948  3.576  36.909  7.654 696
119957  3.548  37.888  7.461 697
119958  3.364  37.106  6.842 698
119971  3.128  36.511  5.266 699
119986  5.146  36.349  2.794 700
119987  4.468  36.397  3.018 701
119988  3.690  36.302  3.524 702
119989  3.377  36.044  4.260 703
119999  5.125  36.951  2.294 704
120000  4.774  36.885  2.613 705
120006  5.170  37.447  1.773 706
120009  5.256  37.852  1.422 707
120010  5.200  37.612  1.475 708
120013  5.409  38.318  1.102 709
120014  5.314  38.092  1.143 710
120015  5.401  38.420  0.931 711
120016  5.487  38.206  0.970 712
120018  5.436  38.888  0.598 713
120019  5.429  38.682  0.667 714
120020  5.678  39.160  0.296 715
120021  5.451  39.038  0.357 716
120026  5.638  39.638  -0.069 717
120027  5.538  39.697  -0.175 718
120734  5.954  39.722  15.829 719
120735  5.302  39.677  16.098 720
120736  4.739  39.458  16.108 721
120745  7.975  40.296  14.670 722
120746  6.791  39.920  15.425 723
120747  5.415  40.235  15.788 724
120748  4.213  40.019  15.684 725
120755  12.270  39.725  12.611 726
120756  10.725  40.034  13.008 727
120757  10.053  40.186  13.379 728
120758  9.205  39.662  14.180 729
120759  2.861  40.109  14.298 730
120765  12.430  40.692  11.950 731
120766  12.244  40.525  12.023 732
120767  11.985  40.468  12.113 733
120768  11.692  40.327  12.315 734
120769  11.137  40.375  12.621 735
120770  10.574  40.460  12.918 736
120771  2.518  39.106  11.077 737
120772  2.400  39.612  12.216 738
120777  12.179  41.132  11.241 739
120778  12.000  41.037  11.416 740
120779  11.676  40.867  11.723 741
120780  11.430  40.711  12.085 742
120781  2.638  38.836  10.236 743
120782  2.489  39.603  10.757 744
120792  2.969  38.794  9.051 745
120793  2.590  39.300  9.905 746
120805  3.380  38.530  7.988 747
120806  3.467  38.384  7.030 748
120816  3.230  37.885  5.661 749
120831  4.235  37.140  2.774 750
120832  3.687  37.041  3.181 751
120833  3.309  37.308  4.142 752
120849  4.986  38.034  1.715 753
120850  4.390  37.607  2.236 754
120851  3.729  37.714  2.855 755
120852  3.491  37.596  3.386 756
120868  5.342  38.341  1.332 757
120882  5.524  38.555  1.130 758
120892  5.613  38.975  0.869 759
120893  5.765  39.034  0.696 760
120894  5.488  39.094  0.599 761
120897  5.699  39.509  0.522 762
120898  5.670  39.642  0.335 763
120899  5.536  39.403  0.314 764
120900  5.649  39.511  0.135 765
120901  5.792  39.758  -0.162 766
120904  5.609  39.857  -0.142 767
120905  5.790  40.108  -0.414 768
120906  5.545  40.152  -0.605 769
120907  5.411  40.374  -0.857 770
121541  7.662  41.101  14.545 771
121542  6.845  41.024  14.981 772
121543  5.595  40.957  15.456 773
121544  4.772  40.727  15.643 774
121552  9.580  41.098  13.315 775
121553  8.589  41.229  13.949 776
121554  7.176  41.763  14.520 777
121555  5.794  41.937  15.020 778
121556  4.030  41.474  15.168 779
121563  12.396  40.957  11.638 780
121564  10.821  41.119  12.282 781
121565  10.241  41.236  12.706 782
121566  9.230  41.634  13.136 783
121567  2.709  41.420  13.478 784
121573  12.574  41.683  10.678 785
121574  12.341  41.365  10.994 786
121575  12.061  41.497  10.526 787
121576  11.656  41.448  10.803 788
121577  11.054  41.209  11.680 789
121578  10.533  41.428  12.023 790
121579  2.387  40.798  11.566 791
121584  11.932  41.704  10.038 792
121585  11.848  41.609  10.267 793
121586  2.898  39.332  8.750 794
121587  2.526  40.047  9.710 795
121596  3.164  39.040  8.409 796
121597  3.094  39.595  8.053 797
121607  3.376  39.344  6.377 798
121618  3.210  38.835  4.706 799
121627  4.746  38.546  1.477 800
121628  4.285  38.350  1.701 801
121629  3.563  38.642  2.345 802
121630  3.326  38.312  3.431 803
121640  5.059  38.955  1.197 804
121641  4.344  38.877  1.371 805
121642  3.923  38.841  1.738 806
121654  5.378  39.174  0.666 807
121668  5.518  39.765  0.185 808
121671  5.593  40.099  -0.025 809
121672  5.288  40.234  -0.376 810
121673  5.330  39.991  -0.228 811
121676  5.118  40.676  -0.869 812
121677  5.222  40.464  -0.712 813
121678  5.425  40.858  -1.235 814
121679  5.566  40.735  -1.360 815
121680  5.332  40.838  -1.421 816
121684  5.408  41.366  -1.935 817
121685  5.345  41.282  -1.892 818
121686  5.265  41.395  -2.102 819
122259  7.627  42.168  14.023 820
122260  6.420  42.783  14.228 821
122261  4.598  42.824  14.555 822
122262  3.515  42.394  14.237 823
122269  9.445  41.964  12.636 824
122270  8.204  42.663  13.136 825
122271  6.410  43.661  13.503 826
122272  3.705  43.154  14.015 827
122273  3.116  42.778  13.441 828
122281  12.530  41.868  10.150 829
122282  12.297  41.777  10.135 830
122283  11.502  41.674  10.416 831
122284  11.127  41.773  10.679 832
122285  9.967  42.273  11.545 833
122286  8.459  43.402  11.860 834
122287  2.653  42.286  12.428 835
122293  12.600  42.245  9.678 836
122294  12.398  42.178  9.548 837
122295  12.091  41.981  9.642 838
122296  11.595  41.890  9.900 839
122297  10.772  42.329  9.953 840
122298  10.048  42.912  10.052 841
122299  2.426  41.826  10.838 842
122305  2.520  41.303  9.081 843
122310  3.014  40.892  7.366 844
122317  3.161  40.448  5.552 845
122325  3.405  39.336  2.430 846
122326  3.184  39.854  3.373 847
122334  5.067  39.362  0.983 848
122335  4.633  39.356  0.986 849
122336  3.548  39.582  1.704 850
122337  3.068  40.592  2.339 851
122347  5.051  39.739  0.730 852
122348  4.275  40.026  0.769 853
122349  3.506  40.403  1.013 854
122365  5.448  40.789  -0.329 855
122366  5.365  40.455  -0.018 856
122377  5.567  40.892  -0.520 857
122378  5.486  40.648  -0.463 858
122379  5.615  40.691  -0.555 859
122383  5.392  41.115  -0.945 860
122384  5.167  41.134  -1.108 861
122385  5.121  40.895  -1.185 862
122386  5.189  41.099  -1.355 863
122390  5.107  41.519  -1.465 864
122391  5.147  41.573  -1.702 865
122392  5.179  41.574  -1.943 866
122393  5.393  41.820  -2.269 867
122394  5.281  41.822  -2.497 868
122395  5.249  42.046  -2.754 869
122401  5.253  42.122  -2.784 870
122402  5.209  42.340  -3.011 871
122403  5.070  42.532  -3.079 872
123022  5.018  43.627  13.886 873
123023  4.162  43.434  14.009 874
123032  7.106  44.047  12.594 875
123033  5.212  44.536  12.989 876
123034  3.541  43.994  13.376 877
123035  2.918  43.193  12.902 878
123043  9.091  43.444  10.650 879
123044  7.710  44.418  11.297 880
123045  6.369  44.920  12.175 881
123046  3.255  44.142  12.617 882
123047  2.836  43.509  12.056 883
123053  12.562  42.689  9.135 884
123054  12.252  42.683  8.807 885
123055  11.833  42.438  8.885 886
123056  11.204  42.495  8.921 887
123057  10.458  42.907  9.044 888
123058  9.535  43.544  9.310 889
123059  8.577  44.211  10.066 890
123060  2.466  42.963  10.213 891
123066  12.004  42.993  8.283 892
123067  11.562  43.004  8.164 893
123068  10.858  43.081  8.176 894
123069  10.090  43.415  8.324 895
123070  9.417  43.887  8.477 896
123071  2.544  42.547  8.493 897
123077  2.848  42.112  6.729 898
123081  3.057  41.689  4.925 899
123087  2.961  41.501  3.316 900
123095  3.084  40.604  1.536 901
123096  2.844  41.514  1.980 902
123103  4.688  40.564  0.179 903
123104  3.814  40.762  0.366 904
123105  2.974  41.156  0.891 905
123106  2.708  41.876  1.253 906
123117  5.409  41.075  -0.501 907
123118  4.964  41.144  -0.404 908
123130  5.408  41.298  -1.044 909
123131  5.597  41.411  -1.021 910
123134  5.502  41.914  -1.354 911
123135  5.642  41.792  -1.369 912
123136  5.167  41.763  -1.520 913
123139  5.331  42.188  -1.741 914
123140  5.223  42.101  -1.945 915
123141  5.536  42.084  -2.254 916
123142  5.441  42.218  -2.388 917
123143  5.353  42.304  -2.766 918
123146  5.290  42.507  -2.611 919
123147  5.240  42.640  -2.956 920
123148  5.067  42.789  -3.104 921
123149  4.932  42.776  -2.999 922
123150  4.727  42.856  -3.049 923
123155  4.621  43.193  -3.193 924
123156  4.694  43.194  -2.848 925
123820  4.374  44.951  12.612 926
123821  4.067  44.640  12.897 927
123829  6.603  45.327  11.442 928
123830  5.016  45.541  11.925 929
123831  3.362  44.868  12.379 930
123832  2.714  44.386  11.130 931
123838  12.455  43.520  8.200 932
123839  12.199  43.212  8.177 933
123840  8.726  44.342  9.111 934
123841  7.484  45.365  10.208 935
123842  6.193  45.828  11.183 936
123843  2.434  44.169  9.673 937
123849  12.335  44.021  7.517 938
123850  12.001  43.726  7.484 939
123851  11.208  43.515  7.474 940
123852  10.427  43.596  7.590 941
123853  9.704  43.922  7.849 942
123854  8.842  44.540  8.211 943
123855  8.230  44.917  9.001 944
123856  2.447  43.804  7.964 945
123862  11.858  44.247  6.778 946
123863  11.444  44.036  6.847 947
123864  10.689  44.013  6.946 948
123865  9.882  44.170  7.267 949
123866  9.392  44.321  7.638 950
123867  2.741  43.306  6.189 951
123871  2.991  42.924  4.525 952
123873  2.976  42.618  2.999 953
123881  2.810  42.421  1.795 954
123888  4.204  41.235  -0.288 955
123889  3.352  41.497  0.074 956
123890  2.707  42.037  0.604 957
123891  2.645  42.303  1.170 958
123900  5.085  41.539  -1.062 959
123901  4.538  41.834  -0.862 960
123902  3.662  41.946  -0.543 961
123903  3.005  42.173  -0.069 962
123917  5.153  42.222  -1.609 963
123918  4.886  42.211  -1.262 964
123921  5.202  42.680  -1.964 965
123922  5.235  42.371  -1.857 966
123925  4.994  43.348  -2.316 967
123926  5.078  42.926  -2.272 968
123927  5.360  42.767  -2.394 969
123928  5.264  42.733  -2.535 970
123932  4.702  43.357  -2.387 971
123933  4.773  43.231  -2.575 972
123934  5.093  43.146  -2.992 973
123935  4.859  43.220  -3.322 974
123936  4.693  43.395  -3.492 975
123941  4.662  43.724  -3.250 976
123942  4.510  43.909  -3.432 977
123943  4.372  44.061  -3.442 978
123951  4.282  44.772  -3.611 979
123952  4.099  45.076  -3.863 980
124653  4.320  46.201  11.348 981
124654  3.531  45.763  11.581 982
124655  3.040  45.111  11.465 983
124663  6.845  46.054  9.931 984
124664  5.467  46.445  10.689 985
124665  3.461  46.680  10.903 986
124666  2.868  45.343  10.712 987
124672  12.524  44.578  7.256 988
124673  12.287  44.263  7.189 989
124674  8.455  45.028  8.027 990
124675  7.635  45.719  8.869 991
124676  6.481  46.462  9.866 992
124677  3.152  46.728  10.030 993
124678  2.596  45.707  9.370 994
124684  12.425  45.086  6.697 995
124685  12.130  44.821  6.610 996
124686  11.572  44.606  6.381 997
124687  10.939  44.468  6.380 998
124688  9.991  44.740  6.545 999
124689  8.980  44.877  7.449 1000
124690  8.270  45.344  7.952 1001
124691  2.390  44.926  7.401 1002
124695  12.014  45.449  6.012 1003
124696  11.685  45.252  5.936 1004
124697  11.065  45.011  5.913 1005
124698  10.580  44.861  6.099 1006
124699  2.729  45.249  5.306 1007
124700  2.697  44.387  5.704 1008
124703  2.973  44.948  4.471 1009
124704  3.158  44.106  4.116 1010
124711  3.101  43.425  2.535 1011
124720  2.755  42.613  0.287 1012
124721  2.861  42.926  1.151 1013
124730  4.440  42.440  -1.288 1014
124731  3.849  42.427  -1.026 1015
124732  3.023  42.953  -0.324 1016
124733  2.827  43.029  0.423 1017
124749  4.653  43.365  -2.362 1018
124750  4.478  42.898  -1.783 1019
124751  3.853  42.979  -1.415 1020
124752  3.428  42.944  -1.040 1021
124755  4.704  43.807  -2.419 1022
124757  4.665  44.143  -2.466 1023
124758  4.888  43.708  -2.647 1024
124761  4.439  44.682  -2.566 1025
124762  4.352  44.351  -2.708 1026
124763  4.342  43.898  -2.729 1027
124764  4.584  43.810  -2.971 1028
124769  3.874  45.228  -2.788 1029
124770  3.696  44.889  -2.575 1030
124771  3.808  44.575  -2.928 1031
124772  4.030  44.608  -3.147 1032
124773  4.223  44.651  -3.437 1033
124779  3.405  45.231  -3.140 1034
124780  3.610  45.224  -3.406 1035
124781  3.829  45.053  -3.823 1036
124782  4.036  45.323  -4.198 1037
125486  4.819  47.106  10.394 1038
125487  4.336  46.942  10.533 1039
125495  7.112  46.473  8.760 1040
125496  5.743  47.136  9.644 1041
125497  3.823  47.422  10.299 1042
125498  2.958  46.962  9.522 1043
125504  12.595  45.604  6.504 1044
125505  12.375  45.321  6.447 1045
125506  9.592  45.311  6.298 1046
125507  9.026  45.408  6.788 1047
125508  7.875  46.139  7.818 1048
125509  6.822  46.909  8.766 1049
125510  2.451  46.432  8.399 1050
125514  12.487  46.122  6.001 1051
125515  12.266  45.770  6.013 1052
125516  11.866  45.939  5.493 1053
125517  11.134  45.846  5.404 1054
125518  10.141  45.485  5.837 1055
125519  9.126  45.859  6.340 1056
125520  8.560  45.963  6.893 1057
125521  2.518  46.568  6.329 1058
125522  2.383  45.813  6.826 1059
125525  11.726  46.350  5.171 1060
125526  11.559  46.175  5.235 1061
125527  2.919  45.702  4.555 1062
125528  3.146  44.808  4.090 1063
125531  3.397  45.416  3.097 1064
125532  3.296  44.584  3.387 1065
125540  3.504  44.934  1.646 1066
125541  3.280  44.136  2.057 1067
125550  3.197  44.325  0.186 1068
125551  3.084  43.673  0.790 1069
125569  4.265  43.945  -2.514 1070
125570  4.166  43.743  -2.414 1071
125571  3.440  43.920  -1.932 1072
125572  3.189  43.659  -0.979 1073
125575  4.118  44.530  -2.193 1074
125576  3.911  44.367  -2.444 1075
125577  3.771  44.170  -2.363 1076
125579  4.470  45.083  -2.307 1077
125581  3.963  45.535  -2.312 1078
125582  4.015  45.282  -2.946 1079
125585  3.326  46.274  -2.478 1080
125586  3.270  46.001  -2.542 1081
125587  3.298  45.495  -2.760 1082
125588  3.324  45.323  -2.937 1083
125593  3.030  46.757  -3.008 1084
125594  3.056  46.319  -3.088 1085
125595  3.262  45.810  -3.407 1086
125596  3.681  45.926  -4.237 1087
125597  3.878  45.442  -4.625 1088
125598  4.035  45.603  -4.642 1089
125604  3.800  46.323  -4.873 1090
125605  3.950  46.048  -4.924 1091
125606  4.165  45.997  -5.072 1092
126323  4.925  47.846  9.343 1093
126324  4.050  47.906  9.732 1094
126325  3.356  47.557  9.736 1095
126332  7.359  46.878  7.761 1096
126333  6.173  47.592  8.632 1097
126334  3.947  48.485  9.195 1098
126335  3.157  47.472  9.119 1099
126340  12.666  46.489  5.992 1100
126341  12.380  46.637  5.563 1101
126342  12.143  46.254  5.522 1102
126343  10.822  46.361  5.098 1103
126344  10.289  46.274  5.282 1104
126345  9.300  46.658  5.840 1105
126346  8.102  46.764  7.079 1106
126347  7.137  47.336  7.905 1107
126348  3.042  47.981  7.647 1108
126349  2.736  47.196  7.953 1109
126353  12.254  47.102  5.201 1110
126354  11.965  46.718  5.149 1111
126355  11.274  46.666  5.032 1112
126356  10.404  46.872  5.091 1113
126357  9.862  46.807  5.311 1114
126358  2.677  47.374  5.928 1115
126361  2.976  46.847  4.294 1116
126367  3.378  46.396  2.752 1117
126376  3.431  45.853  1.126 1118
126395  3.250  44.780  -1.726 1119
126396  3.331  45.108  -0.777 1120
126411  4.082  45.506  -2.267 1121
126412  3.772  45.398  -2.291 1122
126413  3.430  44.976  -2.197 1123
126414  3.234  45.282  -1.616 1124
126420  4.163  45.915  -2.334 1125
126421  3.969  45.787  -2.322 1126
126423  3.625  46.296  -2.531 1127
126425  3.324  46.916  -3.128 1128
126426  3.270  46.535  -3.104 1129
126429  3.223  47.905  -3.227 1130
126430  3.092  47.508  -3.345 1131
126431  3.050  47.095  -3.607 1132
126432  3.205  46.644  -3.912 1133
126433  3.395  46.323  -4.120 1134
126437  3.088  48.243  -4.140 1135
126438  3.107  47.820  -4.234 1136
126439  3.256  47.348  -4.486 1137
126440  3.609  46.871  -4.960 1138
126441  4.080  46.547  -5.222 1139
126442  4.111  46.261  -5.304 1140
126449  3.870  47.291  -5.752 1141
126450  4.044  46.982  -5.719 1142
126451  4.149  46.695  -5.734 1143
127116  6.056  48.110  8.597 1144
127117  5.377  48.316  8.699 1145
127124  12.665  47.116  5.611 1146
127125  9.007  47.235  5.817 1147
127126  8.350  47.640  6.600 1148
127127  6.482  48.166  8.078 1149
127128  4.323  48.984  8.636 1150
127133  12.460  47.624  5.307 1151
127134  12.107  47.531  5.060 1152
127135  11.577  47.543  4.922 1153
127136  10.647  47.779  4.990 1154
127137  9.415  47.664  5.632 1155
127138  8.214  48.625  6.630 1156
127139  3.078  48.774  7.354 1157
127143  12.272  48.132  5.180 1158
127144  11.895  48.314  5.135 1159
127145  11.274  48.562  5.137 1160
127146  10.637  48.901  5.333 1161
127147  2.709  48.369  5.715 1162
127150  2.923  47.921  4.064 1163
127157  3.308  47.480  2.431 1164
127168  3.419  46.980  0.670 1165
127185  3.647  46.026  -2.073 1166
127186  3.485  45.985  -2.321 1167
127187  3.445  46.513  -1.345 1168
127203  3.571  46.281  -2.893 1169
127204  4.250  46.429  -2.425 1170
127205  3.313  46.953  -2.444 1171
127206  3.510  47.407  -1.793 1172
127217  3.560  46.830  -3.101 1173
127218  3.765  46.790  -3.131 1174
127220  3.356  47.515  -3.178 1175
127222  3.302  48.510  -3.494 1176
127223  3.194  48.283  -3.445 1177
127225  3.324  49.274  -3.973 1178
127226  3.201  48.938  -4.317 1179
127227  3.215  48.530  -4.902 1180
127228  3.336  48.002  -5.153 1181
127229  3.461  47.533  -5.147 1182
127232  3.297  49.516  -5.295 1183
127233  3.303  49.207  -5.510 1184
127234  3.459  48.817  -6.189 1185
127235  3.668  47.846  -6.012 1186
127236  3.990  47.431  -6.334 1187
127237  4.011  46.984  -6.265 1188
127240  3.635  49.084  -7.089 1189
127241  3.798  48.699  -7.028 1190
127242  3.912  48.153  -7.428 1191
127243  4.234  47.522  -6.678 1192
127249  4.336  48.550  -8.229 1193
127250  4.396  48.276  -7.722 1194
127916  7.162  48.727  7.426 1195
127917  5.568  49.395  8.202 1196
127918  3.958  49.629  8.200 1197
127924  12.476  48.451  5.304 1198
127925  9.945  48.691  5.502 1199
127926  8.836  49.488  6.306 1200
127927  6.919  49.981  7.599 1201
127928  4.748  50.369  7.960 1202
127929  3.081  49.815  7.179 1203
127934  12.231  49.110  5.421 1204
127935  11.721  49.472  5.415 1205
127936  11.029  49.754  5.405 1206
127937  10.073  50.004  5.772 1207
127938  9.158  50.853  6.407 1208
127939  2.697  49.408  5.500 1209
127943  2.790  49.099  3.911 1210
127946  3.082  48.709  2.208 1211
127953  3.396  48.344  0.505 1212
127963  3.554  48.257  -0.891 1213
127976  3.490  47.083  -2.839 1214
127977  3.330  47.689  -2.877 1215
127978  3.616  48.185  -2.118 1216
127995  3.503  47.444  -3.219 1217
127996  3.689  47.462  -3.145 1218
127997  3.494  48.282  -3.144 1219
128006  3.465  47.992  -3.113 1220
128007  3.516  48.520  -3.289 1221
128009  3.426  48.817  -3.407 1222
128011  3.428  49.638  -4.029 1223
128012  3.357  49.679  -4.449 1224
128014  3.429  50.198  -4.833 1225
128015  3.359  49.999  -5.416 1226
128016  3.363  49.770  -5.983 1227
128017  3.406  49.499  -6.393 1228
128020  3.408  50.218  -6.385 1229
128021  3.411  50.011  -6.888 1230
128022  3.600  49.590  -7.346 1231
128023  3.851  49.278  -7.669 1232
128024  4.066  49.006  -7.776 1233
128027  3.811  49.699  -8.204 1234
128028  4.029  49.578  -8.509 1235
128029  4.233  49.164  -8.419 1236
128030  4.495  49.188  -8.614 1237
128036  4.214  49.769  -9.079 1238
128037  4.310  49.700  -9.366 1239
128038  4.569  49.934  -9.669 1240
128728  7.887  51.150  7.163 1241
128729  5.728  51.787  7.698 1242
128730  3.657  51.137  7.568 1243
128731  2.801  50.527  6.559 1244
128737  12.162  50.624  5.137 1245
128738  11.503  50.657  5.374 1246
128739  10.746  50.910  5.555 1247
128740  9.901  51.378  5.979 1248
128741  8.817  52.114  6.518 1249
128742  7.387  52.362  7.118 1250
128743  2.621  50.591  5.458 1251
128747  12.075  51.363  4.643 1252
128748  11.816  51.405  4.755 1253
128749  11.249  51.635  5.117 1254
128750  10.516  51.923  5.432 1255
128751  9.721  52.288  5.739 1256
128752  2.576  50.485  3.929 1257
128755  2.863  50.055  2.098 1258
128758  3.214  49.698  0.436 1259
128764  3.540  49.491  -0.998 1260
128773  3.498  48.518  -2.817 1261
128774  3.665  49.451  -2.301 1262
128788  3.660  48.706  -3.380 1263
128789  3.567  49.285  -3.242 1264
128790  3.802  49.921  -2.942 1265
128805  3.505  49.026  -3.358 1266
128806  3.611  49.457  -3.708 1267
128807  3.740  49.933  -3.812 1268
128810  3.546  49.861  -3.952 1269
128811  3.670  50.223  -4.366 1270
128814  3.529  50.508  -4.775 1271
129554  5.050  52.752  7.364 1272
129555  3.899  52.311  7.462 1273
129556  3.057  51.438  6.675 1274
129564  12.318  51.346  4.587 1275
129565  7.944  53.029  6.612 1276
129566  6.355  53.416  6.991 1277
129567  4.343  53.314  7.166 1278
129568  3.071  52.327  5.942 1279
129575  12.191  51.884  3.923 1280
129576  11.561  52.115  4.199 1281
129577  10.892  52.347  4.612 1282
129578  10.111  52.650  5.028 1283
129579  9.010  53.266  5.553 1284
129580  7.789  53.591  6.286 1285
129581  2.492  52.019  3.923 1286
129585  12.222  52.389  2.572 1287
129586  11.778  52.441  3.065 1288
129587  11.175  52.651  3.567 1289
129588  10.418  52.900  4.119 1290
129589  9.862  53.157  4.669 1291
129590  2.581  51.434  1.973 1292
129593  3.050  50.938  0.254 1293
129596  3.543  50.630  -1.181 1294
129603  3.792  50.466  -2.310 1295
129614  3.887  50.439  -3.527 1296
129615  3.898  50.427  -2.967 1297
129633  3.812  50.143  -4.284 1298
129634  3.810  50.445  -4.212 1299
130373  6.142  54.211  6.390 1300
130374  4.912  54.139  6.696 1301
130375  3.877  53.558  6.441 1302
130383  8.782  53.900  4.938 1303
130384  7.573  54.309  5.621 1304
130385  5.683  54.739  6.032 1305
130386  3.611  54.081  5.577 1306
130395  11.875  52.602  1.928 1307
130396  11.344  52.752  2.389 1308
130397  10.648  53.045  3.027 1309
130398  9.570  53.659  3.931 1310
130399  8.611  54.182  4.642 1311
130400  2.611  53.420  3.569 1312
130405  11.967  52.702  1.019 1313
130406  11.500  52.760  1.367 1314
130407  10.820  53.143  1.803 1315
130408  10.254  53.361  2.691 1316
130409  2.514  52.717  1.711 1317
130414  11.595  52.901  0.695 1318
130415  11.244  52.976  1.061 1319
130416  2.890  52.120  0.015 1320
130418  3.537  51.684  -1.470 1321
130425  4.007  51.649  -3.329 1322
130426  3.904  51.165  -2.684 1323
131169  7.512  54.655  4.986 1324
131170  6.707  54.908  5.180 1325
131171  5.113  55.289  5.485 1326
131179  9.209  54.002  3.398 1327
131180  8.140  54.646  4.143 1328
131181  6.037  55.422  4.631 1329
131182  3.788  55.322  4.648 1330
131191  10.531  53.415  1.558 1331
131192  9.824  53.905  2.423 1332
131193  8.445  55.084  2.790 1333
131194  2.771  54.530  3.028 1334
131201  11.747  53.242  0.155 1335
131202  10.880  53.573  0.860 1336
131203  9.633  54.578  1.511 1337
131204  8.541  55.545  2.068 1338
131205  2.513  53.908  1.403 1339
131210  11.482  53.900  -0.157 1340
131211  10.925  54.331  0.044 1341
131212  2.859  53.324  -0.247 1342
131216  3.890  52.405  -3.127 1343
131217  3.445  52.728  -2.087 1344
131933  7.016  55.607  3.828 1345
131934  5.284  56.012  4.054 1346
131935  3.566  55.903  3.791 1347
131944  6.827  56.219  3.100 1348
131945  4.564  56.491  3.333 1349
131946  2.964  55.634  2.586 1350
131954  10.338  54.578  0.602 1351
131957  2.554  55.081  1.142 1352
131967  2.694  54.687  -0.397 1353
132655  3.616  56.913  2.622 1354
132656  2.815  56.115  1.967 1355
