121805  46.4090  37.4880  -29.2220  1    31694  28.0530  -52.9100  -26.1070  1
121806  46.0730  37.4240  -29.2170  2    32125  7.8310  -9.2450  -5.0270  2
121813  44.9730  37.1790  -30.0660  6    33463  4.3790  9.4340  11.2580  6
121817  46.4830  37.6090  -30.5580  7    86101  42.8700  -19.1070  24.5530  7
122526  45.6770  38.3070  -26.2390  9    30983  52.8720  -5.4780  22.6710  9
122527  44.4230  38.4950  -26.3160  10    30984  67.2460  13.9760  8.2850  10
122531  47.6040  37.9040  -27.6690  12    31693  40.6350  46.6990  -20.2940  12
122532  46.2920  37.7290  -27.4030  13    31002  18.7240  -1.5910  -34.9000  13
122533  45.0000  37.8880  -27.3650  14    30985  53.6790  30.0320  -44.8950  14
122534  43.6250  38.3080  -27.2310  15    31457  2.9720  -2.6790  -36.5590  15
122535  42.8600  38.5320  -27.5420  16    32236  7.6380  26.3850  -20.6010  16
122541  48.8330  38.7770  -29.6060  17    32941  5.7360  16.8800  11.0130  17
122542  47.9190  38.0770  -29.1760  18    31720  19.8430  -51.2440  -12.3330  18
122545  44.3660  37.5420  -28.7950  21    32178  47.2650  -55.2830  -1.6140  21
122554  48.1090  38.6210  -30.7510  23    32942  5.1530  17.1330  11.0030  23
122555  47.1420  37.8510  -30.1430  24    33165  55.4390  -41.7130  -27.8780  24
122565  47.8200  38.8510  -31.7280  26    34560  51.5780  -36.3540  -42.9150  26
122566  46.9720  38.2880  -31.8880  27    34529  52.4020  -36.2810  -42.2670  27
122567  46.0620  37.8480  -32.1290  28    35674  4.5550  -46.3890  27.4090  28
122579  46.6850  38.9190  -33.1620  29    35698  11.6980  55.7050  6.5130  29
123304  44.4020  40.0150  -24.4350  30    80790  18.3170  -62.4240  31.1800  30
123305  43.1370  40.2030  -24.4550  31    80791  47.6380  -14.7970  -18.2680  31
123306  42.4430  40.4000  -24.4940  32    11101  12.6330  54.4950  39.1620  32
123310  49.0970  39.5910  -25.7230  33    12646  51.3110  19.0300  32.3080  33
123311  47.7390  39.3030  -25.3370  34    80992  55.5780  -14.4320  -23.1060  34
123312  46.3280  39.1310  -25.2260  35    31022  3.3190  -5.1840  -28.6540  35
123313  44.9920  39.0960  -25.3330  36    31023  38.8900  -4.5590  26.1630  36
123314  43.5730  39.1870  -25.6290  37    31486  23.7370  -72.3990  -36.4530  37
123315  42.1470  40.0160  -25.3810  38    80823  53.5920  -13.1660  35.2190  38
123316  41.3080  40.3400  -25.7610  39    13052  24.2320  43.9020  -39.8620  39
123320  50.4410  39.9090  -27.4930  40    14148  16.3160  -23.7530  -31.0520  40
123321  49.5710  39.1560  -27.0640  41    31739  50.2840  -19.8060  -42.3260  41
123323  47.0600  38.2990  -26.2890  43    31058  49.3880  -45.3680  14.3580  43
123325  42.6010  39.0140  -26.8210  45    32284  21.6760  42.3600  -39.1870  45
123334  49.8240  39.4170  -28.6640  47    16554  57.6390  -44.1640  -33.1520  47
123335  48.7940  38.4760  -28.0920  48    32084  6.7540  -9.7210  57.8110  48
123360  49.2860  40.1700  -31.5070  51    18368  56.2060  -11.6430  11.7310  51
123361  48.4410  39.6400  -32.0070  52    34572  2.4750  25.8480  -30.0000  52
123372  47.9340  40.3330  -33.1550  54    19501  20.8420  60.5000  31.4230  54
123373  47.3370  39.6950  -33.2400  55    35715  3.6930  -46.3580  28.3800  55
124117  43.4480  41.8730  -22.7190  56    10967  63.3920  -43.1270  -12.6770  56
124119  41.9750  41.3420  -23.2050  58    11083  26.9790  82.2190  1.6700  58
124123  46.2140  41.4180  -23.5870  59    11753  59.2180  16.6070  -34.7630  59
124124  45.3160  40.9200  -23.6720  60    11754  63.9690  20.3670  -11.9220  60
124125  43.8200  41.1340  -23.3960  61    10966  18.0080  69.3260  9.6010  61
124126  42.5260  40.8520  -23.7820  62    10965  5.1900  57.0230  8.0200  62
124132  50.5910  41.7000  -25.3260  64    12648  34.5510  -67.3510  -6.0350  64
124134  48.3630  40.4700  -24.6610  66    12990  39.3760  -40.6440  24.1600  66
124135  46.8340  40.4880  -24.2360  67    11755  64.0590  20.3600  -10.6560  67
124136  45.5850  39.8700  -24.5030  68    11776  32.5410  -46.5230  33.5270  68
124138  41.1400  40.7910  -25.0110  70    12082  53.5890  38.4000  -20.5860  70
124146  52.0830  42.1940  -27.0660  71    12948  63.9610  -9.9280  20.3330  71
124147  51.1850  41.1660  -26.5160  72    12647  43.8410  -71.5230  -18.2380  72
124165  51.9520  41.6830  -28.2450  74    14126  40.5460  -2.9200  -9.8050  74
124182  51.9080  41.9510  -29.2420  77    3759  37.9670  23.6100  44.3180  77
124183  51.2460  41.3130  -29.8520  78    3775  57.9100  2.8480  -10.8760  78
124193  50.7650  41.5240  -31.0310  80    17645  21.9170  -61.9060  33.4090  80
124194  50.0580  40.8250  -31.1490  81    17625  9.9050  50.3690  -28.1730  81
124204  48.3630  40.9990  -33.2120  83    18369  32.5050  -8.0570  -45.2740  83
124993  42.6380  43.2230  -21.6650  85    75944  37.1920  -36.0010  46.8340  85
124995  41.2300  42.4970  -21.8960  87    75990  64.0560  5.9490  22.1470  87
125000  44.8320  42.9070  -22.5660  88    76466  26.2950  -48.4960  28.8420  88
125001  44.1950  42.3200  -22.5470  89    10988  38.2770  40.6020  20.8770  89
125002  43.0000  42.5160  -22.1440  90    10989  14.4510  42.3810  -35.3480  90
125003  41.8270  41.9740  -22.4360  91    11125  13.0070  41.1620  -34.5090  91
125004  40.6350  42.0950  -22.5440  92    75996  6.1850  21.4860  -39.3320  92
125005  39.7970  42.1440  -23.0500  93    76694  36.9650  -72.9060  -4.2340  93
125011  47.9750  42.9200  -23.9760  94    1733  26.0470  -49.2060  25.3430  94
125012  47.1130  42.1450  -23.6750  95    11806  52.2070  13.3180  -37.9490  95
125013  45.5150  42.2670  -23.0440  96    11807  51.9290  14.7980  -38.2290  96
125014  44.7170  41.6350  -23.1260  97    11063  16.2670  -42.2660  -1.8360  97
125016  40.3220  41.7400  -23.6030  99    76681  36.7950  24.0430  -7.8110  99
125024  51.9810  43.3640  -25.9060  100    12669  33.6680  30.0480  -10.0110  100
125026  49.8730  42.3970  -24.7680  102    12670  33.3410  30.5010  -10.6480  102
125027  48.5520  41.9060  -24.2510  103    11873  56.9140  -37.1650  28.9760  103
125029  40.8540  41.2890  -24.1090  105    12060  42.3670  -49.9360  -0.2330  105
125041  52.8940  43.6360  -26.9190  106    1922  15.1220  -13.9000  54.0240  106
125066  49.6850  42.6210  -32.8610  116    4327  3.1600  80.4390  -37.4440  116
125067  49.0570  42.0570  -33.1480  117    18370  35.7000  -4.3480  52.0720  117
125069  46.6110  42.7150  -35.0450  119    19503  25.1130  -40.7120  42.9890  119
125811  43.8270  43.9650  -21.7950  120    75950  52.7620  -9.1410  41.1850  120
125813  42.1940  43.9350  -21.2680  122    75951  2.8440  4.5890  47.2890  122
125814  41.1460  43.2650  -21.3650  123    76177  9.4270  -81.7550  -14.8600  123
125815  40.0910  43.1270  -21.2990  124    90083  12.9000  -39.8260  -10.7950  124
125823  44.3320  43.7070  -22.1370  126    76499  4.7590  22.0640  -40.5220  126
125826  39.6510  42.6140  -22.1900  129    76717  60.9620  -40.7990  2.9520  129
125838  46.2630  43.6890  -23.1950  132    76516  64.8610  -21.6910  -40.2840  132
125849  52.7780  44.6860  -25.9710  133    1055  36.5300  -70.8180  -4.8880  133
125850  52.3820  44.3990  -25.8410  134    1054  36.9420  28.9180  8.9590  134
125852  50.2040  43.8520  -24.9320  136    1678  35.4310  -33.1620  32.7990  136
125854  47.7410  44.5880  -24.1070  138    1762  7.1610  -45.2360  -20.7470  138
125874  53.0200  43.6990  -28.6770  144    3758  42.5540  3.0040  -17.8000  144
125883  51.0170  43.6120  -31.8780  149    3776  49.0710  6.5100  -6.3150  149
125884  50.1720  43.2620  -32.6040  150    3803  6.5700  -60.9160  -29.9870  150
125886  48.0190  43.3880  -34.3860  152    4349  49.1220  56.2570  -2.4070  152
125887  46.5770  44.0360  -35.3980  153    4406  39.2140  58.0720  -37.2400  153
125888  45.5880  44.4580  -35.8470  154    4453  69.9650  -24.9940  -11.0980  154
126604  43.7930  44.5280  -21.6970  155    64818  16.5210  -7.6520  21.5960  155
126617  45.2850  44.5070  -22.6320  156    65830  47.0150  -26.2660  -34.0960  156
126618  44.5140  45.1030  -22.1010  157    64849  59.2670  42.5920  4.5720  157
126630  46.0550  45.2020  -23.2150  159    65856  20.9220  -46.2080  -31.8810  159
126638  51.9460  45.2960  -25.4750  162    1053  54.3830  18.1920  -34.9330  162
126640  49.4510  45.1380  -24.7680  164    1705  27.4360  -44.0220  29.4810  164
126642  47.4680  45.5650  -24.0970  166    66300  9.6530  17.5500  -35.0350  166
126657  53.3470  45.1790  -29.4680  173    67461  2.4620  7.1680  33.2710  173
126659  51.5090  44.4110  -31.6420  175    3757  47.3550  -4.8290  -44.8150  175
126660  44.3860  46.4600  -36.4200  176    67823  23.2360  -41.3360  -12.2670  176
126662  43.8860  46.8430  -35.9660  178    4786  3.4190  -69.8060  -11.3560  178
126671  48.3940  44.2490  -34.4720  181    4326  2.7170  79.4700  -36.6330  181
126672  47.1080  44.5430  -35.3110  182    4373  52.1720  -40.1440  -14.2000  182
126673  45.9180  45.1690  -35.9000  183    4435  60.0740  41.7830  -6.0180  183
126674  44.8890  45.8430  -36.2500  184    4454  24.0540  -19.1450  55.3400  184
127403  46.7060  46.1290  -23.7260  186    65877  4.8350  17.6960  -34.8030  186
127410  53.2710  46.0260  -25.8020  188    66636  48.1090  -42.5940  -10.0760  188
127412  51.5000  46.4490  -25.2170  190    46295  19.9560  63.4790  -39.3060  190
127413  50.1240  46.4880  -25.0670  191    66675  58.6430  11.7580  25.9670  191
127431  54.2870  46.4980  -26.9530  199    47365  36.4230  -63.0770  -34.9910  199
127432  54.2150  45.8480  -27.8310  200    67404  28.6160  -51.6930  24.8920  200
127441  51.9960  45.5500  -31.6540  204    48493  4.2800  52.7030  -10.1560  204
127444  43.5820  47.2460  -35.7050  207    48878  15.4500  -48.0590  14.2820  207
127455  50.2660  45.4170  -33.5720  209    67792  46.8230  -20.1120  -47.6550  209
127456  48.8910  45.0740  -34.5610  210    68730  21.1250  -75.9510  8.4610  210
127460  44.1310  46.7680  -36.2240  214    68006  43.9970  75.3780  -21.7450  214
127476  49.2230  45.8570  -34.6900  215    50054  13.8080  -40.3490  -9.9930  215
127478  46.9190  45.8790  -35.8920  217    51561  14.7580  49.1500  40.9360  217
127479  45.9430  46.1330  -36.1670  218    50445  20.9350  61.7440  -38.6270  218
128184  49.9270  47.2230  -25.0710  221    46389  70.3160  -13.6000  -16.5800  221
128185  49.3320  47.1370  -24.9170  222    45824  21.1920  -54.9490  -33.9220  222
128186  48.4750  47.3950  -24.6230  223    45226  2.4240  37.8960  -13.0870  223
128190  54.5140  47.7790  -26.1510  225    46294  19.7640  64.5100  -39.3200  225
128204  53.8970  47.1830  -29.7690  233    47366  32.6470  44.5970  -13.6280  233
128213  52.5690  46.9130  -31.6170  234    47415  51.5940  33.3660  -51.3720  234
128215  43.3750  47.6240  -35.4940  236    48877  32.2280  44.8570  -17.1420  236
128230  51.9810  47.4060  -32.7060  238    48507  43.1630  15.4840  32.6920  238
128231  51.2470  46.6640  -33.1780  239    48494  23.5990  -42.4810  -12.2070  239
128232  50.0090  46.5540  -34.4240  240    50053  38.3960  -46.3960  -38.0120  240
128234  44.0830  47.0130  -36.2480  242    50407  55.4750  -54.8970  -23.2480  242
128235  43.7510  47.3030  -35.8880  243    48926  8.6980  6.9130  55.9580  243
128250  47.4850  46.4630  -35.9600  245    51485  70.9730  -25.1620  -13.9660  245
129006  54.9730  48.9930  -25.8900  249    30180  47.1830  39.8110  5.0850  249
129007  54.3230  48.6910  -25.5010  250    30181  13.6580  50.8190  -38.0390  250
129009  51.9320  48.6310  -25.0290  252    46371  19.0080  26.2630  47.4140  252
129010  50.5120  48.5490  -25.0410  253    45825  20.3610  57.3540  31.6730  253
129021  54.6990  48.4820  -28.8890  257    47367  32.3230  45.0480  -14.9070  257
129022  41.3610  49.4340  -32.5410  258    48966  17.2040  31.7050  45.6500  258
129033  53.7970  48.2900  -30.6150  259    47416  15.6940  -64.2470  25.2480  259
129034  42.7180  48.3450  -35.0100  260    34025  25.4100  -21.4780  55.6880  260
129035  42.4220  48.6240  -34.4910  261    48879  8.6350  -29.6980  19.7030  261
129050  52.6550  48.1540  -32.2010  263    48526  17.6690  32.1390  46.4870  263
129053  43.4250  47.7110  -36.0450  266    35250  7.6130  7.4120  -34.9180  266
129066  50.8270  48.4250  -34.5290  268    36463  50.2130  -30.2640  -36.8310  268
129067  49.7520  47.8040  -35.1960  269    50055  19.1550  -27.8530  -23.7410  269
129068  48.0270  47.2380  -36.0970  270    51486  71.0990  -24.2410  -14.0600  270
129070  45.5820  46.9920  -36.5640  272    36843  66.1330  2.5370  12.3030  272
129071  44.4470  47.1790  -36.5550  273    35292  2.6480  67.0240  -21.5580  273
129086  48.3080  48.0960  -36.3180  275    38050  51.9560  -30.2970  -40.5980  275
129839  54.2430  49.5630  -25.2920  281    30182  22.5290  41.9380  -38.9560  281
129840  53.1730  49.6830  -25.0940  282    30269  34.4410  76.8850  -0.9660  282
129841  51.7880  49.7510  -25.0300  283    30270  27.6320  69.3610  -18.4960  283
129856  41.3220  49.9640  -32.2520  288    32186  19.9800  -22.8960  59.7560  288
129857  40.7480  50.0700  -31.9180  289    32632  42.0950  35.7960  10.8820  289
129871  54.7390  49.7780  -29.4640  290    32067  5.0840  38.7230  16.5660  290
129872  42.7710  48.8450  -34.4410  291    34024  2.6500  -31.5540  35.0960  291
129874  42.0050  49.3990  -33.0740  293    32187  41.2020  -16.4470  -42.6890  293
129888  53.5670  49.3240  -31.4370  294    33964  53.3940  -43.0530  30.4630  294
129889  52.4820  49.1100  -32.9150  295    35189  45.3390  -32.3350  36.9190  295
129903  51.5250  49.0510  -34.0950  298    35228  20.5560  -25.5920  58.9970  298
129918  49.6460  48.9440  -35.8100  301    36464  49.7480  -29.2780  -36.1720  301
129921  45.7510  48.3600  -37.2660  304    38067  1.1330  38.3540  -3.0810  304
129933  46.3460  48.8370  -37.3680  307    38089  51.9940  -48.4670  -3.8650  307
130654  53.1880  50.5110  -25.2080  310    30268  45.1190  -39.7940  7.3210  310
130688  55.3530  50.6480  -27.6450  315    32068  6.0450  38.2830  16.3930  315
130706  54.9830  51.0110  -29.0930  318    32086  42.5720  -0.3430  28.9280  318
130708  42.3020  49.8170  -33.4320  320    34023  50.8380  -45.2700  13.0180  320
130709  41.5050  50.5310  -32.3780  321    32185  19.4260  -32.4000  41.7890  321
130719  54.1660  50.6160  -30.9140  322    33965  14.3310  61.4960  -16.4890  322
130720  53.2500  50.0110  -32.2750  323    35190  31.5280  -32.1660  -38.4500  323
130722  42.7080  49.2680  -34.6400  325    10916  14.5100  -19.2750  25.1210  325
130735  53.4220  50.7870  -32.3200  327    4308  18.0830  67.5020  10.2260  327
130736  52.3870  50.2350  -33.5590  328    35229  63.3610  -26.6010  4.7260  328
130737  51.3270  49.7300  -34.5980  329    36437  32.2600  9.1510  -49.1440  329
130738  42.8090  48.8060  -35.8830  330    35251  59.0090  11.7830  7.1290  330
130751  51.5690  50.4730  -34.6840  332    705  18.1710  24.9600  49.6110  332
130753  49.1840  49.7970  -36.4440  334    14495  32.5620  66.2610  -1.4970  334
130754  48.1640  49.3740  -36.9560  335    38049  55.4900  -31.4060  34.9950  335
130756  44.0720  48.7750  -37.2020  337    36820  62.5060  15.8460  5.3500  337
131450  54.8840  50.6550  -27.0320  342    8262  48.2310  2.7630  38.5700  342
131454  38.9810  52.5980  -30.5170  343    8825  6.7790  -30.8150  -12.4050  343
131470  55.1660  51.5690  -28.0170  344    8263  41.3440  20.5600  -6.8320  344
131473  40.5860  51.5150  -31.5950  345    10217  45.0010  48.0260  -19.5730  345
131485  54.7700  51.6580  -30.0070  347    10104  6.2730  24.2380  -21.0700  347
131486  41.8360  51.0180  -32.9940  348    10885  6.0450  57.9630  -36.5060  348
131487  41.2130  51.5310  -32.1820  349    10277  66.9860  -0.2600  -22.6230  349
131496  54.0290  51.5860  -31.6600  350    10839  35.7640  47.3380  -18.1750  350
131505  52.2560  51.3190  -34.2650  354    704  2.7530  12.6670  42.3830  354
131506  42.6940  49.6220  -36.2610  355    12122  19.3320  58.4080  -41.1910  355
131516  50.0110  50.9640  -36.2950  358    13053  40.4880  -62.7620  -37.1370  358
131518  43.2210  49.9340  -37.2810  360    69964  32.3180  41.8180  -52.9020  360
131527  46.5380  50.5660  -38.0290  363    14515  15.7430  55.6530  34.6200  363
131528  45.1390  50.3200  -38.1910  364    15015  48.8810  38.3340  -22.4360  364
131529  43.7870  50.5600  -38.1310  365    15299  26.3450  33.1940  -45.2530  365
132181  55.0400  52.3480  -29.3730  369    10056  43.1880  -0.1250  33.9560  369
132185  39.9160  52.5720  -31.1910  370    10218  44.1070  48.2910  -19.3500  370
132186  39.1980  52.8670  -30.6710  371    8824  21.3780  77.1570  -26.3390  371
132191  54.4580  52.4520  -30.9810  372    10132  17.1600  69.6640  9.4200  372
132192  41.1970  52.2180  -32.5470  373    10886  15.9220  -50.1460  4.3030  373
132193  40.6640  52.3580  -31.7940  374    10258  45.2120  33.6440  -27.0050  374
132199  53.7310  52.4600  -32.4480  375    10859  21.4260  43.3580  -38.2770  375
132200  42.0570  51.1290  -34.3730  376    12099  42.1860  42.9860  -38.0870  376
132201  41.6650  51.7800  -33.6090  377    10915  11.4390  -30.2410  22.0510  377
132209  52.9180  52.3880  -33.7630  378    3030  63.0450  -43.3830  -28.5980  378
132210  51.9870  52.2610  -34.9330  379    706  45.6400  25.8060  14.6370  379
132211  42.3250  50.5720  -36.3830  380    69965  49.6900  -33.6920  -35.3070  380
132212  41.8170  51.4870  -35.3090  381    12134  55.9170  13.6270  -10.6500  381
132220  50.9310  52.1070  -35.9280  383    13054  2.6550  -49.5400  14.4070  383
132221  49.8840  52.0310  -36.7290  384    13360  11.6140  -67.0670  -10.4750  384
132231  47.3340  51.8590  -38.1280  388    14494  33.0860  67.2860  -0.9580  388
132240  45.8700  51.9480  -38.5910  393    15016  35.6320  -64.1130  2.4470  393
132241  44.4460  52.0030  -38.7100  394    15287  54.0620  -33.5080  21.6750  394
132842  38.3100  53.7240  -29.8710  398    39218  49.4200  -36.9970  -29.1680  398
132853  39.3630  53.4720  -30.9180  400    40276  9.9300  61.7880  -31.2530  400
132860  54.7200  53.1240  -30.3840  401    67929  5.6630  -69.7820  -15.9960  401
132870  54.1340  53.3710  -31.8440  404    68355  59.0360  31.0410  -7.7530  404
132871  41.0180  52.8470  -33.0710  405    68588  25.0060  -34.6290  -34.7200  405
132872  40.5000  53.5580  -32.8040  406    41279  31.7510  13.5440  45.3280  406
132881  53.4370  53.4390  -33.1930  407    42651  19.3500  -32.5710  56.4570  407
132882  52.5750  53.3950  -34.4160  408    44074  60.1970  -46.9140  -11.8160  408
132884  41.2070  52.4710  -34.6940  410    68937  15.7870  -37.6820  -27.7560  410
132894  51.5840  53.2670  -35.5450  411    44117  1.5290  45.7230  -8.8730  411
132897  40.8610  52.8770  -36.1730  414    44169  27.1340  -49.8370  -27.8180  414
132908  41.4140  52.3490  -37.2180  417    69987  30.6700  -75.8920  4.8290  417
132919  42.4090  52.6510  -38.4260  423    70613  57.7800  51.7470  -20.1710  423
133624  39.5760  54.0070  -31.5530  426    41254  22.6800  -39.1660  -1.4820  426
133633  54.4090  54.2100  -31.2640  428    41194  3.8930  -2.1560  24.2740  428
133644  53.7900  54.4440  -32.5930  430    41897  28.9830  34.1540  25.1740  430
133645  40.2400  53.7270  -33.7520  431    43078  57.2150  16.6870  -7.4170  431
133659  40.2440  53.5980  -35.3640  435    43108  38.0280  1.9140  0.9790  435
133677  50.4170  54.9150  -36.9370  439    44768  50.5020  -46.8770  19.1320  439
133678  49.7020  54.1430  -37.3320  440    44741  48.2750  -63.1660  -34.8190  440
133679  48.4150  54.0820  -38.0670  441    45662  26.6940  41.8530  32.4100  441
133680  41.3590  53.3180  -38.0230  442    45149  13.8490  58.3710  -6.5550  442
133686  47.1400  54.1440  -38.6020  444    45663  14.4180  -65.2580  26.0200  444
133687  45.8190  54.0040  -39.0280  445    83833  51.2730  -7.8910  -18.4790  445
133688  44.4390  54.0610  -39.1990  446    46754  24.5460  -54.4030  42.8350  446
134347  37.7340  54.9100  -29.4770  453    10860  34.5940  47.1940  -18.0750  453
134357  38.4670  54.7470  -30.4940  454    11969  69.0790  -12.2790  -32.7510  454
134367  39.0990  54.6830  -31.5860  456    41255  58.4690  -20.1990  18.6350  456
134378  54.4540  55.2640  -30.8550  458    41195  21.3220  -68.2770  -37.4810  458
134391  53.9700  55.4440  -32.0400  461    41898  46.1210  40.2300  -10.1420  461
134392  39.3750  54.6460  -33.8500  462    13889  44.9640  -53.1470  -2.4270  462
134404  53.4050  55.5800  -33.1620  464    42652  35.5150  -21.1940  43.1950  464
134405  52.6670  55.6690  -34.3370  465    44075  48.0960  -48.5270  1.8840  465
134420  51.8280  55.5850  -35.5560  467    44118  3.5570  56.4940  33.1760  467
134421  39.5770  54.5350  -36.2050  468    44168  0.8760  45.3060  -10.1030  468
134430  50.9440  55.6350  -36.5310  469    44797  35.0090  -72.4860  6.4120  469
134433  40.1230  54.7520  -37.5330  472    45130  50.1310  -43.7120  17.6290  472
134441  49.2000  56.0900  -37.7810  473    18805  6.5280  70.7680  -45.6490  473
134442  48.3270  55.4220  -38.2290  474    45664  40.2560  -64.1010  -1.8020  474
134445  41.8020  55.3160  -38.8430  477    21557  17.2990  54.9470  28.4900  477
134457  45.7070  55.8360  -39.1670  479    21150  14.0910  -26.6490  38.3330  479
135124  37.3120  55.9550  -29.7680  484    10861  4.0170  51.3480  -48.9690  484
135125  36.8510  55.9440  -29.4860  485    9663  21.9560  -80.0020  -36.3220  485
135133  37.8580  56.0820  -30.5240  487    10862  31.2400  62.4560  8.3600  487
135134  37.4990  56.7810  -30.5040  488    10887  49.5850  -42.7070  -26.9320  488
135142  38.3980  55.9190  -31.2960  489    11970  48.2690  -6.1180  -49.7650  489
135143  38.0730  56.9240  -31.2990  490    11992  18.2780  -78.4410  8.6270  490
135151  54.3220  56.5360  -30.5250  491    12260  21.9510  -44.5580  -29.9880  491
135152  38.8310  55.5560  -32.7360  492    12738  44.1700  -0.4340  -17.5720  492
135163  53.9290  56.6440  -31.6070  494    13547  38.6420  48.1540  -19.6100  494
135164  53.4440  57.2070  -32.3760  495    13569  10.7540  57.1060  -43.3720  495
135176  53.0610  56.8950  -33.4320  499    15079  29.8060  68.2150  4.4060  499
135178  38.6110  56.0070  -34.7640  501    15156  19.1030  55.6140  32.9650  501
135190  52.2040  56.8670  -34.8630  502    16191  54.1440  -33.3210  -44.8930  502
135192  38.8940  55.3170  -35.5560  504    16247  35.9000  -13.3050  -35.7340  504
135207  50.6350  56.9190  -36.6550  507    16935  61.7000  -13.3110  13.6470  507
135208  49.7680  57.3160  -37.3270  508    16957  65.5270  -9.3830  18.9740  508
135209  39.2680  55.9040  -37.0800  509    17131  17.0740  -38.8950  51.6940  509
135210  38.9580  57.1340  -36.9800  510    16312  55.2060  16.2260  -53.2200  510
135227  47.3840  56.6610  -38.6410  513    21074  2.7920  -3.0710  44.8860  513
135230  40.7740  56.1430  -38.3800  516    19325  12.7250  -29.7070  12.0540  516
135246  44.0630  56.1750  -39.3000  519    21214  13.8340  -39.0380  42.1820  519
135247  42.7900  56.0770  -39.2050  520    21558  5.8200  54.5400  -24.4130  520
135897  47.5110  60.4860  -24.5220  521    71019  52.7530  24.7680  23.2640  521
135908  51.0540  61.1210  -25.9070  522    71312  4.2410  -8.8860  55.7970  522
135909  50.0910  61.1510  -25.1260  523    71331  36.2510  -74.5830  -4.5740  523
135910  49.0370  61.0390  -24.8860  524    71350  9.3270  -48.3270  39.6140  524
135926  52.8130  60.3690  -27.8370  526    71785  28.8560  12.4930  -47.3230  526
135927  51.8350  60.9640  -27.0330  527    71802  53.1990  -48.0960  19.5700  527
135928  50.9610  61.3460  -26.0890  528    71820  14.7030  55.8950  29.7750  528
135931  36.8750  56.3660  -29.8890  531    9683  21.0850  -79.9780  -36.1200  531
135939  53.3420  59.6530  -29.0820  532    72630  53.1530  59.7920  -15.0500  532
135940  52.4210  60.7420  -28.4640  533    72650  10.7870  31.0150  16.4670  533
135941  51.6690  61.1740  -27.2330  534    72670  43.0690  34.8060  -17.5990  534
135951  54.1660  57.6730  -30.0550  537    10841  7.0400  58.0350  -36.0910  537
135952  53.6990  58.7270  -30.1560  538    73216  31.2830  32.4820  -40.5490  538
135953  53.1100  59.7660  -30.1000  539    73234  22.8890  -23.3580  57.9120  539
135954  52.5280  60.5860  -30.0180  540    73261  39.4920  79.9600  -22.7460  540
135955  38.3600  57.2350  -32.0600  541    12707  4.0610  7.4120  51.4250  541
135968  53.8700  57.7020  -30.9100  543    12693  47.7730  19.0000  -14.5740  543
135969  53.4010  58.6980  -31.1840  544    73810  13.8500  60.1560  -4.3140  544
135970  52.7630  59.6990  -31.4680  545    73985  9.7090  -25.0350  55.2590  545
135971  52.3110  60.6470  -30.9740  546    73448  20.7220  73.4340  -37.5470  546
135973  38.5840  57.1090  -32.9810  548    12758  14.9460  -87.5840  -18.6290  548
135985  53.0960  58.2680  -32.5020  550    15080  39.1870  -42.4510  -39.1570  550
135986  52.3890  59.2400  -33.0710  551    74874  37.2440  -14.8580  51.5160  551
136003  52.4620  58.0350  -33.9100  554    15097  7.5390  70.2120  -8.5610  554
136004  51.8440  58.8680  -34.4610  555    75416  68.7530  -0.1160  15.5340  555
136017  51.1660  58.2910  -35.7870  558    16936  66.4460  -9.2710  19.4230  558
136034  48.3550  58.5930  -38.0690  562    19261  52.3370  8.1760  22.1160  562
136035  39.7560  57.3370  -37.7480  563    19283  50.6670  -58.1970  11.6610  563
136036  39.2230  58.1570  -37.2420  564    19300  28.9150  78.5240  -11.9240  564
136049  47.1360  58.0720  -38.6470  566    21092  41.0490  74.0120  -18.3040  566
136050  45.4790  57.8350  -39.1630  567    21172  45.3270  61.3370  -0.9280  567
136053  40.9360  57.8550  -38.4090  570    19348  56.2010  -11.6290  9.7890  570
136677  46.8980  60.4700  -24.5690  574    71049  54.7640  58.2960  -10.8480  574
136682  48.9790  61.1350  -24.9370  576    72025  21.8930  -51.8750  5.6680  576
136683  47.9520  60.9780  -24.8130  577    71417  37.9910  57.7740  -11.3690  577
136696  50.8620  61.4850  -26.2000  579    72864  68.1490  -0.4040  18.0000  579
136697  49.9880  61.5320  -25.4080  580    72041  4.4180  -6.7440  39.2410  580
136699  37.3180  57.5400  -30.8660  582    72907  32.3560  -11.0730  53.6260  582
136713  52.1000  61.1500  -28.9820  584    73268  28.2070  -72.9570  -37.4760  584
136714  51.3930  61.4790  -27.3880  585    72885  54.8070  29.1550  1.8820  585
136716  37.7500  58.2610  -31.3950  587    53959  34.6090  2.8740  52.4680  587
136717  37.5220  58.0900  -31.1690  588    52778  16.7100  -85.3820  -28.6030  588
136731  51.8350  61.5530  -29.0520  591    89132  4.7820  -34.5890  6.9330  591
136732  38.2740  58.2570  -32.1650  592    74040  49.9260  59.6280  -16.6240  592
136744  52.1480  60.3540  -32.2120  595    74879  38.7650  30.0320  -8.6640  595
136745  51.8850  61.3170  -31.0940  596    74884  5.8020  76.1740  -24.9000  596
136760  51.7010  59.9790  -33.7000  600    74900  38.3050  -14.8860  51.0460  600
136761  51.5370  61.0040  -32.8350  601    89395  35.8460  -30.7210  33.8270  601
136762  38.5650  58.0450  -34.5930  602    74939  56.8300  28.4900  -42.3630  602
136783  51.0970  59.5650  -35.1240  604    75435  44.6030  61.0860  -9.8700  604
136784  50.9900  60.6920  -34.4020  605    89656  27.2360  -58.5420  -32.8140  605
136785  38.7380  58.7040  -35.6050  606    59130  40.2680  31.6880  10.0920  606
136802  50.2310  60.2690  -35.8520  609    89936  48.6860  -15.7220  -17.8630  609
136818  49.1760  59.5460  -37.2300  612    77637  49.3220  12.6350  -65.8500  612
136820  40.1980  58.8310  -37.8590  614    60561  15.9110  -23.5050  28.5610  614
136830  46.2920  59.1680  -38.7550  616    60475  51.4990  62.0570  -18.2220  616
136831  44.7930  59.0270  -39.0700  617    78294  60.9860  9.4050  -30.1680  617
136832  43.2820  58.8080  -39.0220  618    60994  8.1960  -33.4100  5.3380  618
137425  45.6690  61.0060  -24.3060  621    51110  53.1840  0.1490  -3.9870  621
137430  47.8530  61.3600  -24.8300  623    51702  34.2720  12.3570  32.2450  623
137431  46.8430  61.2000  -24.7370  624    51254  43.6930  -62.5060  -36.2990  624
137440  49.9390  61.8040  -25.4410  625    52365  2.5890  59.8100  -11.8010  625
137441  48.9110  61.5970  -25.0660  626    51740  32.8070  -20.5170  38.2400  626
137442  37.2220  57.8440  -31.0700  627    52779  24.9490  42.0100  25.2850  627
137455  51.1840  61.8860  -27.2310  629    53859  33.2000  -38.2660  -13.3770  629
137459  37.0340  58.8470  -31.3920  633    52777  25.6970  29.7870  38.1960  633
137467  37.2300  60.0530  -31.8430  637    53958  27.8160  -0.5990  55.6480  637
137472  51.6130  61.8930  -30.8910  638    55298  18.1650  -53.0320  31.1490  638
137473  51.6920  61.9270  -29.7920  639    54426  57.4450  -26.7050  33.9890  639
137474  38.3600  59.2960  -33.2910  640    55384  31.8210  -34.3710  34.8910  640
137475  37.9970  59.5810  -32.9540  641    54472  33.2180  -17.6310  41.7390  641
137476  37.3530  60.4790  -33.0390  642    54471  6.8610  -28.7360  16.2010  642
137498  37.7770  60.4370  -34.1650  645    55383  2.7320  81.0710  -26.8630  645
137518  50.8710  61.6830  -33.5690  646    57842  55.0030  -30.6750  11.2220  646
137520  38.5880  59.7250  -35.2380  648    57906  4.8850  8.6770  11.2590  648
137533  50.1340  61.4450  -35.1550  649    58837  24.0260  -43.5930  39.7030  649
137535  38.9070  60.6720  -36.0480  651    5956  34.8170  -74.1450  -26.2790  651
137545  49.2290  61.0270  -36.5100  652    59690  13.3530  12.6220  -33.7360  652
137546  48.0160  60.7810  -37.6010  653    59712  48.7750  29.5760  30.3820  653
137547  46.6520  61.1550  -38.1280  654    60476  7.2690  -49.3900  39.9140  654
138093  44.9760  61.7160  -23.9050  662    46357  17.7900  73.1560  10.4200  662
138094  44.8480  61.8260  -23.5540  663    50636  10.3630  65.4670  31.1790  663
138098  45.9730  61.6990  -24.4860  664    51128  10.1680  -41.5750  38.3750  664
138105  47.8700  61.7920  -24.8180  666    51703  59.4000  37.8100  -13.6760  666
138106  46.8880  61.8410  -24.6420  667    51276  43.4130  -63.7400  -36.7220  667
138113  49.9050  62.0750  -25.5240  668    52366  2.4630  68.8640  -41.8890  668
138114  48.9220  62.0400  -25.0610  669    51753  10.9730  -42.9350  51.0100  669
138115  36.8980  58.2860  -31.2500  670    52797  3.0890  13.4290  -18.5900  670
138127  51.0640  62.2950  -27.2080  671    53860  63.1100  -33.1790  -14.6660  671
138129  36.9300  60.2960  -31.6790  673    53983  55.1700  32.6070  22.6260  673
138140  51.4850  62.3260  -28.7420  676    53926  33.3720  7.4900  51.0000  676
138141  36.9890  60.8540  -32.8350  677    62  45.1730  -19.1890  -47.6930  677
138157  51.3820  62.4670  -30.7180  679    55299  7.9020  -42.8020  42.9560  679
138182  50.8140  62.5450  -32.6370  683    55352  15.1750  -83.7840  -0.9250  683
138193  50.0920  62.4550  -34.3380  686    57858  2.5030  33.7310  15.5890  686
138195  38.0480  61.2960  -35.1840  688    3783  21.8120  -53.7620  5.9500  688
138203  49.0150  62.3310  -36.0200  689    4333  41.4470  -25.5940  30.6450  689
138204  48.1350  62.7920  -36.4860  690    4353  62.6020  -31.8360  -5.0760  690
138205  39.6970  61.1770  -36.7340  691    5505  48.8600  -39.3460  -26.6590  691
138214  47.5640  62.1700  -37.2270  694    60510  46.4220  -17.6530  -18.7480  694
138215  45.8370  62.0090  -38.0240  695    60529  17.2880  -60.6950  17.4120  695
138216  44.2860  61.9250  -38.1480  696    5469  48.0780  6.2340  -19.8960  696
138217  42.7970  61.6460  -38.0660  697    60604  50.1660  30.5390  29.7520  697
138218  41.2070  60.8850  -37.7700  698    5506  41.8110  -23.8960  28.6420  698
138686  45.6770  62.8620  -23.6470  705    46337  59.1040  -46.2610  -9.5830  705
138697  47.5250  62.3350  -24.5480  710    47532  23.3390  -9.2570  38.0070  710
138709  49.5350  62.4600  -25.2050  712    49056  41.6950  -62.8980  -35.4460  712
138712  36.4970  58.9180  -31.5090  715    52813  39.8620  22.4160  19.8310  715
138721  50.9580  62.8130  -26.9870  716    49479  35.1090  -20.4530  -24.6570  716
138722  50.4330  62.5490  -26.0870  717    83189  15.3370  -19.6690  -17.2850  717
138725  36.5030  60.1160  -31.4690  720    49930  4.0660  -3.3140  6.3720  720
138726  36.1690  60.0140  -31.5300  721    49951  20.5940  -28.0020  -23.6550  721
138740  51.3060  63.2750  -28.7470  722    2335  26.5530  49.6750  -37.3170  722
138744  36.5800  61.7950  -32.6470  726    286  57.1040  1.9540  14.5720  726
138759  37.7320  61.5730  -34.1570  729    2503  55.2770  -41.9770  6.2830  729
138760  37.4280  61.7800  -33.8410  730    61  43.2890  -19.3050  -47.7590  730
138761  37.2140  62.0730  -33.5650  731    60  44.2600  -19.6180  -47.8260  731
138774  50.8300  63.3370  -31.6410  732    2336  26.5000  49.5440  -37.9640  732
138783  50.0180  63.4390  -33.5490  735    3668  47.6560  -38.6710  -14.4080  735
138784  49.0960  63.7810  -34.6870  736    4334  22.9780  -17.3360  48.8120  736
138785  38.8310  62.3640  -35.6850  737    4557  26.7800  -35.9710  32.6840  737
138795  47.1920  63.6710  -36.5490  741    4463  57.2820  30.0820  -18.9970  741
138796  41.6600  63.1660  -37.1660  742    5507  4.7990  -17.6780  54.2140  742
138807  43.7000  62.7310  -37.7340  748    55717  15.2570  -55.7690  32.6960  748
139241  45.5290  63.5780  -22.9170  751    45360  24.4380  63.1540  -36.8400  751
139246  45.7260  63.8120  -23.3340  752    46336  4.9660  57.9020  -32.8940  752
139247  45.7210  63.6820  -23.0010  753    45838  4.3200  46.2010  11.3480  753
139260  47.6850  63.5430  -23.9340  756    47533  70.4640  -4.8800  -37.9640  756
139261  46.8430  63.4090  -23.8010  757    46915  29.7690  -60.9840  0.9990  757
139272  49.3800  63.4000  -24.7350  758    49057  42.0250  -62.6510  -36.2720  758
139283  50.7000  63.5570  -26.2480  761    49480  4.5690  -3.1010  9.0880  761
139287  51.1710  63.8400  -28.0210  764    49540  22.6230  58.1730  20.1210  764
139293  35.9960  60.6670  -32.0780  770    878  14.0750  -69.0820  7.5210  770
139306  51.1850  63.7630  -28.8020  771    2337  5.5590  -53.2060  10.6210  771
139309  36.5070  62.2040  -32.5790  774    49929  28.7250  -10.0640  38.4760  774
139310  36.4590  62.5110  -32.6500  775    49928  28.4410  -10.2850  39.4130  775
139322  36.8200  61.0190  -33.2340  780    909  57.4340  13.8080  7.9260  780
139331  50.1170  64.2410  -32.4390  781    2352  68.8420  2.6790  -8.9220  781
139332  38.6440  63.5600  -35.1330  782    3743  27.8380  -58.3690  29.3360  782
139334  37.7220  63.1240  -34.4900  784    2468  15.5880  -13.1220  -23.5860  784
139335  37.3150  62.3140  -34.8230  785    2545  10.8300  -22.5500  -18.4460  785
139342  49.2650  64.3390  -33.9020  787    3694  69.3880  10.2590  -3.5520  787
139344  47.1990  64.7690  -35.6770  789    54632  9.4920  20.3720  23.6910  789
139349  36.8680  61.7750  -35.8290  794    4134  27.1680  72.5530  -1.0890  794
139358  46.0630  64.2410  -36.6530  796    5470  24.1400  15.4930  -40.2890  796
139359  44.4630  64.2980  -36.9700  797    54718  59.2450  -43.6350  8.0450  797
139361  41.6970  63.8470  -36.8720  799    5531  48.5670  -32.5440  -6.4740  799
139362  40.1610  63.5850  -36.2170  800    5897  36.5840  -56.4100  6.2770  800
139364  36.4860  62.8210  -36.0960  802    54798  3.6520  53.9460  -24.6880  802
139835  45.4000  64.7040  -22.8940  807    45338  30.4060  -38.0910  -36.6330  807
139840  45.4470  64.4460  -22.9250  809    45379  50.7980  42.5350  6.9250  809
139841  43.1120  66.5140  -23.0120  810    80266  7.4450  30.7470  -42.3350  810
139842  42.9110  66.8100  -22.8550  811    45853  55.2310  -17.4430  -14.4050  811
139853  46.4300  64.5800  -23.0840  816    46421  8.9130  6.9590  22.2520  816
139863  48.9720  64.4460  -23.8090  819    47679  15.2600  66.4740  -43.1130  819
139864  48.0510  64.2040  -23.5650  820    47556  48.0150  17.0060  -15.4360  820
139865  47.1470  64.6810  -23.2280  821    46929  59.9390  44.1470  -13.4730  821
139872  50.3990  64.4210  -25.3510  822    49131  62.0200  -34.9700  -6.0600  822
139888  36.5070  61.9040  -32.6900  830    49952  43.1570  -13.9620  32.0210  830
139903  50.7900  64.6600  -29.7680  833    49890  6.0450  -43.0110  42.6210  833
139904  37.6970  64.2360  -34.1210  834    51547  48.3420  -61.3680  -4.0700  834
139905  37.3910  63.4620  -33.5060  835    51491  11.5390  -5.0840  -35.9960  835
139906  37.0770  63.5520  -32.8950  836    51509  52.3890  33.9730  27.0200  836
139908  36.9540  62.5630  -33.3850  838    81647  17.4190  2.1390  59.0530  838
139920  37.4200  62.8510  -33.9750  844    51620  31.4390  44.6560  -20.9130  844
139930  49.0710  65.1980  -33.2510  846    52469  3.6590  80.4400  -18.9610  846
139931  47.6730  65.8950  -34.1720  847    82627  24.8770  6.1340  55.0490  847
139932  46.8070  66.1710  -34.5960  848    82651  6.2960  79.4020  -5.1610  848
139933  40.0470  65.0050  -35.4290  849    82669  6.3240  -5.4370  57.7730  849
139946  46.0750  65.5450  -35.6290  857    54705  31.2340  74.7270  -3.3970  857
139947  43.9890  65.6260  -36.1240  858    82906  66.7730  -5.4850  0.5540  858
139948  42.4240  65.3960  -36.2200  859    82924  9.4300  63.5640  32.7610  859
140430  43.0770  66.6140  -22.8580  871    89037  55.7940  -29.2270  7.3990  871
140431  42.1330  67.1240  -22.3220  872    88892  3.8780  24.1900  28.3830  872
140439  44.8890  65.5330  -23.1270  874    79925  59.1720  28.6280  -14.7400  874
140440  43.7170  66.2430  -22.7420  875    80265  66.2330  -3.0840  -41.1510  875
140442  41.7130  67.3750  -22.2810  877    89053  11.7340  16.0980  26.6310  877
140453  41.9800  67.3690  -22.7150  883    47353  37.5740  -71.8330  3.9560  883
140463  45.9070  65.2890  -23.1850  886    80390  28.6240  12.7110  49.4940  886
140464  44.9660  65.7950  -23.3360  887    80656  3.2100  -14.3880  32.1030  887
140466  43.0700  66.9160  -23.2560  889    80655  3.7120  75.4040  -1.8400  889
140474  48.8810  65.2940  -23.4360  891    48287  64.8040  21.4040  -7.1270  891
140475  47.8980  65.3780  -23.3650  892    80900  35.1980  -77.7200  -30.5490  892
140476  46.7740  65.6140  -23.3480  893    80646  50.9660  -15.2070  -18.2780  893
140477  45.7080  66.2710  -23.4780  894    89433  19.6840  -39.4830  -6.0510  894
140478  44.4780  66.5370  -23.5760  895    89442  22.3060  18.3850  -59.3860  895
140482  50.2630  65.2450  -24.9510  897    81158  14.4560  -23.9770  41.4970  897
140490  50.8570  65.1340  -26.8880  899    49389  16.6470  32.1550  45.2050  899
140510  50.6370  65.3520  -29.0020  902    81634  39.7170  -34.6940  29.9910  902
140511  50.0550  66.0820  -30.0230  903    50408  56.3730  54.5180  -12.1660  903
140512  38.2690  65.1820  -33.9630  904    51494  33.9630  7.9470  -50.4180  904
140513  38.0050  65.0630  -33.8610  905    81980  11.4580  -15.2420  28.1000  905
140514  37.7330  64.7010  -33.7890  906    82005  13.8980  9.3180  51.4070  906
140515  37.5290  64.4710  -33.4710  907    82020  27.9560  -14.2980  -26.7480  907
140516  37.4860  64.0050  -33.5500  908    82033  66.5460  -11.0880  -17.8900  908
140524  49.2970  66.3170  -31.3180  910    82632  23.6040  5.5530  55.7130  910
140525  48.3140  66.7800  -32.3290  911    51391  3.7040  -60.2620  0.4560  911
140526  40.0520  66.2630  -34.6450  912    53209  19.4940  -49.0240  -13.6140  912
140527  39.4340  65.8280  -34.4780  913    82340  16.6040  7.1600  -42.6320  913
140541  45.7760  66.9370  -34.5470  919    52698  33.8510  -21.1630  37.0990  919
140542  44.3750  66.9520  -35.1580  920    90245  12.8840  -15.7430  28.0300  920
140547  37.3070  63.8650  -34.4210  925    82451  70.0850  5.1810  0.1780  925
140563  32.5890  64.8310  -36.3130  932    83141  57.1470  3.8290  -2.2550  932
141073  41.7810  67.4920  -22.8290  936    47355  4.9010  -63.5700  -1.2740  936
141075  40.6370  68.0020  -22.0070  938    46694  2.8810  41.6390  31.5300  938
141081  42.8390  67.2670  -23.4210  939    47354  59.8970  37.8200  -12.9420  939
141083  41.4100  67.7810  -22.9630  941    47377  52.7000  -38.0920  -39.7370  941
141087  47.8100  66.4920  -23.5910  944    48288  46.8790  32.1880  -52.5460  944
141088  46.6010  67.1290  -23.4760  945    48335  47.2700  -9.2850  -24.1530  945
141089  45.1840  67.2130  -23.5340  946    48370  58.7420  -45.0140  -10.9680  946
141090  43.7430  67.2400  -23.5400  947    47839  11.1500  61.8600  -43.6690  947
141095  50.2040  66.1510  -25.1960  948    49355  51.0990  30.7080  -47.0770  948
141096  49.5260  66.1860  -24.0480  949    48286  21.8270  14.2100  -46.4940  949
141098  47.7510  67.6780  -23.3430  951    48315  46.3420  30.6640  -51.9800  951
141114  50.1130  66.6820  -28.3840  956    49388  53.6940  32.5180  -48.9720  956
141123  49.4290  66.9050  -30.1160  958    50430  10.3410  -46.3460  -1.9060  958
141125  39.2270  67.1450  -34.1040  960    51471  3.4260  10.7760  46.0780  960
141126  38.7900  66.5550  -34.0660  961    51472  47.7590  18.4630  -54.7060  961
141127  38.3660  66.2650  -34.0330  962    51862  71.6450  -10.4400  -21.3780  962
141128  38.0680  65.8490  -33.9910  963    51897  2.9530  60.4710  -36.6810  963
141129  37.8780  65.3310  -33.8830  964    51942  16.4230  -54.8200  34.9540  964
141130  37.6380  64.9040  -33.9760  965    51980  24.2710  -85.4680  -26.3650  965
141139  47.5700  67.5250  -32.3250  967    51390  3.6110  -59.1960  1.1340  967
141140  46.2690  67.9890  -33.2300  968    51458  52.3930  44.3900  3.0720  968
141141  44.9430  68.2500  -34.0060  969    52722  53.9440  28.2920  -56.7020  969
141142  43.3980  68.1610  -34.5830  970    53055  17.8780  49.5770  39.3810  970
141159  43.8700  67.5560  -34.8910  978    53054  48.9290  45.5600  1.4000  978
141163  37.1900  64.9220  -34.7980  982    53606  29.0730  -3.8830  -35.3660  982
141164  31.1360  65.9800  -35.6490  983    54923  39.4340  35.3010  6.8730  983
141175  36.7240  65.0870  -35.4910  984    83462  24.7900  -76.4000  8.3800  984
141183  34.7130  65.4090  -36.3770  987    54993  25.4200  17.6710  -58.5830  987
141713  40.2910  68.3360  -22.1170  990    46650  12.3830  -69.4330  10.3170  990
141715  42.7590  67.7330  -23.4980  991    47815  7.6690  33.7740  31.3600  991
141716  41.8240  67.8990  -23.2190  992    47814  51.8020  32.6490  -54.4750  992
141719  46.0630  68.1530  -23.3260  994    48369  46.1520  59.6760  -9.1640  994
141720  44.6900  67.9440  -23.4920  995    48388  45.9870  58.8030  -8.7580  995
141721  43.7020  67.9350  -23.5630  996    47853  6.1880  -38.2330  18.6350  996
141730  49.2730  67.6860  -24.8140  998    49354  10.5390  7.5440  55.1570  998
141732  47.5920  68.6500  -23.7370  1000    48428  28.2060  30.9760  45.6450  1000
141742  49.2190  68.2790  -26.7480  1003    82283  35.7460  -16.4490  -28.1100  1003
141747  48.8250  68.3500  -28.7250  1006    82448  11.5100  87.2900  -2.3290  1006
141748  39.1340  68.5380  -34.4970  1007    481  39.4620  -70.2850  -3.0620  1007
141756  47.8760  68.3820  -30.8810  1010    51442  59.7030  -29.0650  16.1230  1010
141757  46.8720  69.0680  -31.5480  1011    187  38.1470  39.5750  -43.6470  1011
141758  40.3940  68.6830  -34.1820  1012    51838  18.9660  -37.5270  50.8350  1012
141759  39.5750  67.9320  -34.2370  1013    290  48.6020  21.7530  3.2730  1013
141761  38.6200  67.6050  -34.4340  1015    51876  4.9190  58.7680  -36.4740  1015
141762  38.2450  66.8140  -34.3080  1016    51919  65.0910  -22.1940  -13.4080  1016
141763  37.8820  66.2050  -34.2650  1017    51962  50.3650  -59.5690  -3.7670  1017
141775  44.4200  68.8850  -33.7060  1021    1413  36.8750  -50.0270  24.9620  1021
141777  41.6080  68.3950  -34.4200  1023    2180  5.1730  -47.0590  25.8550  1023
141792  31.3330  66.5680  -35.6520  1029    53986  40.9080  -68.1110  9.7320  1029
141805  33.3540  67.0310  -36.1640  1031    6396  46.6400  -5.1770  -46.8490  1031
142354  40.3640  68.6790  -22.4810  1036    81640  50.8590  -15.3370  4.6920  1036
142357  42.3720  68.3890  -23.4480  1037    81793  32.2180  -76.4320  -35.9690  1037
142358  41.5280  68.4250  -23.1650  1038    81772  34.0830  -62.5460  -32.5090  1038
142367  45.5400  68.8540  -23.3860  1040    81924  48.9840  -14.4940  37.5400  1040
142368  44.4180  68.6110  -23.3410  1041    81932  31.1410  -76.2450  -36.5880  1041
142378  47.8810  69.3920  -24.8620  1043    82295  48.6700  2.7570  -9.4010  1043
142386  48.3770  69.1170  -28.2190  1048    161  31.1770  12.3520  42.6810  1048
142387  47.7170  69.5400  -29.2810  1049    163  18.1140  13.4730  -30.9350  1049
142388  40.4740  70.0670  -34.0570  1050    253  2.6470  53.8470  -35.9550  1050
142389  39.8710  69.4300  -34.2390  1051    255  2.0310  53.6330  -35.8300  1051
142396  45.8050  69.9440  -31.7650  1056    208  33.6460  5.3250  -49.8640  1056
142397  44.6430  70.1110  -32.6080  1057    1979  59.6890  -41.7770  5.8310  1057
142398  43.3220  70.1210  -33.3250  1058    1999  9.1700  43.9950  -41.4210  1058
142399  41.6440  69.6410  -33.9020  1059    2181  4.8610  -48.0000  26.4370  1059
142400  40.4800  69.4900  -34.0770  1060    254  3.6540  53.4310  -36.2600  1060
142404  38.4710  67.6290  -34.4320  1064    2678  43.7110  -36.4530  36.4460  1064
142405  30.2890  67.6470  -35.0390  1065    2813  51.2490  -26.2230  32.9960  1065
142419  38.1620  67.2610  -34.4670  1071    2714  33.1820  33.1980  -12.3660  1071
142421  31.1320  68.1750  -35.3260  1073    2814  36.2700  -13.7230  -27.6600  1073
142444  37.4440  67.6530  -35.0920  1079    4979  35.5360  -17.0670  50.2940  1079
142447  32.4470  67.5850  -35.8960  1082    5050  58.4640  -45.9810  -30.4430  1082
142981  40.3880  69.2530  -22.4870  1086    53406  32.3250  4.0300  53.1890  1086
142993  43.0790  69.0030  -23.2870  1087    54652  38.1080  43.4220  -21.5190  1087
143004  46.3200  69.7880  -23.6340  1090    55317  16.8920  -52.0950  47.1130  1090
143006  44.2120  69.3770  -23.1450  1092    54674  46.9920  -45.7410  -7.6090  1092
143009  47.8460  70.0130  -26.1120  1093    55450  9.1850  -39.3340  45.2080  1093
143011  47.0400  70.3530  -24.5510  1095    55331  38.9410  37.6200  -16.4430  1095
143018  47.1740  70.2080  -29.4270  1099    162  31.6370  12.9520  43.3640  1099
143019  41.4080  71.2250  -33.2390  1100    2620  45.8950  -58.6660  -33.7380  1100
143021  40.2940  70.4630  -34.0720  1102    358  34.0670  -11.8910  -24.2840  1102
143022  39.8580  70.0570  -34.2750  1103    514  29.2090  -80.0000  -17.5040  1103
143029  43.0540  70.8670  -32.9210  1108    2152  42.3970  30.3540  -16.3110  1108
143032  39.1090  68.9050  -34.5010  1111    1240  19.0820  4.6530  -48.5800  1111
143033  38.7670  68.3420  -34.5390  1112    2698  5.7630  -46.5430  42.9190  1112
143044  30.7600  68.6210  -35.1250  1116    2812  23.7710  -33.3240  -30.7390  1116
143065  37.3350  68.7380  -35.3060  1119    5008  8.0380  22.1380  40.1910  1119
143066  33.1580  68.6040  -35.8860  1120    5049  6.6520  46.7160  42.6730  1120
143080  36.2610  68.5390  -35.6790  1122    6377  51.9850  27.1120  -0.4130  1122
143552  41.5810  70.2270  -22.4660  1125    53469  43.7250  28.1340  -64.0090  1125
143570  44.7800  70.5750  -22.9430  1126    54693  21.3580  56.0470  15.2480  1126
143571  43.6000  69.9700  -22.9360  1127    54653  22.0950  -50.7640  32.2960  1127
143577  46.8170  71.5630  -25.3400  1130    55353  15.6260  -84.3720  -2.1470  1130
143578  46.5940  70.8760  -24.1050  1131    55318  49.6130  -42.2370  -14.6780  1131
143582  47.3490  70.7870  -27.0290  1134    55451  48.1670  -20.6240  -10.6550  1134
143587  46.5240  71.6590  -28.1130  1138    82376  53.1820  -34.6380  -6.4130  1138
143591  45.6070  71.7540  -29.9730  1140    82498  17.9980  7.6600  55.0200  1140
143592  44.1890  72.2400  -31.0370  1141    56865  44.0490  -54.0970  29.5750  1141
143593  42.9880  72.3000  -31.8110  1142    56325  26.7040  13.5640  29.1340  1142
143594  41.8410  71.8710  -32.6880  1143    56239  49.8530  -9.7690  30.4010  1143
143595  41.1090  71.7410  -33.2080  1144    56288  29.4510  -28.8120  -29.8060  1144
143596  40.5520  71.2910  -33.7250  1145    56643  21.8270  29.4600  49.5010  1145
143597  40.1100  70.6390  -34.1030  1146    56670  59.5250  15.0860  26.8630  1146
143606  39.3120  69.6370  -34.4930  1153    56746  41.0270  -33.4090  40.6420  1153
143608  30.5680  69.1460  -35.0400  1155    57306  3.6720  23.2840  32.0020  1155
143616  39.0280  70.1080  -34.7960  1156    58144  2.5700  -26.1810  6.1150  1156
143618  31.5350  69.5610  -35.2110  1158    58165  53.5690  21.0810  -18.7880  1158
143619  31.1100  69.6970  -35.0590  1159    57352  41.1470  -70.1650  -2.4680  1159
143631  33.1920  70.0120  -35.6250  1162    58212  14.7180  -47.4540  -11.8960  1162
143642  38.0280  70.6130  -35.2790  1164    46674  53.6750  -35.7030  -4.6070  1164
144114  42.8030  71.2430  -22.0530  1172    81737  33.4370  -16.8150  -26.1260  1172
144132  44.6640  71.1610  -22.6290  1173    82199  32.2690  8.6950  -41.3810  1173
144133  43.4330  70.9040  -22.3200  1174    82205  31.6280  36.0420  31.9490  1174
144142  46.5290  72.0150  -25.1480  1176    41256  58.5540  -20.4290  17.8980  1176
144143  46.2760  71.7600  -23.9980  1177    82341  13.4740  -75.6500  13.8420  1177
144146  46.4560  72.1880  -26.2700  1179    41257  12.5650  -15.2450  54.5990  1179
144149  46.0400  72.4830  -27.7380  1180    82389  17.8480  -63.0050  21.5370  1180
144150  45.4000  72.9800  -28.3560  1181    42235  50.1660  27.6520  -42.2390  1181
144151  41.6340  73.5910  -31.8740  1182    42719  21.8110  76.3370  -19.8330  1182
144157  43.8640  72.9490  -30.5790  1186    82670  43.7200  -2.7190  -4.0210  1186
144158  42.7550  72.9360  -31.3910  1187    42355  10.2860  26.1670  -38.5210  1187
144159  41.9010  73.0050  -31.9970  1188    82700  4.9870  64.6740  16.9110  1188
144160  41.2180  72.8410  -32.7080  1189    82792  8.5910  58.6160  36.1680  1189
144161  40.6200  71.9300  -33.5590  1190    43479  6.2860  -73.5860  8.2340  1190
144175  39.9100  71.9240  -34.2670  1194    43480  17.1050  42.7760  39.4340  1194
144176  39.7080  70.9830  -34.3960  1195    82895  38.0480  -34.8880  25.5220  1195
144177  33.4870  71.4990  -35.3730  1196    89959  29.3180  -49.8500  18.0890  1196
144178  32.4490  70.8480  -35.2300  1197    43542  14.8150  57.6060  -1.1710  1197
144190  39.2240  71.3810  -34.7090  1200    46651  25.2740  43.1000  31.6760  1200
144191  33.9270  70.7550  -35.6160  1201    83190  31.2340  78.8320  -9.4290  1201
144199  35.4360  70.4810  -35.7140  1205    46695  2.8180  42.3740  32.0270  1205
144658  45.3950  73.1570  -23.0020  1209    40234  29.7930  34.4260  26.9650  1209
144659  44.7090  72.1700  -22.1870  1210    39024  18.3210  26.4750  -38.8820  1210
144672  45.8920  72.9070  -24.0220  1213    40544  9.3050  76.0720  19.2100  1213
144677  45.7490  73.3970  -25.7440  1216    41258  46.8380  -7.5370  -6.5290  1216
144681  45.2910  73.4400  -27.5890  1218    41765  20.4810  -73.8740  7.1150  1218
144682  44.0560  74.1200  -28.8800  1219    42236  61.9600  36.0590  0.8360  1219
144683  43.0610  74.2970  -29.8700  1220    42307  6.6640  20.3830  -38.9030  1220
144684  42.1750  74.1770  -30.8670  1221    42380  31.2650  -69.0570  -38.1220  1221
144685  41.5480  74.2570  -31.5290  1222    42435  47.7700  -43.7480  -6.4500  1222
144691  43.4850  73.6070  -30.1870  1226    42293  11.1780  -57.8140  -21.9690  1226
144694  41.1190  73.7740  -32.4370  1229    42720  41.6280  -39.8330  23.3850  1229
144698  40.5850  72.7880  -33.4250  1230    43099  18.6360  -30.3740  -18.0700  1230
144726  35.4780  72.4260  -35.4390  1236    45077  46.1410  -2.7770  -0.8000  1236
144727  34.6880  72.0240  -35.4830  1237    45911  41.7840  31.1210  -63.8810  1237
144732  39.3270  72.8780  -34.4290  1238    45650  16.7160  73.4460  10.5980  1238
145211  45.3670  73.9040  -23.8390  1245    40235  50.9720  -58.2380  10.0740  1245
145219  45.2940  74.1520  -25.1350  1246    41464  50.2330  60.3180  -14.4220  1246
145230  44.3030  74.6410  -27.4100  1249    42253  28.6380  22.5570  -38.2680  1249
145231  43.3740  74.8730  -28.6200  1250    42327  55.5830  13.6390  -53.4410  1250
145232  42.5680  75.0380  -29.4830  1251    42393  56.9000  3.6610  -46.5360  1251
145233  41.9140  75.2110  -30.1600  1252    42436  14.1510  -39.0800  -4.1120  1252
145234  41.4590  75.3430  -30.7080  1253    42778  24.2120  -26.2060  47.7910  1253
145238  41.1810  75.1590  -31.4350  1254    42789  28.0580  -44.4010  -27.1730  1254
145243  40.8100  74.5930  -32.3640  1255    43100  15.0470  74.5830  14.3340  1255
145253  40.2420  73.9460  -33.3360  1256    43504  43.5670  12.8070  -8.9120  1256
145262  39.4530  73.8630  -34.0250  1257    45053  63.1680  -28.7210  -17.6760  1257
145274  36.6170  72.9860  -35.2580  1261    45910  15.8290  27.2240  45.9670  1261
