#!ascii label  , from subject FreeSurferMNI152 vox2ras=TkReg
1158
52265  14.093  -23.601  -25.248 1
52289  29.576  -23.586  -27.401 2
52290  28.648  -23.630  -27.611 3
52291  27.777  -23.673  -27.819 4
52292  26.976  -23.704  -28.124 5
52293  26.322  -23.683  -28.552 6
52294  25.939  -23.610  -28.890 7
52301  34.363  -22.905  -27.252 8
52302  33.389  -22.766  -27.332 9
52303  32.321  -22.824  -27.485 10
52304  31.246  -22.968  -27.670 11
52305  30.201  -23.039  -27.832 12
52306  29.211  -23.078  -27.989 13
52307  28.288  -23.112  -28.162 14
52308  27.448  -23.146  -28.393 15
52309  26.726  -23.178  -28.714 16
52310  26.103  -23.188  -29.032 17
52311  25.483  -23.408  -29.309 18
52312  24.798  -23.490  -29.935 19
52313  24.306  -23.592  -30.624 20
52316  13.425  -23.536  -27.672 21
52320  23.815  -23.590  -31.418 22
52321  22.983  -23.545  -32.466 23
52322  14.321  -22.915  -29.226 24
52326  21.573  -23.542  -33.419 25
52327  19.863  -23.459  -33.795 26
52328  18.338  -23.246  -33.199 27
52329  16.959  -22.964  -32.040 28
52330  15.457  -22.630  -30.694 29
53325  13.886  -23.634  -25.443 30
53326  12.648  -23.536  -25.739 31
53327  11.966  -23.101  -25.261 32
53338  13.407  -23.517  -25.540 33
53339  12.953  -23.711  -26.054 34
53345  13.131  -23.689  -26.050 35
53346  12.729  -23.464  -26.337 36
53351  34.997  -22.386  -27.864 37
53352  34.085  -22.151  -27.877 38
53353  33.019  -22.125  -28.079 39
53354  31.895  -22.391  -28.152 40
53355  30.837  -22.529  -28.321 41
53356  29.803  -22.565  -28.442 42
53357  28.829  -22.606  -28.585 43
53358  27.929  -22.632  -28.751 44
53359  27.127  -22.649  -28.978 45
53360  26.414  -22.635  -29.239 46
53361  25.704  -22.619  -29.570 47
53362  25.030  -22.756  -29.972 48
53363  24.454  -22.999  -30.567 49
53364  24.116  -23.199  -30.995 50
53365  12.932  -23.887  -26.298 51
53366  12.914  -23.247  -26.916 52
53367  13.486  -22.203  -28.552 53
53368  13.442  -21.423  -28.955 54
53373  35.509  -21.845  -28.566 55
53374  34.779  -21.697  -28.369 56
53375  32.931  -21.859  -28.480 57
53376  32.459  -21.920  -28.591 58
53377  31.460  -22.029  -28.793 59
53378  30.405  -22.071  -28.921 60
53379  29.385  -22.105  -29.033 61
53380  28.424  -22.132  -29.149 62
53381  27.549  -22.129  -29.285 63
53382  26.769  -22.071  -29.462 64
53383  26.081  -22.063  -29.701 65
53384  24.935  -22.287  -30.173 66
53385  24.561  -22.395  -30.607 67
53386  23.761  -22.758  -31.541 68
53387  22.496  -22.730  -32.898 69
53388  14.343  -21.966  -29.842 70
53389  13.770  -21.384  -29.438 71
53394  36.298  -21.369  -29.593 72
53395  20.914  -22.692  -33.745 73
53396  19.121  -22.574  -33.831 74
53397  17.609  -22.282  -32.931 75
53398  16.270  -21.926  -31.799 76
53399  15.089  -21.540  -30.819 77
54341  12.677  -20.958  -23.874 78
54349  12.154  -21.580  -24.279 79
54363  12.199  -22.809  -26.147 80
54364  11.998  -22.247  -25.719 81
54365  11.690  -22.255  -24.956 82
54379  12.435  -23.009  -26.416 83
54380  12.167  -22.117  -26.452 84
54389  12.485  -22.393  -27.059 85
54390  12.317  -22.238  -26.807 86
54394  34.069  -21.644  -28.379 87
54395  33.637  -21.841  -28.252 88
54396  25.534  -22.069  -29.922 89
54397  25.243  -22.299  -29.981 90
54398  12.808  -21.953  -27.831 91
54399  13.167  -21.277  -28.619 92
54400  13.491  -20.894  -29.230 93
54403  35.914  -21.266  -29.259 94
54404  35.253  -21.160  -28.957 95
54405  34.391  -21.189  -28.848 96
54406  33.270  -21.537  -28.777 97
54407  32.110  -21.534  -29.214 98
54408  31.020  -21.593  -29.415 99
54409  29.954  -21.614  -29.509 100
54410  28.934  -21.632  -29.577 101
54411  27.981  -21.646  -29.652 102
54412  27.150  -21.587  -29.715 103
54413  26.392  -21.397  -29.948 104
54414  25.670  -21.593  -30.095 105
54415  24.927  -21.845  -30.382 106
54416  24.076  -21.925  -31.267 107
54417  23.154  -22.030  -32.324 108
54418  21.910  -22.015  -33.384 109
54419  14.295  -21.150  -30.158 110
54420  13.901  -20.721  -29.826 111
54424  36.486  -21.065  -30.168 112
54425  36.222  -20.674  -30.052 113
54426  35.654  -20.639  -29.623 114
54427  34.860  -20.607  -29.439 115
54428  33.874  -20.759  -29.477 116
54429  32.769  -20.947  -29.674 117
54430  31.645  -21.066  -29.904 118
54431  30.541  -21.122  -30.015 119
54432  29.472  -21.154  -30.065 120
54433  28.440  -21.177  -30.090 121
54434  27.463  -21.149  -30.048 122
54435  26.872  -21.199  -30.019 123
54436  20.197  -21.909  -34.021 124
54437  18.384  -21.677  -33.679 125
54438  16.918  -21.308  -32.700 126
54439  15.691  -20.938  -31.629 127
54440  14.712  -20.713  -30.751 128
54441  14.245  -20.654  -30.246 129
54448  36.577  -20.549  -30.909 130
54449  36.429  -20.587  -30.498 131
55374  12.611  -20.517  -24.352 132
55382  11.908  -21.362  -25.790 133
55383  11.993  -20.906  -25.324 134
55397  12.134  -20.893  -26.237 135
55398  12.288  -20.071  -25.934 136
55415  12.429  -21.766  -27.278 137
55416  12.403  -21.237  -27.211 138
55424  12.560  -21.636  -27.510 139
55425  12.807  -20.835  -28.162 140
55426  13.268  -20.434  -28.966 141
55429  26.277  -21.079  -30.227 142
55430  25.930  -21.106  -30.297 143
55431  25.202  -21.217  -30.574 144
55432  24.430  -21.342  -31.158 145
55433  23.562  -21.440  -31.994 146
55434  22.677  -21.548  -32.872 147
55435  13.684  -20.230  -29.610 148
55440  36.186  -20.324  -30.385 149
55441  35.962  -20.224  -30.229 150
55442  35.317  -20.087  -30.024 151
55443  34.438  -20.105  -30.025 152
55444  33.389  -20.239  -30.171 153
55445  32.264  -20.439  -30.385 154
55446  31.138  -20.586  -30.532 155
55447  30.039  -20.667  -30.593 156
55448  28.964  -20.690  -30.581 157
55449  27.882  -20.696  -30.537 158
55450  26.574  -20.747  -30.518 159
55451  25.588  -20.779  -30.740 160
55452  24.794  -20.839  -31.180 161
55453  23.935  -20.944  -31.881 162
55454  22.930  -21.094  -32.808 163
55455  21.456  -21.302  -33.763 164
55456  19.371  -21.135  -34.171 165
55457  17.631  -20.759  -33.528 166
55458  16.238  -20.295  -32.476 167
55459  15.007  -19.998  -31.362 168
55460  14.206  -20.108  -30.308 169
55470  36.453  -20.150  -31.137 170
55471  36.257  -20.072  -30.886 171
55472  35.701  -19.719  -30.641 172
55473  34.978  -19.535  -30.520 173
55474  34.020  -19.577  -30.695 174
55475  32.886  -19.731  -30.884 175
55476  31.720  -19.933  -30.995 176
55477  30.606  -20.079  -31.067 177
55478  29.525  -20.166  -31.082 178
55479  28.466  -20.198  -31.037 179
55480  27.445  -20.242  -31.012 180
55481  26.770  -20.228  -31.073 181
55487  36.473  -19.803  -31.565 182
55488  36.358  -19.769  -31.343 183
56550  12.752  -19.620  -25.001 184
56558  12.743  -19.123  -26.055 185
56559  12.579  -19.532  -25.783 186
56567  12.578  -19.449  -26.288 187
56568  12.453  -19.659  -26.007 188
56585  12.601  -19.652  -27.117 189
56603  12.928  -19.567  -28.106 190
56604  13.164  -19.855  -28.762 191
56609  13.490  -18.931  -29.157 192
56610  13.594  -19.648  -29.467 193
56620  25.854  -20.500  -30.932 194
56621  25.251  -20.416  -31.262 195
56622  24.385  -20.480  -31.856 196
56623  23.403  -20.628  -32.683 197
56624  22.119  -20.730  -33.607 198
56625  20.391  -20.631  -34.243 199
56626  18.506  -20.294  -34.177 200
56627  16.931  -19.756  -33.350 201
56628  15.596  -19.094  -32.171 202
56629  14.299  -18.891  -30.482 203
56630  13.907  -19.696  -29.947 204
56639  35.986  -19.383  -31.236 205
56640  35.480  -19.116  -31.034 206
56641  34.693  -18.977  -31.089 207
56642  33.587  -18.868  -31.470 208
56643  32.284  -19.278  -31.513 209
56644  31.162  -19.500  -31.577 210
56645  30.080  -19.615  -31.583 211
56646  29.027  -19.706  -31.573 212
56647  27.998  -19.785  -31.542 213
56648  27.033  -19.857  -31.483 214
56649  26.061  -20.093  -31.363 215
56650  25.023  -20.039  -31.990 216
56651  23.962  -20.160  -32.621 217
56652  22.804  -20.307  -33.460 218
56653  21.302  -20.255  -34.196 219
56654  19.517  -19.913  -34.492 220
56655  17.774  -19.362  -34.098 221
56656  16.449  -18.719  -33.169 222
56657  15.721  -18.286  -32.469 223
56661  36.458  -19.150  -31.934 224
56662  36.296  -19.419  -31.540 225
56663  33.350  -18.385  -31.964 226
56664  32.675  -18.653  -31.987 227
56665  31.660  -18.887  -32.038 228
56666  30.614  -19.025  -32.045 229
56667  29.576  -19.152  -32.063 230
56668  28.539  -19.265  -32.064 231
56669  27.496  -19.348  -32.020 232
56670  26.448  -19.503  -31.996 233
56671  25.649  -19.684  -32.027 234
56684  36.619  -19.076  -32.251 235
57958  13.138  -18.499  -26.102 236
57966  13.102  -18.416  -27.036 237
57972  13.116  -18.563  -27.741 238
57989  13.497  -18.122  -28.555 239
58008  13.907  -17.715  -29.590 240
58016  15.129  -17.881  -31.694 241
58017  14.558  -17.239  -30.570 242
58020  36.177  -19.047  -31.582 243
58021  35.900  -18.821  -31.545 244
58022  35.313  -18.590  -31.510 245
58023  34.591  -18.470  -31.609 246
58024  25.202  -19.656  -32.310 247
58025  24.593  -19.701  -32.694 248
58026  23.533  -19.877  -33.405 249
58027  22.215  -19.947  -34.146 250
58028  20.597  -19.692  -34.642 251
58029  18.759  -19.036  -34.641 252
58030  17.158  -18.352  -33.930 253
58031  15.942  -17.567  -32.832 254
58043  36.488  -18.819  -32.223 255
58044  36.295  -18.632  -32.029 256
58045  35.815  -18.239  -31.923 257
58046  35.135  -18.014  -31.942 258
58047  34.083  -18.005  -32.122 259
58048  33.045  -18.102  -32.351 260
58049  32.115  -18.300  -32.458 261
58050  31.130  -18.454  -32.498 262
58051  30.124  -18.574  -32.513 263
58052  29.103  -18.702  -32.545 264
58053  28.046  -18.790  -32.533 265
58054  26.909  -18.921  -32.554 266
58055  25.579  -19.265  -32.717 267
58056  24.319  -19.342  -33.474 268
58057  23.112  -19.569  -34.112 269
58058  21.718  -19.487  -34.696 270
58059  20.122  -19.081  -35.011 271
58060  18.814  -18.437  -34.979 272
58073  36.525  -18.385  -32.656 273
58074  36.349  -17.969  -32.616 274
58075  33.495  -17.566  -32.730 275
58076  32.570  -17.732  -32.842 276
58077  31.634  -17.871  -32.886 277
58078  30.677  -17.998  -32.932 278
58079  29.686  -18.099  -32.952 279
58080  28.662  -18.216  -32.998 280
58081  27.563  -18.320  -33.045 281
58082  26.365  -18.526  -33.226 282
58083  25.174  -18.840  -33.637 283
58084  24.455  -19.052  -33.951 284
59392  13.732  -17.347  -27.057 285
59401  14.265  -16.520  -27.601 286
59402  13.795  -17.264  -27.898 287
59414  14.067  -16.917  -28.880 288
59436  14.379  -16.563  -29.737 289
59452  15.153  -16.413  -31.551 290
59453  14.727  -16.163  -30.438 291
59456  17.819  -18.107  -34.530 292
59457  16.803  -17.294  -33.861 293
59458  15.966  -16.174  -32.812 294
59472  36.105  -17.962  -32.367 295
59473  35.688  -17.638  -32.374 296
59474  34.984  -17.452  -32.440 297
59475  34.289  -17.379  -32.657 298
59476  23.856  -19.216  -34.169 299
59477  22.902  -19.224  -34.786 300
59478  21.342  -18.994  -35.276 301
59479  19.699  -18.414  -35.375 302
59480  17.965  -17.311  -34.879 303
59481  16.619  -16.283  -33.804 304
59482  16.252  -15.679  -33.135 305
59488  36.471  -17.549  -33.177 306
59489  36.128  -17.332  -32.907 307
59490  35.550  -16.990  -32.849 308
59491  34.805  -16.892  -32.911 309
59492  33.939  -17.000  -33.081 310
59493  33.022  -17.136  -33.237 311
59494  32.141  -17.338  -33.267 312
59495  31.247  -17.437  -33.322 313
59496  30.288  -17.524  -33.354 314
59497  29.303  -17.616  -33.387 315
59498  28.266  -17.698  -33.435 316
59499  27.131  -17.832  -33.587 317
59500  25.903  -18.135  -33.963 318
59501  24.406  -18.669  -34.548 319
59502  22.785  -18.677  -35.534 320
59503  20.918  -18.403  -35.796 321
59504  19.408  -17.715  -35.635 322
59505  18.540  -17.069  -35.414 323
59507  36.598  -17.013  -33.862 324
59508  32.554  -16.895  -33.538 325
59509  31.873  -16.884  -33.652 326
59510  30.912  -16.927  -33.705 327
59511  29.941  -17.020  -33.732 328
59512  28.985  -17.077  -33.759 329
59513  27.951  -17.133  -33.872 330
59514  26.786  -17.285  -34.130 331
59515  25.568  -17.625  -34.668 332
59516  24.341  -18.018  -35.408 333
59517  23.332  -18.146  -36.008 334
60735  14.405  -16.379  -27.971 335
60745  14.511  -16.205  -28.411 336
60753  15.304  -15.058  -29.374 337
60754  14.675  -15.923  -29.129 338
60769  15.240  -15.127  -30.445 339
60770  14.826  -15.729  -29.811 340
60783  15.667  -15.087  -31.654 341
60797  17.038  -16.029  -34.339 342
60798  16.479  -15.245  -33.376 343
60799  16.115  -15.091  -32.556 344
60802  36.360  -16.732  -33.622 345
60803  35.935  -16.505  -33.416 346
60804  35.307  -16.344  -33.301 347
60805  34.442  -16.418  -33.391 348
60806  33.527  -16.605  -33.513 349
60807  32.971  -16.753  -33.567 350
60808  22.026  -18.173  -36.222 351
60809  20.474  -17.735  -36.203 352
60810  19.143  -16.999  -35.835 353
60811  17.826  -16.106  -35.172 354
60812  16.886  -15.147  -34.150 355
60815  36.516  -16.102  -34.333 356
60816  36.205  -15.920  -34.030 357
60817  35.716  -15.764  -33.811 358
60818  34.953  -15.751  -33.732 359
60819  33.980  -15.944  -33.809 360
60820  32.804  -16.315  -33.879 361
60821  31.624  -16.314  -34.068 362
60822  30.544  -16.409  -34.116 363
60823  29.640  -16.559  -34.040 364
60824  28.817  -16.457  -34.135 365
60825  27.720  -16.487  -34.300 366
60826  26.542  -16.621  -34.630 367
60827  25.371  -16.883  -35.268 368
60828  24.224  -17.481  -35.961 369
60829  23.100  -17.785  -36.540 370
60830  21.594  -17.539  -36.759 371
60831  20.025  -16.982  -36.504 372
60832  18.805  -16.120  -35.929 373
60836  24.927  -16.665  -35.862 374
60837  24.124  -17.038  -36.480 375
60838  22.994  -17.346  -37.066 376
60839  21.902  -17.116  -37.251 377
62002  16.136  -14.046  -29.587 378
62010  15.946  -14.129  -30.670 379
62026  16.597  -13.676  -32.103 380
62027  16.311  -13.993  -31.762 381
62047  16.631  -14.065  -32.921 382
62048  16.338  -14.563  -32.635 383
62051  17.962  -15.424  -35.439 384
62052  17.294  -14.395  -34.552 385
62055  36.512  -15.536  -34.763 386
62056  36.358  -15.305  -34.641 387
62057  36.032  -15.197  -34.346 388
62058  35.411  -15.056  -34.236 389
62059  34.519  -15.242  -34.172 390
62060  33.514  -15.436  -34.281 391
62061  32.398  -15.586  -34.409 392
62062  31.231  -15.686  -34.493 393
62063  29.923  -15.844  -34.453 394
62064  28.700  -15.758  -34.555 395
62065  27.539  -15.777  -34.717 396
62066  26.443  -15.917  -35.080 397
62067  25.638  -16.096  -35.534 398
62068  20.868  -16.901  -37.009 399
62069  19.741  -16.036  -36.718 400
62070  18.304  -14.956  -35.811 401
62071  17.701  -13.779  -35.073 402
62074  36.440  -15.008  -35.177 403
62075  36.321  -14.685  -35.038 404
62076  34.922  -14.666  -34.482 405
62077  34.172  -14.693  -34.591 406
62078  33.154  -14.785  -34.713 407
62079  32.036  -14.883  -34.835 408
62080  30.851  -14.994  -34.896 409
62081  29.664  -15.037  -34.896 410
62082  28.517  -15.028  -34.956 411
62083  27.401  -15.109  -35.173 412
62084  26.360  -15.353  -35.581 413
62085  25.243  -15.959  -36.245 414
62086  24.087  -16.691  -37.072 415
62087  22.865  -16.893  -37.575 416
62088  21.336  -16.457  -37.492 417
62089  20.138  -15.492  -37.351 418
62096  24.901  -15.972  -37.063 419
62097  24.041  -16.363  -37.705 420
62098  22.711  -16.431  -38.113 421
62099  21.372  -15.845  -38.076 422
62100  20.399  -15.030  -37.841 423
63198  16.424  -13.648  -30.077 424
63207  17.096  -12.950  -30.561 425
63208  16.559  -13.473  -30.603 426
63224  16.984  -13.073  -31.663 427
63225  16.692  -13.330  -31.128 428
63251  17.180  -12.933  -32.962 429
63255  17.519  -12.977  -34.070 430
63258  36.191  -14.750  -34.780 431
63259  35.880  -14.544  -34.672 432
63260  35.412  -14.434  -34.653 433
63261  19.031  -14.964  -36.643 434
63262  18.205  -13.762  -35.904 435
63263  17.778  -12.839  -34.805 436
63266  36.280  -14.339  -35.446 437
63267  36.094  -14.094  -35.235 438
63268  35.649  -13.950  -34.996 439
63269  34.896  -14.025  -34.883 440
63270  33.894  -14.042  -35.025 441
63271  32.855  -14.135  -35.199 442
63272  31.711  -14.176  -35.362 443
63273  30.533  -14.347  -35.316 444
63274  29.457  -14.352  -35.320 445
63275  28.371  -14.385  -35.435 446
63276  27.288  -14.513  -35.684 447
63277  26.297  -14.853  -36.134 448
63278  25.588  -15.270  -36.698 449
63279  19.229  -14.316  -37.114 450
63280  18.383  -13.174  -36.401 451
63284  36.145  -13.676  -35.878 452
63285  35.991  -13.406  -35.747 453
63286  31.150  -13.784  -35.665 454
63287  30.329  -13.736  -35.724 455
63288  29.297  -13.709  -35.768 456
63289  28.235  -13.760  -35.920 457
63290  27.178  -13.945  -36.227 458
63291  26.257  -14.435  -36.764 459
63292  25.230  -15.324  -37.566 460
63293  23.966  -16.016  -38.357 461
63294  22.620  -15.933  -38.708 462
63295  21.337  -15.211  -38.555 463
63296  20.036  -14.170  -38.114 464
63306  35.998  -13.125  -36.688 465
63307  24.828  -15.366  -38.429 466
63308  23.874  -15.613  -39.016 467
63309  22.527  -15.351  -39.262 468
63310  21.255  -14.574  -39.107 469
63311  20.297  -13.701  -38.803 470
64435  17.804  -12.323  -30.530 471
64446  18.101  -11.795  -31.465 472
64470  17.833  -12.043  -32.955 473
64483  18.090  -11.823  -34.282 474
64484  17.922  -12.035  -34.032 475
64487  18.016  -12.229  -35.043 476
64488  17.871  -12.365  -34.616 477
64491  35.806  -13.536  -35.468 478
64492  35.322  -13.372  -35.400 479
64493  34.532  -13.345  -35.395 480
64494  33.600  -13.395  -35.495 481
64495  32.633  -13.483  -35.655 482
64496  31.842  -13.503  -35.782 483
64497  18.920  -13.332  -37.259 484
64498  18.393  -12.127  -36.395 485
64501  35.903  -12.971  -36.303 486
64502  35.634  -12.905  -35.988 487
64503  35.015  -12.701  -35.885 488
64504  34.220  -12.713  -35.864 489
64505  33.313  -12.767  -35.943 490
64506  32.362  -12.897  -36.061 491
64507  31.280  -13.114  -36.053 492
64508  30.188  -13.065  -36.126 493
64509  29.148  -13.068  -36.226 494
64510  28.117  -13.163  -36.447 495
64511  27.083  -13.388  -36.869 496
64512  26.172  -14.100  -37.404 497
64513  25.510  -14.622  -38.021 498
64514  19.184  -12.713  -37.957 499
64515  18.557  -11.551  -36.895 500
64522  35.692  -12.357  -37.007 501
64523  26.719  -13.279  -37.465 502
64524  26.126  -13.798  -38.042 503
64525  25.118  -14.704  -38.917 504
64526  23.766  -15.167  -39.649 505
64527  22.455  -14.708  -39.784 506
64528  21.180  -13.751  -39.674 507
64529  20.096  -13.085  -39.023 508
64538  24.634  -14.658  -39.723 509
64539  23.654  -14.614  -40.165 510
64540  22.482  -14.135  -40.278 511
64541  21.755  -13.586  -40.237 512
65753  18.409  -11.220  -33.784 513
65765  18.432  -11.095  -34.976 514
65768  18.549  -10.861  -35.893 515
65771  35.627  -12.431  -36.620 516
65772  35.220  -12.096  -36.639 517
65773  34.671  -12.149  -36.347 518
65774  33.923  -12.155  -36.353 519
65775  32.994  -12.156  -36.462 520
65776  31.993  -12.380  -36.471 521
65777  31.013  -12.438  -36.522 522
65778  30.006  -12.436  -36.597 523
65779  29.003  -12.467  -36.727 524
65780  28.043  -12.577  -36.969 525
65781  27.326  -12.746  -37.311 526
65782  18.817  -11.300  -37.532 527
65783  18.606  -10.819  -36.575 528
65789  35.366  -11.878  -37.209 529
65790  35.200  -11.717  -37.122 530
65791  32.469  -11.812  -36.767 531
65792  31.727  -11.795  -36.858 532
65793  30.788  -11.805  -36.966 533
65794  29.816  -11.824  -37.068 534
65795  28.851  -11.898  -37.230 535
65796  27.932  -12.112  -37.530 536
65797  26.948  -12.692  -38.015 537
65798  26.054  -13.540  -38.724 538
65799  25.368  -14.090  -39.391 539
65800  20.457  -12.947  -39.496 540
65801  19.662  -12.096  -39.017 541
65808  35.203  -11.679  -37.815 542
65809  26.646  -12.790  -38.792 543
65810  26.009  -13.369  -39.519 544
65811  24.868  -14.122  -40.157 545
65812  23.582  -14.030  -40.632 546
65813  22.397  -13.530  -40.628 547
65814  21.034  -12.705  -40.172 548
65815  20.212  -11.951  -39.688 549
65822  25.576  -13.521  -40.334 550
65823  24.644  -13.662  -40.831 551
65824  23.392  -13.438  -41.093 552
65825  22.230  -12.904  -40.980 553
65826  21.545  -12.361  -40.778 554
67010  19.135  -10.156  -33.900 555
67037  18.887  -10.312  -34.916 556
67049  19.134  -9.709  -35.789 557
67050  19.051  -9.923  -35.468 558
67057  34.852  -11.796  -36.751 559
67058  34.422  -11.651  -36.777 560
67059  33.698  -11.571  -36.795 561
67060  33.038  -11.544  -36.876 562
67061  18.875  -10.091  -36.477 563
67062  18.748  -10.421  -36.088 564
67069  35.116  -11.596  -37.401 565
67070  34.834  -11.392  -37.343 566
67071  34.149  -11.110  -37.316 567
67072  33.403  -11.037  -37.236 568
67073  32.489  -11.182  -37.167 569
67074  31.502  -11.181  -37.298 570
67075  30.566  -11.181  -37.470 571
67076  29.624  -11.300  -37.572 572
67077  28.727  -11.447  -37.839 573
67078  27.851  -11.781  -38.217 574
67079  27.182  -12.148  -38.616 575
67080  19.025  -10.571  -38.032 576
67088  34.938  -11.247  -37.951 577
67089  34.669  -10.700  -38.223 578
67090  30.211  -10.832  -37.840 579
67091  29.518  -10.775  -38.135 580
67092  28.609  -11.040  -38.552 581
67093  27.725  -11.518  -38.995 582
67094  26.881  -12.363  -39.377 583
67095  26.249  -12.957  -40.091 584
67096  20.443  -11.838  -40.020 585
67097  19.771  -11.046  -39.494 586
67105  34.915  -10.738  -38.697 587
67106  27.482  -11.737  -39.698 588
67107  26.872  -12.351  -40.313 589
67108  25.713  -13.031  -40.952 590
67109  24.390  -13.154  -41.417 591
67110  23.147  -12.784  -41.529 592
67111  22.025  -12.217  -41.288 593
67112  20.858  -11.510  -40.639 594
67113  20.104  -10.545  -40.104 595
67121  25.130  -12.819  -41.622 596
67122  24.146  -12.486  -41.925 597
67123  22.826  -11.983  -41.900 598
67124  21.764  -11.403  -41.487 599
67125  21.069  -10.813  -41.187 600
67135  23.611  -11.801  -42.267 601
67136  22.937  -11.522  -42.215 602
68094  20.142  -8.766  -34.057 603
68095  19.430  -9.641  -34.446 604
68120  19.494  -9.113  -35.472 605
68121  19.526  -9.356  -34.839 606
68131  19.229  -9.247  -36.895 607
68137  34.389  -10.568  -37.998 608
68138  33.798  -10.476  -37.784 609
68139  33.014  -10.480  -37.654 610
68140  32.114  -10.536  -37.644 611
68141  31.203  -10.607  -37.723 612
68142  30.656  -10.691  -37.794 613
68143  19.223  -9.625  -38.363 614
68151  34.769  -10.262  -38.769 615
68152  34.552  -9.731  -38.804 616
68153  34.091  -9.827  -38.382 617
68154  33.450  -9.818  -38.124 618
68155  32.633  -9.853  -38.028 619
68156  31.696  -9.943  -38.060 620
68157  30.559  -10.176  -38.195 621
68158  29.436  -10.097  -38.942 622
68159  28.367  -10.810  -39.322 623
68160  27.899  -11.304  -39.569 624
68161  19.594  -9.883  -39.532 625
68168  34.941  -9.399  -39.591 626
68169  34.751  -9.564  -39.194 627
68170  29.373  -9.693  -39.521 628
68171  28.903  -10.241  -39.748 629
68172  27.981  -11.337  -40.497 630
68173  26.575  -12.384  -41.288 631
68174  25.769  -12.727  -41.533 632
68175  20.428  -10.216  -40.700 633
68176  19.909  -9.989  -40.155 634
68184  28.037  -11.306  -41.513 635
68185  27.175  -11.856  -42.106 636
68186  25.468  -12.374  -42.164 637
68187  24.405  -12.106  -42.285 638
68188  22.377  -11.201  -42.008 639
68189  21.553  -10.507  -41.678 640
68190  20.910  -10.290  -41.239 641
68199  26.967  -11.746  -42.947 642
68200  25.806  -11.681  -43.064 643
68201  24.363  -11.604  -42.646 644
68202  23.006  -10.956  -42.495 645
68203  22.228  -10.678  -42.124 646
68214  25.191  -11.107  -43.414 647
68215  24.488  -11.052  -43.108 648
68216  23.776  -10.953  -42.822 649
69323  20.427  -8.047  -34.676 650
69339  20.771  -7.407  -34.980 651
69340  20.033  -8.032  -35.845 652
69342  19.537  -8.323  -37.270 653
69350  34.634  -8.811  -39.174 654
69351  34.317  -9.090  -38.859 655
69352  33.798  -9.166  -38.583 656
69353  33.075  -9.160  -38.466 657
69354  32.251  -9.300  -38.452 658
69355  31.340  -9.400  -38.619 659
69356  30.450  -9.490  -38.883 660
69357  19.432  -8.710  -38.685 661
69364  35.166  -8.316  -40.035 662
69365  34.859  -8.790  -39.503 663
69366  32.642  -8.790  -38.715 664
69367  31.964  -8.715  -38.934 665
69368  30.996  -8.823  -39.243 666
69369  29.984  -9.203  -39.609 667
69370  29.318  -9.585  -40.022 668
69371  28.870  -10.228  -40.459 669
69372  20.270  -9.675  -40.730 670
69373  19.793  -9.220  -40.140 671
69382  29.685  -9.048  -40.288 672
69383  29.276  -9.556  -40.804 673
69384  28.635  -10.559  -41.437 674
69385  28.128  -11.307  -42.112 675
69386  21.415  -10.025  -41.744 676
69387  20.703  -9.549  -41.274 677
69388  19.979  -8.783  -40.570 678
69397  28.526  -10.846  -42.452 679
69398  27.717  -11.359  -42.935 680
69399  26.859  -11.466  -43.418 681
69400  22.756  -10.365  -42.565 682
69401  21.989  -9.995  -42.258 683
69402  21.262  -9.333  -41.861 684
69412  28.415  -10.837  -43.276 685
69413  27.573  -10.990  -44.039 686
69414  25.877  -10.935  -43.834 687
69415  24.608  -10.600  -43.483 688
69416  23.245  -10.162  -42.973 689
69417  22.460  -9.764  -42.641 690
69426  26.575  -10.601  -44.484 691
69427  25.634  -10.301  -44.352 692
69428  24.763  -10.181  -43.939 693
69429  24.063  -10.079  -43.525 694
70728  20.716  -7.161  -35.520 695
70735  21.014  -6.623  -35.664 696
70736  20.353  -7.187  -36.360 697
70743  34.493  -8.466  -39.152 698
70744  34.080  -8.521  -38.946 699
70745  33.444  -8.604  -38.816 700
70746  33.016  -8.681  -38.766 701
70747  19.814  -7.429  -37.626 702
70755  35.156  -7.712  -40.094 703
70756  34.784  -8.032  -39.573 704
70757  34.333  -7.932  -39.351 705
70758  33.668  -7.972  -39.190 706
70759  32.775  -8.180  -39.110 707
70760  31.705  -7.988  -39.720 708
70761  30.535  -8.392  -39.940 709
70762  30.001  -8.710  -40.170 710
70763  19.576  -7.807  -38.986 711
70773  35.362  -7.642  -40.464 712
70774  31.527  -7.495  -40.295 713
70775  30.889  -7.835  -40.422 714
70776  30.023  -8.577  -41.098 715
70777  29.198  -9.701  -41.799 716
70778  28.867  -10.360  -42.110 717
70779  19.958  -8.120  -40.729 718
70780  19.665  -8.186  -40.016 719
70789  30.037  -8.407  -42.100 720
70790  29.614  -9.189  -42.709 721
70791  28.966  -10.236  -42.737 722
70792  21.519  -9.160  -42.164 723
70793  20.818  -8.602  -41.726 724
70804  29.458  -9.316  -43.631 725
70805  28.691  -10.057  -43.992 726
70806  28.016  -10.532  -44.401 727
70807  22.895  -9.389  -43.175 728
70808  22.128  -9.143  -42.695 729
70809  21.401  -8.698  -42.228 730
70821  28.485  -9.988  -44.861 731
70822  27.590  -10.250  -44.988 732
70823  26.085  -10.038  -44.859 733
70824  24.876  -9.583  -44.493 734
70825  23.604  -9.382  -43.711 735
70826  22.639  -8.855  -43.276 736
70833  27.176  -9.729  -45.622 737
70834  26.395  -9.663  -45.415 738
70835  25.495  -9.438  -45.088 739
72072  21.695  -5.731  -35.593 740
72073  20.900  -6.476  -36.067 741
72078  20.949  -5.638  -36.928 742
72079  20.595  -6.435  -36.717 743
72086  35.215  -7.143  -40.362 744
72087  35.016  -7.262  -40.092 745
72088  34.599  -7.316  -39.823 746
72089  33.951  -7.344  -39.680 747
72090  33.125  -7.435  -39.624 748
72091  32.499  -7.630  -39.678 749
72092  20.618  -5.698  -37.524 750
72093  20.140  -6.346  -37.912 751
72101  35.602  -6.792  -41.071 752
72102  35.412  -6.892  -40.770 753
72103  35.162  -6.729  -40.545 754
72104  34.839  -6.699  -40.305 755
72105  34.249  -6.681  -40.156 756
72106  33.433  -6.765  -40.111 757
72107  32.288  -6.983  -40.387 758
72108  31.172  -7.323  -40.866 759
72109  30.609  -7.771  -41.078 760
72110  19.729  -7.271  -40.424 761
72111  19.637  -6.962  -39.493 762
72119  35.592  -6.492  -41.226 763
72120  32.038  -6.395  -41.129 764
72121  31.413  -6.756  -41.337 765
72122  30.522  -7.598  -42.085 766
72123  30.014  -8.387  -42.620 767
72124  20.082  -7.345  -41.183 768
72125  19.663  -6.607  -40.216 769
72134  30.408  -7.501  -43.111 770
72135  29.910  -8.413  -43.655 771
72136  29.310  -9.326  -44.080 772
72137  22.019  -8.295  -43.010 773
72138  21.107  -7.885  -42.301 774
72151  29.799  -8.208  -45.222 775
72152  29.029  -9.318  -44.952 776
72153  28.329  -9.847  -45.232 777
72154  24.748  -8.949  -44.941 778
72155  23.847  -8.681  -44.428 779
72156  22.609  -8.050  -43.709 780
72157  21.602  -7.556  -43.033 781
72166  29.812  -7.988  -45.987 782
72167  29.163  -8.454  -46.207 783
72168  27.947  -9.366  -45.862 784
72169  26.655  -9.204  -45.924 785
72170  25.404  -8.779  -45.572 786
72171  24.151  -8.217  -45.059 787
72172  23.234  -7.814  -44.494 788
72178  28.900  -8.189  -46.878 789
72179  28.190  -8.464  -46.702 790
72180  26.964  -8.589  -46.457 791
72181  26.009  -8.537  -46.127 792
73511  20.805  -5.133  -37.744 793
73512  20.042  -5.969  -38.562 794
73521  35.508  -6.118  -41.375 795
73522  35.327  -6.213  -41.000 796
73523  35.053  -6.154  -40.763 797
73524  34.588  -6.093  -40.616 798
73525  33.749  -5.999  -40.708 799
73526  33.075  -6.411  -40.538 800
73527  20.549  -4.767  -38.460 801
73528  19.948  -5.520  -39.199 802
73536  35.600  -6.114  -41.627 803
73537  33.395  -5.592  -41.173 804
73538  32.733  -5.967  -41.094 805
73539  31.709  -6.051  -41.943 806
73540  31.087  -6.700  -42.103 807
73541  20.261  -6.806  -41.738 808
73542  19.740  -6.006  -40.773 809
73551  31.503  -5.895  -42.736 810
73552  30.872  -6.617  -43.210 811
73553  30.363  -7.478  -43.585 812
73554  20.640  -6.550  -42.584 813
73555  20.052  -6.139  -41.677 814
73568  30.701  -6.563  -44.870 815
73569  30.312  -7.435  -44.413 816
73570  22.306  -6.885  -44.215 817
73571  21.665  -6.974  -43.447 818
73583  30.678  -6.552  -45.560 819
73584  30.347  -7.242  -45.845 820
73585  29.809  -7.806  -46.462 821
73586  25.380  -8.210  -46.010 822
73587  24.505  -7.722  -45.736 823
73588  23.317  -7.252  -45.019 824
73594  30.156  -7.409  -46.866 825
73595  29.466  -7.694  -47.131 826
73596  28.588  -7.871  -47.272 827
73597  27.285  -7.743  -47.147 828
73598  25.633  -7.681  -46.495 829
73599  24.310  -6.949  -46.161 830
73606  29.112  -7.381  -47.683 831
73607  28.263  -7.220  -47.729 832
73608  27.165  -6.912  -47.629 833
74691  35.563  -5.836  -41.679 834
74692  35.405  -5.770  -41.503 835
74693  35.189  -5.683  -41.276 836
74694  34.869  -5.605  -41.085 837
74695  34.390  -5.583  -41.027 838
74697  20.429  -4.487  -38.857 839
74707  35.743  -5.506  -42.268 840
74708  35.596  -5.490  -42.021 841
74709  35.334  -5.199  -41.826 842
74710  35.059  -5.086  -41.593 843
74711  34.596  -5.079  -41.474 844
74712  33.875  -5.203  -41.460 845
74713  33.144  -5.302  -41.610 846
74714  32.502  -5.483  -41.883 847
74715  20.723  -3.772  -38.847 848
74716  19.949  -4.472  -39.759 849
74724  35.813  -4.669  -42.761 850
74725  33.428  -4.809  -41.955 851
74726  32.841  -4.878  -42.345 852
74727  32.057  -5.388  -42.677 853
74728  31.476  -5.708  -43.289 854
74729  20.317  -5.631  -42.647 855
74730  19.783  -5.158  -41.516 856
74739  32.407  -4.747  -43.055 857
74740  31.868  -5.061  -43.737 858
74741  31.203  -5.782  -44.276 859
74742  21.916  -6.251  -44.255 860
74743  21.123  -5.871  -43.675 861
74756  31.575  -5.165  -44.781 862
74757  31.184  -5.955  -45.910 863
74758  30.672  -6.874  -46.873 864
74759  23.540  -6.779  -45.589 865
74760  22.319  -6.047  -44.896 866
74761  21.250  -5.119  -44.434 867
74771  31.214  -6.327  -47.729 868
74772  30.254  -7.066  -47.693 869
74773  29.594  -7.237  -47.759 870
74774  26.027  -6.860  -47.245 871
74775  24.713  -6.518  -46.719 872
74776  23.336  -5.918  -46.087 873
74777  22.428  -5.401  -45.559 874
74784  31.321  -6.184  -48.639 875
74785  30.744  -6.462  -48.522 876
74786  29.387  -6.596  -48.361 877
74787  27.767  -6.496  -48.145 878
74788  26.405  -6.126  -47.832 879
74789  25.074  -5.897  -47.315 880
74790  24.047  -5.685  -46.852 881
74799  29.058  -5.909  -48.907 882
74800  28.174  -5.927  -48.649 883
74801  27.143  -5.867  -48.358 884
75808  35.557  -4.586  -42.480 885
75809  35.265  -4.494  -42.167 886
75810  34.823  -4.498  -41.998 887
75811  34.206  -4.566  -41.946 888
75812  33.775  -4.670  -41.966 889
75813  20.712  -3.120  -39.289 890
75814  19.897  -3.593  -40.303 891
75822  35.991  -3.752  -43.230 892
75823  35.522  -3.805  -42.796 893
75824  35.046  -3.821  -42.556 894
75825  34.418  -3.940  -42.471 895
75826  33.464  -4.121  -42.634 896
75827  32.798  -4.433  -42.917 897
75828  20.024  -4.839  -42.610 898
75829  19.634  -3.856  -41.547 899
75838  33.134  -3.703  -43.395 900
75839  32.505  -4.108  -43.844 901
75840  31.918  -4.674  -44.465 902
75841  20.186  -4.320  -43.533 903
75842  19.727  -4.032  -42.490 904
75854  32.399  -3.825  -44.855 905
75855  32.007  -4.596  -45.618 906
75856  31.730  -5.291  -46.253 907
75857  21.782  -4.999  -45.200 908
75858  20.993  -4.338  -44.758 909
75870  32.322  -4.619  -46.842 910
75871  31.998  -5.296  -47.199 911
75872  23.311  -5.160  -46.640 912
75873  22.324  -4.684  -46.064 913
75874  21.553  -4.409  -45.411 914
75884  31.443  -5.465  -48.548 915
75885  31.283  -5.798  -49.247 916
75886  30.450  -6.165  -48.879 917
75887  26.324  -5.457  -48.223 918
75888  25.364  -5.304  -47.827 919
75889  23.986  -4.823  -47.335 920
75890  23.025  -4.639  -46.758 921
75898  31.059  -5.285  -49.700 922
75899  29.999  -5.574  -49.274 923
75900  28.543  -5.316  -49.156 924
75901  27.088  -5.169  -48.756 925
75902  25.661  -4.789  -48.307 926
75903  24.819  -4.693  -47.894 927
76960  36.187  -2.815  -43.665 928
76961  35.804  -3.022  -43.294 929
76962  35.301  -3.111  -43.066 930
76963  34.572  -3.131  -43.131 931
76964  34.058  -3.613  -42.923 932
76966  20.143  -2.426  -40.353 933
76973  36.432  -3.165  -43.861 934
76974  34.182  -2.716  -43.604 935
76975  33.636  -3.229  -43.554 936
76976  33.020  -3.511  -43.808 937
76977  19.738  -3.430  -43.352 938
76978  19.425  -3.065  -42.180 939
76986  33.422  -2.675  -44.233 940
76987  32.894  -3.143  -44.632 941
76988  32.488  -3.661  -45.474 942
76989  20.206  -3.524  -44.220 943
76990  19.458  -2.734  -43.367 944
76998  32.734  -3.107  -45.763 945
76999  32.641  -3.832  -46.702 946
77000  32.625  -4.596  -47.491 947
77001  22.007  -4.064  -46.214 948
77002  21.195  -3.640  -45.601 949
77012  32.805  -4.003  -47.853 950
77013  31.989  -4.381  -48.518 951
77014  32.012  -5.163  -49.410 952
77015  23.635  -4.161  -47.431 953
77016  22.610  -3.849  -46.915 954
77017  21.406  -2.859  -46.316 955
77025  32.078  -4.439  -49.516 956
77026  31.783  -4.783  -49.846 957
77027  30.561  -4.593  -50.041 958
77028  29.157  -4.622  -49.685 959
77029  27.702  -4.446  -49.404 960
77030  26.175  -4.174  -48.907 961
77031  24.322  -3.843  -48.079 962
77032  23.031  -3.010  -47.638 963
77037  29.621  -3.990  -50.157 964
77038  28.417  -3.732  -50.021 965
77039  26.900  -3.495  -49.652 966
77040  25.464  -3.239  -49.149 967
77041  24.442  -2.858  -48.752 968
78187  36.257  -2.464  -43.823 969
78188  36.063  -2.418  -43.671 970
78189  35.482  -2.330  -43.448 971
78190  35.015  -2.586  -43.269 972
78202  19.727  -1.566  -40.918 973
78208  36.439  -2.212  -44.162 974
78209  35.888  -1.820  -43.867 975
78210  35.331  -1.714  -43.841 976
78211  34.572  -2.004  -43.883 977
78212  33.828  -2.468  -43.963 978
78213  19.172  -1.804  -42.168 979
78221  34.219  -1.569  -44.691 980
78222  33.555  -2.065  -45.037 981
78223  32.980  -2.656  -45.492 982
78224  19.931  -2.650  -44.517 983
78225  19.150  -1.733  -43.533 984
78233  33.507  -1.913  -46.123 985
78234  33.221  -2.671  -46.747 986
78235  33.114  -3.539  -47.613 987
78236  20.351  -2.168  -45.545 988
78237  19.630  -1.984  -44.571 989
78245  33.528  -2.705  -48.005 990
78246  32.765  -3.334  -48.485 991
78247  32.174  -3.933  -49.216 992
78248  21.913  -2.387  -47.032 993
78249  21.094  -2.243  -46.424 994
78258  32.418  -3.117  -49.097 995
78259  32.162  -3.657  -49.683 996
78260  31.219  -3.512  -50.492 997
78261  30.283  -3.808  -50.336 998
78262  23.616  -2.720  -48.246 999
78263  22.758  -2.247  -47.875 1000
78270  30.495  -2.732  -50.834 1001
78271  29.544  -3.087  -50.568 1002
78272  27.609  -2.601  -50.382 1003
78273  26.152  -2.641  -49.815 1004
78274  24.952  -2.273  -49.475 1005
78275  23.892  -2.185  -48.773 1006
78276  23.281  -2.169  -48.345 1007
78282  27.062  -1.927  -50.606 1008
78283  26.360  -2.066  -50.278 1009
78284  25.661  -2.143  -49.930 1010
79363  20.143  -0.075  -40.453 1011
79364  19.456  -1.008  -41.339 1012
79371  36.467  -1.501  -44.741 1013
79372  36.101  -1.367  -44.394 1014
79373  35.499  -1.280  -44.247 1015
79374  35.048  -1.428  -44.152 1016
79375  19.606  0.309  -41.009 1017
79376  19.056  -0.562  -41.908 1018
79384  36.230  -0.993  -44.994 1019
79385  35.660  -0.868  -44.824 1020
79386  34.746  -1.056  -44.975 1021
79387  34.109  -1.441  -45.174 1022
79388  18.829  -0.755  -43.422 1023
79397  34.472  -0.831  -45.896 1024
79398  33.987  -1.327  -46.238 1025
79399  33.539  -1.884  -46.658 1026
79400  19.707  -1.043  -45.464 1027
79401  19.356  -1.322  -44.538 1028
79410  33.934  -1.275  -47.420 1029
79411  33.681  -1.927  -47.645 1030
79412  33.232  -2.541  -48.335 1031
79413  21.555  -1.848  -47.067 1032
79414  20.914  -1.487  -46.658 1033
79423  32.834  -2.580  -48.862 1034
79424  32.244  -2.533  -49.509 1035
79425  32.017  -2.574  -50.497 1036
79426  21.889  -1.656  -47.468 1037
79427  21.399  -1.119  -47.315 1038
79437  31.050  -2.228  -50.834 1039
79438  29.790  -1.973  -51.000 1040
79439  28.724  -2.157  -50.866 1041
79440  24.775  -1.809  -49.659 1042
79441  24.176  -1.580  -49.368 1043
79442  22.886  -1.505  -48.452 1044
79451  28.867  -1.464  -51.111 1045
79452  27.765  -1.569  -51.004 1046
79453  26.516  -1.455  -50.725 1047
79454  25.205  -1.551  -50.114 1048
79455  24.202  -0.949  -49.840 1049
80581  19.239  0.651  -41.429 1050
80588  36.237  -0.876  -45.566 1051
80589  35.812  -0.677  -45.451 1052
80590  35.306  -0.629  -45.435 1053
80594  18.656  0.210  -42.581 1054
80601  35.761  -0.678  -46.106 1055
80602  35.336  -0.574  -46.089 1056
80603  34.812  -0.574  -46.138 1057
80604  34.439  -0.809  -46.488 1058
80605  19.400  -0.546  -45.330 1059
80606  18.880  -0.162  -44.495 1060
80614  34.537  -0.617  -46.926 1061
80615  34.210  -0.874  -47.463 1062
80616  33.841  -1.209  -48.280 1063
80617  33.452  -1.842  -48.609 1064
80618  19.740  -0.425  -45.982 1065
80619  19.116  0.421  -45.559 1066
80629  33.307  -1.123  -48.719 1067
80630  32.827  -1.466  -49.238 1068
80631  32.205  -1.342  -50.177 1069
80632  31.539  -1.566  -50.715 1070
80633  21.834  -0.996  -47.824 1071
80634  20.909  -0.372  -47.337 1072
80644  31.444  -0.493  -50.602 1073
80645  30.249  -0.810  -51.042 1074
80646  29.388  -1.183  -51.171 1075
80647  23.310  -0.770  -49.256 1076
80648  22.082  -0.321  -48.517 1077
80659  29.419  -0.037  -51.318 1078
80660  28.547  -0.426  -51.496 1079
80661  27.000  -0.739  -51.312 1080
80662  25.742  -0.772  -50.905 1081
80663  24.661  -0.608  -50.450 1082
81794  18.489  1.346  -42.614 1083
81802  35.169  -0.590  -46.801 1084
81803  34.943  -0.534  -46.836 1085
81804  34.740  -0.501  -46.881 1086
81805  18.342  1.147  -44.545 1087
81813  34.576  -0.601  -47.614 1088
81814  34.387  -0.433  -47.578 1089
81815  34.365  -0.538  -47.829 1090
81816  33.734  -0.512  -48.648 1091
81817  33.455  -0.830  -48.682 1092
81818  19.793  0.434  -46.583 1093
81827  33.176  -0.083  -49.185 1094
81828  33.000  -0.391  -49.114 1095
81829  32.505  -0.308  -49.639 1096
81830  32.061  0.034  -50.186 1097
81840  31.344  0.531  -50.243 1098
81841  30.670  0.439  -50.634 1099
81854  29.831  0.534  -51.120 1100
81855  29.096  0.633  -51.711 1101
83050  33.916  -0.321  -48.599 1102
83051  33.988  -0.317  -48.350 1103
83052  33.854  -0.256  -48.542 1104
83053  33.771  -0.272  -48.761 1105
83062  33.371  0.020  -49.319 1106
83063  33.406  0.113  -49.018 1107
83064  33.253  0.282  -49.200 1108
83065  32.820  0.563  -49.473 1109
83066  32.613  0.758  -49.666 1110
83067  32.331  0.624  -49.920 1111
83078  32.256  1.363  -49.928 1112
83079  31.724  1.284  -49.968 1113
83080  30.966  1.447  -50.253 1114
83090  30.275  1.531  -50.789 1115
83091  29.624  1.577  -51.620 1116
84528  33.672  -0.085  -48.889 1117
84529  33.616  0.128  -49.025 1118
84530  33.430  0.306  -49.191 1119
84542  33.584  0.729  -49.266 1120
84543  33.260  0.790  -49.452 1121
84544  33.128  0.899  -49.606 1122
84545  32.886  1.284  -49.828 1123
84546  32.587  1.710  -49.952 1124
84547  32.339  1.726  -49.936 1125
84555  33.079  0.951  -49.766 1126
84556  32.217  2.425  -49.901 1127
84557  31.926  2.380  -49.857 1128
84558  31.254  2.598  -49.962 1129
84559  30.632  2.336  -50.373 1130
84569  30.730  3.170  -50.225 1131
86015  33.167  1.165  -49.695 1132
86016  33.062  1.797  -49.883 1133
86017  32.888  1.914  -50.006 1134
86018  32.643  2.511  -49.966 1135
86019  32.362  2.756  -49.884 1136
86030  33.086  1.558  -49.892 1137
86031  33.178  2.402  -49.889 1138
86032  32.436  3.561  -49.677 1139
86033  32.075  3.472  -49.656 1140
86034  31.631  3.624  -49.662 1141
86035  31.140  3.850  -49.833 1142
86043  33.306  2.209  -50.115 1143
86044  33.359  2.417  -50.041 1144
87440  32.964  2.377  -49.866 1145
87441  32.878  2.859  -49.815 1146
87442  32.725  3.463  -49.668 1147
87456  33.116  3.009  -49.836 1148
87457  33.003  3.922  -49.543 1149
87458  32.720  4.416  -49.368 1150
87459  32.324  4.581  -49.319 1151
87460  31.860  4.726  -49.331 1152
87461  31.453  4.514  -49.524 1153
87468  33.454  2.953  -50.171 1154
87469  33.441  3.377  -50.038 1155
87480  33.519  3.282  -50.382 1156
87481  33.716  4.339  -50.265 1157
88705  33.315  4.411  -49.652 1158
