#!ascii label  , from subject FreeSurferMNI152 vox2ras=TkReg
1657
36962  -11.408  -37.187  -10.452 1
36963  -12.118  -37.336  -10.420 2
36964  -12.911  -37.433  -10.469 3
36965  -13.658  -37.385  -10.556 4
36966  -14.351  -37.182  -10.569 5
36967  -14.753  -36.934  -10.544 6
37971  -10.898  -36.510  -10.440 7
37972  -11.672  -36.517  -10.359 8
37973  -12.504  -36.652  -10.323 9
37974  -13.196  -36.830  -10.350 10
37975  -13.774  -36.636  -10.396 11
37976  -14.392  -36.501  -10.489 12
37990  -6.492  -35.194  -10.356 13
37991  -7.344  -35.092  -10.352 14
37992  -8.154  -35.124  -10.539 15
37993  -9.116  -35.836  -10.457 16
37994  -10.048  -36.217  -10.451 17
37995  -14.977  -36.472  -10.580 18
37996  -15.796  -36.487  -10.695 19
37997  -16.881  -36.417  -10.828 20
37998  -18.025  -36.313  -10.981 21
38013  -6.864  -34.839  -10.809 22
38014  -7.350  -34.698  -10.942 23
38015  -7.643  -34.587  -11.072 24
38972  -5.226  -35.601  -4.603 25
38973  -5.577  -35.345  -4.031 26
38983  -4.948  -35.488  -5.141 27
38993  -4.666  -35.380  -5.886 28
39000  -4.481  -35.303  -6.728 29
39006  -4.463  -35.314  -7.606 30
39012  -4.552  -35.387  -8.511 31
39013  -4.801  -35.021  -9.092 32
39020  -5.260  -35.195  -9.618 33
39021  -10.533  -35.918  -10.438 34
39022  -11.086  -35.619  -10.450 35
39023  -12.047  -35.771  -10.362 36
39024  -13.036  -36.018  -10.312 37
39025  -13.849  -35.903  -10.501 38
39026  -14.493  -35.904  -10.593 39
39032  -5.870  -34.813  -10.265 40
39033  -6.359  -34.582  -10.824 41
39034  -8.529  -34.718  -10.859 42
39035  -9.332  -35.133  -10.594 43
39036  -10.181  -35.271  -10.513 44
39037  -10.671  -35.006  -10.563 45
39038  -12.509  -35.318  -10.514 46
39039  -13.193  -35.223  -10.658 47
39040  -14.061  -35.234  -10.795 48
39041  -15.042  -35.503  -10.840 49
39042  -16.116  -35.441  -11.065 50
39043  -17.244  -35.266  -11.360 51
39044  -18.362  -35.373  -11.553 52
39045  -19.151  -35.354  -11.877 53
39057  -6.818  -34.438  -11.298 54
39058  -7.306  -34.404  -11.517 55
39059  -7.844  -34.417  -11.304 56
39060  -17.810  -34.613  -11.872 57
39061  -18.589  -34.679  -12.262 58
40003  -5.757  -34.556  -3.382 59
40009  -5.279  -34.810  -4.648 60
40010  -5.403  -34.317  -4.060 61
40013  -5.012  -34.543  -5.348 62
40019  -4.773  -34.448  -6.203 63
40025  -4.670  -34.417  -7.091 64
40030  -4.720  -34.397  -8.031 65
40031  -4.893  -34.040  -8.621 66
40036  -4.774  -34.623  -8.715 67
40037  -5.101  -34.289  -9.210 68
40042  -5.571  -34.212  -9.917 69
40043  -11.563  -35.284  -10.498 70
40044  -11.925  -35.108  -10.559 71
40050  -5.934  -34.067  -10.641 72
40051  -6.365  -33.937  -11.282 73
40052  -8.863  -34.299  -11.101 74
40053  -9.536  -34.512  -10.828 75
40054  -10.258  -34.531  -10.804 76
40055  -11.196  -34.714  -10.760 77
40056  -12.271  -34.620  -10.922 78
40057  -13.301  -34.463  -11.216 79
40058  -14.340  -34.599  -11.243 80
40059  -15.299  -34.611  -11.384 81
40060  -16.279  -34.507  -11.607 82
40061  -17.089  -34.309  -11.877 83
40069  -6.827  -33.846  -11.986 84
40070  -7.488  -34.102  -12.022 85
40071  -8.157  -34.068  -11.867 86
40072  -13.748  -34.012  -11.616 87
40073  -14.477  -33.920  -11.768 88
40074  -15.416  -33.837  -11.971 89
40075  -16.381  -33.769  -12.270 90
40076  -17.526  -33.807  -12.769 91
40077  -18.787  -34.234  -13.140 92
40091  -7.226  -33.771  -12.520 93
40092  -7.727  -33.857  -12.496 94
40093  -8.014  -33.878  -12.424 95
40094  -18.177  -33.642  -13.938 96
40095  -19.058  -34.171  -13.956 97
40112  -18.109  -33.541  -14.613 98
40830  -4.342  -32.265  8.893 99
40831  -4.804  -32.290  8.658 100
40841  -3.582  -32.405  8.243 101
40842  -4.359  -32.504  8.250 102
40843  -5.352  -32.412  8.110 103
40844  -6.407  -32.316  7.821 104
40845  -7.455  -32.300  7.649 105
40846  -8.457  -32.449  7.608 106
40847  -9.346  -32.660  7.689 107
40848  -10.157  -32.877  7.822 108
40849  -10.898  -33.182  8.117 109
40853  -3.390  -32.387  7.809 110
40854  -3.903  -32.539  7.434 111
40855  -4.886  -32.552  7.436 112
40856  -5.897  -32.463  7.279 113
40857  -6.989  -32.409  7.044 114
40858  -8.106  -32.621  6.944 115
40859  -9.030  -32.992  7.104 116
40860  -9.804  -33.287  7.301 117
40861  -10.519  -33.639  7.534 118
40864  -4.003  -32.505  6.766 119
40865  -4.541  -32.524  6.760 120
40866  -5.428  -32.481  6.656 121
40867  -6.437  -32.408  6.463 122
40868  -7.673  -32.634  6.020 123
40869  -8.907  -33.295  6.259 124
40870  -9.559  -33.567  6.741 125
40873  -7.896  -33.055  5.052 126
40874  -8.581  -33.422  5.412 127
40877  -7.262  -32.942  3.871 128
40878  -7.971  -33.410  4.185 129
40882  -7.061  -33.119  3.113 130
40898  -6.161  -32.903  2.052 131
40918  -6.014  -33.048  1.141 132
40932  -5.848  -33.174  0.208 133
40943  -5.744  -33.302  -0.681 134
40951  -5.175  -33.132  -2.486 135
40952  -5.778  -33.597  -1.700 136
40959  -5.128  -33.267  -3.122 137
40960  -5.617  -33.793  -2.804 138
40967  -4.903  -33.176  -3.628 139
40968  -5.300  -33.787  -3.653 140
40975  -5.032  -33.668  -4.431 141
40976  -5.244  -33.903  -4.058 142
40981  -4.834  -33.557  -5.558 143
40984  -4.751  -33.551  -6.519 144
40987  -4.790  -33.544  -7.418 145
40991  -4.923  -33.484  -8.200 146
40992  -5.107  -33.458  -8.872 147
40996  -5.432  -33.466  -9.532 148
41001  -5.743  -33.398  -10.271 149
41006  -5.993  -33.319  -11.027 150
41007  -6.367  -33.227  -11.676 151
41008  -9.189  -34.090  -11.195 152
41009  -9.634  -33.986  -11.229 153
41010  -10.427  -33.944  -11.291 154
41011  -11.363  -33.916  -11.420 155
41012  -12.325  -33.875  -11.603 156
41013  -13.071  -33.809  -11.765 157
41018  -6.606  -33.091  -12.219 158
41019  -8.924  -33.819  -11.780 159
41020  -9.658  -33.508  -11.846 160
41021  -10.491  -33.375  -11.976 161
41022  -11.435  -33.303  -12.214 162
41023  -12.449  -33.395  -12.244 163
41024  -13.477  -33.451  -12.239 164
41025  -14.473  -33.347  -12.478 165
41026  -15.434  -33.289  -12.739 166
41027  -16.364  -33.278  -13.024 167
41028  -16.882  -33.329  -13.307 168
41036  -6.902  -33.258  -12.642 169
41037  -7.433  -33.367  -12.897 170
41038  -8.188  -33.498  -12.607 171
41039  -11.817  -32.970  -12.700 172
41040  -12.551  -32.903  -12.833 173
41041  -13.506  -32.866  -12.998 174
41042  -14.463  -32.858  -13.247 175
41043  -15.417  -32.839  -13.586 176
41044  -16.385  -33.004  -13.707 177
41045  -17.190  -33.274  -13.776 178
41057  -15.760  -32.674  -14.260 179
41058  -16.559  -32.892  -14.402 180
41059  -17.445  -33.235  -14.635 181
41060  -18.020  -33.449  -15.040 182
41076  -15.908  -32.600  -14.843 183
41077  -16.549  -32.731  -15.232 184
41078  -17.490  -33.031  -15.426 185
41079  -18.372  -33.373  -15.627 186
41092  -16.832  -32.613  -15.933 187
41093  -17.684  -32.766  -16.095 188
41808  -3.786  -31.147  9.440 189
41809  -3.948  -31.239  9.487 190
41810  -4.303  -31.333  9.455 191
41818  -3.677  -31.389  9.304 192
41819  -3.990  -31.862  9.277 193
41820  -4.786  -31.744  9.140 194
41821  -5.629  -31.630  8.852 195
41822  -6.277  -31.632  8.595 196
41823  -11.952  -32.044  8.971 197
41827  -3.434  -31.832  8.853 198
41828  -3.870  -32.316  8.774 199
41829  -5.287  -32.098  8.676 200
41830  -5.949  -32.040  8.399 201
41831  -6.892  -31.937  8.270 202
41832  -7.929  -31.994  8.124 203
41833  -8.872  -32.083  8.098 204
41834  -9.753  -32.187  8.142 205
41835  -10.550  -32.355  8.271 206
41836  -11.358  -32.470  8.563 207
41838  -2.994  -32.033  8.075 208
41839  -3.346  -32.231  7.449 209
41841  -3.063  -31.780  7.206 210
41842  -3.553  -32.254  6.668 211
41843  -4.198  -32.441  6.176 212
41844  -5.006  -32.419  6.006 213
41845  -5.928  -32.383  5.875 214
41846  -6.762  -32.445  5.764 215
41851  -3.013  -31.660  6.078 216
41852  -3.726  -32.220  5.538 217
41853  -4.587  -32.373  5.301 218
41854  -5.505  -32.374  5.184 219
41855  -6.505  -32.448  5.074 220
41856  -7.242  -32.631  5.316 221
41862  -3.225  -31.799  4.583 222
41863  -4.164  -32.269  4.465 223
41864  -5.097  -32.382  4.414 224
41865  -6.006  -32.429  4.383 225
41866  -6.736  -32.590  4.328 226
41867  -7.311  -32.761  4.630 227
41872  -3.104  -31.615  3.213 228
41873  -3.835  -32.168  3.439 229
41874  -4.764  -32.371  3.532 230
41875  -5.686  -32.473  3.606 231
41876  -6.527  -32.654  3.691 232
41883  -2.974  -31.563  2.052 233
41884  -3.610  -32.103  2.316 234
41885  -4.508  -32.392  2.552 235
41886  -5.442  -32.544  2.733 236
41887  -6.311  -32.766  2.909 237
41903  -2.928  -31.552  1.421 238
41904  -3.367  -31.953  1.154 239
41905  -4.322  -32.393  1.509 240
41906  -5.256  -32.634  1.795 241
41923  -3.622  -31.913  -0.035 242
41924  -4.286  -32.367  0.441 243
41925  -5.145  -32.667  0.816 244
41937  -3.877  -31.845  -1.148 245
41938  -4.421  -32.370  -0.616 246
41939  -5.100  -32.753  -0.145 247
41949  -3.992  -31.959  -2.320 248
41950  -4.698  -32.585  -1.761 249
41951  -5.165  -32.859  -0.995 250
41960  -4.095  -32.064  -3.381 251
41961  -4.609  -32.657  -2.958 252
41970  -4.248  -32.089  -4.202 253
41971  -4.544  -32.668  -3.918 254
41980  -4.325  -32.064  -4.721 255
41981  -4.582  -32.630  -4.865 256
41988  -4.685  -32.732  -5.927 257
41993  -4.797  -32.780  -6.896 258
41995  -4.968  -32.784  -7.757 259
41998  -5.139  -32.804  -8.485 260
41999  -5.357  -32.779  -9.117 261
42002  -5.658  -32.695  -9.833 262
42005  -5.898  -32.635  -10.628 263
42009  -6.167  -32.572  -11.330 264
42010  -6.463  -32.499  -11.959 265
42014  -6.725  -32.518  -12.561 266
42015  -9.000  -33.309  -12.429 267
42016  -9.636  -33.003  -12.546 268
42017  -10.462  -32.849  -12.660 269
42018  -11.140  -32.777  -12.835 270
42023  -7.079  -32.656  -13.060 271
42024  -7.722  -32.730  -13.222 272
42025  -8.663  -32.648  -13.178 273
42026  -9.629  -32.464  -13.177 274
42027  -10.480  -32.417  -13.308 275
42028  -11.508  -32.525  -13.361 276
42029  -12.520  -32.470  -13.591 277
42030  -13.497  -32.441  -13.767 278
42031  -14.393  -32.468  -13.985 279
42032  -15.030  -32.490  -14.255 280
42041  -8.985  -32.102  -13.620 281
42042  -9.636  -32.002  -13.828 282
42043  -10.552  -32.009  -13.999 283
42044  -11.534  -32.052  -14.161 284
42045  -12.531  -32.007  -14.390 285
42046  -13.543  -32.108  -14.460 286
42047  -14.360  -32.193  -14.666 287
42048  -15.175  -32.344  -14.812 288
42061  -12.899  -31.773  -14.880 289
42062  -13.561  -31.821  -15.104 290
42063  -14.435  -31.941  -15.392 291
42064  -15.480  -32.285  -15.485 292
42065  -16.084  -32.423  -15.881 293
42082  -14.784  -31.895  -15.938 294
42083  -15.393  -32.019  -16.269 295
42084  -16.209  -32.235  -16.399 296
42085  -16.985  -32.338  -16.513 297
42086  -17.741  -32.363  -16.624 298
42100  -15.683  -31.874  -16.762 299
42101  -16.315  -31.905  -16.920 300
42102  -17.159  -31.930  -17.015 301
42103  -18.172  -32.018  -17.155 302
42832  -3.684  -30.945  9.447 303
42833  -3.876  -30.767  9.632 304
42834  -4.241  -30.698  9.742 305
42838  -3.436  -31.056  9.228 306
42839  -4.712  -30.922  9.564 307
42840  -5.378  -31.001  9.306 308
42841  -6.245  -31.017  8.929 309
42842  -7.148  -30.881  8.723 310
42843  -7.853  -30.951  8.580 311
42844  -10.626  -30.863  8.665 312
42845  -11.273  -31.316  8.806 313
42846  -12.192  -31.294  9.318 314
42849  -3.073  -31.220  8.687 315
42850  -6.794  -31.404  8.570 316
42851  -7.499  -31.455  8.446 317
42852  -8.429  -31.403  8.399 318
42853  -9.351  -31.533  8.339 319
42854  -10.266  -31.456  8.439 320
42855  -10.872  -31.900  8.501 321
42858  -2.834  -31.201  7.907 322
42865  -2.841  -31.061  7.018 323
42873  -2.736  -30.877  6.251 324
42878  -2.722  -31.001  5.314 325
42882  -2.717  -30.959  4.118 326
42886  -2.696  -30.774  2.829 327
42892  -2.765  -30.995  1.411 328
42893  -2.933  -31.526  1.114 329
42908  -2.901  -30.756  0.288 330
42909  -3.036  -31.435  0.548 331
42924  -3.212  -30.633  -0.615 332
42925  -3.298  -31.265  -0.452 333
42943  -3.515  -30.518  -1.075 334
42944  -3.659  -31.058  -1.598 335
42957  -3.965  -31.421  -2.936 336
42966  -4.138  -31.620  -3.814 337
42976  -4.337  -31.716  -4.480 338
42977  -4.561  -31.976  -5.318 339
42987  -4.863  -32.131  -6.412 340
42996  -5.025  -32.187  -7.326 341
42998  -5.305  -32.118  -8.222 342
42999  -5.670  -31.749  -8.612 343
43001  -5.347  -32.402  -8.752 344
43002  -5.642  -32.030  -9.224 345
43005  -5.919  -31.983  -10.247 346
43007  -6.126  -31.966  -10.986 347
43010  -6.350  -31.865  -11.602 348
43011  -6.621  -31.764  -12.295 349
43014  -6.933  -31.842  -12.984 350
43017  -7.346  -32.054  -13.314 351
43018  -7.841  -31.926  -13.611 352
43019  -8.419  -31.922  -13.705 353
43025  -8.047  -31.525  -13.957 354
43026  -8.681  -31.558  -14.182 355
43027  -9.600  -31.447  -14.588 356
43028  -10.632  -31.549  -14.658 357
43029  -11.521  -31.588  -14.838 358
43030  -12.225  -31.607  -15.025 359
43040  -9.977  -31.126  -15.090 360
43041  -10.677  -31.123  -15.275 361
43042  -11.584  -31.148  -15.478 362
43043  -12.634  -31.404  -15.468 363
43044  -13.494  -31.506  -15.756 364
43045  -14.140  -31.621  -16.006 365
43057  -12.014  -30.934  -15.905 366
43058  -12.691  -31.019  -16.121 367
43059  -13.524  -31.171  -16.413 368
43060  -14.477  -31.522  -16.489 369
43061  -15.086  -31.647  -16.814 370
43079  -13.899  -31.057  -16.852 371
43080  -14.509  -31.194  -17.090 372
43081  -15.447  -31.373  -17.302 373
43082  -16.439  -31.466  -17.411 374
43083  -17.298  -31.460  -17.526 375
43084  -18.002  -31.434  -17.714 376
43097  -15.872  -31.008  -17.720 377
43098  -16.569  -30.940  -17.874 378
43099  -17.438  -30.942  -18.040 379
43823  -3.743  -29.790  10.031 380
43824  -3.876  -29.716  10.188 381
43825  -4.188  -29.555  10.333 382
43830  -3.688  -30.241  9.728 383
43831  -4.002  -30.209  10.046 384
43832  -4.446  -29.901  10.158 385
43833  -4.945  -30.028  9.971 386
43834  -12.483  -30.548  9.687 387
43835  -13.144  -30.334  10.286 388
43838  -3.325  -30.429  9.189 389
43839  -4.643  -30.361  9.859 390
43840  -5.160  -30.205  9.785 391
43841  -5.914  -30.293  9.486 392
43842  -6.793  -30.227  9.209 393
43843  -7.814  -30.227  8.877 394
43844  -8.850  -30.188  8.760 395
43845  -9.929  -30.459  8.701 396
43846  -10.954  -30.271  8.936 397
43847  -11.799  -30.278  9.330 398
43854  -3.056  -30.437  8.563 399
43855  -8.408  -30.736  8.590 400
43856  -9.108  -30.903  8.512 401
43857  -9.669  -31.086  8.461 402
43868  -2.906  -30.346  7.767 403
43878  -2.828  -30.239  6.887 404
43883  -2.669  -30.192  5.967 405
43887  -2.566  -30.171  4.953 406
43892  -2.554  -30.080  3.900 407
43897  -2.596  -29.913  3.075 408
43902  -2.687  -30.096  2.146 409
43910  -2.818  -30.146  1.056 410
43916  -3.008  -30.067  0.006 411
43917  -3.525  -29.954  -0.442 412
43918  -6.271  -30.211  -0.921 413
43919  -6.642  -30.046  -0.879 414
43930  -3.381  -30.253  -0.720 415
43931  -4.158  -30.262  -1.281 416
43932  -5.414  -30.320  -1.638 417
43933  -6.369  -30.275  -1.530 418
43934  -7.090  -29.763  -1.496 419
43935  -7.280  -29.511  -1.957 420
43950  -4.198  -30.816  -2.667 421
43951  -5.052  -30.586  -2.548 422
43952  -6.085  -30.524  -2.466 423
43953  -6.905  -30.227  -2.367 424
43954  -7.241  -29.730  -2.378 425
43970  -4.273  -31.200  -3.684 426
43971  -4.924  -30.886  -3.638 427
43972  -5.904  -30.783  -3.466 428
43973  -6.773  -30.483  -3.311 429
43974  -7.240  -29.978  -3.177 430
43989  -4.295  -31.430  -4.179 431
43990  -4.813  -31.326  -4.709 432
43991  -5.831  -31.049  -4.539 433
43992  -6.769  -30.763  -4.340 434
43993  -7.298  -30.188  -4.149 435
44003  -5.187  -31.645  -5.980 436
44004  -5.876  -31.284  -5.671 437
44005  -6.785  -30.912  -5.470 438
44006  -7.389  -30.330  -5.270 439
44018  -5.298  -31.750  -7.022 440
44019  -5.912  -31.375  -6.818 441
44020  -6.774  -31.005  -6.593 442
44021  -7.566  -30.367  -6.506 443
44022  -7.948  -30.045  -6.937 444
44032  -5.310  -31.856  -7.634 445
44033  -5.829  -31.529  -7.971 446
44034  -6.732  -31.115  -7.675 447
44035  -7.520  -30.631  -7.475 448
44036  -8.027  -30.125  -7.394 449
44039  -6.071  -31.433  -9.045 450
44040  -6.696  -31.069  -8.748 451
44041  -7.475  -30.690  -8.466 452
44042  -8.114  -30.222  -8.282 453
44045  -6.125  -31.370  -9.978 454
44046  -6.584  -30.857  -9.730 455
44047  -7.400  -30.498  -9.532 456
44048  -8.023  -30.290  -9.072 457
44050  -6.217  -31.393  -10.841 458
44051  -6.548  -30.701  -10.767 459
44052  -7.037  -30.404  -10.316 460
44054  -6.279  -31.528  -11.294 461
44055  -6.525  -31.026  -11.770 462
44058  -6.885  -30.973  -12.869 463
44060  -7.332  -31.192  -13.614 464
44061  -7.709  -31.364  -13.878 465
44063  -7.384  -30.593  -14.021 466
44064  -7.805  -30.899  -14.283 467
44065  -8.584  -30.816  -14.955 468
44066  -9.333  -30.909  -15.192 469
44072  -8.945  -30.452  -15.463 470
44073  -9.746  -30.544  -15.652 471
44074  -10.707  -30.669  -15.818 472
44075  -11.373  -30.702  -16.011 473
44084  -10.135  -30.210  -16.113 474
44085  -10.813  -30.264  -16.336 475
44086  -11.803  -30.464  -16.486 476
44087  -12.691  -30.654  -16.701 477
44088  -13.299  -30.770  -16.922 478
44099  -12.118  -30.225  -16.987 479
44100  -12.725  -30.294  -17.262 480
44101  -13.684  -30.616  -17.325 481
44102  -14.539  -30.735  -17.594 482
44103  -15.233  -30.773  -17.796 483
44120  -13.075  -30.119  -17.652 484
44121  -13.735  -30.157  -17.894 485
44122  -14.645  -30.245  -18.113 486
44123  -15.687  -30.409  -18.180 487
44124  -16.677  -30.341  -18.427 488
44125  -17.593  -30.433  -18.553 489
44137  -16.999  -29.963  -18.816 490
44842  -4.045  -28.477  10.531 491
44843  -4.415  -28.289  10.751 492
44844  -4.683  -28.150  10.960 493
44848  -3.754  -29.270  10.147 494
44849  -4.034  -28.926  10.551 495
44850  -4.670  -28.833  10.636 496
44851  -5.053  -28.642  10.801 497
44852  -13.575  -29.622  10.931 498
44853  -13.887  -29.182  11.375 499
44855  -3.527  -29.722  9.636 500
44856  -4.763  -29.497  10.329 501
44857  -5.217  -29.188  10.425 502
44858  -5.992  -29.055  10.312 503
44859  -6.657  -28.884  10.067 504
44860  -11.755  -29.104  9.738 505
44861  -12.223  -29.500  9.808 506
44862  -12.953  -29.227  10.501 507
44866  -3.333  -29.656  9.185 508
44867  -5.703  -29.678  9.971 509
44868  -6.375  -29.571  9.749 510
44869  -7.336  -29.306  9.524 511
44870  -8.412  -29.450  9.214 512
44871  -9.426  -29.533  9.129 513
44872  -10.433  -29.552  9.212 514
44873  -11.430  -29.392  9.505 515
44874  -11.842  -29.707  9.511 516
44885  -3.164  -29.528  8.509 517
44896  -3.013  -29.408  7.647 518
44903  -2.832  -29.367  6.696 519
44908  -2.681  -29.332  5.733 520
44912  -2.624  -29.290  4.748 521
44916  -2.655  -29.251  3.782 522
44920  -2.786  -29.324  2.831 523
44925  -2.991  -29.425  1.823 524
44926  -3.455  -29.244  1.422 525
44927  -4.991  -29.327  1.254 526
44928  -5.438  -29.348  1.253 527
44929  -6.117  -29.302  1.212 528
44936  -3.201  -29.648  0.856 529
44937  -3.875  -29.383  0.828 530
44938  -4.774  -29.468  0.760 531
44939  -5.670  -29.593  0.575 532
44940  -6.468  -29.343  0.561 533
44948  -3.465  -29.729  0.185 534
44949  -4.124  -29.753  -0.135 535
44950  -5.022  -29.833  -0.104 536
44951  -6.037  -29.964  -0.330 537
44952  -6.834  -29.395  -0.405 538
44955  -4.547  -29.939  -0.629 539
44956  -5.141  -30.068  -0.861 540
44957  -5.852  -30.244  -1.042 541
44958  -7.119  -29.112  -1.052 542
44959  -7.210  -29.188  -1.699 543
44961  -7.227  -29.284  -2.314 544
44969  -7.184  -29.442  -3.013 545
44983  -7.256  -29.541  -3.937 546
44999  -7.389  -29.693  -4.992 547
45018  -7.635  -29.716  -6.275 548
45019  -7.857  -29.964  -6.708 549
45038  -7.719  -29.469  -6.924 550
45039  -7.924  -29.679  -7.175 551
45049  -8.204  -29.564  -8.124 552
45052  -8.113  -30.049  -9.776 553
45053  -8.363  -29.562  -9.267 554
45056  -7.109  -30.141  -10.990 555
45057  -7.754  -30.044  -10.562 556
45058  -8.475  -29.515  -10.406 557
45061  -6.954  -30.218  -11.706 558
45062  -7.646  -29.798  -11.632 559
45063  -8.285  -29.609  -11.181 560
45066  -7.012  -30.152  -12.693 561
45067  -7.315  -29.786  -12.344 562
45069  -7.244  -30.081  -13.807 563
45070  -7.510  -29.397  -14.397 564
45072  -7.505  -30.314  -14.287 565
45073  -7.850  -29.829  -15.003 566
45074  -8.484  -30.204  -15.375 567
45076  -8.216  -29.315  -15.668 568
45077  -8.806  -29.720  -15.950 569
45078  -9.605  -30.033  -16.123 570
45085  -9.104  -29.242  -16.462 571
45086  -9.886  -29.551  -16.606 572
45087  -11.087  -29.884  -16.853 573
45088  -11.678  -30.053  -16.959 574
45097  -10.083  -29.096  -17.119 575
45098  -10.668  -29.337  -17.198 576
45099  -11.736  -29.614  -17.465 577
45100  -12.564  -29.889  -17.612 578
45112  -11.879  -29.156  -18.009 579
45113  -12.705  -29.568  -18.073 580
45114  -13.792  -29.589  -18.524 581
45115  -14.900  -29.750  -18.641 582
45116  -15.921  -29.805  -18.733 583
45117  -16.529  -29.854  -18.805 584
45132  -13.525  -29.096  -18.962 585
45133  -14.167  -29.161  -19.066 586
45134  -15.206  -29.208  -19.152 587
45135  -16.512  -29.323  -19.291 588
45887  -4.617  -27.029  11.873 589
45888  -4.771  -26.909  12.148 590
45900  -4.583  -27.161  11.387 591
45901  -4.717  -27.045  11.732 592
45902  -4.937  -27.049  12.076 593
45903  -5.111  -26.938  12.277 594
45908  -4.366  -27.660  10.868 595
45909  -4.668  -27.657  11.153 596
45910  -4.934  -27.822  11.324 597
45911  -5.307  -27.321  11.814 598
45912  -5.686  -27.232  11.806 599
45913  -13.746  -28.183  11.600 600
45916  -3.889  -28.140  10.427 601
45917  -3.662  -27.960  10.082 602
45918  -5.004  -28.358  10.981 603
45919  -5.310  -28.183  11.057 604
45920  -5.930  -27.696  11.305 605
45921  -6.681  -27.758  10.917 606
45922  -11.768  -27.996  10.332 607
45923  -12.232  -28.037  10.500 608
45924  -13.207  -28.420  11.016 609
45925  -13.933  -28.668  11.608 610
45927  -3.545  -28.835  9.851 611
45928  -3.560  -28.076  9.875 612
45929  -5.714  -28.475  10.729 613
45930  -6.357  -28.335  10.594 614
45931  -7.350  -28.225  10.246 615
45932  -8.465  -28.149  9.992 616
45933  -9.434  -28.181  9.891 617
45934  -10.426  -28.267  9.865 618
45935  -11.538  -28.475  9.993 619
45936  -12.538  -28.728  10.388 620
45937  -12.905  -28.794  10.646 621
45946  -3.401  -28.763  9.254 622
45947  -3.488  -27.948  9.401 623
45948  -8.097  -28.757  9.665 624
45949  -8.963  -28.797  9.537 625
45950  -9.930  -28.857  9.528 626
45951  -10.852  -28.897  9.622 627
45952  -11.285  -28.914  9.703 628
45965  -3.321  -28.360  8.552 629
45966  -3.472  -27.744  9.096 630
45975  -3.095  -28.467  7.452 631
45983  -2.886  -28.463  6.512 632
45988  -2.796  -28.435  5.578 633
45994  -2.865  -28.441  4.632 634
46000  -3.046  -28.517  3.640 635
46001  -3.504  -28.357  3.261 636
46002  -5.867  -28.363  3.106 637
46003  -6.134  -28.308  3.090 638
46008  -3.215  -28.825  2.682 639
46009  -3.895  -28.543  2.665 640
46010  -4.709  -28.624  2.479 641
46011  -5.639  -28.589  2.639 642
46012  -6.405  -28.413  2.540 643
46018  -3.455  -28.947  2.028 644
46019  -4.079  -28.952  1.734 645
46020  -5.000  -29.079  1.730 646
46021  -5.948  -29.026  1.888 647
46022  -6.626  -28.661  1.547 648
46027  -4.467  -29.238  1.251 649
46028  -4.752  -29.291  1.248 650
46029  -6.828  -28.609  0.531 651
46039  -6.874  -28.585  -0.419 652
46042  -6.864  -28.586  -1.384 653
46043  -7.048  -28.858  -2.096 654
46045  -6.069  -28.077  -2.475 655
46046  -6.522  -28.405  -2.329 656
46047  -7.005  -28.931  -2.771 657
46049  -6.002  -28.213  -3.015 658
46050  -6.565  -28.640  -3.329 659
46051  -7.048  -29.078  -3.541 660
46053  -5.305  -27.947  -4.888 661
46054  -5.944  -28.322  -4.186 662
46055  -6.770  -28.839  -4.144 663
46056  -7.096  -29.163  -4.068 664
46059  -5.350  -27.929  -5.417 665
46060  -5.832  -28.226  -5.564 666
46061  -6.604  -28.732  -5.085 667
46062  -7.093  -29.196  -4.654 668
46072  -6.084  -28.209  -6.705 669
46073  -6.657  -28.631  -6.249 670
46074  -7.178  -29.172  -5.705 671
46092  -6.218  -28.101  -7.279 672
46093  -6.740  -28.329  -7.422 673
46094  -7.428  -29.040  -6.975 674
46095  -7.791  -29.341  -7.213 675
46118  -7.034  -28.187  -8.062 676
46119  -7.523  -28.458  -8.190 677
46120  -7.922  -29.119  -7.763 678
46137  -7.886  -28.286  -8.855 679
46138  -8.243  -28.676  -8.969 680
46145  -8.894  -28.615  -10.313 681
46146  -9.396  -28.097  -10.703 682
46149  -8.347  -29.425  -11.894 683
46150  -8.983  -29.082  -11.400 684
46151  -9.569  -28.256  -11.284 685
46154  -7.364  -29.577  -12.983 686
46155  -7.892  -29.341  -12.673 687
46156  -8.783  -29.021  -12.514 688
46157  -9.517  -28.432  -12.336 689
46159  -7.252  -29.679  -13.333 690
46160  -7.571  -29.020  -13.823 691
46161  -8.391  -28.703  -13.397 692
46162  -9.131  -28.479  -13.150 693
46164  -7.676  -28.836  -14.915 694
46166  -8.047  -28.752  -15.722 695
46167  -8.349  -29.097  -15.991 696
46172  -8.129  -28.313  -16.176 697
46173  -8.652  -28.658  -16.486 698
46174  -9.247  -29.042  -16.693 699
46183  -8.976  -28.288  -17.082 700
46184  -9.500  -28.718  -17.111 701
46185  -10.323  -28.799  -17.520 702
46186  -10.935  -29.100  -17.570 703
46196  -10.260  -28.394  -17.858 704
46197  -11.018  -28.669  -18.063 705
46198  -12.031  -28.826  -18.442 706
46199  -12.899  -29.034  -18.785 707
46217  -11.442  -28.267  -18.689 708
46218  -12.180  -28.353  -19.049 709
46219  -13.242  -28.575  -19.426 710
46220  -14.352  -28.672  -19.598 711
46221  -15.364  -28.657  -19.731 712
46222  -16.185  -28.604  -19.975 713
46234  -13.678  -28.205  -19.975 714
46235  -14.457  -28.162  -20.177 715
46236  -15.442  -28.132  -20.368 716
46996  -4.657  -26.667  12.210 717
46997  -4.854  -26.663  12.394 718
47009  -4.536  -26.722  11.743 719
47010  -4.228  -26.381  11.998 720
47011  -5.190  -26.632  12.558 721
47012  -5.266  -26.697  12.355 722
47013  -5.897  -26.806  12.114 723
47016  -4.441  -26.890  11.329 724
47017  -5.614  -27.052  12.019 725
47018  -6.105  -26.948  11.907 726
47019  -6.859  -26.889  11.745 727
47020  -7.590  -26.751  11.559 728
47021  -12.896  -26.973  11.373 729
47022  -13.424  -27.368  11.640 730
47026  -4.213  -27.184  10.824 731
47027  -3.855  -27.435  10.384 732
47028  -6.567  -27.336  11.425 733
47029  -7.342  -27.357  11.068 734
47030  -8.360  -27.045  11.045 735
47031  -9.319  -27.042  10.731 736
47032  -10.322  -27.120  10.597 737
47033  -11.493  -27.509  10.517 738
47034  -12.612  -27.276  11.059 739
47035  -13.113  -27.673  11.212 740
47046  -3.645  -27.349  9.977 741
47047  -8.073  -27.624  10.515 742
47048  -8.919  -27.582  10.386 743
47049  -9.881  -27.640  10.265 744
47050  -10.841  -27.783  10.202 745
47051  -11.303  -27.907  10.227 746
47064  -3.563  -27.272  9.476 747
47075  -3.351  -27.529  8.090 748
47076  -3.484  -27.335  8.879 749
47085  -3.148  -27.604  7.242 750
47092  -2.999  -27.557  6.406 751
47096  -3.042  -27.541  5.523 752
47101  -3.331  -27.653  4.626 753
47102  -3.862  -27.449  4.285 754
47103  -4.564  -27.409  4.169 755
47104  -5.404  -27.436  4.145 756
47105  -6.185  -27.431  4.113 757
47110  -3.519  -27.978  3.857 758
47111  -4.073  -27.957  3.529 759
47112  -4.916  -27.903  3.575 760
47113  -5.777  -28.031  3.492 761
47114  -6.601  -27.709  3.401 762
47120  -4.535  -28.281  3.068 763
47121  -5.204  -28.326  3.076 764
47122  -5.643  -28.354  3.095 765
47123  -6.884  -27.748  2.450 766
47129  -6.792  -27.755  1.421 767
47135  -6.152  -27.354  -0.112 768
47136  -6.608  -27.764  0.367 769
47147  -5.331  -27.207  -1.107 770
47148  -5.974  -27.534  -0.905 771
47149  -6.512  -27.976  -0.649 772
47151  -5.054  -27.389  -1.897 773
47152  -5.742  -27.629  -1.659 774
47153  -6.323  -27.999  -1.500 775
47155  -4.152  -27.239  -3.055 776
47156  -4.857  -27.505  -2.758 777
47157  -5.606  -27.789  -2.465 778
47158  -6.087  -27.945  -2.091 779
47160  -4.045  -27.325  -3.969 780
47161  -4.707  -27.568  -3.626 781
47162  -5.388  -27.862  -3.361 782
47165  -4.052  -27.368  -4.930 783
47166  -4.681  -27.631  -4.508 784
47167  -5.207  -27.845  -4.115 785
47170  -4.085  -27.362  -5.939 786
47171  -4.873  -27.710  -5.532 787
47172  -5.379  -27.921  -5.693 788
47174  -4.093  -27.335  -6.932 789
47175  -4.798  -27.626  -6.629 790
47176  -5.439  -27.921  -6.254 791
47178  -4.152  -27.244  -7.483 792
47179  -4.728  -27.409  -7.712 793
47180  -5.711  -27.849  -7.383 794
47181  -6.325  -28.029  -7.583 795
47191  -4.960  -27.287  -8.369 796
47192  -5.615  -27.403  -8.561 797
47193  -6.601  -27.882  -8.234 798
47194  -7.197  -28.092  -8.380 799
47212  -5.916  -27.183  -9.236 800
47213  -6.588  -27.319  -9.393 801
47214  -7.517  -27.892  -9.041 802
47215  -8.068  -28.147  -9.248 803
47225  -7.018  -27.042  -10.049 804
47226  -7.543  -27.328  -9.922 805
47227  -8.461  -27.727  -10.134 806
47228  -9.128  -27.980  -10.482 807
47234  -8.916  -27.231  -10.833 808
47235  -9.400  -27.522  -11.012 809
47239  -10.035  -27.434  -12.265 810
47240  -10.550  -26.880  -12.748 811
47243  -8.216  -28.273  -14.172 812
47244  -8.929  -28.101  -13.950 813
47245  -9.833  -27.853  -13.425 814
47246  -10.737  -27.050  -13.415 815
47247  -11.196  -26.704  -13.948 816
47249  -7.931  -28.163  -14.829 817
47250  -8.559  -27.550  -14.811 818
47251  -9.448  -27.491  -14.473 819
47252  -10.302  -27.208  -14.227 820
47253  -10.968  -26.900  -14.196 821
47255  -7.888  -28.142  -15.588 822
47256  -8.186  -27.468  -15.622 823
47258  -7.940  -28.202  -15.996 824
47259  -8.231  -27.755  -16.364 825
47267  -8.693  -27.839  -17.093 826
47268  -9.247  -27.982  -17.530 827
47269  -9.834  -28.327  -17.644 828
47277  -9.208  -27.530  -17.853 829
47278  -9.898  -27.796  -18.135 830
47279  -10.773  -27.929  -18.592 831
47293  -10.322  -27.375  -18.772 832
47294  -11.198  -27.563  -19.224 833
47295  -12.257  -27.836  -19.643 834
47296  -12.957  -27.955  -20.022 835
47314  -11.636  -27.202  -19.833 836
47315  -12.336  -27.318  -20.207 837
47316  -13.394  -27.554  -20.551 838
47317  -14.519  -27.652  -20.781 839
47318  -15.487  -27.637  -21.030 840
47322  -13.799  -27.175  -21.120 841
47323  -14.552  -27.127  -21.386 842
47324  -15.514  -27.125  -21.752 843
48049  -4.701  -26.293  12.369 844
48050  -4.968  -25.995  12.873 845
48065  -4.394  -26.257  11.771 846
48066  -4.487  -25.957  12.178 847
48067  -4.896  -25.984  12.509 848
48068  -5.418  -26.064  12.535 849
48069  -6.186  -26.162  12.357 850
48070  -6.620  -25.858  12.323 851
48084  -4.292  -26.525  11.261 852
48085  -6.526  -26.563  12.060 853
48086  -7.030  -26.184  12.057 854
48087  -8.326  -26.147  11.599 855
48088  -9.240  -25.654  11.496 856
48089  -10.190  -25.673  11.249 857
48090  -11.329  -25.822  11.264 858
48091  -12.542  -26.348  11.535 859
48092  -13.552  -26.236  12.421 860
48105  -4.098  -26.568  10.817 861
48106  -3.863  -26.637  10.441 862
48107  -8.893  -26.652  11.130 863
48108  -9.574  -26.378  11.075 864
48109  -10.803  -26.500  10.906 865
48110  -11.878  -26.675  11.036 866
48111  -12.356  -26.757  11.200 867
48123  -3.698  -26.624  9.959 868
48131  -3.613  -26.567  9.370 869
48140  -3.348  -26.870  7.830 870
48141  -3.516  -26.493  8.611 871
48150  -3.261  -26.731  7.205 872
48158  -3.257  -26.636  6.427 873
48162  -3.480  -26.663  5.595 874
48163  -3.960  -26.361  5.336 875
48164  -4.621  -26.267  5.292 876
48165  -5.449  -26.254  5.263 877
48166  -6.306  -26.235  5.188 878
48167  -6.901  -26.078  5.151 879
48172  -3.709  -26.956  4.882 880
48173  -4.246  -26.843  4.743 881
48174  -5.020  -26.834  4.706 882
48175  -5.909  -26.866  4.701 883
48176  -6.874  -26.641  4.426 884
48177  -7.178  -26.012  4.892 885
48182  -7.146  -26.877  3.350 886
48189  -6.852  -26.813  2.343 887
48197  -5.903  -26.453  1.107 888
48198  -6.344  -26.853  1.235 889
48206  -4.240  -25.970  0.199 890
48207  -4.769  -26.270  0.156 891
48208  -5.654  -26.663  0.433 892
48209  -6.239  -27.160  0.490 893
48224  -3.104  -25.988  -0.876 894
48225  -3.947  -26.273  -0.593 895
48226  -5.010  -26.688  -0.490 896
48227  -5.641  -27.082  -0.431 897
48232  -3.198  -26.401  -1.716 898
48233  -3.916  -26.724  -1.639 899
48234  -4.588  -26.899  -1.311 900
48236  -2.454  -26.262  -3.202 901
48237  -2.994  -26.581  -2.797 902
48238  -3.651  -26.843  -2.456 903
48239  -4.338  -27.129  -2.172 904
48242  -2.395  -26.316  -4.174 905
48243  -2.887  -26.632  -3.765 906
48244  -3.488  -26.951  -3.391 907
48247  -1.946  -26.105  -5.318 908
48248  -2.372  -26.319  -5.054 909
48249  -2.861  -26.634  -4.710 910
48250  -3.421  -26.999  -4.341 911
48252  -1.553  -25.942  -6.278 912
48253  -1.863  -26.109  -6.130 913
48254  -2.337  -26.292  -5.920 914
48255  -2.866  -26.610  -5.648 915
48256  -3.429  -26.993  -5.309 916
48258  -1.487  -25.876  -7.035 917
48259  -1.801  -26.031  -6.939 918
48260  -2.292  -26.203  -6.801 919
48261  -2.898  -26.558  -6.617 920
48262  -3.478  -26.971  -6.313 921
48264  -1.453  -25.796  -7.451 922
48265  -1.753  -25.816  -7.720 923
48266  -2.236  -26.060  -7.642 924
48267  -2.886  -26.416  -7.592 925
48268  -3.697  -26.917  -7.456 926
48269  -4.234  -27.176  -7.785 927
48271  -1.947  -25.702  -8.292 928
48272  -2.192  -25.846  -8.285 929
48273  -2.813  -26.071  -8.577 930
48274  -3.619  -26.501  -8.461 931
48275  -4.489  -27.011  -8.433 932
48276  -5.100  -27.183  -8.694 933
48290  -3.147  -25.917  -9.221 934
48291  -3.555  -26.132  -9.195 935
48292  -4.423  -26.404  -9.483 936
48293  -5.407  -26.934  -9.333 937
48294  -6.077  -27.028  -9.593 938
48307  -4.828  -26.166  -10.162 939
48308  -5.342  -26.412  -10.131 940
48309  -6.402  -26.653  -10.357 941
48310  -7.482  -26.899  -10.507 942
48311  -8.005  -27.180  -10.439 943
48317  -6.826  -26.174  -11.102 944
48318  -7.395  -26.437  -11.058 945
48319  -8.434  -26.720  -11.148 946
48320  -9.135  -27.007  -11.148 947
48324  -8.954  -26.220  -11.837 948
48325  -9.501  -26.687  -11.781 949
48326  -10.243  -26.553  -12.466 950
48329  -10.815  -26.378  -13.031 951
48330  -11.233  -26.318  -13.729 952
48332  -9.117  -26.955  -15.088 953
48333  -9.871  -26.882  -14.982 954
48334  -10.717  -26.738  -14.813 955
48335  -11.516  -26.344  -14.553 956
48338  -8.650  -26.805  -15.630 957
48339  -9.385  -26.358  -15.688 958
48340  -10.286  -26.372  -15.460 959
48341  -11.116  -26.307  -15.317 960
48344  -8.478  -26.755  -16.473 961
48345  -8.835  -26.257  -16.222 962
48352  -8.596  -27.007  -17.301 963
48353  -8.888  -27.442  -17.591 964
48364  -8.680  -26.793  -17.709 965
48365  -8.971  -26.955  -18.039 966
48366  -9.684  -27.028  -18.595 967
48383  -9.356  -26.427  -18.593 968
48384  -10.132  -26.598  -19.208 969
48385  -10.978  -26.808  -19.706 970
48412  -10.566  -26.212  -19.859 971
48413  -11.405  -26.486  -20.322 972
48414  -12.399  -26.797  -20.754 973
48415  -13.097  -26.876  -21.092 974
48434  -11.775  -26.164  -20.934 975
48435  -12.453  -26.265  -21.297 976
48436  -13.490  -26.470  -21.643 977
48437  -14.528  -26.590  -21.965 978
48438  -15.210  -26.607  -22.310 979
48445  -13.860  -26.072  -22.212 980
48446  -14.551  -26.088  -22.548 981
49144  -4.199  -25.535  11.993 982
49145  -4.504  -25.392  12.314 983
49146  -4.967  -25.353  12.530 984
49147  -5.658  -25.334  12.530 985
49148  -6.477  -25.318  12.428 986
49149  -6.852  -25.674  12.276 987
49150  -13.232  -24.861  13.034 988
49162  -4.099  -25.816  11.430 989
49163  -6.787  -24.925  12.402 990
49164  -7.343  -25.260  12.183 991
49165  -8.544  -25.084  11.811 992
49166  -9.585  -24.933  11.611 993
49167  -10.663  -24.907  11.531 994
49168  -11.779  -25.045  11.783 995
49169  -12.827  -25.176  12.347 996
49170  -13.500  -25.462  12.873 997
49179  -3.942  -25.879  10.875 998
49180  -3.791  -25.910  10.366 999
49188  -3.720  -25.968  9.842 1000
49195  -3.643  -25.707  9.313 1001
49202  -3.452  -26.013  8.027 1002
49203  -3.558  -25.457  8.736 1003
49211  -3.454  -25.744  7.351 1004
49221  -3.599  -25.665  6.552 1005
49222  -3.954  -25.269  6.306 1006
49223  -4.416  -25.107  6.189 1007
49230  -3.790  -25.913  5.896 1008
49231  -4.238  -25.714  5.779 1009
49232  -4.981  -25.513  5.804 1010
49233  -5.855  -25.657  5.705 1011
49234  -6.585  -25.629  5.590 1012
49235  -7.106  -25.528  5.295 1013
49239  -7.273  -26.257  3.958 1014
49240  -7.301  -25.606  4.542 1015
49244  -7.042  -25.765  3.438 1016
49245  -7.290  -25.184  4.123 1017
49250  -4.966  -24.894  2.081 1018
49251  -5.450  -25.263  2.030 1019
49252  -6.247  -25.851  2.178 1020
49260  -3.903  -25.071  1.265 1021
49261  -4.566  -25.248  1.456 1022
49262  -5.476  -25.971  1.255 1023
49263  -6.034  -26.286  1.452 1024
49272  -2.973  -25.247  0.338 1025
49273  -3.654  -25.482  0.501 1026
49274  -4.645  -25.841  0.699 1027
49275  -5.140  -26.188  0.644 1028
49292  -2.195  -25.209  -0.495 1029
49293  -2.702  -25.462  -0.346 1030
49294  -3.328  -25.797  -0.329 1031
49304  -1.787  -25.133  -1.168 1032
49305  -2.056  -25.335  -1.119 1033
49306  -2.576  -25.878  -1.464 1034
49312  -1.762  -25.286  -1.697 1035
49313  -2.149  -25.780  -2.435 1036
49314  -2.611  -26.198  -2.317 1037
49320  -1.803  -25.726  -3.415 1038
49321  -2.022  -26.017  -3.743 1039
49325  -1.586  -25.793  -4.501 1040
49326  -1.743  -25.901  -4.664 1041
49327  -2.031  -26.132  -4.589 1042
49331  -1.475  -25.863  -5.489 1043
49332  -1.661  -25.961  -5.574 1044
49337  -1.384  -25.885  -6.530 1045
49342  -1.347  -25.786  -7.352 1046
49343  -1.511  -25.735  -7.734 1047
49349  -1.795  -25.618  -8.466 1048
49350  -2.207  -25.655  -8.762 1049
49351  -2.463  -25.803  -8.749 1050
49364  -2.096  -25.147  -9.816 1051
49365  -2.303  -25.367  -9.445 1052
49366  -2.807  -25.641  -9.384 1053
49367  -3.537  -25.786  -9.701 1054
49368  -3.956  -26.024  -9.674 1055
49385  -2.238  -24.852  -10.285 1056
49386  -2.407  -25.012  -10.149 1057
49387  -2.778  -25.178  -10.124 1058
49388  -3.514  -25.219  -10.432 1059
49389  -4.364  -25.774  -10.280 1060
49390  -5.263  -25.963  -10.633 1061
49391  -5.790  -26.203  -10.651 1062
49398  -3.894  -24.818  -11.016 1063
49399  -4.358  -25.119  -10.971 1064
49400  -5.115  -25.443  -11.071 1065
49401  -6.188  -25.658  -11.329 1066
49402  -7.313  -25.879  -11.546 1067
49403  -7.877  -26.174  -11.512 1068
49408  -6.579  -24.993  -11.993 1069
49409  -7.198  -25.240  -12.011 1070
49410  -8.335  -25.561  -12.142 1071
49411  -9.435  -25.910  -12.262 1072
49412  -9.906  -26.214  -12.330 1073
49416  -8.793  -24.859  -12.729 1074
49417  -9.414  -25.153  -12.734 1075
49418  -10.297  -25.691  -12.827 1076
49419  -11.088  -25.662  -13.436 1077
49422  -11.692  -25.629  -14.116 1078
49425  -9.950  -25.902  -15.971 1079
49433  -8.772  -26.055  -16.792 1080
49434  -9.365  -25.690  -16.580 1081
49435  -10.215  -25.507  -16.441 1082
49447  -8.658  -26.283  -17.298 1083
49448  -8.992  -25.629  -17.372 1084
49463  -8.687  -26.535  -17.702 1085
49464  -8.859  -25.996  -18.083 1086
49486  -9.453  -25.696  -18.865 1087
49487  -9.989  -25.615  -19.588 1088
49510  -10.531  -25.535  -20.293 1089
49511  -11.183  -25.755  -20.778 1090
49540  -10.794  -25.150  -20.859 1091
49541  -11.548  -25.411  -21.385 1092
49542  -12.514  -25.718  -21.829 1093
49543  -13.196  -25.773  -22.163 1094
49565  -11.915  -25.092  -22.028 1095
49566  -12.592  -25.171  -22.382 1096
49567  -13.574  -25.368  -22.756 1097
49568  -14.586  -25.563  -23.145 1098
49579  -13.966  -24.970  -23.333 1099
50281  -4.140  -24.775  12.183 1100
50282  -4.524  -24.692  12.386 1101
50283  -5.112  -24.516  12.512 1102
50284  -6.018  -24.385  12.499 1103
50285  -6.514  -24.750  12.449 1104
50286  -12.454  -23.868  13.063 1105
50287  -12.994  -24.215  13.665 1106
50294  -3.859  -24.844  11.752 1107
50295  -6.390  -23.864  12.469 1108
50296  -6.877  -24.301  12.396 1109
50297  -7.923  -24.294  12.149 1110
50298  -8.948  -24.178  11.855 1111
50299  -10.001  -24.091  11.799 1112
50300  -11.076  -24.060  11.974 1113
50301  -12.083  -24.147  12.447 1114
50302  -12.754  -24.418  12.861 1115
50308  -3.741  -25.089  11.197 1116
50309  -3.716  -25.317  10.709 1117
50317  -3.578  -24.657  10.732 1118
50318  -3.637  -25.060  10.039 1119
50325  -3.503  -24.501  8.964 1120
50326  -3.551  -24.783  9.185 1121
50331  -3.515  -24.843  8.457 1122
50332  -3.543  -25.006  8.799 1123
50338  -3.589  -24.621  7.472 1124
50339  -3.796  -24.158  7.135 1125
50348  -3.761  -24.813  6.803 1126
50349  -4.169  -24.451  6.648 1127
50350  -4.940  -24.602  6.379 1128
50351  -5.772  -24.498  6.443 1129
50352  -6.508  -24.471  6.369 1130
50353  -7.062  -24.376  6.162 1131
50362  -5.542  -25.095  6.124 1132
50363  -6.218  -25.115  6.110 1133
50364  -6.872  -25.005  5.891 1134
50365  -7.276  -24.663  5.447 1135
50373  -7.282  -24.608  4.622 1136
50376  -5.872  -24.154  3.232 1137
50377  -6.353  -24.803  3.188 1138
50378  -7.045  -24.727  3.896 1139
50381  -3.828  -24.153  2.216 1140
50382  -4.415  -24.534  2.128 1141
50383  -5.407  -24.524  2.673 1142
50384  -5.905  -25.104  2.517 1143
50388  -2.262  -24.065  1.297 1144
50389  -2.584  -24.321  1.234 1145
50390  -3.410  -24.619  1.445 1146
50391  -4.068  -24.862  1.574 1147
50399  -1.763  -24.205  0.470 1148
50400  -2.026  -24.335  0.691 1149
50401  -2.585  -24.899  0.452 1150
50402  -3.121  -25.074  0.695 1151
50423  -1.636  -24.404  -0.012 1152
50424  -1.944  -24.915  -0.302 1153
50425  -2.298  -25.135  -0.172 1154
50446  -1.674  -24.834  -0.846 1155
50447  -1.794  -25.067  -0.905 1156
50499  -2.184  -24.553  -10.567 1157
50500  -2.422  -24.592  -10.609 1158
50501  -2.797  -24.743  -10.629 1159
50502  -3.116  -24.898  -10.608 1160
50513  -2.255  -24.106  -11.096 1161
50514  -2.510  -24.213  -11.083 1162
50515  -2.777  -24.298  -11.081 1163
50516  -3.443  -24.374  -11.227 1164
50517  -4.314  -24.521  -11.381 1165
50518  -5.034  -24.832  -11.471 1166
50519  -5.558  -25.144  -11.488 1167
50523  -3.728  -23.728  -11.775 1168
50524  -4.191  -23.918  -11.795 1169
50525  -4.937  -24.181  -11.894 1170
50526  -5.885  -24.608  -11.988 1171
50527  -7.036  -24.399  -12.483 1172
50528  -7.694  -24.893  -12.391 1173
50531  -7.502  -23.882  -12.915 1174
50532  -8.164  -24.362  -12.829 1175
50533  -9.225  -24.335  -13.057 1176
50534  -10.313  -24.551  -13.254 1177
50535  -10.805  -25.159  -13.303 1178
50557  -9.866  -25.176  -16.952 1179
50575  -9.456  -25.179  -17.317 1180
50594  -9.384  -24.975  -18.161 1181
50618  -9.751  -24.810  -19.184 1182
50619  -9.970  -24.948  -19.901 1183
50638  -10.313  -24.537  -20.408 1184
50660  -10.800  -24.461  -21.192 1185
50661  -11.344  -24.484  -21.853 1186
50689  -11.897  -24.445  -22.439 1187
50690  -12.632  -24.482  -22.972 1188
50691  -13.351  -24.659  -23.261 1189
51445  -12.222  -22.920  14.419 1190
51454  -4.196  -24.243  12.298 1191
51455  -4.464  -23.656  12.377 1192
51456  -5.316  -23.487  12.493 1193
51457  -6.067  -23.359  12.496 1194
51458  -11.530  -22.769  13.284 1195
51459  -12.199  -23.179  13.666 1196
51460  -12.753  -23.641  14.172 1197
51468  -3.840  -23.744  12.053 1198
51469  -4.045  -23.177  12.263 1199
51470  -6.725  -23.368  12.470 1200
51471  -7.507  -23.454  12.355 1201
51472  -8.432  -23.424  12.193 1202
51473  -9.404  -23.345  12.113 1203
51474  -10.380  -23.294  12.231 1204
51475  -11.385  -23.204  12.722 1205
51476  -12.066  -23.551  12.913 1206
51482  -3.547  -23.949  11.213 1207
51490  -3.402  -23.909  10.222 1208
51491  -3.482  -24.391  9.632 1209
51500  -3.411  -23.962  9.222 1210
51501  -3.475  -24.353  9.366 1211
51508  -3.469  -23.695  8.335 1212
51515  -3.693  -23.531  7.687 1213
51516  -4.144  -23.505  7.203 1214
51517  -4.781  -23.331  7.119 1215
51525  -4.617  -23.895  6.777 1216
51526  -5.341  -23.769  6.798 1217
51527  -6.110  -23.887  6.719 1218
51528  -6.782  -23.808  6.567 1219
51529  -7.316  -23.713  6.140 1220
51536  -7.331  -23.681  5.314 1221
51543  -5.872  -22.880  3.993 1222
51544  -6.289  -23.230  4.039 1223
51545  -6.944  -23.762  4.354 1224
51550  -3.647  -23.124  2.918 1225
51551  -4.097  -23.176  3.036 1226
51552  -5.288  -23.389  3.419 1227
51553  -6.312  -23.916  3.636 1228
51554  -6.728  -24.296  3.765 1229
51558  -2.219  -23.390  2.010 1230
51559  -2.479  -23.415  2.136 1231
51560  -3.304  -23.535  2.454 1232
51561  -4.301  -23.796  2.658 1233
51562  -4.854  -24.065  2.735 1234
51568  -2.093  -23.698  1.524 1235
51569  -2.578  -23.841  1.725 1236
51570  -2.932  -24.092  1.732 1237
51579  -1.825  -24.057  0.810 1238
51712  -2.495  -23.591  -11.490 1239
51713  -2.766  -23.742  -11.461 1240
51714  -3.042  -23.985  -11.439 1241
51724  -2.603  -23.027  -11.947 1242
51725  -2.802  -23.105  -11.899 1243
51726  -3.299  -23.400  -11.875 1244
51727  -4.040  -23.239  -12.194 1245
51728  -4.720  -23.481  -12.234 1246
51729  -5.493  -23.681  -12.349 1247
51730  -6.268  -23.827  -12.539 1248
51734  -4.531  -22.919  -12.446 1249
51735  -5.131  -22.947  -12.598 1250
51736  -5.957  -23.089  -12.806 1251
51737  -6.919  -23.365  -12.970 1252
51738  -7.866  -23.371  -13.177 1253
51739  -8.818  -23.514  -13.322 1254
51829  -10.610  -23.616  -20.654 1255
51845  -10.964  -23.607  -21.641 1256
52739  -11.862  -22.527  14.389 1257
52743  -4.234  -22.785  12.314 1258
52744  -4.793  -22.467  12.422 1259
52745  -5.693  -22.453  12.468 1260
52746  -10.307  -22.151  12.830 1261
52747  -10.953  -22.336  13.168 1262
52748  -11.529  -22.461  13.721 1263
52755  -3.508  -22.674  11.474 1264
52756  -3.849  -22.492  12.062 1265
52757  -4.243  -22.107  12.254 1266
52758  -6.474  -22.540  12.483 1267
52759  -7.207  -22.644  12.460 1268
52760  -8.027  -22.648  12.374 1269
52761  -8.928  -22.610  12.353 1270
52762  -9.841  -22.551  12.488 1271
52763  -10.571  -22.689  12.656 1272
52770  -3.245  -22.729  10.689 1273
52777  -3.079  -22.742  9.792 1274
52785  -3.137  -22.710  8.908 1275
52794  -3.411  -22.652  8.198 1276
52802  -3.835  -22.642  7.700 1277
52803  -4.493  -22.657  7.455 1278
52804  -5.513  -22.856  7.335 1279
52805  -6.553  -22.505  7.355 1280
52806  -7.271  -22.196  7.078 1281
52807  -7.467  -21.854  6.762 1282
52813  -5.828  -23.463  7.004 1283
52814  -6.350  -23.291  7.031 1284
52815  -7.067  -23.046  6.807 1285
52816  -7.405  -22.524  6.167 1286
52823  -7.113  -22.786  5.119 1287
52832  -4.805  -21.946  3.961 1288
52833  -5.543  -22.330  4.116 1289
52834  -6.259  -22.581  4.384 1290
52835  -6.729  -22.930  4.543 1291
52842  -2.516  -22.423  2.953 1292
52843  -2.955  -22.370  3.162 1293
52844  -3.593  -22.651  3.209 1294
52845  -4.484  -22.583  3.516 1295
52846  -5.044  -22.554  3.749 1296
52852  -2.259  -23.073  2.341 1297
52853  -2.733  -22.940  2.665 1298
52854  -3.118  -22.873  2.889 1299
53019  -2.820  -22.418  -12.222 1300
53020  -3.132  -22.486  -12.250 1301
53021  -3.778  -22.419  -12.435 1302
53022  -4.221  -22.695  -12.438 1303
53030  -4.098  -21.894  -12.649 1304
53031  -4.581  -22.246  -12.663 1305
53032  -5.520  -22.278  -12.911 1306
53033  -6.438  -22.396  -13.106 1307
53034  -7.382  -22.511  -13.295 1308
53035  -8.362  -22.621  -13.451 1309
54068  -10.288  -20.905  14.066 1310
54069  -10.821  -21.226  14.460 1311
54070  -11.430  -21.956  14.565 1312
54073  -5.360  -21.377  12.439 1313
54074  -6.368  -21.449  12.517 1314
54075  -7.327  -21.180  12.652 1315
54076  -8.233  -21.131  12.765 1316
54077  -9.135  -21.208  12.927 1317
54078  -10.163  -21.405  13.358 1318
54079  -11.117  -21.864  13.847 1319
54080  -11.501  -22.178  14.108 1320
54083  -3.553  -21.549  11.608 1321
54084  -3.952  -21.402  12.066 1322
54085  -4.557  -21.359  12.300 1323
54086  -6.985  -21.940  12.500 1324
54087  -7.696  -21.892  12.494 1325
54088  -8.557  -21.876  12.537 1326
54089  -9.432  -21.886  12.644 1327
54090  -9.946  -21.956  12.764 1328
54093  -3.220  -21.598  11.009 1329
54099  -2.919  -21.574  10.238 1330
54106  -2.874  -21.620  9.358 1331
54116  -3.127  -21.665  8.576 1332
54128  -3.527  -21.782  8.010 1333
54129  -4.060  -21.829  7.699 1334
54130  -4.902  -21.850  7.721 1335
54131  -5.928  -21.815  7.747 1336
54132  -6.849  -21.618  7.630 1337
54133  -7.387  -21.336  7.201 1338
54142  -7.418  -21.312  6.502 1339
54150  -5.468  -20.409  4.885 1340
54151  -6.111  -20.828  5.019 1341
54152  -6.926  -21.523  5.510 1342
54161  -3.748  -21.040  4.102 1343
54162  -4.416  -21.270  4.173 1344
54163  -5.237  -21.151  4.497 1345
54164  -6.203  -21.771  4.687 1346
54165  -6.701  -22.323  4.857 1347
54174  -2.453  -21.939  3.274 1348
54175  -2.720  -21.719  3.465 1349
54176  -3.279  -21.616  3.649 1350
54177  -4.055  -21.831  3.744 1351
54184  -2.285  -22.558  2.738 1352
54331  -2.834  -21.814  -12.422 1353
54332  -3.035  -21.742  -12.462 1354
54333  -3.357  -21.901  -12.504 1355
54341  -3.330  -21.401  -12.588 1356
54342  -3.759  -21.527  -12.641 1357
54343  -4.365  -21.445  -12.775 1358
54344  -5.087  -21.494  -12.959 1359
54345  -5.961  -21.569  -13.079 1360
54346  -6.862  -21.646  -13.276 1361
54347  -7.793  -21.782  -13.463 1362
54348  -8.752  -21.921  -13.633 1363
55318  -9.932  -20.065  15.295 1364
55319  -10.406  -20.645  14.943 1365
55323  -9.041  -19.875  13.906 1366
55324  -9.754  -20.377  14.149 1367
55325  -10.314  -20.777  14.401 1368
55329  -4.960  -20.189  12.393 1369
55330  -5.979  -20.317  12.573 1370
55331  -6.941  -20.352  12.767 1371
55332  -7.873  -20.367  13.019 1372
55333  -8.875  -20.431  13.312 1373
55334  -9.488  -20.824  13.410 1374
55337  -3.283  -20.803  11.254 1375
55338  -3.634  -20.333  11.661 1376
55339  -4.238  -20.573  12.114 1377
55342  -2.941  -20.306  10.672 1378
55343  -3.215  -20.241  11.219 1379
55347  -2.764  -20.481  9.735 1380
55353  -2.941  -20.591  8.928 1381
55361  -3.542  -20.728  8.247 1382
55362  -4.006  -20.415  8.135 1383
55363  -5.820  -20.186  8.332 1384
55364  -6.739  -20.058  8.236 1385
55365  -7.319  -19.836  7.853 1386
55366  -7.450  -19.588  7.530 1387
55380  -3.778  -21.293  7.927 1388
55381  -4.290  -20.944  7.968 1389
55382  -5.336  -21.013  8.057 1390
55383  -6.344  -20.937  8.072 1391
55384  -7.142  -20.705  7.791 1392
55385  -7.444  -20.216  7.129 1393
55399  -7.158  -20.383  6.203 1394
55408  -4.598  -19.843  4.777 1395
55409  -5.122  -19.799  4.981 1396
55410  -5.803  -19.969  5.280 1397
55411  -6.563  -20.272  5.601 1398
55419  -2.603  -20.457  4.110 1399
55420  -2.886  -20.313  4.228 1400
55421  -3.411  -20.280  4.345 1401
55422  -4.255  -20.373  4.494 1402
55423  -4.950  -20.309  4.706 1403
55430  -2.560  -21.043  3.784 1404
55431  -2.833  -20.979  3.875 1405
55432  -3.204  -20.833  4.038 1406
55576  -2.993  -21.296  -12.542 1407
55577  -3.193  -21.050  -12.599 1408
55586  -3.554  -20.924  -12.678 1409
55587  -4.057  -20.863  -12.769 1410
55588  -4.712  -20.792  -12.879 1411
55589  -5.493  -20.798  -13.039 1412
55590  -6.337  -20.830  -13.194 1413
55591  -7.236  -21.020  -13.323 1414
55592  -8.128  -21.163  -13.494 1415
56490  -8.915  -19.170  16.375 1416
56491  -9.439  -19.541  15.645 1417
56503  -8.984  -18.939  15.266 1418
56504  -9.411  -19.614  14.817 1419
56511  -8.046  -18.919  13.912 1420
56512  -8.832  -19.291  14.326 1421
56513  -9.252  -19.783  14.305 1422
56516  -4.860  -18.907  12.451 1423
56517  -5.696  -19.204  12.706 1424
56518  -6.613  -19.378  12.976 1425
56519  -7.520  -19.534  13.254 1426
56520  -8.378  -19.701  13.584 1427
56524  -3.621  -19.004  11.654 1428
56525  -4.227  -19.556  12.068 1429
56529  -2.832  -18.935  10.596 1430
56530  -3.164  -19.518  11.191 1431
56535  -2.715  -19.325  9.946 1432
56541  -2.847  -19.522  9.258 1433
56546  -3.303  -19.629  8.674 1434
56547  -4.180  -19.736  8.361 1435
56548  -5.304  -19.430  8.510 1436
56549  -6.325  -19.309  8.534 1437
56550  -7.109  -19.207  8.301 1438
56551  -7.438  -19.096  7.803 1439
56558  -4.275  -20.333  8.164 1440
56559  -4.834  -20.271  8.231 1441
56560  -7.426  -19.161  7.252 1442
56574  -6.653  -19.029  6.091 1443
56575  -7.120  -19.308  6.555 1444
56588  -3.885  -19.099  4.868 1445
56589  -4.492  -19.176  5.054 1446
56590  -5.310  -19.138  5.350 1447
56591  -6.182  -19.271  5.681 1448
56592  -6.823  -19.648  5.993 1449
56598  -2.346  -19.673  4.368 1450
56599  -2.557  -19.754  4.369 1451
56600  -2.975  -19.610  4.481 1452
56601  -3.577  -19.522  4.628 1453
56602  -4.153  -19.595  4.748 1454
56608  -2.449  -20.221  4.181 1455
56745  -3.174  -20.713  -12.607 1456
56746  -3.460  -20.445  -12.625 1457
56747  -3.849  -20.119  -12.664 1458
56762  -3.811  -20.471  -12.694 1459
56763  -4.315  -20.227  -12.763 1460
56764  -5.059  -20.177  -12.888 1461
56765  -5.828  -20.192  -12.964 1462
56766  -6.703  -20.276  -13.129 1463
56767  -7.562  -20.476  -13.286 1464
56780  -7.136  -20.080  -13.077 1465
57691  -8.153  -18.215  16.444 1466
57692  -8.589  -18.549  15.753 1467
57702  -8.195  -18.059  15.352 1468
57703  -8.567  -18.507  15.276 1469
57711  -6.958  -17.941  13.850 1470
57712  -7.652  -18.105  14.399 1471
57713  -8.413  -18.593  14.734 1472
57716  -4.768  -18.006  12.597 1473
57717  -5.418  -18.191  12.901 1474
57718  -6.308  -18.331  13.316 1475
57719  -7.209  -18.662  13.559 1476
57723  -3.496  -18.030  11.760 1477
57724  -4.109  -18.310  12.214 1478
57727  -2.734  -17.974  10.562 1479
57728  -3.047  -18.279  11.191 1480
57732  -2.631  -18.224  10.006 1481
57736  -2.771  -18.522  9.430 1482
57739  -3.085  -18.659  8.955 1483
57740  -3.808  -18.661  8.700 1484
57741  -4.812  -18.617  8.760 1485
57742  -5.919  -18.486  8.883 1486
57743  -6.889  -18.410  8.719 1487
57744  -7.374  -18.357  8.157 1488
57747  -7.421  -18.348  7.540 1489
57757  -6.060  -17.998  6.038 1490
57758  -6.636  -18.325  6.345 1491
57759  -7.201  -18.354  6.901 1492
57777  -2.779  -18.451  4.756 1493
57778  -3.164  -18.312  4.902 1494
57779  -3.826  -18.392  5.113 1495
57780  -4.661  -18.304  5.383 1496
57781  -5.563  -18.278  5.703 1497
57782  -6.256  -18.578  5.945 1498
57788  -2.407  -19.176  4.531 1499
57789  -2.614  -18.938  4.615 1500
57790  -3.059  -18.925  4.676 1501
57791  -3.474  -18.837  4.823 1502
57934  -3.330  -20.240  -12.607 1503
57935  -3.692  -19.940  -12.615 1504
57936  -4.178  -19.801  -12.654 1505
57948  -4.728  -19.767  -12.720 1506
57949  -5.370  -19.721  -12.758 1507
57950  -6.136  -19.846  -12.846 1508
57951  -6.677  -19.898  -12.981 1509
57964  -5.747  -19.604  -12.825 1510
57965  -6.375  -19.734  -12.947 1511
58956  -7.702  -17.871  16.971 1512
58971  -7.258  -17.106  16.344 1513
58972  -7.613  -17.614  16.609 1514
58983  -7.268  -17.028  15.447 1515
58984  -7.730  -17.549  15.885 1516
58992  -6.317  -17.038  13.950 1517
58993  -6.933  -17.266  14.490 1518
58994  -7.616  -17.539  15.085 1519
58997  -5.083  -17.319  12.942 1520
58998  -5.818  -17.394  13.462 1521
58999  -6.494  -17.566  13.771 1522
59003  -3.720  -17.276  12.112 1523
59004  -4.395  -17.306  12.539 1524
59008  -2.844  -17.208  10.831 1525
59009  -3.217  -17.231  11.490 1526
59014  -2.725  -17.224  10.155 1527
59018  -2.932  -17.409  9.451 1528
59019  -3.328  -17.072  9.213 1529
59020  -6.110  -16.938  9.326 1530
59021  -6.572  -16.818  9.335 1531
59025  -2.938  -18.039  9.120 1532
59026  -3.480  -17.675  9.004 1533
59027  -4.396  -17.807  8.977 1534
59028  -5.428  -17.597  9.161 1535
59029  -6.644  -17.394  9.149 1536
59030  -7.304  -17.452  8.490 1537
59034  -7.443  -17.534  7.816 1538
59043  -6.187  -17.520  6.268 1539
59044  -6.740  -17.449  6.654 1540
59045  -7.263  -17.527  7.231 1541
59067  -2.507  -17.742  4.939 1542
59068  -2.745  -17.820  4.947 1543
59069  -3.328  -17.555  5.194 1544
59070  -4.029  -17.454  5.402 1545
59071  -4.835  -17.376  5.641 1546
59072  -5.574  -17.273  5.983 1547
59083  -2.384  -18.403  4.731 1548
59084  -2.553  -18.375  4.749 1549
59248  -4.074  -19.607  -12.607 1550
59249  -4.590  -19.542  -12.701 1551
59258  -4.948  -19.517  -12.751 1552
59259  -5.164  -19.417  -12.655 1553
60226  -6.369  -16.044  15.354 1554
60227  -6.802  -16.577  15.896 1555
60230  -6.246  -16.451  14.459 1556
60231  -6.791  -16.610  15.097 1557
60234  -5.334  -16.571  13.424 1558
60235  -5.890  -16.695  13.818 1559
60239  -4.061  -16.417  12.465 1560
60240  -4.710  -16.481  12.908 1561
60244  -2.972  -16.264  11.146 1562
60245  -3.465  -16.288  11.864 1563
60249  -2.812  -16.260  10.424 1564
60253  -2.951  -16.298  9.782 1565
60254  -3.469  -16.354  9.349 1566
60255  -4.300  -16.261  9.269 1567
60256  -5.321  -16.542  9.328 1568
60257  -6.465  -16.283  9.403 1569
60258  -7.089  -16.072  9.288 1570
60262  -3.705  -16.875  9.160 1571
60263  -4.288  -17.062  9.132 1572
60264  -4.827  -17.254  9.170 1573
60265  -6.897  -16.624  9.282 1574
60266  -7.313  -16.453  8.845 1575
60270  -7.157  -15.938  7.469 1576
60271  -7.435  -16.469  7.901 1577
60280  -5.207  -15.966  6.161 1578
60281  -5.861  -16.530  6.333 1579
60282  -6.928  -16.466  7.076 1580
60283  -7.352  -17.001  7.492 1581
60300  -2.707  -17.112  5.183 1582
60301  -2.983  -16.810  5.289 1583
60302  -3.505  -16.603  5.463 1584
60303  -4.197  -16.538  5.638 1585
60304  -5.018  -16.451  5.911 1586
60305  -5.477  -16.753  6.070 1587
61584  -5.276  -15.029  14.275 1588
61585  -5.719  -15.486  14.661 1589
61588  -4.318  -14.816  13.065 1590
61589  -4.893  -15.432  13.503 1591
61590  -5.623  -16.117  13.956 1592
61593  -3.876  -15.215  12.461 1593
61594  -4.382  -15.888  12.817 1594
61598  -2.846  -15.279  10.718 1595
61599  -3.142  -15.282  11.503 1596
61603  -2.921  -15.281  10.033 1597
61607  -3.400  -15.308  9.565 1598
61608  -4.180  -15.344  9.380 1599
61609  -5.130  -15.442  9.455 1600
61610  -6.105  -15.500  9.509 1601
61611  -6.897  -15.452  9.394 1602
61612  -7.343  -15.479  9.009 1603
61617  -7.411  -15.517  8.374 1604
61623  -6.770  -15.424  7.260 1605
61624  -7.221  -15.420  7.738 1606
61635  -4.082  -15.179  5.822 1607
61636  -4.684  -15.440  6.026 1608
61637  -5.352  -15.431  6.343 1609
61638  -6.136  -15.500  6.742 1610
61658  -2.846  -16.120  5.431 1611
61659  -3.112  -15.754  5.513 1612
61660  -3.674  -15.564  5.666 1613
61661  -4.300  -15.828  5.804 1614
62922  -3.587  -14.188  12.331 1615
62932  -2.867  -14.286  11.027 1616
62933  -3.241  -14.315  11.778 1617
62942  -2.914  -14.285  10.291 1618
62951  -3.334  -14.303  9.773 1619
62952  -4.088  -14.354  9.558 1620
62953  -5.017  -14.464  9.624 1621
62954  -5.951  -14.597  9.673 1622
62955  -6.721  -14.681  9.516 1623
62956  -7.233  -14.708  9.195 1624
62964  -7.387  -14.688  8.672 1625
62970  -6.829  -14.614  7.506 1626
62971  -7.287  -14.617  8.041 1627
62977  -4.226  -14.672  5.973 1628
62978  -4.771  -14.591  6.241 1629
62979  -5.533  -14.574  6.593 1630
62980  -6.272  -14.609  7.003 1631
62998  -2.861  -14.853  5.585 1632
62999  -3.171  -14.671  5.656 1633
63000  -3.671  -14.456  5.817 1634
64143  -7.140  -14.008  9.383 1635
64146  -7.426  -13.991  8.967 1636
64149  -6.346  -13.292  7.294 1637
64150  -6.908  -13.688  7.748 1638
64151  -7.328  -13.877  8.405 1639
64154  -3.498  -13.342  6.021 1640
64155  -4.063  -13.755  6.105 1641
64156  -4.922  -13.710  6.477 1642
64157  -5.799  -13.643  6.867 1643
64158  -6.451  -13.957  7.253 1644
64173  -2.849  -13.846  5.737 1645
64174  -3.205  -13.674  5.849 1646
64175  -3.562  -13.790  5.916 1647
65338  -3.140  -12.146  6.209 1648
65339  -3.709  -12.640  6.273 1649
65340  -4.409  -12.955  6.432 1650
65341  -5.116  -12.789  6.716 1651
65342  -5.879  -12.676  7.107 1652
65354  -2.702  -13.197  5.831 1653
65355  -2.882  -12.820  5.944 1654
65356  -3.225  -12.911  6.037 1655
66515  -2.709  -12.224  6.063 1656
66516  -2.829  -11.869  6.155 1657
