#!ascii label  , from subject FreeSurferMNI152_0.2 vox2ras=TkReg
984
846  34.991  -67.625  -13.084 1.0000000000
597  15.360  -60.718  -5.229 7.0000000000
596  16.849  -60.945  -6.982 8.0000000000
847  33.658  -67.027  -12.157 13.0000000000
598  8.548  -58.764  33.334 16.0000000000
4274  53.144  -11.782  -8.569 25.0000000000
27844  26.450  42.242  22.948 30.0000000000
7209  8.614  22.998  9.525 32.0000000000
16857  53.897  28.855  -28.370 40.0000000000
1092  46.501  -27.958  9.255 41.0000000000
20281  39.233  3.837  16.962 49.0000000000
21468  53.856  -23.811  8.056 56.0000000000
1091  43.023  -31.415  -32.102 63.0000000000
4273  62.192  -10.773  25.658 66.0000000000
18388  21.099  60.482  11.850 78.0000000000
20280  47.452  -50.043  23.169 82.0000000000
1093  47.456  -27.331  11.462 87.0000000000
20279  34.450  -2.100  25.632 94.0000000000
20665  40.691  12.842  -21.716 96.0000000000
4275  49.330  -62.868  -24.878 101.0000000000
21467  15.677  59.171  -41.671 103.0000000000
22980  6.602  17.094  34.329 115.0000000000
15654  44.555  62.881  -27.499 121.0000000000
16858  7.111  69.466  -22.060 122.0000000000
28669  21.843  74.156  -28.823 132.0000000000
2309  27.992  2.440  33.094 136.0000000000
2366  55.049  -36.156  -14.704 139.0000000000
4324  41.049  -9.678  -6.952 153.0000000000
10211  34.102  73.429  -20.021 155.0000000000
29412  17.236  -63.865  -9.356 158.0000000000
8295  10.470  41.790  26.532 161.0000000000
2308  29.879  2.962  32.693 163.0000000000
10955  51.830  57.951  -20.676 168.0000000000
6388  20.675  30.110  -37.301 177.0000000000
10237  29.485  -33.311  27.790 178.0000000000
15653  44.988  61.310  -28.424 189.0000000000
28493  47.680  20.252  -35.292 194.0000000000
21169  20.474  -38.975  -23.254 198.0000000000
4323  44.112  -5.427  -8.117 205.0000000000
2307  28.799  3.053  31.954 217.0000000000
3500  19.676  -36.236  4.187 219.0000000000
7929  14.117  80.963  -0.891 225.0000000000
7928  45.510  -40.331  1.142 227.0000000000
9049  36.814  8.212  -26.704 235.0000000000
18252  22.430  -44.088  31.357 245.0000000000
18127  14.134  18.799  28.845 249.0000000000
15655  41.261  -46.281  1.811 268.0000000000
18714  32.955  7.405  -47.761 274.0000000000
18713  25.031  78.166  -13.559 278.0000000000
4322  10.087  -31.554  51.444 287.0000000000
1107  45.747  26.609  -1.031 299.0000000000
7930  43.858  -11.567  -19.327 311.0000000000
6205  22.939  74.296  5.675 325.0000000000
28306  48.720  27.991  -56.479 332.0000000000
11113  31.586  68.655  -21.866 335.0000000000
18251  23.003  -42.617  29.831 338.0000000000
19560  67.310  -27.904  -22.005 347.0000000000
10268  6.490  33.842  42.495 356.0000000000
12095  1.536  27.280  -13.460 362.0000000000
21385  47.923  -38.623  27.329 363.0000000000
1188  26.349  37.060  -33.823 376.0000000000
6572  27.182  16.822  -46.561 379.0000000000
1108  46.759  28.095  -2.726 387.0000000000
6571  9.388  -31.768  49.502 398.0000000000
9176  16.062  -27.364  36.758 399.0000000000
6206  60.467  10.711  -43.889 401.0000000000
6207  28.081  -18.927  -18.921 415.0000000000
9325  13.744  -45.656  4.694 418.0000000000
9356  16.516  22.628  47.883 420.0000000000
10442  23.035  13.653  -52.119 423.0000000000
10267  6.461  32.669  40.746 450.0000000000
12897  56.716  -19.229  -22.280 457.0000000000
17682  47.841  -59.226  -17.037 469.0000000000
1106  36.390  65.908  -20.553 473.0000000000
6416  41.558  -6.454  -17.078 478.0000000000
21315  45.407  -4.701  -24.636 491.0000000000
19946  34.111  13.036  -39.873 494.0000000000
9211  21.199  55.423  21.945 496.0000000000
22470  9.282  -68.885  -20.317 511.0000000000
23690  46.137  58.266  -13.881 517.0000000000
19561  16.141  50.953  32.881 519.0000000000
10343  31.005  -46.819  8.260 533.0000000000
12096  1.964  25.645  -13.207 541.0000000000
10266  66.899  -17.907  -32.794 546.0000000000
12094  55.778  -23.243  -38.021 551.0000000000
19945  4.282  -15.293  -8.145 562.0000000000
7681  31.915  33.569  -6.188 573.0000000000
8797  12.299  78.088  6.338 576.0000000000
4057  13.391  -80.847  -20.690 581.0000000000
10548  10.893  36.832  -33.197 586.0000000000
23588  36.397  50.910  23.738 589.0000000000
11706  55.709  21.875  -44.700 598.0000000000
14936  27.763  20.841  45.035 600.0000000000
17151  59.410  -30.041  -1.528 602.0000000000
17245  13.742  67.249  19.207 604.0000000000
12896  28.716  -46.171  42.946 614.0000000000
12993  22.965  80.522  -17.977 616.0000000000
25169  41.441  -4.054  -20.893 629.0000000000
6625  67.774  7.692  3.547 632.0000000000
6573  39.148  48.992  14.951 636.0000000000
2476  7.952  -9.950  6.956 641.0000000000
8799  53.557  -42.085  -8.061 653.0000000000
14964  35.269  -30.410  -27.605 662.0000000000
14935  28.872  56.167  -27.135 673.0000000000
24858  54.684  -40.383  14.378 685.0000000000
11038  66.218  -0.866  1.649 690.0000000000
26093  21.629  54.720  29.656 692.0000000000
6857  25.184  -9.805  -32.038 697.0000000000
2753  56.411  -41.341  18.383 711.0000000000
12070  13.481  81.860  -25.691 718.0000000000
9361  67.182  -22.994  -7.117 724.0000000000
9360  59.298  24.995  -10.351 726.0000000000
17456  8.199  63.559  4.727 728.0000000000
8250  21.498  38.549  -36.019 734.0000000000
9103  40.882  1.095  34.024 736.0000000000
24562  62.778  -16.488  -40.834 737.0000000000
9222  18.395  29.787  -33.608 742.0000000000
12844  51.231  36.043  23.274 749.0000000000
17330  17.335  -5.401  22.012 751.0000000000
2474  18.132  -13.214  23.826 759.0000000000
2475  17.161  -12.268  24.477 765.0000000000
4056  24.140  74.457  -1.856 774.0000000000
21501  37.103  -42.466  -29.597 778.0000000000
12004  7.833  39.689  10.349 787.0000000000
12069  34.209  -15.093  -30.332 790.0000000000
9362  67.596  -22.455  -6.305 792.0000000000
12967  34.987  -16.265  -32.254 796.0000000000
8248  15.937  -34.767  51.644 803.0000000000
11037  53.421  -25.754  26.254 808.0000000000
11070  48.755  15.907  18.291 817.0000000000
19267  24.183  -68.190  1.862 829.0000000000
5083  35.829  34.123  37.208 840.0000000000
21519  53.742  5.344  30.014 854.0000000000
12002  51.602  -15.230  -4.826 856.0000000000
12003  10.264  38.736  9.328 862.0000000000
12938  1.534  -7.252  3.690 866.0000000000
6515  61.795  -19.611  15.767 877.0000000000
19049  66.571  -19.587  -1.266 878.0000000000
22072  13.050  -45.024  33.889 879.0000000000
8479  5.018  13.855  46.185 881.0000000000
8249  37.379  36.821  19.093 885.0000000000
9149  54.541  -45.829  -23.871 888.0000000000
11036  54.596  -25.662  28.156 892.0000000000
20978  63.294  13.218  6.982 894.0000000000
10835  46.870  -19.146  -21.608 895.0000000000
17329  5.939  -29.819  31.979 908.0000000000
17328  45.662  16.182  13.467 913.0000000000
19370  6.963  -29.597  -1.626 916.0000000000
19327  39.568  -1.806  -50.968 926.0000000000
22071  54.957  -28.178  29.959 932.0000000000
22137  34.916  -59.908  0.889 934.0000000000
21738  19.474  40.344  -36.748 939.0000000000
5518  23.692  -19.617  -14.344 945.0000000000
1476  27.035  16.643  41.350 947.0000000000
1643  26.824  -5.773  32.101 952.0000000000
85  61.987  -13.369  -13.101 954.0000000000
1902  47.059  -5.609  26.390 962.0000000000
10837  21.138  -45.390  -22.147 974.0000000000
25531  42.321  42.632  -25.873 981.0000000000
13458  54.956  -39.830  -11.311 985.0000000000
14087  13.307  46.192  15.269 990.0000000000
15607  7.203  -65.259  -26.041 997.0000000000
19326  39.439  -2.613  -50.106 1014.0000000000
1477  23.762  61.543  0.300 1037.0000000000
84  60.846  -11.975  -13.984 1046.0000000000
6516  39.313  68.820  -3.421 1055.0000000000
6514  60.386  -19.477  15.068 1057.0000000000
9839  48.072  7.020  -32.101 1060.0000000000
8478  56.040  14.028  21.268 1061.0000000000
8513  15.037  20.427  22.819 1062.0000000000
9838  47.936  5.160  -30.476 1067.0000000000
11362  20.111  39.745  24.572 1068.0000000000
12542  50.966  1.559  -23.650 1070.0000000000
15020  50.070  -5.275  -46.043 1082.0000000000
15608  8.832  -65.339  -25.250 1087.0000000000
20334  46.562  -30.290  28.525 1095.0000000000
21737  19.903  -37.960  46.432 1103.0000000000
86  58.900  -12.545  -13.737 1107.0000000000
1475  43.236  -3.528  -12.825 1117.0000000000
5630  60.507  -26.565  -17.515 1126.0000000000
19163  48.674  -34.727  7.062 1134.0000000000
8655  51.209  49.954  6.028 1141.0000000000
10836  46.951  -20.026  -20.485 1144.0000000000
8382  16.298  13.922  46.311 1146.0000000000
11497  40.417  -52.805  -35.842 1147.0000000000
8381  33.869  -11.967  40.067 1150.0000000000
9742  12.653  -55.441  -2.529 1155.0000000000
12028  33.255  26.092  -9.120 1156.0000000000
12349  24.722  -31.967  -25.097 1159.0000000000
13425  64.966  -21.074  9.302 1161.0000000000
13781  9.105  -42.576  19.234 1166.0000000000
12467  15.917  17.706  -31.031 1170.0000000000
14886  34.842  64.199  1.380 1173.0000000000
14885  8.936  3.154  10.149 1181.0000000000
17965  39.498  11.152  26.175 1187.0000000000
19205  34.191  -28.184  35.817 1194.0000000000
21046  33.440  58.635  1.522 1215.0000000000
21144  26.182  -47.548  -0.923 1216.0000000000
22610  55.595  -45.149  -19.614 1221.0000000000
21045  52.782  54.731  -19.903 1225.0000000000
1859  17.556  -47.737  -15.459 1227.0000000000
22268  34.562  40.278  33.784 1228.0000000000
1861  16.052  -48.328  -14.932 1232.0000000000
6591  63.063  7.979  -22.673 1233.0000000000
8448  21.529  -84.531  -24.454 1237.0000000000
8380  31.407  -11.513  42.015 1242.0000000000
11386  36.414  -44.431  34.140 1246.0000000000
12350  26.428  -30.616  -24.098 1249.0000000000
13782  26.664  41.454  22.623 1262.0000000000
17966  18.563  -66.736  23.680 1281.0000000000
17211  5.950  -25.018  49.516 1304.0000000000
22609  56.080  -43.885  -19.189 1312.0000000000
1860  18.524  -50.513  -14.565 1316.0000000000
9743  51.952  -53.097  -16.095 1317.0000000000
10457  5.615  70.856  -39.670 1318.0000000000
21588  6.674  20.347  48.352 1326.0000000000
3093  34.656  67.162  -32.447 1330.0000000000
3609  62.265  9.028  -40.092 1338.0000000000
3608  40.153  -67.323  -13.085 1343.0000000000
8612  20.966  -29.734  -14.061 1345.0000000000
9746  15.560  60.795  19.621 1358.0000000000
7911  29.464  43.743  -14.571 1360.0000000000
10248  48.292  -2.086  41.579 1366.0000000000
11744  37.275  47.622  12.216 1368.0000000000
17210  41.583  54.201  -11.460 1381.0000000000
14188  14.804  83.215  -1.824 1383.0000000000
17234  8.299  21.730  -27.209 1390.0000000000
22578  22.540  8.595  34.254 1395.0000000000
22611  46.158  -18.410  -41.789 1397.0000000000
22557  54.986  -12.546  -26.946 1398.0000000000
3094  34.364  67.614  -32.780 1401.0000000000
3366  46.693  26.474  -4.998 1409.0000000000
3095  19.118  -45.750  -7.682 1412.0000000000
3315  63.518  -27.539  -36.401 1414.0000000000
5937  8.545  27.892  -28.102 1422.0000000000
10249  27.026  56.209  6.939 1438.0000000000
28238  13.289  -77.630  -9.608 1452.0000000000
17820  59.741  -21.969  -42.077 1463.0000000000
25977  10.995  0.924  31.821 1466.0000000000
13364  22.084  46.749  36.745 1468.0000000000
13366  38.816  -58.921  -12.782 1472.0000000000
28414  56.967  -32.257  -16.996 1477.0000000000
10250  5.856  -54.058  -14.947 1484.0000000000
12051  42.782  -24.875  17.088 1496.0000000000
17212  34.974  26.003  5.445 1509.0000000000
17821  22.657  65.729  17.442 1511.0000000000
13365  20.108  47.156  36.144 1518.0000000000
16775  36.096  50.155  -1.146 1521.0000000000
4075  46.464  10.111  9.179 1524.0000000000
4076  43.942  39.629  -30.083 1530.0000000000
12336  16.296  35.839  -36.443 1536.0000000000
14631  4.712  -7.605  54.291 1539.0000000000
15514  42.417  -45.402  1.118 1542.0000000000
15748  23.772  65.308  6.191 1545.0000000000
16850  50.781  -1.444  13.357 1548.0000000000
16957  61.053  22.652  -6.252 1551.0000000000
21292  24.162  18.339  26.707 1553.0000000000
14761  60.236  -13.558  -45.281 1556.0000000000
4116  41.860  1.987  -42.572 1557.0000000000
17710  29.967  43.449  11.433 1559.0000000000
8387  20.136  -30.846  -23.551 1563.0000000000
21291  45.679  -67.381  -25.731 1593.0000000000
19036  7.971  12.925  10.616 1600.0000000000
4077  45.178  39.579  -29.437 1601.0000000000
12052  39.092  -24.479  15.811 1603.0000000000
14632  64.519  15.971  -6.429 1608.0000000000
25446  18.401  -9.615  -26.932 1613.0000000000
15515  38.484  -40.311  35.950 1616.0000000000
15713  12.950  -86.022  -13.097 1618.0000000000
5318  1.750  -10.708  4.648 1623.0000000000
8679  58.653  38.275  -2.588 1629.0000000000
22403  62.662  6.689  -17.180 1634.0000000000
10468  14.346  47.614  -44.167 1636.0000000000
23254  62.309  25.002  -5.497 1645.0000000000
21031  56.172  43.312  -17.911 1646.0000000000
24399  5.862  28.670  9.487 1650.0000000000
27198  8.817  -50.340  15.395 1656.0000000000
5319  44.655  13.722  36.829 1667.0000000000
22387  28.961  72.835  -30.501 1681.0000000000
23601  10.346  -64.624  -18.140 1688.0000000000
26403  33.164  -72.646  4.151 1693.0000000000
4419  11.021  -66.729  -34.400 1701.0000000000
4417  11.142  -36.424  43.727 1705.0000000000
8680  57.452  39.358  -2.190 1714.0000000000
14249  7.178  -0.356  54.868 1718.0000000000
14250  7.887  1.309  56.014 1720.0000000000
10467  39.486  -34.010  16.192 1723.0000000000
14248  6.172  0.934  55.023 1727.0000000000
16853  38.239  66.176  -0.422 1732.0000000000
23253  67.462  -0.544  -10.484 1733.0000000000
23255  55.818  5.878  -53.564 1734.0000000000
23600  12.214  -63.132  -16.604 1735.0000000000
24404  40.143  13.908  -23.461 1741.0000000000
25828  59.370  13.262  -0.115 1744.0000000000
26417  7.911  72.022  -1.228 1746.0000000000
25632  4.946  -58.666  7.368 1750.0000000000
4418  13.027  -35.820  40.973 1756.0000000000
7521  54.164  -0.427  35.749 1761.0000000000
14316  9.241  5.564  34.957 1772.0000000000
29193  51.032  26.473  11.019 1778.0000000000
17009  14.709  -61.581  15.426 1792.0000000000
23628  33.700  -37.986  -26.103 1796.0000000000
23710  11.061  -65.313  10.327 1798.0000000000
23602  53.905  14.490  -46.402 1799.0000000000
24415  33.220  47.875  10.167 1805.0000000000
24455  27.080  -1.410  -41.458 1806.0000000000
24727  44.492  62.097  -33.959 1808.0000000000
26402  21.179  -46.639  -8.916 1810.0000000000
27694  56.649  27.634  13.678 1812.0000000000
26876  29.100  42.241  16.266 1816.0000000000
25059  50.904  -11.225  19.146 1817.0000000000
27199  40.977  -48.930  27.176 1819.0000000000
28272  4.626  -17.117  52.199 1821.0000000000
25494  7.920  74.255  -36.346 1822.0000000000
25546  10.285  -5.763  40.672 1823.0000000000
28318  5.415  10.160  20.163 1827.0000000000
28875  38.282  -14.705  49.210 1832.0000000000
28162  33.314  22.130  -43.089 1838.0000000000
28803  43.257  28.829  1.657 1840.0000000000
28804  5.513  5.067  48.205 1846.0000000000
29674  48.717  -53.220  -6.263 1857.0000000000
29804  31.148  -53.502  32.005 1860.0000000000
29728  45.798  -33.441  5.507 1861.0000000000
18180  17.932  82.914  -4.958 1863.0000000000
16987  17.533  -8.716  45.821 1871.0000000000
17718  4.322  17.431  -32.892 1873.0000000000
26594  42.957  12.182  -2.591 1876.0000000000
26878  61.057  -6.822  11.391 1879.0000000000
25699  13.026  74.664  -17.969 1885.0000000000
27542  33.364  39.215  -36.411 1893.0000000000
26884  22.544  -7.685  40.712 1896.0000000000
28139  21.155  -61.572  -30.082 1908.0000000000
28816  66.243  -7.878  -31.922 1911.0000000000
28619  32.707  32.934  27.354 1916.0000000000
28654  8.876  -78.683  -0.709 1918.0000000000
28549  7.350  -16.344  -11.695 1933.0000000000
29517  11.436  -16.964  -17.366 1935.0000000000
28717  38.800  29.834  -5.671 1940.0000000000
29450  51.426  -7.224  0.326 1941.0000000000
29061  18.737  -53.625  40.870 1946.0000000000
7934  41.353  -70.977  -25.454 1958.0000000000
10403  17.667  12.906  -31.175 1960.0000000000
12225  12.198  2.542  21.126 1963.0000000000
12569  63.977  -26.667  -34.269 1967.0000000000
12990  1.730  6.876  -0.368 1970.0000000000
27487  14.909  32.396  38.579 1974.0000000000
16035  11.438  -50.817  20.046 1979.0000000000
17594  26.271  -15.844  -22.422 1981.0000000000
21526  50.020  -9.472  36.759 1983.0000000000
18108  30.816  65.408  16.735 1989.0000000000
27315  17.851  -29.364  56.784 1995.0000000000
20158  28.280  35.703  -42.506 2000.0000000000
27910  6.976  -52.519  2.550 2002.0000000000
21769  10.767  -18.804  36.861 2005.0000000000
21946  65.229  7.959  -15.772 2011.0000000000
21249  64.428  -21.128  -18.939 2014.0000000000
23377  7.844  -59.442  -23.222 2020.0000000000
23378  49.162  -52.423  10.945 2022.0000000000
12253  57.416  -26.130  -14.606 2044.0000000000
26435  32.728  -62.011  -27.432 2052.0000000000
15963  16.506  -73.952  15.044 2053.0000000000
16167  32.591  14.343  -56.560 2057.0000000000
15964  12.606  79.203  -37.464 2059.0000000000
15965  63.478  10.596  -0.194 2060.0000000000
16016  20.457  -14.003  -33.205 2061.0000000000
16168  31.773  -61.332  -7.092 2066.0000000000
17593  10.277  85.586  -18.578 2070.0000000000
18068  45.572  -40.287  -22.271 2072.0000000000
20159  37.448  -33.474  23.426 2075.0000000000
21248  29.666  -48.782  27.948 2078.0000000000
19559  6.474  46.980  20.235 2079.0000000000
20505  49.251  1.171  3.407 2085.0000000000
2066  54.816  2.048  -48.689 2088.0000000000
21768  27.197  -47.570  -32.695 2090.0000000000
22983  48.480  22.987  -4.367 2094.0000000000
23413  39.145  -16.776  -38.930 2099.0000000000
2846  50.211  -1.853  20.464 2105.0000000000
4048  26.540  -19.508  33.072 2111.0000000000
2065  56.362  1.058  -48.579 2113.0000000000
5291  26.000  57.009  -34.779 2114.0000000000
12224  11.540  1.866  20.419 2124.0000000000
27486  39.646  -26.378  46.654 2131.0000000000
8111  6.420  -53.502  -13.920 2133.0000000000
25998  8.927  -64.033  -24.271 2135.0000000000
16169  49.460  -31.221  -28.396 2141.0000000000
26710  51.954  -31.852  -4.774 2143.0000000000
19501  62.156  20.107  12.804 2144.0000000000
26760  12.384  -46.390  6.232 2146.0000000000
27656  29.164  -53.618  -33.938 2165.0000000000
4330  5.839  17.234  20.737 2170.0000000000
2845  50.177  -2.115  22.046 2176.0000000000
2950  56.626  -10.131  -43.297 2180.0000000000
7935  44.178  -68.966  -24.956 2190.0000000000
10404  19.055  13.368  -30.394 2193.0000000000
12599  14.346  -49.604  45.345 2204.0000000000
15411  35.445  -14.641  -33.330 2209.0000000000
26309  24.809  80.267  0.404 2214.0000000000
170  44.033  -26.248  41.779 2218.0000000000
19195  54.747  -16.111  -34.711 2221.0000000000
20415  63.287  7.289  -31.770 2227.0000000000
2067  50.228  -19.547  -22.505 2244.0000000000
2844  47.889  -2.734  20.416 2247.0000000000
4047  27.105  -18.256  31.868 2252.0000000000
5292  28.411  56.457  -35.321 2257.0000000000
12254  6.403  -0.271  -38.482 2270.0000000000
12570  51.609  58.014  -23.803 2272.0000000000
15410  20.383  80.894  -21.162 2281.0000000000
17811  21.493  -11.697  -25.433 2282.0000000000
18500  54.809  -16.053  34.208 2283.0000000000
19013  9.170  47.307  30.128 2284.0000000000
2154  23.893  -63.872  29.524 2291.0000000000
20506  56.014  -46.784  -22.719 2296.0000000000
171  15.729  -53.078  29.064 2302.0000000000
7939  8.660  44.780  40.208 2304.0000000000
2560  14.930  54.594  25.061 2307.0000000000
2561  31.782  -53.125  23.659 2308.0000000000
2964  39.774  19.167  -38.716 2311.0000000000
8276  36.037  3.639  -53.924 2322.0000000000
15936  6.805  29.058  27.399 2336.0000000000
18212  61.285  -12.728  -5.202 2340.0000000000
22631  1.272  12.780  8.494 2352.0000000000
18501  11.657  76.301  -6.161 2362.0000000000
19196  39.960  -71.141  -9.105 2369.0000000000
2372  21.814  -35.440  -0.612 2375.0000000000
3842  25.434  12.007  24.929 2383.0000000000
7819  15.907  53.627  -1.040 2386.0000000000
7979  26.424  -68.863  -35.749 2388.0000000000
8275  16.372  3.685  22.582 2390.0000000000
8502  39.837  -9.174  3.862 2394.0000000000
9255  37.446  66.195  -6.945 2395.0000000000
2562  33.759  -54.186  25.676 2399.0000000000
3841  32.942  -74.756  -23.136 2403.0000000000
12672  54.200  0.904  18.613 2408.0000000000
10078  57.577  3.043  20.521 2411.0000000000
12634  12.108  86.080  -14.463 2415.0000000000
15937  62.697  6.102  0.307 2417.0000000000
17321  25.797  35.817  19.837 2420.0000000000
18211  62.400  -11.672  -3.596 2427.0000000000
18668  7.799  70.964  1.104 2430.0000000000
22245  7.300  -37.769  45.130 2432.0000000000
19505  39.889  2.179  -39.580 2436.0000000000
19504  10.881  61.109  29.910 2439.0000000000
22669  56.427  18.894  -48.746 2447.0000000000
22194  2.059  18.533  -23.766 2452.0000000000
24938  49.433  -22.959  -19.192 2459.0000000000
169  43.211  -26.794  43.211 2465.0000000000
2285  15.550  -59.039  25.644 2472.0000000000
2155  20.837  13.947  49.857 2476.0000000000
7940  7.891  42.846  41.084 2479.0000000000
8274  15.929  2.348  20.864 2483.0000000000
9256  9.963  33.862  36.483 2489.0000000000
7562  16.797  73.338  3.206 2494.0000000000
13494  5.971  -40.798  13.050 2503.0000000000
16042  25.162  -82.110  -18.763 2508.0000000000
18936  34.856  -23.953  -37.766 2511.0000000000
19437  26.574  -32.457  -17.612 2513.0000000000
19875  32.207  22.494  36.562 2517.0000000000
8213  39.390  -12.822  48.162 2525.0000000000
22632  29.635  14.279  26.839 2532.0000000000
23776  37.616  4.226  47.403 2541.0000000000
25424  45.534  -59.292  11.600 2548.0000000000
23777  38.783  29.624  13.475 2553.0000000000
24978  28.680  15.105  25.991 2555.0000000000
6792  53.553  -32.316  31.014 2558.0000000000
6794  1.476  48.667  -16.862 2559.0000000000
6701  17.895  -25.602  27.538 2561.0000000000
9399  56.299  -48.997  -25.417 2564.0000000000
11035  54.407  -24.898  27.589 2571.0000000000
11760  33.897  73.631  -4.823 2575.0000000000
12030  63.904  -18.474  -33.408 2577.0000000000
10080  49.388  2.146  -53.346 2583.0000000000
12031  52.319  7.282  -43.285 2588.0000000000
9105  6.519  2.089  22.802 2593.0000000000
18890  41.190  -40.659  -37.272 2603.0000000000
19339  31.474  67.726  -12.391 2605.0000000000
18829  37.836  43.288  29.886 2611.0000000000
18956  55.366  -14.307  -36.221 2627.0000000000
24296  30.615  -52.333  -28.802 2633.0000000000
25454  48.192  7.362  27.477 2636.0000000000
5013  42.788  16.626  -64.369 2647.0000000000
5970  1.256  4.770  7.797 2650.0000000000
11163  19.461  9.837  -44.572 2656.0000000000
3558  41.067  -67.819  -11.902 2661.0000000000
7791  51.679  -20.352  26.677 2663.0000000000
11039  16.263  59.630  -5.121 2664.0000000000
1128  24.886  6.180  29.255 2667.0000000000
16074  24.163  -67.832  23.528 2671.0000000000
19436  65.510  13.172  8.139 2679.0000000000
20750  13.218  -72.913  13.154 2682.0000000000
16709  11.387  83.249  -2.656 2683.0000000000
20988  23.180  69.398  -12.248 2687.0000000000
20989  23.830  67.833  -13.146 2689.0000000000
25001  50.349  -1.973  24.708 2718.0000000000
23775  38.488  2.132  48.192 2721.0000000000
25562  20.233  53.119  30.650 2724.0000000000
5014  32.629  11.249  -48.696 2726.0000000000
7710  40.323  28.612  -6.573 2729.0000000000
5012  35.066  9.620  -39.723 2730.0000000000
5971  40.377  -43.398  -9.312 2733.0000000000
8062  33.542  -56.359  -1.606 2735.0000000000
11790  7.669  52.440  24.242 2756.0000000000
8178  62.830  -7.768  -34.985 2757.0000000000
8177  25.512  -55.671  30.860 2758.0000000000
1129  24.065  7.531  29.542 2762.0000000000
22491  64.196  -34.954  -11.093 2766.0000000000
15810  43.683  -26.139  -36.456 2781.0000000000
9580  16.520  25.535  39.350 2783.0000000000
22876  40.907  36.772  2.115 2792.0000000000
24297  29.386  -54.303  -29.577 2793.0000000000
24318  39.858  -58.040  -11.211 2797.0000000000
25231  12.440  79.264  -36.370 2803.0000000000
7711  31.270  30.400  27.139 2816.0000000000
7943  7.944  -64.073  -5.941 2819.0000000000
7792  5.968  -47.055  15.525 2823.0000000000
28632  49.694  -30.108  14.746 2824.0000000000
8890  25.937  -79.737  -8.187 2826.0000000000
9578  9.345  -21.658  57.926 2836.0000000000
8891  63.746  -15.672  8.650 2840.0000000000
1130  16.423  78.803  -10.881 2841.0000000000
8179  44.808  19.897  22.597 2848.0000000000
14532  7.154  57.761  -13.950 2854.0000000000
15254  36.951  -70.315  -1.982 2857.0000000000
9579  7.853  -46.647  22.470 2863.0000000000
15253  37.150  11.095  -26.357 2869.0000000000
15349  17.693  -4.331  -34.168 2871.0000000000
22856  42.256  38.051  0.594 2875.0000000000
24823  61.458  -17.555  -44.278 2885.0000000000
24298  38.497  58.327  -4.464 2890.0000000000
1138  62.509  -36.638  -14.493 2893.0000000000
2532  21.103  39.737  28.415 2896.0000000000
28531  5.398  -75.407  -10.558 2903.0000000000
28612  21.541  -61.837  -31.927 2904.0000000000
15950  53.530  53.873  -14.084 2910.0000000000
28594  31.578  -72.669  -5.241 2913.0000000000
15952  37.281  22.434  41.819 2915.0000000000
14457  44.788  61.098  -35.037 2928.0000000000
14485  51.739  -29.307  -0.500 2931.0000000000
15847  34.431  -11.366  -2.750 2934.0000000000
18957  33.656  -65.778  15.921 2938.0000000000
19443  58.292  -25.660  10.379 2942.0000000000
25035  31.576  39.820  25.549 2957.0000000000
25034  39.789  -64.247  1.323 2962.0000000000
5775  29.409  -10.633  -36.815 2975.0000000000
16156  16.922  60.165  -37.190 2976.0000000000
28536  30.656  2.503  41.230 2977.0000000000
15951  54.725  51.558  -15.598 2978.0000000000
16157  52.301  -48.766  -29.803 2987.0000000000
19015  5.833  -3.889  55.114 2991.0000000000
21382  45.165  37.570  3.831 3000.0000000000
17351  35.501  -32.248  42.945 3001.0000000000
21256  47.207  -42.251  3.881 3003.0000000000
22900  27.432  -6.093  -36.306 3011.0000000000
29847  29.600  -70.145  -12.676 3013.0000000000
22461  29.974  -30.379  48.851 3017.0000000000
16184  62.484  -7.484  24.252 3021.0000000000
18297  24.947  34.672  40.765 3024.0000000000
25322  33.969  46.750  19.918 3031.0000000000
16158  23.067  -22.170  -14.687 3048.0000000000
26653  64.067  -7.297  9.662 3049.0000000000
26697  7.054  -37.956  0.122 3050.0000000000
16899  28.833  -27.461  30.587 3051.0000000000
18403  15.195  -13.701  27.650 3053.0000000000
20878  47.407  -3.614  2.796 3056.0000000000
20790  14.425  67.347  14.799 3060.0000000000
27396  57.482  -36.268  -20.414 3061.0000000000
11365  11.619  -67.021  -19.096 3064.0000000000
22888  40.859  38.086  0.679 3069.0000000000
22367  24.177  11.463  40.001 3075.0000000000
10633  27.963  11.305  -51.025 3076.0000000000
19084  25.823  77.386  -7.240 3090.0000000000
1139  34.833  11.413  -3.858 3094.0000000000
1140  34.451  10.767  -5.772 3098.0000000000
2531  30.561  -19.664  -21.449 3101.0000000000
5776  32.476  -11.220  -36.042 3106.0000000000
27420  50.464  19.931  3.225 3120.0000000000
12178  6.410  -34.917  35.644 3127.0000000000
13103  34.579  -76.097  -24.630 3131.0000000000
13746  47.213  -9.701  -38.696 3132.0000000000
7516  39.971  -4.943  44.378 3135.0000000000
16185  61.308  16.944  -5.508 3146.0000000000
18296  26.631  -43.791  15.734 3148.0000000000
20150  44.216  8.457  -49.203 3156.0000000000
20726  37.002  72.624  -29.944 3162.0000000000
4105  48.847  -0.042  39.219 3173.0000000000
4107  62.409  -1.017  -34.746 3175.0000000000
4361  25.464  -40.637  26.574 3176.0000000000
7268  28.026  17.014  -30.243 3182.0000000000
4261  45.584  68.058  -18.635 3184.0000000000
10843  7.553  -42.743  12.453 3188.0000000000
11366  9.058  14.101  19.508 3191.0000000000
13006  40.122  18.121  29.131 3197.0000000000
10632  46.155  -44.456  -12.377 3204.0000000000
13102  34.856  36.422  -57.346 3212.0000000000
13764  9.367  7.621  42.289 3213.0000000000
112  9.889  58.587  -38.761 3229.0000000000
21402  47.063  -37.342  26.016 3232.0000000000
588  38.451  -8.679  33.148 3237.0000000000
1933  26.847  19.604  -63.129 3249.0000000000
1931  38.584  21.327  -18.216 3252.0000000000
4782  36.147  55.711  11.268 3253.0000000000
4106  49.331  -0.635  40.530 3255.0000000000
4360  27.871  -42.216  28.060 3257.0000000000
7304  13.199  70.032  -24.876 3262.0000000000
12354  34.848  55.901  -25.399 3273.0000000000
12917  57.543  18.286  -2.184 3275.0000000000
16774  31.001  -57.098  17.191 3282.0000000000
16902  33.033  -44.525  31.890 3285.0000000000
25314  8.383  26.707  9.304 3292.0000000000
10666  16.191  -74.922  -22.916 3295.0000000000
20149  24.999  -73.160  10.866 3298.0000000000
27174  45.527  -4.775  41.784 3306.0000000000
111  59.783  9.635  -18.883 3311.0000000000
110  20.439  28.336  29.964 3314.0000000000
587  38.713  -8.159  29.032 3316.0000000000
4826  36.224  24.801  31.819 3330.0000000000
1078  22.153  -60.148  25.604 3343.0000000000
1234  8.991  24.765  -31.279 3346.0000000000
10136  10.002  55.159  22.165 3361.0000000000
7698  25.562  -65.518  4.850 3362.0000000000
10948  40.028  -57.570  8.617 3372.0000000000
13721  37.805  24.183  16.977 3374.0000000000
11533  25.838  -17.919  -25.259 3376.0000000000
10667  45.947  -36.425  -16.554 3378.0000000000
20407  54.451  25.060  -48.068 3382.0000000000
1932  28.314  21.862  -64.365 3392.0000000000
4783  5.877  -49.580  32.833 3406.0000000000
19531  10.418  -13.792  -6.965 3413.0000000000
19533  5.022  -72.784  -24.171 3414.0000000000
19931  43.555  -63.506  7.144 3415.0000000000
1077  51.770  15.844  -32.038 3417.0000000000
19551  12.924  67.212  -26.442 3419.0000000000
1076  50.738  14.253  -32.840 3422.0000000000
1448  51.750  35.446  -12.988 3425.0000000000
10137  10.506  54.564  20.429 3428.0000000000
7697  26.473  -66.529  4.564 3438.0000000000
13471  49.878  -3.398  14.280 3455.0000000000
13720  5.588  -2.194  16.097 3458.0000000000
20408  49.908  -45.371  -12.890 3460.0000000000
22181  18.343  -39.858  48.481 3469.0000000000
12482  52.139  3.530  -23.801 3489.0000000000
19598  49.140  30.118  24.143 3495.0000000000
1301  41.115  -19.643  30.374 3504.0000000000
10138  24.792  -26.372  37.052 3512.0000000000
23191  63.644  -10.968  -43.068 3514.0000000000
13929  57.365  -34.306  15.203 3524.0000000000
11534  23.618  -70.896  17.313 3525.0000000000
26372  22.767  -61.814  -27.700 3528.0000000000
26373  9.185  -55.316  6.823 3529.0000000000
27734  24.348  -57.739  33.314 3539.0000000000
27765  19.204  -15.376  56.844 3541.0000000000
27876  49.460  -41.608  28.379 3543.0000000000
20409  43.882  30.202  22.234 3545.0000000000
22180  53.753  4.437  -3.298 3548.0000000000
22270  34.021  41.169  32.704 3551.0000000000
972  42.308  -44.590  24.833 3553.0000000000
970  7.690  30.824  -29.746 3560.0000000000
2129  33.081  -43.102  40.865 3564.0000000000
8551  47.424  -13.954  10.119 3566.0000000000
10170  49.562  4.003  35.274 3568.0000000000
19532  11.493  -14.841  -7.375 3571.0000000000
19552  41.681  70.870  -28.040 3575.0000000000
21280  6.767  -55.906  -19.445 3577.0000000000
21358  37.908  74.871  -24.079 3579.0000000000
21243  38.593  16.264  -9.551 3582.0000000000
29113  9.837  -60.943  -0.545 3589.0000000000
29922  44.090  -5.487  32.671 3610.0000000000
29961  22.755  -69.034  -1.863 3617.0000000000
6261  37.971  50.738  -7.089 3623.0000000000
6260  21.160  -58.875  28.952 3629.0000000000
971  7.417  32.786  -28.402 3631.0000000000
25798  6.741  -31.128  42.183 3647.0000000000
26014  18.197  14.290  49.893 3651.0000000000
933  16.720  -65.997  -11.527 3657.0000000000
29473  50.018  35.335  -11.805 3664.0000000000
6056  45.722  1.769  28.000 3665.0000000000
28267  15.461  -76.569  1.875 3669.0000000000
28680  7.462  73.561  10.704 3680.0000000000
30039  33.577  24.170  -10.392 3683.0000000000
28696  19.174  -29.714  49.505 3692.0000000000
2130  32.002  -41.858  39.494 3708.0000000000
10577  10.913  38.802  -34.053 3722.0000000000
851  61.261  -33.715  -1.298 3735.0000000000
677  39.917  55.331  10.889 3737.0000000000
676  36.065  54.928  -25.749 3745.0000000000
5206  37.575  3.145  -18.390 3749.0000000000
13077  30.410  -39.269  -33.635 3752.0000000000
28567  37.408  -47.850  31.770 3753.0000000000
9450  18.980  -53.115  -7.254 3758.0000000000
12250  49.175  -45.546  -13.535 3759.0000000000
14640  34.471  55.184  2.396 3762.0000000000
14738  35.233  24.863  18.591 3764.0000000000
15329  48.343  29.028  -37.551 3766.0000000000
6262  13.811  -54.900  30.986 3772.0000000000
6403  48.616  -37.374  -3.894 3778.0000000000
8466  7.150  -17.353  51.937 3787.0000000000
10171  16.051  60.113  -2.264 3794.0000000000
10575  6.174  76.477  2.653 3799.0000000000
10576  34.334  -40.004  38.372 3800.0000000000
25797  5.566  -7.566  32.528 3801.0000000000
25516  6.872  -38.506  1.940 3806.0000000000
852  62.954  15.085  -18.881 3813.0000000000
6055  38.261  59.218  12.719 3818.0000000000
9481  63.823  0.068  13.645 3821.0000000000
13076  29.216  -40.432  -33.581 3828.0000000000
15490  44.570  66.857  -14.373 3836.0000000000
14668  30.042  -25.222  26.780 3840.0000000000
6289  17.445  75.060  5.229 3847.0000000000
18463  45.473  -4.960  -26.951 3856.0000000000
18639  10.838  -65.003  -33.797 3858.0000000000
18638  21.151  9.146  -29.632 3860.0000000000
19765  18.530  -66.921  -24.338 3866.0000000000
678  46.033  21.906  24.867 3875.0000000000
7429  37.314  36.785  36.111 3879.0000000000
853  63.005  16.185  -19.399 3880.0000000000
753  12.267  -50.510  -1.075 3882.0000000000
5248  18.854  39.414  -37.741 3887.0000000000
13660  48.633  -19.015  -22.797 3894.0000000000
12954  38.668  -57.864  6.331 3898.0000000000
14056  23.098  -70.540  15.812 3902.0000000000
16392  13.558  -62.068  -32.947 3911.0000000000
15489  46.542  66.171  -14.964 3915.0000000000
20371  12.065  -33.373  5.748 3939.0000000000
20429  37.863  33.276  -7.752 3940.0000000000
703  40.781  34.857  -46.775 3944.0000000000
21342  54.376  25.891  -32.648 3946.0000000000
7430  37.442  34.430  36.902 3952.0000000000
11181  48.241  55.752  5.591 3956.0000000000
13567  14.947  2.375  56.625 3959.0000000000
14607  53.220  19.781  -13.306 3961.0000000000
16069  19.890  -74.711  11.766 3971.0000000000
16123  37.198  9.470  41.698 3972.0000000000
16615  23.201  30.918  -41.319 3978.0000000000
19112  35.760  47.292  30.301 3984.0000000000
21491  13.732  58.073  -40.764 3994.0000000000
21875  44.649  2.280  41.736 4005.0000000000
5802  25.401  4.686  44.458 4015.0000000000
13125  21.857  -70.464  15.469 4017.0000000000
1895  30.367  -8.998  -34.996 4019.0000000000
14606  52.287  18.528  -13.157 4023.0000000000
24575  5.941  -22.652  54.651 4038.0000000000
25242  27.870  -26.912  23.990 4041.0000000000
17600  54.820  -27.415  -23.322 4042.0000000000
18209  49.383  -41.511  -36.795 4046.0000000000
18152  40.955  64.703  -30.803 4047.0000000000
8993  49.061  -0.727  3.406 4052.0000000000
20184  21.155  18.942  -30.393 4055.0000000000
21492  48.505  64.274  -18.147 4058.0000000000
702  40.698  31.935  -46.291 4069.0000000000
11583  12.518  -71.778  -17.572 4073.0000000000
704  42.131  35.240  -44.942 4076.0000000000
5800  7.609  -46.765  -4.767 4078.0000000000
5618  56.479  -9.095  -10.494 4091.0000000000
15449  43.545  24.786  18.095 4093.0000000000
25890  50.722  -54.315  -29.839 4097.0000000000
5617  48.020  -12.312  -15.356 4098.0000000000
7978  16.603  -35.280  39.864 4108.0000000000
6980  10.579  -81.379  -6.310 4117.0000000000
27258  41.952  -50.436  4.408 4128.0000000000
13301  28.207  -36.324  -17.131 4136.0000000000
13996  9.183  1.734  10.463 4140.0000000000
1897  49.722  13.027  -45.940 4147.0000000000
1896  56.971  -12.378  -27.171 4152.0000000000
5619  33.153  48.825  -21.240 4159.0000000000
8992  66.925  -1.037  -28.793 4169.0000000000
25901  39.394  55.077  -12.332 4176.0000000000
11582  9.478  -61.867  -1.869 4178.0000000000
12723  24.819  81.435  -2.922 4184.0000000000
13326  56.999  8.080  20.444 4187.0000000000
6020  19.375  -56.471  32.827 4197.0000000000
5801  6.516  30.608  -25.139 4199.0000000000
26440  7.292  38.450  36.852 4208.0000000000
6788  28.910  -68.046  -7.058 4213.0000000000
8991  57.614  -28.184  -38.380 4220.0000000000
9672  31.899  -35.209  -23.191 4222.0000000000
18675  2.811  10.501  -29.356 4226.0000000000
1519  28.449  -20.400  -25.275 4232.0000000000
4844  4.989  -69.353  -5.953 4237.0000000000
7044  31.527  23.456  -34.255 4245.0000000000
7508  48.829  11.354  -10.226 4247.0000000000
8033  41.992  21.232  -41.640 4249.0000000000
8246  32.057  -79.969  -18.949 4261.0000000000
26009  56.650  33.347  -13.640 4267.0000000000
16676  15.549  -42.777  -25.672 4272.0000000000
17815  62.438  -35.354  9.532 4277.0000000000
16575  8.232  -63.050  -10.708 4279.0000000000
19201  4.889  -65.591  9.358 4284.0000000000
1520  34.721  -71.012  3.163 4286.0000000000
1518  13.310  84.284  -23.837 4293.0000000000
4843  5.156  -68.605  -5.413 4299.0000000000
6552  5.972  -19.226  24.200 4306.0000000000
7045  30.416  24.545  -33.693 4319.0000000000
16576  9.344  -62.209  -9.849 4325.0000000000
9649  53.605  25.060  9.544 4326.0000000000
16677  37.236  -13.688  -34.101 4330.0000000000
18717  55.555  -36.015  -34.845 4339.0000000000
4842  34.375  -38.817  37.424 4344.0000000000
19202  4.920  -64.836  8.144 4348.0000000000
3557  19.756  -35.463  3.302 4349.0000000000
6019  20.409  -53.848  31.861 4361.0000000000
7507  45.467  -9.492  16.550 4365.0000000000
8057  36.669  -31.618  18.899 4367.0000000000
22282  43.310  -16.431  -37.584 4374.0000000000
9971  42.948  -68.483  -8.904 4380.0000000000
20681  27.576  78.985  -30.769 4384.0000000000
9650  36.145  0.125  -14.903 4390.0000000000
10221  32.235  -80.094  -20.368 4394.0000000000
11268  26.750  77.015  3.126 4399.0000000000
12999  12.996  -64.126  -8.508 4409.0000000000
15665  9.508  51.803  -11.464 4412.0000000000
6576  55.701  18.595  24.445 4421.0000000000
20135  19.049  39.213  36.022 4434.0000000000
19522  45.073  -5.746  2.738 4437.0000000000
19968  19.231  -13.263  -24.009 4440.0000000000
14325  36.615  -31.628  45.273 4450.0000000000
9651  35.698  -1.991  -16.280 4455.0000000000
10220  11.007  -82.390  -10.007 4460.0000000000
11267  28.215  33.772  -56.282 4465.0000000000
12294  46.422  34.380  -44.981 4469.0000000000
14834  7.950  27.477  -27.868 4475.0000000000
14833  52.201  -20.323  -37.878 4486.0000000000
19523  38.381  -51.873  15.169 4492.0000000000
20191  36.714  0.548  50.061 4503.0000000000
20680  20.835  -80.226  -34.117 4506.0000000000
26010  6.630  -74.430  1.674 4513.0000000000
11141  1.894  -0.048  -15.917 4515.0000000000
27404  60.215  6.368  24.365 4527.0000000000
22740  20.771  -57.930  -13.705 4528.0000000000
15664  7.923  -61.259  17.860 4531.0000000000
15698  33.676  18.619  -65.017 4532.0000000000
13000  40.632  13.582  -52.970 4535.0000000000
27646  19.277  13.825  42.825 4540.0000000000
24449  55.394  36.390  -12.822 4544.0000000000
955  47.518  -25.294  -43.285 4547.0000000000
19524  47.737  -26.191  10.669 4548.0000000000
19969  2.464  -13.308  5.135 4551.0000000000
1517  17.619  -72.070  -24.066 4554.0000000000
1063  37.749  43.131  16.501 4568.0000000000
1135  7.112  39.623  -35.853 4570.0000000000
3599  8.653  38.971  -39.697 4571.0000000000
25663  51.533  -43.379  -23.586 4575.0000000000
21856  31.685  -70.188  -10.328 4581.0000000000
21858  22.906  -67.251  -1.216 4586.0000000000
21891  22.982  67.441  11.429 4589.0000000000
397  44.331  -0.843  -22.106 4612.0000000000
626  41.144  56.129  11.896 4615.0000000000
398  44.819  -1.403  -20.986 4622.0000000000
779  19.859  -85.686  -21.109 4626.0000000000
1064  21.249  -36.037  -24.351 4628.0000000000
3632  27.709  26.170  -33.334 4635.0000000000
21909  14.917  53.497  -44.037 4649.0000000000
22789  40.937  54.749  10.159 4651.0000000000
23956  48.210  25.392  12.294 4654.0000000000
24774  34.119  -29.080  -29.954 4655.0000000000
22819  65.169  -2.620  4.979 4664.0000000000
625  42.274  55.649  12.102 4675.0000000000
396  39.226  22.151  6.433 4682.0000000000
1065  19.778  -35.046  -24.304 4685.0000000000
3600  9.593  37.592  -37.823 4688.0000000000
4926  24.830  38.447  -38.390 4693.0000000000
21857  33.390  -72.025  -10.299 4695.0000000000
22655  37.850  -3.575  2.447 4701.0000000000
23426  12.225  24.395  33.346 4707.0000000000
24773  17.779  -60.993  -27.335 4713.0000000000
23957  29.722  26.183  -33.490 4717.0000000000
956  5.401  20.623  13.538 4722.0000000000
26470  35.216  22.663  -39.705 4737.0000000000
26829  38.021  43.357  -28.165 4746.0000000000
27079  7.287  -15.859  -7.337 4752.0000000000
22657  43.400  23.393  33.135 4756.0000000000
22656  13.321  -52.405  -22.497 4758.0000000000
23625  36.092  -19.037  -40.545 4764.0000000000
2643  18.510  -12.331  22.482 4773.0000000000
22823  24.827  60.191  6.178 4775.0000000000
5605  12.013  66.767  -4.123 4777.0000000000
2642  22.086  71.236  -25.425 4778.0000000000
5603  10.137  66.523  -3.186 4785.0000000000
26227  53.850  -0.223  9.350 4788.0000000000
9982  9.870  84.821  -8.413 4801.0000000000
10203  13.962  -9.737  29.891 4804.0000000000
10202  13.733  -8.339  29.790 4812.0000000000
1984  30.670  -58.243  11.161 4815.0000000000
23427  8.985  60.520  5.779 4821.0000000000
24270  31.451  52.221  7.028 4827.0000000000
21330  39.682  4.605  -37.075 4834.0000000000
2762  6.121  81.449  -31.396 4839.0000000000
2641  24.562  69.096  -23.551 4842.0000000000
7019  50.150  8.422  -24.337 4848.0000000000
23725  56.269  37.498  5.645 4850.0000000000
9983  16.669  -32.427  47.010 4853.0000000000
10130  11.441  45.120  24.689 4863.0000000000
10659  22.210  -47.254  -12.998 4867.0000000000
1983  36.239  20.118  42.505 4869.0000000000
9984  46.343  16.958  -48.634 4872.0000000000
10204  14.936  -8.572  28.795 4876.0000000000
22370  24.845  -6.691  -28.364 4884.0000000000
5094  41.402  -34.239  18.352 4898.0000000000
5157  67.644  -23.877  -21.376 4899.0000000000
5604  11.746  65.244  -3.759 4901.0000000000
10590  7.080  59.231  21.032 4914.0000000000
24035  31.214  -39.315  22.825 4917.0000000000
25132  29.866  0.354  -42.967 4920.0000000000
13623  9.248  -62.782  -3.454 4927.0000000000
25500  35.751  50.967  20.051 4936.0000000000
24269  29.722  -28.083  32.737 4949.0000000000
21329  7.173  -44.220  13.063 4951.0000000000
22893  37.728  -64.482  1.830 4955.0000000000
23337  21.471  -9.142  -26.184 4968.0000000000
23680  30.748  -41.943  -10.789 4972.0000000000
24451  52.634  8.541  6.182 4977.0000000000
25569  40.258  35.556  3.058 4982.0000000000
27571  12.877  71.987  -4.615 4986.0000000000
27894  7.720  12.966  13.285 4990.0000000000
26414  49.814  -60.618  -28.958 4993.0000000000
27791  53.196  -51.601  -30.829 4998.0000000000
28302  50.596  -46.748  2.917 5009.0000000000
27916  44.841  -60.123  6.280 5011.0000000000
24271  33.317  52.242  6.478 5016.0000000000
25172  41.350  23.552  -53.707 5018.0000000000
24409  12.537  -46.759  7.636 5021.0000000000
25993  52.864  -42.739  -36.899 5028.0000000000
24327  52.171  31.398  1.020 5031.0000000000
24108  41.971  40.920  9.221 5034.0000000000
24177  10.593  -36.082  21.469 5035.0000000000
24470  9.276  54.776  23.503 5037.0000000000
22179  29.075  66.489  -28.884 5039.0000000000
24107  24.369  -74.538  4.744 5042.0000000000
27251  47.737  6.121  22.801 5048.0000000000
26229  45.793  43.657  17.810 5050.0000000000
27672  53.210  32.437  -11.542 5053.0000000000
27271  51.375  30.218  2.743 5066.0000000000
25224  29.284  -58.974  -33.307 5071.0000000000
24910  45.040  25.010  -54.874 5076.0000000000
24109  23.682  -11.800  34.263 5083.0000000000
24569  23.100  -52.556  9.299 5093.0000000000
22201  10.886  26.886  -27.031 5096.0000000000
20848  6.329  3.320  16.985 5098.0000000000
20258  11.460  20.446  -29.876 5104.0000000000
14166  39.264  68.855  -6.207 5106.0000000000
20849  17.871  -44.313  -2.017 5108.0000000000
20277  14.949  51.487  33.295 5110.0000000000
20882  55.617  -25.073  -16.809 5113.0000000000
24644  37.420  -53.626  9.239 5126.0000000000
16960  45.925  60.172  5.672 5130.0000000000
17869  55.584  -30.674  -42.103 5147.0000000000
17870  45.860  -59.263  -17.197 5148.0000000000
16117  7.215  -72.432  -19.182 5162.0000000000
18945  48.420  4.971  -2.732 5163.0000000000
17868  34.826  48.234  29.830 5176.0000000000
17898  53.263  10.931  -29.514 5194.0000000000
8462  48.968  25.841  -18.121 5217.0000000000
16961  50.207  59.438  -10.580 5222.0000000000
19055  41.245  -39.507  8.104 5243.0000000000
12311  45.819  -34.879  -23.640 5246.0000000000
12886  36.150  20.494  21.536 5250.0000000000
5426  41.444  3.710  36.207 5252.0000000000
5575  8.697  38.617  0.608 5253.0000000000
8461  6.410  -51.772  24.134 5257.0000000000
14662  35.366  18.763  19.012 5258.0000000000
8497  16.451  35.976  35.146 5270.0000000000
9722  8.557  -44.356  -11.978 5275.0000000000
1310  42.135  -17.757  18.120 5287.0000000000
1456  56.324  -12.765  -14.263 5288.0000000000
6608  39.791  17.849  -37.315 5293.0000000000
8463  33.117  -50.718  -33.900 5305.0000000000
2874  1.584  7.199  8.811 5310.0000000000
1245  65.549  -17.463  -28.813 5313.0000000000
4900  49.711  -21.916  -3.927 5321.0000000000
29301  12.232  69.930  -20.375 5322.0000000000
6609  40.525  18.349  -39.002 5325.0000000000
1244  56.996  -22.227  18.661 5326.0000000000
8592  15.828  68.862  -35.402 5329.0000000000
1246  66.635  -18.699  -29.826 5335.0000000000
2941  29.351  -73.819  -25.706 5337.0000000000
2685  51.995  10.053  23.186 5341.0000000000
29445  5.601  5.492  16.405 5351.0000000000
1374  38.837  -20.328  25.833 5356.0000000000
26823  4.404  -66.846  -27.339 5358.0000000000
2873  57.088  -41.147  18.420 5367.0000000000
26381  43.959  60.218  -27.415 5369.0000000000
22584  23.993  -54.462  -24.376 5370.0000000000
18771  39.188  0.930  -25.275 5373.0000000000
16591  33.620  -72.086  -1.652 5378.0000000000
12667  33.762  49.773  11.653 5383.0000000000
12855  0.865  45.704  -19.133 5386.0000000000
