#!ascii label  , from subject FreeSurferMNI152_0.2 vox2ras=TkReg
303
18395  57.216  6.376  -5.961 1.0000000000
7086  6.617  27.125  46.893 3.0000000000
7127  8.419  22.615  11.023 4.0000000000
7087  65.025  -21.172  -36.070 11.0000000000
6650  26.242  -51.868  -9.964 13.0000000000
7088  65.101  -19.974  -35.020 15.0000000000
8776  17.621  -59.190  -9.508 19.0000000000
12266  13.480  -40.881  24.991 20.0000000000
13027  13.255  -42.514  49.277 23.0000000000
10553  45.462  41.228  -31.301 27.0000000000
12265  12.922  -42.366  26.104 31.0000000000
13100  9.116  66.894  2.941 34.0000000000
13463  17.249  -34.434  -24.325 35.0000000000
10555  32.943  -32.914  16.427 41.0000000000
5838  47.958  -20.373  -33.310 45.0000000000
5839  18.386  -18.766  -29.664 47.0000000000
11439  20.812  50.057  -30.919 52.0000000000
1282  33.029  53.617  2.940 53.0000000000
15074  15.822  -22.586  39.887 54.0000000000
26385  22.235  32.989  38.284 56.0000000000
15075  8.157  25.319  -21.409 59.0000000000
5871  31.247  29.317  -32.971 67.0000000000
27515  65.728  -8.044  -28.860 71.0000000000
27546  40.581  -42.472  21.269 73.0000000000
407  46.007  -0.382  -12.632 74.0000000000
6887  6.608  -75.204  -28.328 76.0000000000
9884  55.420  -26.465  -13.650 81.0000000000
8667  38.174  -43.088  35.097 82.0000000000
11076  58.079  -29.960  2.859 85.0000000000
5837  52.554  2.923  -13.198 90.0000000000
11438  19.706  48.813  -33.327 95.0000000000
13809  13.880  -44.361  -25.160 99.0000000000
26584  15.222  77.273  -25.637 100.0000000000
12277  42.707  49.257  21.019 101.0000000000
14762  5.412  16.334  44.492 102.0000000000
1446  19.796  72.262  0.858 106.0000000000
8707  43.961  -47.713  -5.633 115.0000000000
11075  57.633  -28.587  2.073 116.0000000000
16495  62.326  -27.248  18.870 121.0000000000
17841  55.966  50.843  -18.401 122.0000000000
11868  21.203  81.932  -2.757 125.0000000000
19701  13.577  -27.244  55.783 129.0000000000
16304  7.163  10.440  47.301 132.0000000000
13810  8.171  30.096  -36.585 134.0000000000
405  16.790  -50.805  35.822 139.0000000000
6886  16.912  79.711  -14.283 142.0000000000
11074  55.811  18.600  -9.977 146.0000000000
16494  36.840  -56.532  3.087 154.0000000000
17840  55.354  50.614  -19.806 160.0000000000
12276  38.719  18.930  -34.590 164.0000000000
12275  64.999  -31.689  1.473 168.0000000000
14701  21.823  -49.097  -21.861 177.0000000000
16258  9.164  -52.546  -17.914 179.0000000000
18969  61.581  -30.580  -19.260 181.0000000000
16381  25.880  -77.140  -16.241 183.0000000000
20758  27.977  -34.969  -12.391 187.0000000000
15817  36.406  70.422  -32.073 192.0000000000
24810  9.131  71.905  2.988 195.0000000000
24250  38.670  -6.009  44.772 197.0000000000
24001  14.380  48.136  2.584 201.0000000000
18085  16.916  -42.429  -27.080 207.0000000000
15216  27.970  -80.245  -16.398 210.0000000000
15287  11.973  83.471  -2.008 213.0000000000
17844  14.879  -24.108  12.406 221.0000000000
18331  41.718  51.451  -20.580 225.0000000000
23115  59.549  -9.455  21.520 232.0000000000
23164  33.152  15.502  -64.193 237.0000000000
18144  25.984  -9.826  -40.384 239.0000000000
20834  15.481  -12.690  40.878 245.0000000000
15217  35.505  7.090  -45.969 246.0000000000
8324  15.057  -21.787  14.503 252.0000000000
11916  45.694  -6.268  24.977 253.0000000000
10949  6.594  53.995  -3.076 256.0000000000
9232  24.198  -79.373  -19.659 257.0000000000
9603  53.219  -29.876  -24.388 259.0000000000
15177  8.472  -14.055  -3.902 267.0000000000
17388  13.561  -27.321  30.158 273.0000000000
9924  54.455  -26.551  -11.149 274.0000000000
13630  52.273  57.959  -12.462 284.0000000000
20057  39.516  16.708  -0.704 286.0000000000
1086  65.917  -32.136  -21.108 293.0000000000
2601  47.177  15.785  -62.965 301.0000000000
4376  2.207  -11.003  5.635 303.0000000000
5423  49.895  -17.755  31.520 304.0000000000
6258  21.682  47.292  21.163 312.0000000000
9204  11.495  46.284  3.240 316.0000000000
11539  66.184  -10.818  0.942 320.0000000000
11540  20.528  -35.653  -5.745 326.0000000000
17941  45.722  -33.057  32.021 334.0000000000
18002  9.330  64.182  17.469 335.0000000000
21124  32.847  57.652  1.071 336.0000000000
1085  65.000  -32.033  -22.768 340.0000000000
2600  58.932  15.749  -19.542 343.0000000000
2868  28.935  70.737  3.871 344.0000000000
1087  65.793  -30.304  -22.517 347.0000000000
4375  50.065  12.402  -27.248 356.0000000000
8961  21.836  2.805  -43.733 363.0000000000
10771  66.189  -26.513  -11.626 370.0000000000
8006  8.899  30.246  -27.743 380.0000000000
2869  29.103  72.042  5.515 388.0000000000
2599  60.843  17.161  -19.173 391.0000000000
5422  51.430  -18.570  32.676 393.0000000000
27710  45.988  -31.269  -5.563 397.0000000000
7496  16.686  -44.703  6.533 400.0000000000
6257  0.927  47.003  -11.613 404.0000000000
27703  5.155  -9.814  43.695 405.0000000000
9203  8.180  -10.097  56.947 411.0000000000
10139  24.679  -27.941  37.545 414.0000000000
11538  11.703  -67.212  7.455 415.0000000000
13593  52.443  56.362  -11.421 420.0000000000
8005  7.367  30.083  -30.007 429.0000000000
8393  38.101  -55.242  25.034 431.0000000000
27076  58.501  17.466  9.593 441.0000000000
24556  37.958  20.693  -28.951 452.0000000000
28638  52.094  54.920  -18.448 454.0000000000
27006  34.928  -13.161  19.384 464.0000000000
27884  7.581  38.754  34.328 468.0000000000
8007  9.473  69.041  -15.495 470.0000000000
9238  24.443  -12.766  -37.000 476.0000000000
24557  27.698  -4.093  -38.855 480.0000000000
23784  7.586  -30.944  -5.527 487.0000000000
15146  54.504  35.226  -0.389 493.0000000000
25634  24.932  -40.263  24.930 496.0000000000
24634  39.463  -47.382  -3.931 500.0000000000
16621  45.093  -37.894  -11.149 501.0000000000
25073  39.293  29.797  -59.011 505.0000000000
26013  18.769  14.972  50.646 507.0000000000
26231  8.644  -4.864  10.963 508.0000000000
26578  5.163  -53.759  2.804 509.0000000000
9239  20.457  -65.608  21.955 522.0000000000
24600  4.427  -2.418  -38.162 528.0000000000
16759  53.655  -49.454  11.316 537.0000000000
22830  7.090  -56.164  20.779 551.0000000000
23807  31.982  25.573  -33.475 559.0000000000
17946  49.326  54.583  -11.996 565.0000000000
24779  62.414  24.497  -7.740 567.0000000000
24794  39.329  14.796  -24.561 569.0000000000
144  25.486  -63.041  3.456 570.0000000000
145  25.751  -61.680  1.279 572.0000000000
655  21.414  -82.385  -4.410 574.0000000000
2945  50.187  -36.918  -12.002 580.0000000000
5427  42.360  5.199  38.109 583.0000000000
3991  26.916  25.692  -62.324 587.0000000000
7649  11.178  -39.273  16.194 593.0000000000
18879  23.994  -71.530  11.756 598.0000000000
13294  9.858  33.706  46.899 600.0000000000
12668  12.328  50.327  -43.899 601.0000000000
16476  12.145  -36.887  -18.091 602.0000000000
18840  6.669  -48.926  -9.052 613.0000000000
3889  64.895  -3.299  18.147 627.0000000000
1101  52.188  -20.993  32.801 629.0000000000
2520  23.470  5.565  -30.838 633.0000000000
4534  27.887  18.492  -53.571 640.0000000000
10400  10.984  -17.534  46.526 647.0000000000
14374  26.664  -40.023  -11.827 653.0000000000
14144  41.973  -15.217  5.506 654.0000000000
16067  12.803  34.078  45.048 657.0000000000
16338  34.208  -67.217  -22.764 663.0000000000
10107  41.004  21.004  23.644 665.0000000000
146  3.331  17.612  8.510 668.0000000000
1459  31.750  -37.944  20.486 673.0000000000
4865  65.461  -23.829  -35.601 679.0000000000
2553  57.308  42.104  0.507 683.0000000000
2519  10.335  32.081  -33.494 688.0000000000
1102  51.868  -22.255  31.726 692.0000000000
4533  35.764  -29.142  38.130 697.0000000000
8296  32.173  -63.791  23.490 699.0000000000
2332  47.013  53.084  -28.750 701.0000000000
2271  41.358  -34.598  -2.097 707.0000000000
11290  43.693  53.181  -33.162 715.0000000000
17657  11.419  62.430  3.902 716.0000000000
7331  8.947  8.945  12.090 722.0000000000
1100  7.813  -24.389  22.542 730.0000000000
2518  8.841  30.139  -35.300 734.0000000000
2333  45.218  52.760  -27.003 752.0000000000
2270  32.963  43.320  -7.839 753.0000000000
8208  8.190  -11.019  -17.778 759.0000000000
10964  10.605  -46.648  14.915 765.0000000000
11955  20.812  -3.917  -31.932 770.0000000000
7332  8.802  4.930  11.862 775.0000000000
6503  6.762  -70.179  11.426 780.0000000000
10543  34.405  29.231  -17.987 787.0000000000
11251  35.809  54.857  18.785 791.0000000000
13775  20.426  -54.901  22.690 798.0000000000
28175  55.049  -23.136  -28.791 799.0000000000
2334  47.377  54.316  -27.884 802.0000000000
2269  37.168  -65.681  -14.742 804.0000000000
6032  8.014  30.786  -26.837 807.0000000000
1386  18.567  -15.431  43.399 809.0000000000
3118  58.208  -11.340  -9.286 812.0000000000
11263  60.662  -35.530  -31.124 814.0000000000
5210  12.849  72.225  -9.879 818.0000000000
7431  67.873  7.631  2.568 822.0000000000
7330  13.049  32.316  22.142 826.0000000000
8529  37.779  42.518  31.545 829.0000000000
9212  24.880  -52.210  21.041 833.0000000000
10542  35.715  28.293  -19.527 840.0000000000
11252  43.625  -22.460  -36.143 843.0000000000
13774  20.990  -54.820  21.612 845.0000000000
17122  49.140  -16.889  31.144 847.0000000000
17123  50.866  -17.598  32.325 854.0000000000
1387  17.954  -15.298  47.502 857.0000000000
5288  42.153  50.967  -9.440 869.0000000000
12158  8.584  19.501  10.699 885.0000000000
12859  12.347  -22.659  -12.897 889.0000000000
28120  8.203  48.943  -10.021 894.0000000000
23862  14.785  -67.232  -9.077 896.0000000000
18622  34.794  38.097  -17.961 903.0000000000
17147  23.638  9.686  29.822 906.0000000000
1385  19.835  -13.998  47.793 911.0000000000
3397  18.523  53.110  27.423 916.0000000000
5325  24.844  -34.817  -19.964 923.0000000000
5209  11.467  73.538  -9.963 924.0000000000
23330  39.080  -21.509  37.871 928.0000000000
23352  58.806  7.958  -19.102 931.0000000000
27359  10.344  61.440  10.324 932.0000000000
22985  60.782  -21.170  -20.447 938.0000000000
24617  32.652  61.868  17.736 939.0000000000
24185  46.830  25.017  -54.841 945.0000000000
19027  52.760  52.937  -20.933 948.0000000000
28587  32.861  36.675  -5.640 952.0000000000
20186  35.059  58.650  1.818 957.0000000000
27505  49.062  40.619  -19.870 967.0000000000
3117  57.060  -12.921  -7.719 968.0000000000
28112  21.723  1.815  41.499 979.0000000000
7180  47.115  -42.466  -36.177 980.0000000000
16228  36.134  21.420  -3.699 986.0000000000
16227  17.707  -32.768  14.078 991.0000000000
17094  6.256  -42.187  15.911 996.0000000000
19149  57.839  3.708  17.597 1007.0000000000
23241  47.057  -15.671  -42.082 1014.0000000000
23379  47.847  -54.072  13.144 1018.0000000000
28017  5.975  13.717  37.461 1026.0000000000
16742  47.301  -64.551  -30.041 1029.0000000000
17569  21.998  82.788  -5.704 1034.0000000000
1049  51.151  -15.585  -25.546 1044.0000000000
17731  0.551  40.769  -14.854 1046.0000000000
3460  16.219  -38.123  36.664 1050.0000000000
2748  28.890  29.932  31.423 1051.0000000000
5183  46.808  -3.161  18.167 1053.0000000000
7503  36.959  -10.939  -41.273 1064.0000000000
8278  44.509  66.726  -20.067 1066.0000000000
10350  26.258  -16.775  33.641 1068.0000000000
13128  44.456  13.371  38.114 1072.0000000000
15307  30.527  -16.310  34.761 1074.0000000000
16176  46.226  36.676  27.810 1077.0000000000
16867  12.166  -11.772  30.707 1084.0000000000
17605  6.420  27.475  31.156 1087.0000000000
18374  17.971  -22.502  -15.053 1088.0000000000
3459  5.474  -15.271  35.412 1096.0000000000
6180  45.115  59.056  0.000 1105.0000000000
3461  46.782  44.047  -9.015 1108.0000000000
5182  34.429  19.601  12.999 1110.0000000000
17524  7.914  -55.102  35.330 1136.0000000000
18373  6.327  26.816  30.454 1141.0000000000
712  11.435  -76.465  -28.411 1143.0000000000
7340  14.278  83.026  -19.527 1154.0000000000
6181  51.821  -0.440  39.099 1155.0000000000
7502  13.064  83.132  -20.302 1162.0000000000
10349  37.660  -17.927  -32.138 1165.0000000000
15308  37.066  12.885  -10.669 1167.0000000000
26909  36.719  43.144  -28.475 1172.0000000000
16177  4.523  35.291  -40.984 1173.0000000000
16704  31.901  62.085  16.206 1175.0000000000
17523  5.073  -6.805  -19.702 1178.0000000000
25204  61.396  -39.481  -14.850 1189.0000000000
711  9.848  -76.600  -27.935 1191.0000000000
25273  63.830  -35.419  -16.493 1195.0000000000
25272  57.102  13.283  1.065 1197.0000000000
17045  6.340  63.281  6.003 1204.0000000000
26172  55.812  0.519  32.233 1205.0000000000
19564  36.567  -5.125  -28.221 1207.0000000000
19671  42.655  57.825  -0.118 1211.0000000000
22365  15.834  -74.810  8.354 1219.0000000000
24900  38.656  51.498  20.108 1227.0000000000
20068  27.157  1.405  -49.291 1238.0000000000
25776  8.066  -56.867  -17.925 1239.0000000000
18371  8.562  20.627  -28.336 1241.0000000000
6637  29.202  45.307  9.796 1243.0000000000
7861  6.511  -24.830  30.136 1245.0000000000
9867  60.151  -38.651  15.074 1247.0000000000
20381  32.054  -42.652  -28.486 1258.0000000000
12037  6.910  -36.142  37.626 1260.0000000000
12232  58.005  8.239  21.965 1265.0000000000
17047  54.461  28.876  -33.164 1267.0000000000
17046  40.032  2.569  -27.311 1268.0000000000
18047  32.753  -24.714  49.893 1271.0000000000
6636  10.242  -8.934  8.608 1276.0000000000
6638  30.396  44.552  10.531 1278.0000000000
7860  61.659  21.832  7.910 1287.0000000000
9835  16.539  -16.317  43.230 1288.0000000000
12036  39.391  -61.696  -18.396 1292.0000000000
10523  11.395  -70.552  18.510 1307.0000000000
26242  44.185  64.514  -7.985 1310.0000000000
27372  30.134  -22.188  -27.199 1314.0000000000
12035  60.102  -17.598  9.630 1320.0000000000
20477  46.328  55.934  -18.043 1322.0000000000
26241  49.420  23.743  29.888 1325.0000000000
17436  10.395  -50.665  18.846 1333.0000000000
17438  47.429  -45.850  -29.785 1334.0000000000
18761  6.580  68.735  -0.325 1336.0000000000
20478  35.203  25.298  -31.226 1353.0000000000
17437  28.009  28.436  30.086 1354.0000000000
