#!ascii label  , from subject FreeSurferMNI152_0.2 vox2ras=TkReg
1837
17363  -28.656  55.424  23.889 1.0000000000
18286  -41.408  57.275  -36.418 3.0000000000
6234  -57.411  -23.595  -1.492 4.0000000000
13012  -58.340  -29.779  8.546 5.0000000000
22258  -4.335  12.880  12.392 8.0000000000
17685  1.674  -15.749  -8.942 12.0000000000
21584  -19.594  64.539  0.858 14.0000000000
21585  -39.085  4.159  16.675 15.0000000000
21597  -19.992  -76.131  -38.780 16.0000000000
12010  -30.116  -6.342  -10.717 30.0000000000
12198  -11.778  -51.073  -27.990 32.0000000000
13013  -57.381  -27.878  10.771 38.0000000000
17686  -60.381  9.422  -19.107 44.0000000000
24117  -44.772  31.285  15.981 48.0000000000
12008  -40.573  -62.378  -31.418 49.0000000000
12105  -13.512  -5.745  56.151 51.0000000000
13011  -24.649  -68.410  -11.552 54.0000000000
12072  -30.569  -34.073  -23.785 56.0000000000
17684  -45.046  40.186  9.761 62.0000000000
28983  -41.810  -3.999  -0.297 69.0000000000
29093  -40.082  -21.928  38.242 71.0000000000
12009  -7.068  -7.309  40.998 73.0000000000
16715  -6.518  -58.889  -27.615 82.0000000000
16716  -28.307  -28.744  20.852 90.0000000000
17044  -56.240  3.657  -16.724 93.0000000000
18134  -38.971  30.226  29.652 99.0000000000
18838  -9.438  -64.573  -28.954 102.0000000000
19422  -41.979  4.767  18.850 105.0000000000
29344  -20.241  -64.251  -33.617 108.0000000000
24107  -55.032  17.524  -4.678 111.0000000000
29465  -41.827  -51.567  20.028 113.0000000000
29542  -37.083  -56.718  25.670 116.0000000000
29594  -16.853  -65.110  -30.513 118.0000000000
24089  -33.641  73.213  -14.063 119.0000000000
24088  -4.959  -47.059  25.922 120.0000000000
24514  -22.451  -13.137  53.854 121.0000000000
24529  -40.369  10.149  -1.560 122.0000000000
24579  -34.595  -1.679  2.536 123.0000000000
11460  -38.032  36.763  18.755 124.0000000000
12134  -22.164  -36.571  -17.595 126.0000000000
12367  -16.440  71.384  8.261 128.0000000000
12929  -19.222  55.864  -32.379 129.0000000000
12197  -1.912  -24.869  48.766 131.0000000000
11459  -41.290  -43.070  5.156 133.0000000000
11458  -4.722  -83.019  -3.870 135.0000000000
12991  -39.222  -0.416  37.653 136.0000000000
13130  -43.343  12.202  38.393 138.0000000000
16714  -37.102  49.865  -9.107 140.0000000000
19445  -25.298  -53.026  -11.707 151.0000000000
500  -57.452  -13.997  -31.976 156.0000000000
19446  -57.194  -21.541  20.908 157.0000000000
19447  -43.900  -49.521  -37.069 158.0000000000
20241  -45.006  -36.986  -4.290 161.0000000000
21810  -2.764  13.484  12.854 170.0000000000
29461  -58.891  2.727  1.328 176.0000000000
8166  -4.751  55.320  34.141 177.0000000000
24087  -35.145  23.000  3.938 182.0000000000
501  -5.522  -37.831  44.825 186.0000000000
2841  -47.949  30.673  -9.242 193.0000000000
8269  -58.526  -26.151  -25.191 195.0000000000
10832  -56.566  -26.459  -20.034 199.0000000000
26347  -15.629  29.052  -41.396 202.0000000000
9235  -48.926  -4.745  14.028 203.0000000000
3499  -9.818  -9.294  56.125 204.0000000000
26659  -25.204  -22.877  43.560 205.0000000000
3546  -46.239  -37.955  22.508 206.0000000000
12224  -11.609  -25.749  -14.092 212.0000000000
12880  -57.913  5.160  -4.895 214.0000000000
13383  -24.878  -48.667  21.033 216.0000000000
28317  -32.992  74.057  -12.238 219.0000000000
27731  -63.130  -21.474  4.983 227.0000000000
17043  -54.943  1.598  -16.867 229.0000000000
17736  -7.050  -82.301  0.279 231.0000000000
18824  -33.021  -24.714  22.699 233.0000000000
29024  -25.594  -41.675  -15.856 237.0000000000
28852  -43.426  -8.149  -37.876 239.0000000000
21811  -25.413  18.035  28.224 243.0000000000
19402  -43.229  -8.690  23.740 251.0000000000
29442  -18.615  -15.228  -28.661 260.0000000000
21924  -52.422  -38.337  -5.549 263.0000000000
8167  -5.192  53.881  35.519 275.0000000000
499  -58.499  -15.665  -31.944 278.0000000000
5090  -35.985  6.139  -43.947 280.0000000000
2092  -56.289  15.946  -23.979 282.0000000000
2093  -17.535  16.241  49.867 283.0000000000
24235  -37.047  51.022  -20.362 286.0000000000
1313  -47.862  -25.479  31.628 294.0000000000
1424  -19.236  -5.675  -38.674 299.0000000000
4974  -44.628  -44.976  -35.735 309.0000000000
6164  -8.389  -19.275  51.965 314.0000000000
5139  -41.301  -64.488  -18.004 317.0000000000
2840  -46.717  30.178  -7.788 319.0000000000
3961  -62.851  9.095  -5.314 320.0000000000
8168  -11.026  57.305  -28.816 322.0000000000
5014  -47.965  -5.411  -45.486 329.0000000000
11603  -43.854  -63.187  7.248 339.0000000000
11749  -50.883  -17.334  -34.476 341.0000000000
8461  -43.088  49.212  5.966 343.0000000000
9701  -64.599  -22.885  -5.373 346.0000000000
13265  -17.795  -39.773  2.307 349.0000000000
8080  -26.727  -14.376  32.335 352.0000000000
12042  -8.027  39.279  41.735 355.0000000000
14903  -25.033  67.205  -2.488 358.0000000000
15019  -11.113  -77.191  -37.248 360.0000000000
16285  -3.719  -63.549  -5.004 367.0000000000
10603  -19.289  7.043  33.512 370.0000000000
20244  -12.755  52.419  1.738 374.0000000000
17864  -32.935  -49.169  31.623 375.0000000000
17954  -10.053  19.687  30.315 378.0000000000
12783  -14.446  -6.340  54.668 379.0000000000
18683  -16.831  -40.691  35.051 382.0000000000
20369  -46.925  -3.443  17.043 392.0000000000
20534  -49.497  -38.116  -18.888 394.0000000000
20857  -49.205  6.850  -17.001 396.0000000000
19034  -7.799  45.193  13.988 401.0000000000
22327  -61.128  4.335  12.946 405.0000000000
22346  -5.727  -47.734  -13.301 407.0000000000
22936  -0.658  -67.162  -19.211 413.0000000000
20571  -25.255  -23.618  -36.249 415.0000000000
24130  -59.028  -29.819  -18.022 420.0000000000
24166  -10.244  -75.009  8.333 421.0000000000
24178  -14.726  -45.217  4.005 422.0000000000
17291  -31.393  67.620  6.246 423.0000000000
22122  -62.914  -14.429  13.930 425.0000000000
25695  -1.828  -15.255  49.184 431.0000000000
25739  -55.729  -3.962  30.316 432.0000000000
20036  -33.462  -59.151  -29.596 433.0000000000
20570  -24.791  -26.343  -34.153 437.0000000000
27240  -9.664  -69.064  9.496 438.0000000000
27249  -2.323  -51.486  27.388 440.0000000000
27558  -27.113  64.740  -10.710 448.0000000000
28549  -23.260  -21.282  36.259 450.0000000000
28330  -24.117  25.880  -34.733 452.0000000000
27549  -30.047  26.495  -32.073 455.0000000000
28568  -52.466  22.558  -11.051 459.0000000000
28651  -23.389  -17.020  -22.511 461.0000000000
27618  -1.407  -52.777  -6.275 462.0000000000
27866  -42.756  -67.746  -11.488 465.0000000000
28357  -33.462  -1.085  -46.420 469.0000000000
28377  -34.388  -61.517  -24.815 474.0000000000
22727  -52.994  18.731  -11.986 489.0000000000
28744  -21.778  -53.990  -9.998 494.0000000000
28964  -30.826  29.283  6.742 500.0000000000
28972  -39.115  -17.528  28.572 503.0000000000
28786  -50.883  11.038  31.078 504.0000000000
24317  -47.757  9.765  22.061 508.0000000000
29239  -23.861  29.807  -57.119 514.0000000000
2091  -56.979  14.912  -23.141 516.0000000000
29476  -8.552  27.455  -34.867 520.0000000000
26632  -54.622  -23.864  18.840 523.0000000000
26289  -29.166  -33.244  33.037 534.0000000000
26733  -0.801  -67.301  13.781 537.0000000000
5091  0.042  -74.517  -24.408 541.0000000000
1209  -31.065  41.007  -32.525 544.0000000000
1210  -16.369  -15.498  -33.652 545.0000000000
1422  -41.409  -55.345  23.570 551.0000000000
2839  -48.380  30.795  -6.858 552.0000000000
5138  -2.963  -8.487  10.296 564.0000000000
3960  -61.446  10.535  -7.556 568.0000000000
2953  -63.857  -11.203  8.452 581.0000000000
6286  -29.087  38.691  -20.496 584.0000000000
587  -37.949  -29.534  -41.248 587.0000000000
2274  -48.357  -51.707  17.324 589.0000000000
6140  -11.138  -75.847  -22.774 590.0000000000
7475  -5.687  -20.144  24.465 591.0000000000
8170  -6.442  59.412  -0.205 595.0000000000
9234  -21.739  -58.841  15.257 597.0000000000
9935  -5.620  3.414  31.663 600.0000000000
14477  -38.650  37.331  17.520 614.0000000000
449  -16.051  55.192  -37.709 615.0000000000
588  -39.013  -30.962  -40.520 618.0000000000
6058  -51.936  -23.791  34.087 620.0000000000
12931  -23.658  59.390  -2.150 621.0000000000
14542  -33.958  -62.768  -31.426 626.0000000000
15023  -28.989  -68.151  -13.713 627.0000000000
17290  -30.645  66.575  5.303 641.0000000000
17410  -7.276  4.264  37.860 642.0000000000
11756  -32.020  -13.278  -24.753 646.0000000000
8469  -32.485  61.854  -19.029 648.0000000000
6609  -9.798  -16.548  19.569 649.0000000000
18704  -46.008  10.522  -61.712 650.0000000000
18996  -22.090  66.793  -8.646 657.0000000000
13746  -1.507  -77.371  -7.358 660.0000000000
20035  -41.725  49.242  -10.756 665.0000000000
22139  -23.589  -31.896  -33.694 672.0000000000
21855  -54.727  -31.506  12.386 677.0000000000
22123  -18.200  -69.319  22.560 679.0000000000
18352  -6.498  62.844  16.346 682.0000000000
13604  -30.190  60.079  13.909 684.0000000000
23004  -28.798  49.302  22.322 685.0000000000
23083  -28.749  70.377  -23.881 687.0000000000
23106  -21.124  66.821  -13.777 688.0000000000
18353  -12.367  61.782  -2.620 690.0000000000
19587  -25.701  38.832  24.465 697.0000000000
20599  -15.057  -38.008  46.341 700.0000000000
27241  -29.032  -7.119  -39.975 709.0000000000
18775  -42.871  3.157  24.340 711.0000000000
18808  -47.916  31.211  -34.744 713.0000000000
18828  -50.102  -44.831  -26.756 714.0000000000
19243  -56.450  -11.354  -39.347 716.0000000000
27588  -57.026  -47.663  -11.754 717.0000000000
18891  -16.986  -13.047  36.845 719.0000000000
18919  -43.950  -14.052  15.911 722.0000000000
27619  -1.344  -51.076  -5.893 724.0000000000
19314  -28.314  4.679  -32.885 726.0000000000
27762  -2.649  42.448  -42.231 729.0000000000
19705  -40.005  -47.641  29.180 730.0000000000
21129  -33.963  60.809  12.994 733.0000000000
21554  -7.012  -57.149  -28.293 734.0000000000
28204  -18.602  -76.614  7.357 738.0000000000
27781  -25.144  -7.017  36.591 740.0000000000
22225  -36.017  7.258  -19.847 748.0000000000
28198  -57.765  -3.822  3.459 750.0000000000
28743  -1.474  49.507  -16.351 753.0000000000
28580  -37.841  -11.578  40.926 760.0000000000
28587  -42.394  24.857  25.886 761.0000000000
3735  -8.392  -65.618  18.939 764.0000000000
29045  -20.004  -32.009  38.002 773.0000000000
28946  -38.121  -22.202  2.496 774.0000000000
29048  -13.397  -20.366  -14.763 778.0000000000
29246  -52.230  43.066  -4.930 781.0000000000
25612  -28.543  -19.859  23.510 783.0000000000
6481  -17.905  65.754  18.471 800.0000000000
26228  -38.755  -32.043  -37.023 802.0000000000
29502  -44.258  -52.940  21.604 804.0000000000
1423  -43.258  -54.863  22.050 809.0000000000
3962  -63.013  8.372  -6.474 823.0000000000
29668  -10.701  -22.476  39.926 825.0000000000
1208  -52.761  -41.634  -32.614 826.0000000000
6384  -32.599  60.806  -17.546 831.0000000000
7200  -15.005  -8.738  20.004 836.0000000000
1979  -17.301  12.599  45.535 850.0000000000
450  -16.984  52.022  -39.304 858.0000000000
586  -38.624  -28.028  -41.094 861.0000000000
7357  -20.761  -20.182  52.741 871.0000000000
4975  -24.979  -41.866  -23.945 873.0000000000
662  -48.204  -28.786  -41.551 877.0000000000
1978  -18.028  12.552  47.437 879.0000000000
5093  -22.696  9.476  -29.418 889.0000000000
6022  -10.805  -1.316  57.642 893.0000000000
6610  -24.949  -41.505  -11.196 897.0000000000
10489  -54.759  -28.128  11.555 900.0000000000
9486  -23.832  -32.879  -33.770 903.0000000000
10490  -56.658  -29.389  9.967 919.0000000000
10974  -41.557  63.812  -3.292 921.0000000000
11188  -32.224  -61.849  -28.768 922.0000000000
11755  -31.879  -14.344  -24.273 929.0000000000
13135  -29.037  -61.925  -2.708 931.0000000000
13779  -1.222  -72.653  -17.215 935.0000000000
11754  -29.561  -12.926  -23.753 936.0000000000
20598  -14.326  -37.026  44.521 956.0000000000
18301  -22.917  -16.998  46.618 958.0000000000
19244  -49.646  -36.079  -29.875 969.0000000000
19383  -37.266  -11.614  34.400 970.0000000000
19367  -9.895  -62.911  -33.551 972.0000000000
19328  -34.686  16.263  -64.114 975.0000000000
19706  -8.601  70.413  -30.009 978.0000000000
20476  -50.940  -14.552  -45.850 979.0000000000
3736  -48.190  -7.824  33.641 982.0000000000
1920  -26.257  42.938  23.316 998.0000000000
1919  -2.655  43.807  37.669 1009.0000000000
2051  -11.699  21.515  21.391 1014.0000000000
27951  -29.688  29.762  8.621 1017.0000000000
7170  -56.143  23.289  13.242 1021.0000000000
2049  -33.666  52.104  -0.055 1026.0000000000
24316  -58.081  8.933  19.303 1027.0000000000
7841  -57.479  -41.820  7.897 1032.0000000000
8108  -3.128  35.648  -40.720 1035.0000000000
24270  -33.127  -77.505  -27.133 1039.0000000000
6449  1.517  21.807  -7.857 1041.0000000000
6201  -37.369  -41.855  -21.744 1042.0000000000
25843  -3.946  12.034  49.803 1052.0000000000
11645  -38.963  -47.190  33.593 1055.0000000000
9350  -28.046  -36.344  16.607 1071.0000000000
3881  -51.381  21.032  -6.562 1074.0000000000
3882  -50.868  19.976  -3.932 1079.0000000000
18514  -53.246  7.928  -42.397 1082.0000000000
8722  -28.326  6.153  -45.117 1089.0000000000
451  -15.873  53.847  -39.192 1100.0000000000
28048  -35.169  -56.787  -2.180 1113.0000000000
6608  -11.518  -18.464  19.614 1116.0000000000
28883  -3.592  -56.427  -4.268 1140.0000000000
24043  -28.858  -66.328  21.381 1156.0000000000
24474  -19.977  3.410  49.012 1163.0000000000
18376  -3.358  -19.970  8.582 1166.0000000000
26021  -51.121  -27.594  -7.222 1169.0000000000
26331  -37.369  -24.157  -42.928 1178.0000000000
22188  -36.725  12.284  -60.509 1181.0000000000
18300  -63.989  1.855  -29.440 1184.0000000000
18890  -43.338  -13.203  15.154 1186.0000000000
18302  -6.616  -82.065  -1.497 1188.0000000000
19313  -24.975  -49.863  -32.026 1195.0000000000
27628  -48.601  -52.361  -6.780 1203.0000000000
21128  -44.438  -25.859  4.342 1210.0000000000
21223  -25.566  30.144  -33.211 1222.0000000000
2050  -40.656  -4.431  3.028 1233.0000000000
3734  -30.754  47.833  10.192 1238.0000000000
7169  -56.628  21.107  14.041 1255.0000000000
6450  -50.132  -1.148  15.991 1262.0000000000
10729  -58.075  -41.011  3.988 1274.0000000000
2281  -28.253  -50.329  -26.078 1275.0000000000
9100  -49.995  1.671  30.922 1278.0000000000
11646  -37.306  -48.796  35.059 1289.0000000000
6385  -4.673  -25.844  53.852 1293.0000000000
15152  -50.113  5.702  -51.810 1303.0000000000
15743  -3.448  -8.722  55.899 1304.0000000000
13693  -44.370  -0.157  30.269 1305.0000000000
26290  -50.011  -57.220  -1.367 1306.0000000000
596  -44.028  -28.715  -16.337 1308.0000000000
1985  -46.888  -8.025  -44.586 1310.0000000000
6383  -33.154  60.444  -18.756 1313.0000000000
15742  -39.712  14.264  38.792 1316.0000000000
789  -27.643  38.901  -33.983 1320.0000000000
6095  -30.033  -3.886  24.432 1326.0000000000
17581  -16.961  5.405  37.593 1327.0000000000
3190  -38.382  -15.692  47.077 1335.0000000000
18515  -40.673  -12.187  15.544 1336.0000000000
8723  -16.784  39.795  34.851 1339.0000000000
19181  -50.410  8.862  -20.105 1341.0000000000
6096  -14.931  -24.631  -26.424 1351.0000000000
10958  -64.052  -9.060  -31.549 1375.0000000000
18186  -28.429  -29.673  22.987 1387.0000000000
24475  -24.886  -44.724  11.947 1389.0000000000
26022  -25.851  55.722  2.408 1393.0000000000
15320  -11.342  -24.223  11.988 1405.0000000000
26332  0.396  0.009  -1.548 1409.0000000000
9351  -19.533  11.044  -47.945 1412.0000000000
21043  -2.962  12.112  48.423 1414.0000000000
19658  -33.346  -63.432  -6.417 1416.0000000000
9352  -20.330  12.058  -48.859 1418.0000000000
15342  -6.960  -82.374  -8.719 1426.0000000000
13608  -53.711  -50.093  -10.092 1427.0000000000
27159  -40.973  51.444  -26.246 1429.0000000000
27418  -32.455  -62.613  24.920 1440.0000000000
23555  -37.594  21.656  -23.225 1442.0000000000
27649  -50.882  32.327  4.659 1447.0000000000
24063  -17.941  -56.903  -9.129 1449.0000000000
10954  -32.885  42.053  28.972 1451.0000000000
2217  -6.327  24.770  41.493 1457.0000000000
24797  -34.211  -1.324  -6.840 1471.0000000000
13524  -2.107  -49.385  11.933 1472.0000000000
25996  -58.496  -34.380  -18.617 1475.0000000000
25997  -4.533  -32.668  -3.571 1477.0000000000
28489  -28.650  -16.535  43.156 1489.0000000000
26026  -40.291  -71.353  -12.957 1491.0000000000
1918  -3.041  41.353  38.993 1493.0000000000
25700  -38.234  -6.709  37.990 1497.0000000000
7875  -38.769  -56.878  -15.018 1507.0000000000
28976  -20.532  -42.940  23.681 1514.0000000000
18119  -17.752  48.983  28.479 1517.0000000000
9868  -3.866  -32.190  4.678 1520.0000000000
29148  -39.208  -34.203  -26.286 1521.0000000000
10670  -30.629  -20.117  -27.216 1528.0000000000
26282  -53.115  -47.823  -9.995 1534.0000000000
29392  -34.412  9.139  -42.126 1538.0000000000
29535  -39.079  35.549  -7.665 1547.0000000000
2439  -4.078  -52.770  16.315 1548.0000000000
20096  -44.956  -54.033  -35.046 1551.0000000000
27995  -18.146  72.991  -17.222 1552.0000000000
11993  -43.156  34.437  -42.897 1553.0000000000
29554  -20.012  -57.550  24.179 1554.0000000000
15643  -15.947  -40.406  -9.105 1563.0000000000
3188  -22.551  79.078  -30.266 1564.0000000000
28007  -8.214  -7.411  36.027 1565.0000000000
2221  -28.319  -20.703  26.493 1572.0000000000
29730  -26.521  -67.058  -25.674 1577.0000000000
17580  -44.805  -47.119  11.445 1578.0000000000
28880  -33.260  -6.254  27.059 1579.0000000000
26504  -42.999  -45.843  10.106 1580.0000000000
1924  -42.629  -6.496  32.637 1584.0000000000
2285  -4.734  -45.973  -17.347 1587.0000000000
3189  -18.878  36.884  36.558 1589.0000000000
17579  -56.750  2.028  -17.189 1592.0000000000
2167  -45.335  27.736  19.684 1598.0000000000
5974  -30.784  -76.225  -14.853 1607.0000000000
9939  -10.446  30.289  -32.716 1622.0000000000
10957  -64.710  -11.500  -31.898 1624.0000000000
12695  -6.314  71.146  -11.486 1630.0000000000
15321  -53.978  1.904  27.708 1635.0000000000
6329  -21.350  -78.350  2.534 1644.0000000000
11263  -47.203  9.096  -9.899 1647.0000000000
19657  -33.538  7.906  -44.320 1652.0000000000
6328  -35.902  3.159  -39.082 1655.0000000000
9429  -2.572  35.607  6.295 1660.0000000000
9241  -59.119  -20.436  17.454 1662.0000000000
11265  -23.316  -5.862  -29.244 1663.0000000000
11299  -5.450  -45.670  -13.898 1668.0000000000
2614  -19.725  -18.271  41.789 1672.0000000000
6257  -3.844  54.096  -26.534 1673.0000000000
2615  -17.559  77.034  -28.598 1675.0000000000
9419  -37.103  1.591  -7.916 1678.0000000000
10798  -8.383  70.111  -13.208 1686.0000000000
11823  -50.912  -19.483  -40.219 1691.0000000000
11937  -3.053  37.584  -22.635 1699.0000000000
6448  1.583  19.690  -8.611 1711.0000000000
11796  -24.291  -82.307  -9.291 1721.0000000000
17276  -13.888  -15.365  26.895 1725.0000000000
26513  -13.306  61.473  -23.053 1727.0000000000
26512  -32.926  -56.312  30.372 1728.0000000000
25995  -6.180  -75.006  0.092 1729.0000000000
26025  -45.540  26.781  -13.339 1730.0000000000
27022  -21.600  9.398  -48.506 1745.0000000000
15926  -47.516  10.300  -60.655 1753.0000000000
26891  -3.850  73.634  -9.053 1758.0000000000
27003  -6.162  24.967  -32.466 1761.0000000000
20661  -8.422  -9.739  17.223 1765.0000000000
20662  -31.645  -31.236  14.635 1767.0000000000
27419  -34.221  -22.183  -29.627 1776.0000000000
27420  -29.735  42.727  -38.606 1777.0000000000
20517  -12.797  -37.544  45.186 1778.0000000000
20537  -36.618  -35.648  -30.263 1780.0000000000
21779  -34.516  -4.417  22.572 1784.0000000000
22191  -5.172  -12.506  -6.398 1786.0000000000
17515  -10.529  81.175  -8.276 1792.0000000000
20176  -44.711  -34.856  32.112 1800.0000000000
19371  -55.272  18.794  -5.215 1802.0000000000
19432  -49.833  -12.863  16.666 1804.0000000000
28441  -25.263  27.507  32.309 1810.0000000000
28805  -35.245  37.847  -36.979 1811.0000000000
20623  -42.386  6.907  13.983 1813.0000000000
19543  -38.912  -46.900  -4.967 1814.0000000000
19473  -42.851  -65.711  -30.257 1815.0000000000
20161  -7.890  59.650  7.986 1817.0000000000
13762  -2.733  -28.628  5.773 1823.0000000000
2440  -4.818  -51.523  15.106 1827.0000000000
22768  -43.058  -30.152  -2.933 1828.0000000000
20624  -41.132  6.157  13.728 1829.0000000000
3880  -27.752  -5.141  51.248 1835.0000000000
21244  -60.958  -35.193  -22.874 1844.0000000000
21293  -49.769  -1.995  35.946 1845.0000000000
8721  -43.038  36.877  22.560 1849.0000000000
6028  -27.581  -21.385  24.890 1850.0000000000
24388  -11.005  42.290  4.986 1852.0000000000
22358  -0.260  47.210  -10.491 1854.0000000000
21245  -40.699  22.246  0.078 1856.0000000000
22809  -23.358  -41.306  -12.808 1857.0000000000
29474  -2.130  -55.843  -11.130 1864.0000000000
29494  -53.569  31.960  -10.957 1866.0000000000
29291  -24.332  0.680  41.463 1884.0000000000
15319  -7.190  -28.094  29.021 1896.0000000000
8343  -23.256  57.894  21.785 1915.0000000000
11266  -24.558  -6.666  -29.520 1917.0000000000
13852  -20.064  79.192  -5.044 1924.0000000000
9431  -4.624  -18.408  50.879 1925.0000000000
2616  -52.185  5.574  11.242 1929.0000000000
6256  -21.234  45.753  -30.649 1931.0000000000
6465  -5.775  -82.531  -31.117 1932.0000000000
7720  -37.338  -36.069  -39.193 1938.0000000000
6363  -57.668  -20.737  -10.164 1939.0000000000
7558  -1.381  -52.825  11.419 1943.0000000000
10953  -32.914  41.428  30.547 1945.0000000000
6764  -7.747  -41.774  7.834 1947.0000000000
10031  -52.701  -29.465  -33.337 1957.0000000000
10030  -54.450  -29.980  -34.920 1959.0000000000
10140  -27.183  -19.315  -39.164 1964.0000000000
1649  -18.560  -47.554  43.217 1967.0000000000
13553  -31.884  21.015  -11.093 1969.0000000000
13646  -18.102  -43.156  5.192 1974.0000000000
15925  -24.782  -35.577  49.483 1987.0000000000
16874  -6.475  -39.684  34.357 1989.0000000000
6768  -11.241  -69.312  10.116 1991.0000000000
10382  -2.180  8.938  34.211 2005.0000000000
20095  -62.682  -26.090  7.489 2007.0000000000
16875  -8.448  -38.745  32.749 2008.0000000000
20660  -34.383  13.983  -58.306 2012.0000000000
18582  -57.160  -17.103  -12.400 2018.0000000000
21723  -25.037  46.055  14.075 2019.0000000000
11801  -3.879  14.848  38.591 2020.0000000000
19373  -36.150  0.353  -8.033 2024.0000000000
21158  -40.010  6.016  33.067 2026.0000000000
22175  -65.626  -14.866  -10.879 2028.0000000000
22767  -44.956  -28.058  -6.710 2036.0000000000
22796  -37.231  -65.053  -17.578 2037.0000000000
21821  -1.675  1.276  -37.501 2044.0000000000
20640  -39.746  -28.253  16.955 2046.0000000000
24711  -3.392  -37.019  41.577 2050.0000000000
22250  -36.934  25.149  27.217 2053.0000000000
15192  -2.337  24.953  -29.703 2054.0000000000
23590  -0.087  -18.740  4.200 2056.0000000000
22209  -57.091  8.280  21.248 2060.0000000000
23294  -28.670  4.562  29.929 2062.0000000000
21294  -38.502  64.776  -11.023 2065.0000000000
26182  -8.722  65.499  -41.115 2068.0000000000
20008  -61.113  -17.106  -39.264 2070.0000000000
22227  -50.468  -37.983  29.688 2071.0000000000
23690  0.688  -19.397  2.927 2075.0000000000
25892  -35.353  73.336  -5.671 2079.0000000000
22895  -13.295  -30.445  10.385 2080.0000000000
23310  -27.657  32.370  -57.063 2083.0000000000
27455  -37.470  31.534  -56.462 2093.0000000000
24407  -30.114  -55.733  2.297 2094.0000000000
24477  -3.142  -79.800  -19.903 2097.0000000000
26902  -62.937  -7.881  -32.284 2099.0000000000
25755  -14.069  -44.461  11.247 2101.0000000000
24054  -31.208  31.397  5.949 2102.0000000000
24065  -7.297  60.804  -33.436 2103.0000000000
27089  -35.087  -52.913  33.701 2105.0000000000
27167  -12.974  -79.572  1.714 2106.0000000000
26183  -27.599  26.447  32.032 2110.0000000000
27435  -39.808  -39.330  -28.383 2114.0000000000
27434  -49.224  -61.081  -16.679 2115.0000000000
21333  -51.830  -27.598  -28.332 2122.0000000000
25708  -6.049  -65.402  -0.451 2123.0000000000
25766  -24.136  -25.439  33.749 2125.0000000000
26344  -29.985  -37.426  38.496 2126.0000000000
27977  -47.811  -43.925  -26.218 2130.0000000000
28643  -9.911  73.682  -19.744 2132.0000000000
28644  -17.057  76.154  -17.039 2133.0000000000
28721  -8.150  -3.808  44.164 2135.0000000000
28095  -50.411  -37.356  -5.602 2139.0000000000
24861  -4.070  -27.020  25.449 2145.0000000000
28594  -4.219  62.773  -4.204 2152.0000000000
28720  -25.758  -11.483  -37.619 2160.0000000000
29176  -63.328  1.428  4.280 2162.0000000000
27149  -44.925  -6.997  -10.361 2165.0000000000
26380  -59.619  -23.532  13.007 2166.0000000000
26381  -37.945  -47.125  22.057 2168.0000000000
27497  -49.899  -53.457  -5.770 2173.0000000000
29112  -18.428  -5.311  53.870 2175.0000000000
28642  -10.496  71.798  -21.877 2176.0000000000
29133  1.305  24.138  4.346 2178.0000000000
27517  -59.471  -21.674  6.110 2183.0000000000
27498  -6.248  -44.279  18.477 2190.0000000000
29426  -58.992  2.242  -38.595 2195.0000000000
27516  -15.177  -49.044  -21.032 2198.0000000000
27945  -34.833  -21.033  37.781 2206.0000000000
28256  -35.831  35.142  1.697 2207.0000000000
27979  -10.298  36.688  16.816 2211.0000000000
23357  -57.638  7.697  -0.768 2215.0000000000
28349  -9.184  -40.815  1.578 2219.0000000000
28504  -26.895  -20.923  29.454 2224.0000000000
26785  -8.982  -67.247  -27.448 2231.0000000000
6330  -21.820  -77.939  1.046 2236.0000000000
6392  -28.036  -15.487  -23.332 2238.0000000000
16391  -45.706  28.038  -14.458 2248.0000000000
13853  -38.847  -18.139  15.353 2249.0000000000
9468  -18.808  78.813  0.105 2250.0000000000
4394  -44.375  -22.388  -39.381 2251.0000000000
19040  -54.578  -28.136  -40.269 2253.0000000000
6364  -54.016  -20.753  25.663 2261.0000000000
6430  -58.367  4.005  -20.999 2262.0000000000
7484  -50.728  -40.115  27.799 2264.0000000000
7557  -34.212  47.716  -29.671 2265.0000000000
8885  -30.311  -69.726  -32.726 2275.0000000000
87  -34.894  -71.893  2.329 2276.0000000000
8981  -19.278  7.326  34.718 2278.0000000000
1648  -19.324  -48.965  43.501 2281.0000000000
85  -3.392  40.586  5.040 2284.0000000000
4165  -27.117  -50.097  -14.406 2300.0000000000
10380  -2.932  6.111  33.936 2319.0000000000
13556  -40.696  -1.209  28.775 2326.0000000000
13585  -34.874  39.288  -37.844 2328.0000000000
15158  -27.707  54.235  7.329 2331.0000000000
19355  -13.361  -24.886  42.730 2333.0000000000
14586  -51.663  -3.079  8.990 2343.0000000000
17589  -11.616  -67.112  -36.314 2348.0000000000
22228  -20.115  -34.825  43.714 2355.0000000000
18332  -32.117  -41.942  -30.933 2359.0000000000
22894  -35.944  -66.067  -11.215 2362.0000000000
25367  -30.967  54.834  12.558 2366.0000000000
18357  -15.997  -45.559  9.855 2372.0000000000
18939  -47.496  11.498  7.972 2396.0000000000
26354  -19.626  -38.345  -26.433 2401.0000000000
12291  -28.077  -24.750  27.349 2410.0000000000
27041  -49.612  -5.901  35.846 2412.0000000000
24895  -7.533  58.303  29.551 2416.0000000000
24391  1.390  19.428  -16.379 2419.0000000000
23716  -33.765  50.734  -18.377 2422.0000000000
24863  -36.053  -55.423  -35.687 2442.0000000000
27894  -27.199  8.626  -31.682 2448.0000000000
26058  -32.470  -25.637  32.992 2453.0000000000
25640  -31.863  30.612  13.514 2455.0000000000
24862  -13.304  22.739  48.497 2456.0000000000
25454  -54.766  -28.993  -6.973 2461.0000000000
3336  -63.774  -13.878  -33.067 2463.0000000000
26390  -39.278  10.573  27.281 2475.0000000000
8342  2.091  -4.072  -33.587 2487.0000000000
4393  0.542  1.095  -24.518 2497.0000000000
4395  -23.780  65.421  -12.801 2498.0000000000
7322  -3.583  -19.348  24.415 2499.0000000000
25743  -3.618  -79.180  -29.787 2502.0000000000
8980  -30.539  7.091  46.984 2508.0000000000
26208  -38.605  19.228  -21.166 2509.0000000000
7412  -15.554  -17.834  49.563 2510.0000000000
86  -36.210  -70.360  3.276 2513.0000000000
6770  -16.300  -70.896  -31.238 2533.0000000000
10381  -2.710  6.187  32.982 2549.0000000000
6769  -10.674  -69.213  12.140 2552.0000000000
13555  -42.001  -1.669  27.289 2564.0000000000
11693  -15.588  -38.405  -24.091 2566.0000000000
11800  -44.224  -35.327  8.779 2569.0000000000
14587  -4.535  52.279  -16.754 2575.0000000000
13761  -11.825  -61.037  -14.859 2580.0000000000
15191  -4.658  25.083  -29.840 2582.0000000000
16486  -3.792  36.525  39.732 2588.0000000000
17590  -10.521  -64.724  -34.725 2595.0000000000
18938  -63.103  10.211  5.710 2601.0000000000
20175  -47.601  -35.923  10.039 2603.0000000000
18940  -27.117  -13.051  -27.262 2606.0000000000
21746  -39.390  -61.330  -34.450 2609.0000000000
19638  -18.658  73.120  -0.867 2610.0000000000
21332  -46.808  -27.761  -6.947 2612.0000000000
21859  -16.987  -55.860  -27.210 2617.0000000000
21888  -34.360  10.862  -21.863 2623.0000000000
24390  -20.132  -65.485  2.384 2624.0000000000
23358  -7.210  -79.706  -30.706 2645.0000000000
5846  -37.956  -14.858  1.242 2652.0000000000
3566  -20.034  19.500  44.300 2655.0000000000
5847  -39.844  -13.621  1.773 2659.0000000000
7884  -11.985  15.102  24.549 2665.0000000000
26784  -6.486  -68.682  -28.290 2667.0000000000
26996  -55.778  4.965  24.770 2668.0000000000
13991  -32.727  -28.553  -25.560 2673.0000000000
16301  -0.915  -77.298  -29.994 2674.0000000000
17622  1.044  15.549  7.770 2679.0000000000
7136  -41.680  64.058  -13.731 2687.0000000000
4872  -28.255  35.957  -38.235 2696.0000000000
4907  -2.652  -35.980  44.541 2697.0000000000
5689  -52.322  8.983  -23.472 2699.0000000000
1647  -20.141  -47.044  42.053 2707.0000000000
8668  -43.140  -68.004  -9.299 2727.0000000000
11234  -2.865  -43.787  -3.652 2737.0000000000
13557  -42.048  -0.696  29.088 2739.0000000000
13199  -7.168  29.844  28.158 2741.0000000000
16226  -50.673  -37.072  -38.932 2744.0000000000
16058  -29.906  46.029  -37.660 2751.0000000000
18331  -33.228  -41.826  -30.955 2765.0000000000
19639  -11.685  -40.707  -18.523 2773.0000000000
21227  -34.573  43.593  -27.593 2776.0000000000
2117  -49.843  24.393  13.141 2778.0000000000
22930  -27.602  10.753  23.650 2784.0000000000
23298  -55.419  2.050  20.760 2787.0000000000
24389  -12.799  -36.450  13.920 2793.0000000000
1776  -32.872  40.726  -31.616 2796.0000000000
19  -36.125  -35.678  21.462 2801.0000000000
6844  -30.926  43.381  21.733 2815.0000000000
20  -0.189  -62.779  11.030 2817.0000000000
4904  -8.793  44.088  20.730 2819.0000000000
5070  -22.353  57.874  2.845 2821.0000000000
1774  -15.481  -59.828  -16.244 2822.0000000000
5918  -10.221  -55.037  15.758 2825.0000000000
18  -35.226  -35.062  19.755 2827.0000000000
4240  -63.027  -6.154  -18.194 2838.0000000000
4871  -26.813  -44.627  40.149 2839.0000000000
5032  -29.025  39.866  -39.953 2841.0000000000
5848  -0.104  10.232  -8.761 2844.0000000000
5919  -10.244  -53.656  15.820 2846.0000000000
7885  -11.553  13.167  21.939 2851.0000000000
10584  -56.839  -7.258  11.643 2852.0000000000
13055  -60.275  -27.783  -21.968 2857.0000000000
15031  -55.100  7.529  1.664 2863.0000000000
16302  -18.523  -13.949  -25.658 2865.0000000000
17637  -22.165  -82.822  -10.511 2869.0000000000
19546  -28.663  -53.426  -28.194 2873.0000000000
22474  -30.821  -29.338  38.608 2881.0000000000
460  -47.011  -5.583  42.130 2883.0000000000
4873  -10.301  38.652  37.055 2892.0000000000
4955  -48.126  51.615  -5.635 2893.0000000000
7583  -21.225  53.804  14.585 2897.0000000000
9436  -23.186  -82.723  -31.735 2904.0000000000
8738  -39.376  51.391  -30.709 2909.0000000000
11279  -44.440  19.625  -1.292 2915.0000000000
14871  -55.182  -29.986  -23.001 2932.0000000000
16036  -42.259  -55.058  16.429 2936.0000000000
17723  -6.890  -21.565  5.406 2948.0000000000
19147  -20.183  76.229  5.688 2950.0000000000
19439  -57.465  18.997  -5.160 2951.0000000000
19008  -4.978  19.048  9.664 2957.0000000000
20254  -50.189  6.982  -16.144 2961.0000000000
20266  -28.319  17.486  36.826 2962.0000000000
19838  -6.371  -50.608  -22.465 2963.0000000000
20707  -46.846  47.790  -5.343 2964.0000000000
22254  -5.950  -76.254  10.608 2972.0000000000
22268  -54.520  -17.804  5.901 2973.0000000000
24067  -42.306  -48.637  -15.059 2985.0000000000
24723  -21.631  -60.351  13.330 2989.0000000000
1829  -14.718  -61.273  -9.349 2993.0000000000
7966  -10.206  51.392  -45.378 2996.0000000000
25701  -39.098  -58.821  -33.061 2999.0000000000
1775  -6.159  39.311  24.072 3004.0000000000
26828  -18.078  -78.267  -12.213 3012.0000000000
10869  -28.279  -1.646  -30.066 3016.0000000000
5808  -34.203  39.085  5.605 3017.0000000000
8549  -18.336  72.450  -24.710 3021.0000000000
27742  -38.352  27.559  30.850 3027.0000000000
28072  -5.157  17.353  33.549 3031.0000000000
10706  -27.924  12.219  27.450 3033.0000000000
13341  -48.241  14.622  -47.786 3035.0000000000
17060  -42.612  -59.513  8.293 3036.0000000000
18527  -50.050  -52.458  9.074 3039.0000000000
15465  -8.173  -83.567  -6.775 3044.0000000000
19250  -5.914  -60.147  -28.467 3045.0000000000
19856  -31.460  -77.367  -15.586 3052.0000000000
19572  -35.616  -51.220  6.455 3054.0000000000
21986  -22.179  20.028  26.262 3055.0000000000
22438  -30.020  19.969  -63.856 3063.0000000000
23469  -20.306  -38.359  27.235 3066.0000000000
6955  -60.225  -18.858  -37.439 3068.0000000000
13200  -7.010  30.553  26.914 3081.0000000000
16225  -43.814  39.838  -7.695 3106.0000000000
3283  -31.175  18.271  28.771 3110.0000000000
14872  -58.150  -27.504  -22.826 3111.0000000000
24008  -62.139  -14.554  -14.285 3114.0000000000
19007  -46.611  9.509  6.001 3115.0000000000
24159  -33.477  48.092  -4.891 3118.0000000000
20692  -33.539  14.316  -60.685 3129.0000000000
14464  -31.350  64.967  10.901 3134.0000000000
29733  -51.567  41.923  -4.447 3136.0000000000
2116  -51.024  23.972  14.046 3143.0000000000
2072  -3.918  4.399  51.654 3145.0000000000
2118  -15.424  66.175  21.779 3150.0000000000
7890  -39.986  39.389  18.556 3161.0000000000
7967  -57.514  -26.987  -19.579 3163.0000000000
11829  -5.601  11.077  -33.070 3165.0000000000
10897  -8.251  59.629  25.969 3173.0000000000
13226  -57.703  -4.399  1.339 3175.0000000000
11830  -7.534  11.585  -33.291 3177.0000000000
13342  -44.966  -60.054  2.293 3178.0000000000
14490  -56.553  -29.887  -4.857 3186.0000000000
14491  -44.722  -3.092  40.179 3187.0000000000
15078  -34.830  -20.705  47.613 3188.0000000000
17059  -42.903  -58.449  6.792 3190.0000000000
18528  -45.301  0.261  -14.714 3198.0000000000
19251  -6.625  -58.369  -28.711 3202.0000000000
20231  -53.822  -2.556  24.585 3209.0000000000
21391  -7.545  69.260  20.078 3212.0000000000
21416  -55.869  16.269  13.418 3213.0000000000
4613  -62.322  -4.151  -38.310 3217.0000000000
22878  -5.859  20.344  50.870 3220.0000000000
23791  -24.582  59.721  7.146 3224.0000000000
23840  -51.908  -3.439  -43.831 3226.0000000000
752  -36.183  -0.957  33.778 3233.0000000000
4614  -61.175  -3.028  -37.074 3234.0000000000
753  -36.284  -2.193  32.750 3235.0000000000
1953  -2.526  -47.518  5.512 3240.0000000000
1952  -2.480  -49.103  6.494 3256.0000000000
3338  -14.520  -66.370  17.879 3264.0000000000
19839  -2.995  -43.851  41.671 3269.0000000000
9051  -26.449  -9.405  29.371 3271.0000000000
11111  -20.513  45.970  34.552 3284.0000000000
14357  -25.171  -35.596  23.450 3286.0000000000
2073  -5.357  5.467  50.374 3287.0000000000
2071  -38.507  30.708  34.099 3295.0000000000
6039  -24.207  38.528  -37.682 3302.0000000000
25239  -34.962  -21.385  -3.217 3304.0000000000
10870  -27.021  -1.971  -30.049 3313.0000000000
10825  -12.707  -28.388  46.893 3315.0000000000
25238  -51.950  26.514  -26.934 3317.0000000000
26356  -6.501  -36.365  49.192 3324.0000000000
13883  -65.232  -17.659  -10.434 3328.0000000000
14946  -25.382  -24.618  -17.277 3331.0000000000
27405  -63.871  2.837  0.091 3333.0000000000
18409  -36.512  42.830  14.226 3336.0000000000
17255  -11.560  56.417  -10.616 3339.0000000000
27721  -41.964  27.751  21.025 3341.0000000000
29439  -26.942  -51.130  20.509 3343.0000000000
18656  -42.695  -24.176  -33.031 3344.0000000000
29453  -39.530  -58.306  23.583 3346.0000000000
27923  -34.047  -22.424  -33.293 3347.0000000000
28612  -28.040  23.902  -56.768 3350.0000000000
29644  -54.579  -15.740  11.514 3355.0000000000
29589  -31.613  -9.828  34.837 3356.0000000000
29553  -19.491  -55.104  25.789 3359.0000000000
29703  -16.802  -61.239  -31.938 3368.0000000000
26669  -42.446  -35.499  10.577 3369.0000000000
1581  -2.781  -4.688  15.476 3378.0000000000
1582  -3.174  -7.535  15.744 3380.0000000000
2631  -4.138  49.845  16.716 3381.0000000000
2736  -15.400  -28.081  15.693 3382.0000000000
1583  -24.139  56.072  3.282 3395.0000000000
2632  -4.758  49.911  17.657 3396.0000000000
2737  -46.437  -5.481  4.437 3397.0000000000
7487  -55.908  -13.065  5.667 3407.0000000000
8096  -32.415  -26.882  -25.071 3409.0000000000
10153  -3.701  14.879  39.826 3413.0000000000
1954  -15.520  -47.821  -20.899 3417.0000000000
3282  -47.098  51.889  -0.544 3424.0000000000
3284  -30.823  17.122  30.136 3434.0000000000
9050  -8.341  -13.398  -22.660 3436.0000000000
6212  -9.689  16.223  51.537 3439.0000000000
4705  -33.189  -1.444  -14.442 3448.0000000000
4916  -47.987  52.137  -4.329 3450.0000000000
11949  -50.550  -1.354  12.107 3451.0000000000
8702  -56.637  -12.093  -32.313 3455.0000000000
16686  -46.757  -54.835  14.708 3460.0000000000
13563  -15.279  -68.144  -33.491 3466.0000000000
19169  -41.441  -64.306  9.376 3471.0000000000
19306  -28.057  36.162  -5.678 3473.0000000000
14356  -13.884  -36.228  -25.240 3474.0000000000
22492  -0.238  14.638  -13.252 3482.0000000000
17682  -54.208  34.859  1.772 3489.0000000000
25240  -8.897  4.832  -38.048 3500.0000000000
26835  -27.690  -4.080  -29.211 3513.0000000000
24692  -32.608  37.085  -40.150 3515.0000000000
24704  -37.035  -4.304  -47.487 3527.0000000000
24693  -32.364  11.597  -63.836 3528.0000000000
25618  -36.171  -59.528  -34.311 3530.0000000000
28240  -33.043  23.019  -14.499 3531.0000000000
27899  -14.434  -62.479  31.394 3533.0000000000
27985  -55.352  2.283  11.586 3538.0000000000
28239  -20.829  21.693  -32.477 3543.0000000000
28474  -4.517  42.329  -1.504 3549.0000000000
28620  -43.972  39.733  -27.454 3551.0000000000
28735  -6.094  -56.125  -3.946 3555.0000000000
27501  -59.450  -30.323  19.470 3559.0000000000
28957  -36.534  -15.198  47.291 3563.0000000000
28961  -57.824  -8.121  -44.334 3564.0000000000
29085  -1.666  22.203  -22.281 3568.0000000000
29181  -26.988  -77.176  -0.086 3570.0000000000
28073  -57.773  -2.317  5.714 3572.0000000000
26670  -24.271  -33.698  22.427 3573.0000000000
29248  -31.696  0.029  23.564 3575.0000000000
28351  -52.079  -37.154  -7.452 3576.0000000000
2967  -33.157  58.161  3.330 3577.0000000000
29372  -4.496  7.688  45.825 3579.0000000000
28352  -46.289  22.128  -15.859 3580.0000000000
5653  -33.396  38.675  2.286 3582.0000000000
29498  -49.894  -51.022  -13.743 3583.0000000000
28729  -31.397  77.523  -27.139 3587.0000000000
8282  -33.450  41.454  -9.631 3589.0000000000
29646  -31.942  77.145  -28.032 3590.0000000000
29649  -27.591  -32.196  30.022 3591.0000000000
15297  -40.535  -4.143  -23.353 3593.0000000000
29732  -49.381  20.063  26.830 3595.0000000000
4706  -39.633  64.327  0.850 3603.0000000000
4915  -7.295  -31.355  -13.516 3604.0000000000
4914  -19.499  17.829  28.476 3610.0000000000
8951  -58.957  10.136  14.273 3612.0000000000
8034  -41.896  -58.179  -15.363 3616.0000000000
6742  -4.287  -6.279  -28.462 3617.0000000000
8162  -33.704  19.264  27.939 3621.0000000000
13562  -51.004  42.364  -20.456 3624.0000000000
9029  -19.078  -49.431  -26.974 3632.0000000000
11840  -28.337  -6.811  -27.795 3637.0000000000
7459  -32.248  18.193  17.021 3638.0000000000
15303  -18.356  34.290  23.925 3639.0000000000
16585  -45.834  13.196  -8.245 3647.0000000000
24497  -38.243  41.432  -34.386 3653.0000000000
24295  -51.565  18.509  -13.799 3658.0000000000
18381  -3.729  -16.347  42.002 3659.0000000000
25018  -54.089  -15.648  -13.702 3660.0000000000
19579  -47.785  2.040  -18.923 3661.0000000000
21341  -49.701  -35.335  19.410 3678.0000000000
25969  -60.368  -22.427  14.451 3679.0000000000
26671  -19.317  -63.635  -34.806 3688.0000000000
22472  -19.565  -69.293  21.652 3695.0000000000
27179  -28.620  32.832  -5.661 3696.0000000000
27226  -19.545  -33.216  39.540 3699.0000000000
27333  -37.773  -5.205  18.068 3701.0000000000
24012  -8.483  -68.929  20.780 3703.0000000000
27471  -43.077  16.973  3.987 3704.0000000000
27492  -47.123  -54.454  -0.850 3705.0000000000
24775  -45.451  4.291  9.593 3713.0000000000
25654  -14.195  -8.588  -28.936 3719.0000000000
25777  -10.029  -45.154  3.697 3724.0000000000
28941  -52.817  -20.211  30.642 3727.0000000000
26198  -62.663  -11.157  14.053 3728.0000000000
27174  -39.896  54.931  8.894 3729.0000000000
29402  -39.852  1.700  3.171 3731.0000000000
5932  -29.499  -68.814  16.548 3734.0000000000
6005  -24.886  4.912  -46.903 3737.0000000000
5931  -29.885  -67.783  18.013 3739.0000000000
6782  -58.599  -5.217  -18.949 3743.0000000000
6959  -15.741  80.157  -17.018 3744.0000000000
7003  -2.361  -36.143  42.451 3745.0000000000
8071  -3.369  33.575  -40.298 3750.0000000000
9028  -9.328  -52.813  -26.986 3753.0000000000
9788  -44.783  -38.530  18.126 3754.0000000000
11841  -45.694  -30.399  34.295 3758.0000000000
11839  -50.611  49.286  -6.361 3763.0000000000
7458  -7.269  45.224  39.769 3767.0000000000
16586  -3.088  -31.724  6.434 3778.0000000000
1071  0.886  2.320  -2.018 3781.0000000000
18380  -45.746  6.845  -32.432 3785.0000000000
17830  -20.059  61.997  19.746 3790.0000000000
4089  -25.102  -26.677  37.020 3796.0000000000
7007  -23.001  -65.225  10.162 3805.0000000000
4090  -27.467  -28.368  37.107 3808.0000000000
8953  -60.233  9.761  14.522 3816.0000000000
23742  -26.448  -29.734  46.705 3817.0000000000
10874  -12.105  -46.045  3.228 3819.0000000000
13474  -11.748  13.966  -33.203 3830.0000000000
24448  -0.588  11.802  -19.895 3831.0000000000
14444  -5.230  21.627  9.209 3834.0000000000
25776  -4.204  48.678  13.639 3840.0000000000
16205  -26.457  46.426  -20.103 3843.0000000000
16204  -38.687  45.730  -0.915 3844.0000000000
18268  -26.774  -52.144  -34.366 3852.0000000000
21530  -9.692  9.312  25.996 3860.0000000000
28271  -21.696  13.837  -32.215 3865.0000000000
22605  -46.415  -8.583  14.625 3866.0000000000
8000  -45.481  -6.862  -28.306 3871.0000000000
9689  -34.657  44.731  21.552 3874.0000000000
25457  -26.669  -21.034  -38.019 3898.0000000000
18382  -3.986  -17.253  40.563 3899.0000000000
1069  -5.163  28.048  7.003 3902.0000000000
19578  -29.877  -20.326  43.971 3916.0000000000
4088  -51.451  19.891  -25.167 3929.0000000000
8952  -59.228  10.088  16.058 3938.0000000000
10266  -18.430  -77.767  -6.598 3939.0000000000
10875  -10.063  69.446  -13.761 3949.0000000000
14445  -27.671  -24.545  25.962 3950.0000000000
12069  1.533  16.165  -11.014 3954.0000000000
12102  -43.842  42.576  -19.394 3956.0000000000
13473  -11.762  15.167  -32.541 3962.0000000000
894  -51.261  -21.025  26.409 3964.0000000000
7389  -38.917  42.180  -16.145 3965.0000000000
9257  -9.231  49.054  -44.831 3972.0000000000
6446  -50.931  16.777  16.815 3973.0000000000
7390  -38.854  19.327  3.077 3978.0000000000
12192  -34.118  -57.925  -23.639 3985.0000000000
14566  -48.455  -10.964  40.802 3987.0000000000
17603  -47.349  -2.574  -24.053 3996.0000000000
27652  -31.316  -62.336  -11.401 4000.0000000000
27594  -45.799  47.515  -18.573 4005.0000000000
24103  -15.384  -13.939  50.489 4006.0000000000
27841  -12.603  -55.749  39.441 4008.0000000000
24447  -0.866  14.622  -17.072 4009.0000000000
28027  -4.422  -57.907  -4.166 4011.0000000000
28042  -35.190  -17.515  -9.250 4012.0000000000
25105  -17.263  -71.792  -32.698 4015.0000000000
25859  -4.659  37.809  32.179 4018.0000000000
25925  -40.338  8.421  -3.353 4031.0000000000
1415  -29.404  -7.773  -9.965 4037.0000000000
8387  -3.347  -25.952  52.112 4048.0000000000
1070  0.793  5.127  -3.316 4049.0000000000
27480  -20.488  -15.799  50.814 4062.0000000000
11034  -4.041  51.038  -4.041 4068.0000000000
20738  -22.693  -71.504  -5.344 4073.0000000000
1530  -12.771  -23.378  -23.907 4082.0000000000
1531  -34.749  26.695  18.542 4084.0000000000
29150  -14.579  -4.453  -35.555 4086.0000000000
893  -59.857  -21.320  -40.583 4089.0000000000
2119  -22.119  65.624  -12.346 4092.0000000000
3239  -4.123  45.135  -5.229 4097.0000000000
892  -53.099  24.734  13.771 4102.0000000000
953  -32.040  -17.497  -23.148 4103.0000000000
5403  -4.334  -39.514  42.920 4104.0000000000
1532  -5.470  0.663  -39.964 4106.0000000000
3237  -20.186  11.243  -29.435 4120.0000000000
7424  -5.136  59.833  1.544 4130.0000000000
12004  -15.822  -64.878  16.530 4133.0000000000
12193  -33.660  -59.514  -24.586 4135.0000000000
2706  -25.161  4.249  26.723 4141.0000000000
253  -26.279  -47.515  7.839 4144.0000000000
17624  -30.635  21.927  -48.458 4147.0000000000
885  -46.673  60.819  -14.751 4151.0000000000
22885  -48.320  -0.080  38.524 4152.0000000000
27326  -19.482  -38.638  -28.354 4154.0000000000
27653  -47.450  -0.165  -4.033 4157.0000000000
22371  -21.376  11.027  48.158 4158.0000000000
24073  -9.764  -41.656  49.092 4159.0000000000
24075  -40.805  -15.356  29.159 4162.0000000000
24074  -31.962  36.640  5.338 4164.0000000000
24118  -19.485  -20.155  -16.089 4165.0000000000
24753  -24.825  -27.494  -33.085 4168.0000000000
24469  -46.542  13.481  32.198 4170.0000000000
25104  -0.783  -62.106  -5.834 4175.0000000000
25469  -58.387  -32.931  6.575 4176.0000000000
25860  -9.553  -73.056  -32.446 4182.0000000000
9882  -59.578  8.302  -9.001 4194.0000000000
4180  -20.958  -40.850  27.585 4197.0000000000
27459  -14.207  -41.783  -11.644 4209.0000000000
27831  -10.953  25.509  -34.870 4217.0000000000
16887  -15.227  26.265  45.199 4226.0000000000
28454  -53.224  -2.843  3.079 4227.0000000000
20055  -61.870  -13.553  -40.895 4229.0000000000
16799  -31.116  -66.720  -36.570 4235.0000000000
16841  -6.599  65.070  -38.794 4236.0000000000
21217  -49.346  -4.548  32.436 4241.0000000000
20737  -5.996  -38.933  12.676 4245.0000000000
20754  -39.118  -41.489  -18.009 4246.0000000000
21105  -27.423  11.435  -59.474 4253.0000000000
3238  -19.854  11.015  -28.835 4263.0000000000
7388  -15.552  47.866  25.470 4266.0000000000
29283  -32.994  -20.995  33.129 4272.0000000000
24818  -14.510  -71.955  14.138 4283.0000000000
25829  -4.517  -34.176  34.128 4291.0000000000
2705  -25.074  5.844  25.159 4294.0000000000
17604  -29.532  21.961  -49.014 4296.0000000000
26566  -31.758  -19.654  35.386 4297.0000000000
1297  -22.991  15.910  26.282 4299.0000000000
8319  -14.524  82.042  -18.895 4304.0000000000
2704  -33.499  5.794  0.101 4307.0000000000
20168  -13.085  4.118  -34.663 4308.0000000000
886  -33.858  0.726  32.431 4312.0000000000
21357  -33.572  -11.972  -5.417 4315.0000000000
56  -21.669  -0.251  -42.701 4319.0000000000
141  -42.082  65.353  -11.129 4320.0000000000
24102  -9.011  8.490  44.915 4327.0000000000
24086  -6.222  56.324  33.368 4329.0000000000
24446  -3.972  -67.961  -22.102 4330.0000000000
2947  -52.962  -39.450  -11.090 4334.0000000000
899  -21.701  5.128  -46.913 4336.0000000000
2889  -25.142  -4.682  53.027 4341.0000000000
1414  -45.336  16.865  -6.993 4350.0000000000
1413  -42.991  16.537  -4.550 4357.0000000000
898  -22.951  -43.698  40.086 4358.0000000000
6373  -8.907  79.172  -16.666 4366.0000000000
6374  -8.163  80.840  -15.271 4374.0000000000
9883  -57.634  9.143  -9.324 4380.0000000000
8238  -14.752  -50.021  -9.659 4388.0000000000
27479  -40.010  -45.399  -37.731 4391.0000000000
16735  -32.102  15.114  33.927 4399.0000000000
15310  -30.367  8.440  -59.468 4400.0000000000
16944  -22.896  -35.386  47.958 4402.0000000000
20054  -4.898  18.358  -37.123 4405.0000000000
15309  -32.629  9.111  -24.124 4410.0000000000
16867  -61.805  9.218  -33.344 4411.0000000000
16943  -20.920  -35.801  48.429 4413.0000000000
21106  -26.898  13.749  -60.487 4414.0000000000
16736  -32.492  16.660  35.072 4422.0000000000
16734  -46.283  -8.267  27.410 4424.0000000000
20108  -35.908  -69.239  -24.067 4435.0000000000
21107  -43.720  50.258  -13.086 4445.0000000000
20056  -45.502  10.665  -57.142 4449.0000000000
21124  -53.125  44.513  -7.526 4458.0000000000
22373  -31.385  -71.076  -6.760 4460.0000000000
21218  -36.860  16.910  -57.221 4463.0000000000
22294  -4.927  17.520  -33.820 4470.0000000000
22372  -30.122  -72.161  -6.446 4473.0000000000
22736  -50.124  -43.417  -13.110 4475.0000000000
23382  -43.251  -2.320  -2.783 4482.0000000000
23613  -38.359  33.093  -11.506 4483.0000000000
24058  -34.399  41.527  24.585 4487.0000000000
24104  -15.843  -12.322  53.196 4490.0000000000
841  -4.789  79.189  5.425 4491.0000000000
24817  -29.833  9.514  -46.433 4493.0000000000
842  -4.925  79.629  3.703 4507.0000000000
9449  -60.682  -36.658  1.659 4509.0000000000
27256  -35.998  3.220  -42.575 4521.0000000000
429  -41.517  7.754  -4.491 4523.0000000000
5406  -28.903  -70.356  10.846 4524.0000000000
13632  -39.606  60.519  -1.028 4537.0000000000
11389  -34.289  45.877  24.893 4541.0000000000
12988  -3.972  -0.853  54.966 4542.0000000000
5789  -26.582  48.936  -29.377 4546.0000000000
7118  -23.557  -68.963  -30.619 4548.0000000000
21356  -36.326  39.948  28.806 4553.0000000000
23747  -13.711  77.026  -6.935 4554.0000000000
259  -33.409  -72.073  4.712 4559.0000000000
142  -36.320  70.766  -6.944 4561.0000000000
202  -5.328  -87.099  -18.268 4562.0000000000
26502  -61.448  -21.856  10.958 4571.0000000000
23335  -61.834  -30.451  11.566 4572.0000000000
26620  -28.674  28.065  36.886 4573.0000000000
9125  -19.034  -25.884  -25.463 4591.0000000000
900  -18.739  5.474  -44.510 4598.0000000000
8386  -31.543  -23.112  -39.344 4611.0000000000
28478  -38.448  -52.794  -9.671 4616.0000000000
12484  -28.935  -65.890  -2.300 4618.0000000000
15311  -30.488  11.545  -60.810 4632.0000000000
18198  -42.168  -49.315  -19.728 4635.0000000000
18250  -5.866  -40.349  47.401 4636.0000000000
19421  -6.897  72.975  -0.296 4638.0000000000
18274  -18.819  -39.348  -29.144 4648.0000000000
22776  -20.848  -12.872  55.254 4660.0000000000
22758  -8.478  -15.967  31.327 4667.0000000000
22295  -35.182  -50.272  3.557 4681.0000000000
23639  -38.926  63.363  -15.266 4682.0000000000
22310  -47.749  10.055  -24.697 4686.0000000000
24125  -10.108  43.117  35.020 4694.0000000000
27069  -7.743  -36.087  47.082 4696.0000000000
843  -4.229  77.877  4.457 4703.0000000000
27198  -16.019  8.561  40.166 4705.0000000000
904  -2.005  -74.413  -22.728 4708.0000000000
7749  -17.105  7.618  -44.922 4713.0000000000
9450  -2.634  -6.607  19.111 4716.0000000000
7748  -16.781  7.888  -45.747 4720.0000000000
9448  -61.078  -35.680  1.077 4721.0000000000
7943  -29.446  -60.395  17.204 4726.0000000000
12039  -4.871  38.276  0.205 4727.0000000000
13039  -29.575  -22.212  48.503 4728.0000000000
13158  -64.042  -26.837  -7.689 4729.0000000000
11960  -13.629  -38.642  1.285 4734.0000000000
12073  -32.081  -30.621  -24.692 4736.0000000000
18372  -38.316  55.157  5.947 4744.0000000000
18392  1.428  14.720  5.823 4745.0000000000
5788  -22.716  15.040  -48.057 4746.0000000000
5790  -27.248  50.542  -27.589 4749.0000000000
7119  -22.181  -70.089  -32.633 4752.0000000000
21958  -21.271  -66.506  24.688 4753.0000000000
54  -41.025  64.826  -10.784 4756.0000000000
23754  -57.952  3.443  13.855 4759.0000000000
8005  -37.547  23.594  16.889 4761.0000000000
12513  -21.231  -37.441  -25.462 4767.0000000000
16165  -14.964  -23.985  -14.886 4772.0000000000
3716  -44.527  29.528  6.094 4777.0000000000
26510  -48.645  19.076  29.515 4783.0000000000
2888  -49.869  18.927  6.007 4784.0000000000
2887  -19.640  48.619  -39.182 4786.0000000000
3051  -40.917  -26.563  31.064 4798.0000000000
7633  -32.431  2.146  -41.679 4804.0000000000
7837  -15.126  -42.177  -10.546 4811.0000000000
9124  -27.543  -26.379  33.280 4812.0000000000
10368  -17.410  -57.571  -23.207 4817.0000000000
9123  -2.973  -58.708  -21.968 4819.0000000000
10879  -8.083  -45.013  -19.541 4820.0000000000
9303  -23.918  56.810  -29.924 4825.0000000000
10367  -7.112  -29.146  -2.890 4829.0000000000
13017  -12.376  66.678  -3.834 4832.0000000000
13513  -9.974  14.957  -34.078 4833.0000000000
12894  -39.665  -62.759  -17.241 4841.0000000000
12990  -40.069  0.504  39.013 4843.0000000000
14428  -59.233  14.968  -3.761 4848.0000000000
19420  -42.089  -46.745  -37.603 4849.0000000000
18825  -29.673  -50.691  -32.658 4857.0000000000
18298  -62.462  3.300  -30.325 4867.0000000000
20719  -9.368  48.213  -29.924 4872.0000000000
20584  -15.821  2.298  -33.492 4877.0000000000
320  -65.341  -25.410  -20.866 4884.0000000000
4751  -9.708  -49.486  24.874 4897.0000000000
23748  -3.933  -16.511  -11.202 4900.0000000000
23772  -4.316  -14.590  9.538 4901.0000000000
2663  -0.686  -75.054  -22.770 4902.0000000000
5904  -14.166  -33.670  15.590 4910.0000000000
24779  -3.842  -70.886  -32.099 4912.0000000000
2837  -17.358  -20.394  24.150 4913.0000000000
25387  -5.969  34.803  -30.287 4916.0000000000
11182  -26.877  -66.962  -10.278 4920.0000000000
26363  -2.287  -1.764  13.449 4923.0000000000
14673  -38.548  14.820  19.811 4924.0000000000
1734  -14.783  -62.324  11.017 4933.0000000000
27718  -27.357  -50.687  31.414 4936.0000000000
13041  -40.506  -48.135  -31.210 4939.0000000000
16284  -25.475  -36.291  49.584 4943.0000000000
5385  -56.642  -21.980  28.389 4945.0000000000
14733  -23.485  20.446  -53.909 4946.0000000000
28714  -13.417  -51.313  -12.314 4948.0000000000
28827  -22.847  -7.445  33.216 4952.0000000000
16823  -36.999  -72.434  -18.797 4953.0000000000
29021  -27.604  9.143  -32.736 4959.0000000000
19632  -46.294  -2.246  23.388 4961.0000000000
29179  -42.051  -9.019  35.826 4965.0000000000
29194  -50.274  -50.904  -12.504 4969.0000000000
13771  -8.953  25.712  47.011 4973.0000000000
21735  -31.265  -52.790  -30.817 4975.0000000000
12199  -10.869  -52.571  -27.977 4979.0000000000
29331  -18.173  1.304  39.118 4980.0000000000
20277  -28.788  -76.588  -36.369 4981.0000000000
29511  -4.156  5.807  12.354 4982.0000000000
21978  -37.778  11.833  34.598 4983.0000000000
14767  -53.492  -44.535  -4.635 4988.0000000000
29595  -21.769  -21.556  36.401 4995.0000000000
18249  -49.020  -39.459  23.574 4996.0000000000
25358  0.444  43.193  -18.693 4997.0000000000
18273  -19.266  -40.437  -28.813 4999.0000000000
18512  -53.536  6.116  -40.781 5000.0000000000
139  -5.886  -50.613  -19.883 5004.0000000000
2034  -57.800  -41.249  10.367 5007.0000000000
140  -8.361  -50.402  -20.723 5008.0000000000
138  -7.262  -50.555  -21.132 5009.0000000000
5903  -27.318  -65.578  19.780 5011.0000000000
5831  -8.609  -4.256  -38.248 5013.0000000000
7691  -21.423  17.594  -46.031 5016.0000000000
8004  -47.777  58.689  -27.921 5018.0000000000
6056  -15.593  -26.426  -25.806 5019.0000000000
6016  -9.281  -62.857  26.843 5026.0000000000
8680  -64.445  -23.946  -26.761 5027.0000000000
9802  -36.543  65.370  -1.231 5034.0000000000
9863  -11.650  38.360  -43.113 5035.0000000000
55  -40.294  66.305  -10.921 5037.0000000000
11429  -33.882  -44.937  23.210 5040.0000000000
13111  -44.714  21.521  -42.771 5043.0000000000
13091  -31.508  59.575  14.532 5051.0000000000
14129  -24.819  64.018  -5.491 5055.0000000000
14732  -4.421  19.307  -30.140 5060.0000000000
16164  -15.000  -22.251  55.928 5067.0000000000
16348  -10.514  -69.860  -20.539 5070.0000000000
23337  -48.142  25.765  -18.440 5072.0000000000
23336  -15.226  -7.711  -30.739 5083.0000000000
9302  -17.945  57.008  20.622 5101.0000000000
28579  -38.868  70.915  -25.497 5107.0000000000
14427  -58.538  13.390  -4.270 5109.0000000000
19419  -43.286  -46.420  -37.772 5122.0000000000
321  -22.361  63.383  5.345 5124.0000000000
322  -5.553  -51.829  -23.003 5125.0000000000
2838  -17.122  -19.074  24.856 5149.0000000000
5586  -2.844  -8.779  55.111 5152.0000000000
11183  -27.768  -65.829  -10.792 5153.0000000000
6904  -48.288  -44.513  -16.886 5159.0000000000
5585  -2.857  -11.343  55.072 5161.0000000000
8169  -12.246  60.389  -27.120 5164.0000000000
16381  -56.295  -27.497  -23.931 5168.0000000000
10488  -42.386  53.138  12.866 5172.0000000000
14449  -33.491  23.381  5.055 5176.0000000000
19612  -7.265  62.658  -4.768 5181.0000000000
13745  -1.182  -77.755  -9.343 5185.0000000000
14991  -38.970  -63.669  15.465 5186.0000000000
16321  -13.827  -78.063  9.045 5187.0000000000
17269  -20.417  -79.356  -7.182 5194.0000000000
22871  -37.425  -12.883  -30.963 5198.0000000000
21835  -14.307  -25.245  38.708 5199.0000000000
22872  -31.310  10.766  -39.725 5206.0000000000
17741  -21.001  -36.577  49.151 5208.0000000000
18158  -8.336  56.206  15.769 5209.0000000000
21993  -53.411  -8.275  9.288 5210.0000000000
22456  -26.330  25.383  -33.783 5213.0000000000
319  -64.156  -27.140  -21.148 5218.0000000000
2035  -58.249  -40.872  7.828 5223.0000000000
23450  -46.994  -28.961  22.667 5227.0000000000
26091  -59.770  -2.715  14.300 5229.0000000000
1907  -34.051  -16.821  49.188 5230.0000000000
26325  -30.688  -75.327  -2.003 5232.0000000000
26342  -39.813  8.436  42.666 5233.0000000000
23509  -49.012  24.323  -50.233 5236.0000000000
21467  -34.295  14.627  -64.999 5237.0000000000
5870  -56.789  -3.182  -31.781 5239.0000000000
24782  -53.829  -36.429  13.426 5241.0000000000
24891  -29.358  12.225  -35.629 5242.0000000000
25212  -61.648  4.873  9.588 5244.0000000000
27587  -15.245  -24.809  -15.824 5250.0000000000
25842  -3.116  13.784  49.088 5255.0000000000
27913  -15.162  -5.296  53.354 5257.0000000000
27929  -43.774  46.751  14.942 5259.0000000000
28344  -0.739  -57.252  -5.366 5261.0000000000
10830  -17.115  20.070  38.405 5263.0000000000
11601  -2.123  -33.989  41.065 5274.0000000000
28464  -37.921  -61.926  -22.807 5276.0000000000
28472  -53.336  -21.267  33.036 5277.0000000000
28493  -30.989  -53.212  31.289 5279.0000000000
28742  -43.182  -14.610  44.205 5281.0000000000
27071  -56.654  -7.251  -40.045 5283.0000000000
27102  -46.831  -31.909  1.324 5285.0000000000
14094  -26.482  -65.038  -3.170 5287.0000000000
28702  -5.131  40.639  21.003 5290.0000000000
28708  -6.762  -58.227  31.682 5291.0000000000
28715  -26.621  40.930  -29.011 5292.0000000000
28739  -22.990  72.729  -21.945 5294.0000000000
27768  -43.162  22.062  -13.052 5297.0000000000
14955  -27.768  -46.653  -15.146 5304.0000000000
21397  -3.676  -35.667  16.861 5317.0000000000
16912  -3.784  -22.713  20.994 5322.0000000000
28364  -1.021  -55.673  26.922 5323.0000000000
28365  -1.529  -54.428  28.452 5325.0000000000
28376  -8.057  -36.056  -6.636 5327.0000000000
28461  -53.223  -46.693  -10.527 5329.0000000000
27933  -36.433  -52.994  28.992 5333.0000000000
26540  -36.794  -7.582  -34.402 5339.0000000000
26570  -26.711  -77.914  -36.011 5351.0000000000
27404  -62.904  -22.389  12.639 5361.0000000000
27852  -45.889  48.136  -11.323 5376.0000000000
28586  -3.101  -52.479  -11.005 5385.0000000000
29044  -33.857  -69.276  -24.126 5398.0000000000
29053  -18.207  -45.767  29.457 5400.0000000000
29145  -7.672  -51.310  21.909 5406.0000000000
23404  -13.995  -72.532  5.684 5413.0000000000
2710  -55.918  -43.450  -23.068 5415.0000000000
4750  -8.631  -49.972  25.863 5416.0000000000
4752  -55.434  -23.030  -40.035 5420.0000000000
6018  -43.373  22.474  -48.001 5422.0000000000
2836  -16.720  -21.856  26.981 5426.0000000000
2896  -40.404  -55.461  -11.285 5431.0000000000
2843  -6.608  -45.789  20.883 5436.0000000000
6938  -27.742  34.846  -13.629 5440.0000000000
2844  -5.698  -45.721  19.833 5441.0000000000
10089  -44.896  11.640  -5.957 5450.0000000000
12552  -28.261  38.894  31.017 5455.0000000000
11187  -33.145  -62.004  -26.710 5460.0000000000
11220  -54.141  -10.240  3.119 5461.0000000000
12690  -3.705  -25.701  6.345 5462.0000000000
15784  -40.967  14.280  39.069 5470.0000000000
17346  -42.850  -26.573  -30.688 5473.0000000000
16320  -6.409  75.189  -39.948 5474.0000000000
16322  -13.293  -78.969  7.695 5476.0000000000
15236  -42.206  -37.726  -38.903 5477.0000000000
17021  -24.408  -79.208  -5.262 5479.0000000000
17506  -6.401  50.778  -22.214 5483.0000000000
19177  -17.980  -78.283  5.905 5486.0000000000
17555  -7.909  76.280  11.053 5487.0000000000
19178  -7.120  38.999  -32.940 5489.0000000000
20243  -10.340  -10.416  -26.928 5491.0000000000
20937  -42.108  27.860  -1.840 5493.0000000000
21961  -25.586  -33.324  47.334 5494.0000000000
22026  -40.387  13.891  12.254 5496.0000000000
22428  -34.747  -12.588  32.734 5497.0000000000
22455  -13.737  61.415  -37.576 5499.0000000000
21992  -36.928  -57.096  -29.965 5503.0000000000
22984  -42.892  56.804  -19.948 5509.0000000000
23093  -7.474  20.634  51.143 5511.0000000000
24876  -11.800  -60.778  -27.233 5515.0000000000
24875  -5.454  -62.113  -10.342 5516.0000000000
24905  -10.878  68.410  -40.342 5517.0000000000
25106  -32.356  43.528  3.332 5518.0000000000
25146  -52.930  15.990  25.202 5519.0000000000
25164  -32.562  61.984  9.563 5520.0000000000
24544  -44.532  -47.047  22.656 5525.0000000000
24673  -15.242  -56.053  -32.376 5526.0000000000
25534  -57.752  4.029  9.569 5541.0000000000
25889  -20.140  -50.163  -2.739 5544.0000000000
24877  -22.342  -57.593  -31.456 5546.0000000000
24906  -23.140  80.285  -4.839 5547.0000000000
26378  -3.625  48.960  36.236 5553.0000000000
26141  -0.298  46.820  -19.080 5565.0000000000
26132  -28.605  -5.758  -42.111 5568.0000000000
26365  -50.439  -42.806  -6.335 5570.0000000000
26641  -4.879  -55.166  1.318 5574.0000000000
26881  -43.395  39.303  11.370 5586.0000000000
19405  -57.959  17.788  1.690 5597.0000000000
27639  -36.030  73.809  -6.762 5601.0000000000
27647  -23.229  -7.252  35.342 5603.0000000000
28086  -4.095  62.843  22.158 5614.0000000000
28363  -1.176  -57.979  27.355 5621.0000000000
28253  -24.224  77.751  -25.181 5622.0000000000
21837  -18.395  74.012  1.117 5624.0000000000
28101  -38.412  -40.570  9.287 5626.0000000000
26569  -34.938  -15.632  23.025 5638.0000000000
27020  -18.563  -55.243  0.078 5641.0000000000
27873  -44.253  7.002  -57.908 5655.0000000000
27887  -10.466  -56.147  38.812 5656.0000000000
28597  -15.916  -24.661  -18.438 5670.0000000000
28606  0.010  -74.401  -7.646 5671.0000000000
28857  -3.852  -2.389  42.875 5677.0000000000
26639  -18.461  -6.989  -39.355 5685.0000000000
29136  -22.511  -14.039  45.416 5686.0000000000
29313  -48.598  -16.139  -24.952 5690.0000000000
23403  -6.247  -41.717  31.682 5691.0000000000
29513  -45.198  31.011  1.451 5693.0000000000
29597  -18.662  -64.104  -30.731 5697.0000000000
29628  -4.539  -44.639  43.825 5698.0000000000
28488  -25.265  -16.765  44.291 5701.0000000000
28487  -53.474  35.695  -7.271 5702.0000000000
2951  -32.242  -70.358  11.714 5703.0000000000
28755  -40.555  -27.288  -30.271 5706.0000000000
2952  -21.506  -12.928  -31.456 5708.0000000000
28867  -49.227  -56.615  -7.112 5713.0000000000
2842  -4.964  -47.660  21.364 5719.0000000000
5587  -8.307  -66.647  -7.386 5722.0000000000
2993  -32.456  46.297  28.832 5726.0000000000
2902  -49.300  -25.760  13.594 5731.0000000000
5628  -4.852  -81.565  -29.119 5735.0000000000
6021  -12.071  58.563  -26.956 5737.0000000000
6424  -44.198  -2.457  18.700 5738.0000000000
10487  -1.023  18.427  -26.596 5744.0000000000
11256  -46.304  -50.199  -16.053 5748.0000000000
13392  -15.075  -77.894  -38.022 5759.0000000000
12722  -25.058  78.955  -22.821 5762.0000000000
12818  -24.123  -66.704  -32.554 5764.0000000000
12959  -5.722  62.800  -22.262 5766.0000000000
2541  -17.803  22.692  30.224 5778.0000000000
15237  -0.310  -6.556  -2.340 5781.0000000000
15590  -47.670  9.004  34.223 5784.0000000000
18640  -39.231  12.213  -36.544 5789.0000000000
17348  0.938  -2.185  4.949 5792.0000000000
19292  -55.316  -1.072  3.768 5796.0000000000
2542  -7.392  65.777  -34.283 5798.0000000000
5256  -47.612  -62.403  -13.991 5802.0000000000
19918  -6.837  -44.005  40.907 5809.0000000000
2543  -6.003  -50.567  17.132 5811.0000000000
20385  -46.295  12.954  -11.820 5812.0000000000
8471  -19.170  31.505  -39.470 5814.0000000000
22154  -35.603  30.997  22.970 5816.0000000000
22155  -25.004  28.661  -34.699 5818.0000000000
22680  -28.338  -53.126  -31.100 5820.0000000000
9670  -22.006  -24.765  -25.564 5824.0000000000
10025  -2.863  -61.902  -27.677 5832.0000000000
12407  -58.866  -34.689  -17.554 5837.0000000000
13162  -29.908  23.942  -32.263 5839.0000000000
13872  -24.630  21.880  -52.879 5842.0000000000
25107  -31.856  45.672  3.125 5845.0000000000
25165  -45.263  26.795  -11.807 5847.0000000000
25213  -8.908  34.578  42.186 5849.0000000000
12408  -50.934  -10.204  -12.532 5851.0000000000
15951  -35.930  43.645  -23.286 5854.0000000000
15983  -50.999  8.737  28.822 5864.0000000000
25638  -6.057  -53.650  37.828 5868.0000000000
25814  -37.227  -51.236  32.830 5870.0000000000
25852  -25.463  50.571  5.844 5872.0000000000
16593  -30.604  55.977  16.224 5875.0000000000
17535  -27.951  -46.114  -33.493 5884.0000000000
19406  -5.917  -60.908  -24.105 5886.0000000000
17576  -5.904  -25.671  1.881 5890.0000000000
17669  -32.891  -5.890  -39.484 5891.0000000000
18426  -39.518  49.416  -9.723 5892.0000000000
27175  -54.865  -3.577  12.353 5897.0000000000
19732  -15.941  40.888  32.346 5900.0000000000
19731  -36.739  9.237  -21.173 5907.0000000000
27950  -33.739  74.334  -10.483 5909.0000000000
20778  -23.085  -3.677  -29.800 5916.0000000000
22280  -44.998  -46.000  6.846 5924.0000000000
11684  -23.972  -40.803  -14.629 5926.0000000000
11683  -23.983  -41.545  -14.765 5928.0000000000
13848  -27.175  30.853  33.209 5938.0000000000
28719  -23.580  -51.999  -10.131 5943.0000000000
13115  -42.541  -50.340  -23.065 5944.0000000000
13847  -8.733  -20.276  13.352 5949.0000000000
15846  -45.243  -43.637  28.936 5954.0000000000
19387  -4.363  49.282  -7.473 5959.0000000000
5741  -51.034  40.689  1.454 5965.0000000000
22764  -42.195  -8.881  21.681 5974.0000000000
22763  -61.344  -10.405  19.085 5980.0000000000
12849  -49.343  -39.102  17.173 5981.0000000000
23993  -25.920  -13.129  30.968 5987.0000000000
6109  -2.432  7.178  16.385 5995.0000000000
2666  -24.167  1.849  -32.257 5998.0000000000
6024  -52.466  -21.606  32.936 5999.0000000000
6059  -31.432  30.121  -5.412 6001.0000000000
2773  -51.945  13.012  28.700 6008.0000000000
2845  -34.773  4.402  -22.227 6009.0000000000
3321  -31.608  8.676  -6.545 6010.0000000000
5298  -53.877  -33.049  -27.356 6012.0000000000
2718  0.096  10.775  -30.191 6020.0000000000
7233  -38.545  -3.323  34.660 6022.0000000000
3322  -39.191  -40.918  9.152 6023.0000000000
6023  -50.850  -23.771  33.593 6026.0000000000
6088  -11.280  -63.424  26.831 6027.0000000000
7166  -46.947  51.868  -5.555 6031.0000000000
7205  -31.297  -52.335  17.389 6032.0000000000
7359  -45.110  -17.670  38.246 6039.0000000000
22713  -5.601  79.980  5.462 6040.0000000000
23866  -4.064  -37.498  -8.724 6047.0000000000
13190  -23.836  65.776  -18.087 6051.0000000000
13871  -55.104  -4.902  30.624 6052.0000000000
13870  -54.665  18.426  -48.130 6057.0000000000
14454  -20.825  -40.365  38.013 6058.0000000000
13913  -45.253  -44.895  23.339 6060.0000000000
13940  -21.654  12.895  38.836 6064.0000000000
16248  -22.554  71.767  5.718 6066.0000000000
17577  -22.661  64.901  6.415 6072.0000000000
14547  -61.409  -29.340  7.936 6074.0000000000
18427  -51.835  40.780  -15.657 6078.0000000000
19733  -11.335  38.691  -42.415 6085.0000000000
19889  -16.332  -56.589  -24.835 6090.0000000000
20779  -44.462  63.021  -12.921 6091.0000000000
20227  -14.128  -8.614  47.668 6093.0000000000
21764  -28.811  -13.125  32.131 6097.0000000000
21838  -16.752  -86.362  -25.474 6099.0000000000
22330  -52.936  -38.763  -21.651 6100.0000000000
11682  -4.957  82.427  -24.035 6121.0000000000
13020  -9.086  -18.878  35.076 6123.0000000000
13019  -9.337  -19.535  36.117 6129.0000000000
13873  -63.319  -26.879  12.004 6135.0000000000
15573  -35.562  10.068  33.020 6144.0000000000
18868  -47.766  36.074  14.741 6159.0000000000
19388  -12.651  -32.044  23.689 6160.0000000000
18956  -54.962  7.805  -41.382 6164.0000000000
21720  -61.223  12.310  5.876 6170.0000000000
24342  -51.772  -6.908  -35.953 6181.0000000000
23498  -37.381  44.269  -30.901 6183.0000000000
728  -44.668  -6.108  -24.231 6191.0000000000
26242  -38.915  -49.927  32.125 6206.0000000000
729  -44.812  -7.496  -22.839 6211.0000000000
5263  -39.401  -30.691  -39.607 6216.0000000000
6060  -17.016  75.037  -27.751 6218.0000000000
10976  -41.386  62.487  -3.863 6229.0000000000
13136  -59.647  -11.215  24.988 6230.0000000000
11685  -12.976  -75.785  -19.845 6233.0000000000
14744  -17.826  53.365  17.234 6236.0000000000
13606  -51.751  -22.335  -29.032 6241.0000000000
27935  -14.217  27.944  -33.780 6242.0000000000
13722  -16.099  -13.134  -25.371 6243.0000000000
14455  -31.724  -76.318  -8.103 6245.0000000000
15950  -38.569  42.261  -24.049 6247.0000000000
16011  -60.594  1.194  -15.272 6248.0000000000
16592  -51.708  51.481  -16.999 6255.0000000000
17558  -53.567  7.124  -15.219 6256.0000000000
19060  -51.578  9.470  29.650 6259.0000000000
18843  -22.386  61.575  -2.557 6262.0000000000
1039  -31.677  48.599  -37.405 6267.0000000000
19404  -38.048  -31.989  -35.551 6269.0000000000
5025  -44.627  -20.548  -35.393 6271.0000000000
6359  -62.939  -0.940  -39.800 6275.0000000000
22281  -46.049  -46.214  6.291 6279.0000000000
21839  -16.883  -85.961  -28.357 6281.0000000000
15642  -24.477  38.421  27.717 6293.0000000000
13114  -36.357  0.463  15.427 6296.0000000000
21742  -11.861  43.408  11.022 6303.0000000000
18935  -7.094  -16.284  48.999 6315.0000000000
23972  -2.512  55.051  -45.425 6321.0000000000
23701  -36.663  -1.404  -49.733 6323.0000000000
24522  -27.142  -19.849  38.522 6328.0000000000
24784  -45.404  47.577  8.640 6338.0000000000
23499  -16.969  -56.265  -29.266 6339.0000000000
25471  -8.988  57.122  26.611 6341.0000000000
10981  -64.834  -20.848  -26.046 6349.0000000000
24387  -3.350  -41.470  -5.943 6351.0000000000
15087  -21.691  56.337  16.924 6354.0000000000
730  -11.928  19.058  25.998 6363.0000000000
16465  -4.971  45.951  19.093 6367.0000000000
18731  -32.615  -16.599  -39.341 6371.0000000000
3629  -39.318  -46.803  -21.493 6382.0000000000
5262  -39.935  -32.520  -38.769 6385.0000000000
6027  -9.211  -19.773  58.963 6386.0000000000
6094  -2.238  -5.420  -7.201 6387.0000000000
10024  -3.236  -62.339  -30.064 6390.0000000000
8137  -32.903  63.036  -2.512 6392.0000000000
10251  -48.171  50.734  -4.765 6399.0000000000
10977  -8.381  62.700  -42.903 6400.0000000000
11996  -53.245  38.217  -0.048 6404.0000000000
14511  -13.137  -59.694  -25.996 6405.0000000000
13723  -27.739  -63.532  19.393 6410.0000000000
14456  -46.385  -41.596  -26.828 6412.0000000000
11997  -53.968  36.840  0.840 6414.0000000000
13607  -51.012  -24.019  -28.981 6415.0000000000
13937  -7.250  -75.615  -34.843 6416.0000000000
13936  -44.221  8.676  10.057 6417.0000000000
13724  -45.805  50.318  7.935 6418.0000000000
16084  -3.106  44.420  0.750 6421.0000000000
16747  -34.938  67.816  -19.335 6423.0000000000
14512  -54.411  -29.475  -6.095 6424.0000000000
13488  -56.483  -14.934  29.811 6426.0000000000
15339  -49.838  23.690  -34.378 6427.0000000000
15847  -34.777  7.496  -13.612 6428.0000000000
16033  -57.438  18.756  9.379 6432.0000000000
16114  -30.094  -19.068  34.696 6433.0000000000
16085  -35.027  -63.203  15.689 6434.0000000000
18535  -5.624  -72.979  12.778 6437.0000000000
17690  -31.817  -68.263  -35.975 6443.0000000000
17790  -0.574  -18.776  -12.285 6444.0000000000
17841  -56.161  -33.562  -40.790 6445.0000000000
19782  -41.213  -47.212  29.213 6450.0000000000
1040  -6.277  50.037  18.150 6455.0000000000
7271  -38.055  20.045  -6.644 6469.0000000000
10094  -18.944  47.125  35.757 6476.0000000000
7365  -37.414  33.871  -9.858 6478.0000000000
21741  -36.272  -69.633  -26.453 6485.0000000000
7  -50.916  13.804  -22.352 6497.0000000000
2555  -3.671  5.743  48.252 6499.0000000000
6  -50.392  11.600  -21.766 6505.0000000000
2554  -25.444  2.713  29.220 6508.0000000000
7727  -47.113  -30.908  -33.188 6516.0000000000
8884  -50.029  -36.302  -32.834 6520.0000000000
14973  -52.990  -23.806  -9.556 6535.0000000000
27229  -25.503  2.218  -32.756 6539.0000000000
17303  -37.800  36.595  -50.869 6544.0000000000
18759  -6.757  -77.401  -15.028 6546.0000000000
19354  -58.155  23.357  3.949 6549.0000000000
8853  -57.210  15.198  -45.278 6552.0000000000
28145  -8.043  -32.793  41.170 6553.0000000000
9102  -50.864  -44.640  -18.110 6555.0000000000
20638  -32.372  18.872  -35.151 6559.0000000000
28509  -14.125  78.480  -33.983 6561.0000000000
9598  -52.255  -8.370  -12.440 6564.0000000000
28416  0.285  -73.588  -7.078 6566.0000000000
28499  -40.848  24.798  26.331 6567.0000000000
22717  -6.410  -16.012  31.518 6570.0000000000
10026  -23.001  17.162  48.426 6572.0000000000
28652  -36.220  -8.916  36.137 6575.0000000000
23483  -31.311  44.046  -9.782 6576.0000000000
28768  -28.055  -49.360  35.515 6578.0000000000
28782  -9.050  33.355  -32.771 6580.0000000000
23239  -63.775  -0.343  -12.907 6582.0000000000
24460  -34.595  -14.066  19.783 6594.0000000000
23588  -44.156  61.221  -11.859 6596.0000000000
10978  -7.859  61.681  -44.133 6598.0000000000
18466  -53.275  -50.168  6.010 6610.0000000000
18516  -46.554  -8.989  -1.303 6611.0000000000
29549  -20.506  72.069  -22.477 6622.0000000000
29552  -17.274  -63.576  -35.025 6623.0000000000
19452  -5.898  83.314  -8.004 6627.0000000000
26645  -18.435  33.617  39.268 6631.0000000000
8248  -32.301  -72.320  -26.534 6632.0000000000
11857  -26.520  41.606  28.248 6634.0000000000
29669  -58.318  1.240  4.325 6636.0000000000
29674  -2.495  22.391  -19.190 6639.0000000000
27709  -21.456  29.069  -40.395 6641.0000000000
1222  -19.210  52.942  31.315 6644.0000000000
2563  -59.557  -18.551  -22.386 6648.0000000000
27582  -55.968  -15.894  -23.299 6650.0000000000
29739  -7.996  -4.086  41.989 6652.0000000000
3003  -30.479  17.245  -41.925 6653.0000000000
28023  -5.539  -44.603  31.209 6655.0000000000
27710  -42.639  -13.775  45.201 6657.0000000000
3004  -45.828  -29.810  -31.617 6666.0000000000
3937  -57.901  -0.136  -49.612 6669.0000000000
1041  -7.182  48.863  19.012 6671.0000000000
5026  -46.322  -19.513  -35.761 6673.0000000000
5219  -52.038  47.101  -9.382 6675.0000000000
2564  -24.411  -40.629  30.547 6677.0000000000
3005  -44.677  -29.298  -30.228 6678.0000000000
3938  -57.171  -0.811  -51.062 6680.0000000000
6360  -63.993  -0.858  -38.950 6689.0000000000
9135  -50.524  33.294  7.736 6693.0000000000
8278  -49.832  -17.189  -24.209 6696.0000000000
8277  -20.438  -44.433  -11.292 6697.0000000000
8  -51.317  12.667  -21.537 6712.0000000000
3679  -65.091  -16.100  -22.058 6726.0000000000
3678  -57.075  -43.175  -23.018 6727.0000000000
4574  -24.427  1.092  -44.834 6729.0000000000
6113  -2.209  -70.245  -15.957 6733.0000000000
7758  -53.046  -9.337  -33.708 6737.0000000000
7957  -36.436  -40.802  20.553 6740.0000000000
8018  -46.208  -16.804  -23.855 6741.0000000000
8978  -38.637  -46.891  -18.269 6745.0000000000
10797  -5.997  69.866  -13.753 6750.0000000000
9740  -4.711  33.103  22.477 6752.0000000000
13193  -25.813  68.709  -32.399 6757.0000000000
15849  -33.158  -14.126  -40.466 6765.0000000000
15907  -9.535  -56.372  -21.728 6767.0000000000
17651  -24.384  12.770  -34.287 6772.0000000000
18587  -8.218  -42.565  35.598 6776.0000000000
18671  -33.218  18.117  39.099 6779.0000000000
19353  -58.798  21.884  2.354 6782.0000000000
19370  -53.581  18.218  -6.461 6783.0000000000
20080  -35.980  22.671  -46.011 6788.0000000000
20639  -32.412  19.412  -34.050 6791.0000000000
22063  -18.813  -59.025  -29.356 6798.0000000000
19594  -36.269  -54.655  -28.239 6800.0000000000
21578  -18.071  -62.632  -34.812 6801.0000000000
23165  -37.189  2.102  21.610 6802.0000000000
19592  -17.918  46.743  15.659 6806.0000000000
20783  -46.544  -44.207  -16.629 6807.0000000000
23164  -56.754  -25.580  -1.447 6809.0000000000
23182  -28.975  -72.022  -6.432 6810.0000000000
23032  -41.903  -16.119  -12.407 6816.0000000000
13760  -11.186  -60.509  -15.151 6817.0000000000
22748  -1.567  21.540  -22.818 6818.0000000000
23562  -2.871  50.728  -45.816 6820.0000000000
24185  -5.852  -30.314  9.494 6821.0000000000
23589  -12.572  3.448  20.416 6824.0000000000
24155  -53.359  -14.382  -9.961 6829.0000000000
24215  -54.153  0.413  3.454 6831.0000000000
24504  -10.783  -30.468  8.797 6835.0000000000
24523  -35.995  31.199  13.690 6837.0000000000
24829  -56.912  -38.256  -9.403 6839.0000000000
24911  -36.836  -64.819  -37.146 6841.0000000000
455  -39.364  56.942  7.595 6846.0000000000
25831  -63.528  -0.745  -34.704 6847.0000000000
25496  -54.444  -35.950  3.408 6848.0000000000
25517  -41.706  -15.849  19.255 6850.0000000000
26036  -3.456  -37.550  24.098 6855.0000000000
26071  -21.425  2.380  48.226 6857.0000000000
26299  -62.063  -34.121  -18.594 6860.0000000000
5266  -19.637  -52.226  17.425 6864.0000000000
8249  -42.259  -15.616  -34.972 6869.0000000000
11856  -18.976  39.149  -35.334 6877.0000000000
2562  -56.748  -16.661  -22.871 6887.0000000000
11855  -19.813  9.067  32.392 6890.0000000000
27711  -4.296  -32.503  42.158 6896.0000000000
27719  -46.338  1.312  13.153 6897.0000000000
1167  -24.517  -32.938  -31.373 6898.0000000000
14429  -59.856  14.375  -5.521 6902.0000000000
28024  -37.129  30.656  -58.156 6907.0000000000
15987  -36.352  -69.014  6.118 6908.0000000000
4940  -27.202  -41.362  -22.907 6913.0000000000
7308  -8.213  -86.337  -25.207 6916.0000000000
15324  -8.977  31.048  -33.007 6919.0000000000
28445  -20.345  -8.500  37.190 6928.0000000000
6692  -21.834  -52.169  11.798 6930.0000000000
7309  -47.820  -48.291  -8.327 6933.0000000000
18279  -49.989  -11.373  37.388 6938.0000000000
16015  -25.833  -19.653  33.361 6941.0000000000
16151  -1.110  10.398  9.429 6943.0000000000
17353  0.729  25.413  -15.138 6945.0000000000
19431  -47.850  -13.647  16.051 6951.0000000000
9066  -46.788  24.090  26.174 6952.0000000000
9763  -8.266  53.113  34.696 6956.0000000000
10980  -65.131  -19.008  -25.153 6970.0000000000
12667  -53.093  5.828  20.278 6976.0000000000
15086  -58.017  -4.021  -34.599 6977.0000000000
16665  -41.235  47.876  -31.083 6985.0000000000
19593  -5.481  17.525  -32.351 7000.0000000000
13759  -1.506  -61.623  -18.257 7005.0000000000
23608  -4.146  62.890  10.298 7012.0000000000
24573  -50.942  40.481  -20.817 7015.0000000000
23648  -27.574  12.326  -63.157 7019.0000000000
23893  -51.315  -28.684  10.183 7022.0000000000
24333  -54.850  -45.547  -30.460 7023.0000000000
24418  -34.055  17.710  -14.276 7034.0000000000
25110  -17.977  -59.974  -32.352 7039.0000000000
25027  -46.763  46.020  -30.186 7040.0000000000
454  -50.262  19.367  24.842 7045.0000000000
2502  -22.217  -76.697  5.180 7048.0000000000
2503  -27.244  38.620  -14.364 7049.0000000000
3798  -35.059  -52.217  -23.876 7053.0000000000
4953  -14.198  -62.908  26.965 7055.0000000000
5031  -29.132  39.913  -33.999 7056.0000000000
2504  -31.545  41.577  -30.338 7058.0000000000
3630  -38.626  -45.411  -21.011 7061.0000000000
7313  0.499  27.148  3.941 7064.0000000000
6917  -45.967  52.648  -30.165 7071.0000000000
7058  -47.062  52.989  -30.068 7074.0000000000
7314  -0.681  27.695  4.554 7076.0000000000
7312  0.560  25.459  5.421 7077.0000000000
8150  -57.314  -43.753  -25.186 7080.0000000000
14430  -22.323  49.969  6.600 7094.0000000000
15793  -44.524  -51.012  8.958 7103.0000000000
15986  -62.651  -12.729  17.550 7106.0000000000
18927  -3.232  -9.333  14.770 7111.0000000000
17352  1.074  23.914  -11.054 7113.0000000000
17516  -33.960  39.939  -7.160 7124.0000000000
19374  -55.058  -22.740  20.288 7130.0000000000
11562  -11.799  -38.607  17.355 7145.0000000000
11563  -9.473  -13.712  -23.295 7146.0000000000
17971  -0.792  19.760  -19.085 7166.0000000000
18686  0.816  14.756  -10.031 7172.0000000000
20483  -13.436  -0.806  21.408 7176.0000000000
21754  -34.922  2.287  22.979 7182.0000000000
21700  -62.387  10.892  4.441 7185.0000000000
21755  -21.454  -21.494  44.948 7189.0000000000
22252  -34.956  -19.341  30.462 7190.0000000000
22579  -41.321  5.517  31.042 7191.0000000000
23195  -48.188  17.928  -13.364 7195.0000000000
23033  -43.414  -15.687  -11.975 7197.0000000000
23150  -5.153  -83.775  -7.088 7198.0000000000
23609  1.263  -24.952  -2.993 7200.0000000000
805  -39.650  -58.413  21.464 7203.0000000000
23957  -32.319  -26.752  -36.902 7205.0000000000
23892  -21.730  -7.774  -35.271 7208.0000000000
519  -52.918  17.758  -44.084 7214.0000000000
3698  -16.272  -4.519  -33.479 7216.0000000000
2569  -52.215  -15.809  6.321 7218.0000000000
456  -39.344  55.640  8.761 7223.0000000000
2570  -18.313  37.210  -36.709 7227.0000000000
1337  -63.630  -12.362  12.848 7231.0000000000
3745  -33.901  59.386  2.538 7232.0000000000
5655  -43.698  12.250  26.951 7241.0000000000
7140  -7.210  68.213  -29.526 7245.0000000000
5369  -29.015  -70.628  11.576 7247.0000000000
9137  -30.090  -42.697  -26.415 7249.0000000000
9138  -42.808  -58.022  -25.136 7258.0000000000
9633  -46.359  59.929  -19.782 7260.0000000000
7321  -49.214  -46.300  -11.226 7261.0000000000
9893  -37.383  65.895  -0.489 7265.0000000000
27260  -1.605  -50.404  -5.413 7266.0000000000
27281  -37.159  2.251  15.358 7268.0000000000
10495  -17.206  -17.026  21.063 7270.0000000000
11883  -1.868  -33.740  39.439 7272.0000000000
13586  -16.414  -70.813  21.155 7277.0000000000
15988  -53.195  -37.989  -25.692 7279.0000000000
16152  -5.515  46.164  30.587 7281.0000000000
14798  -36.915  -67.075  7.687 7284.0000000000
17354  0.695  24.014  -14.992 7291.0000000000
17488  -35.974  21.892  3.360 7293.0000000000
19456  -34.288  -9.678  -15.146 7296.0000000000
17974  -11.025  -38.152  11.117 7298.0000000000
14045  -60.613  8.457  -8.942 7309.0000000000
16664  -10.693  -69.070  6.838 7321.0000000000
23983  -4.314  -66.323  0.621 7324.0000000000
18685  -41.167  10.986  -35.383 7325.0000000000
25166  -22.371  -39.742  48.083 7334.0000000000
5272  -51.645  -48.168  -26.538 7340.0000000000
29719  -21.098  79.757  -6.981 7356.0000000000
22730  -40.746  -57.224  5.832 7359.0000000000
23097  -54.960  7.440  21.547 7362.0000000000
29744  -42.206  29.409  1.685 7364.0000000000
29743  -16.741  -62.127  -34.204 7365.0000000000
23127  -43.286  -34.548  26.816 7366.0000000000
29753  -17.400  -5.877  52.799 7370.0000000000
29755  -44.850  18.252  7.313 7372.0000000000
804  -46.025  -5.005  -44.225 7373.0000000000
23647  -26.992  14.230  -63.937 7374.0000000000
11106  -11.406  44.242  3.878 7382.0000000000
1336  -55.970  -12.229  26.071 7383.0000000000
803  -46.805  -6.144  -44.886 7385.0000000000
865  -31.111  11.368  -45.433 7386.0000000000
4991  -24.087  -49.152  25.029 7394.0000000000
2626  -31.276  -11.166  -9.230 7396.0000000000
2680  1.497  16.493  -7.162 7397.0000000000
2856  -6.219  35.827  36.051 7399.0000000000
5069  -48.083  17.912  3.536 7402.0000000000
5685  -22.283  -45.401  11.526 7408.0000000000
8151  -47.877  -16.955  -24.325 7412.0000000000
7369  -48.120  -34.147  17.835 7417.0000000000
9894  -4.107  -49.220  4.872 7420.0000000000
16830  -45.403  -62.553  -22.994 7421.0000000000
11767  -17.399  -28.354  -21.033 7423.0000000000
11768  -41.034  58.129  -1.121 7430.0000000000
10458  -57.744  -26.672  11.710 7431.0000000000
10457  -47.739  23.072  -38.718 7433.0000000000
11861  -40.870  17.198  -51.252 7435.0000000000
11973  -28.585  50.481  20.585 7437.0000000000
12970  -6.359  40.549  -29.457 7440.0000000000
14556  -41.506  -43.154  33.647 7442.0000000000
20745  -36.403  13.405  -58.873 7457.0000000000
17973  -9.915  -38.910  10.996 7461.0000000000
23982  -8.095  -35.057  15.928 7473.0000000000
23981  -46.463  -37.505  6.142 7483.0000000000
4529  -54.635  0.231  -38.772 7491.0000000000
4528  -2.203  59.489  -42.486 7499.0000000000
27364  -24.680  -32.197  42.922 7508.0000000000
8516  -44.178  15.738  -34.935 7511.0000000000
9978  -28.314  33.622  -56.573 7517.0000000000
10868  -12.449  0.308  56.667 7521.0000000000
2568  -53.352  -16.871  5.682 7525.0000000000
12886  -44.303  39.620  -29.338 7530.0000000000
14459  -23.747  47.767  7.680 7533.0000000000
15429  -35.117  -46.174  -32.209 7537.0000000000
28832  -50.383  22.999  -17.591 7543.0000000000
11769  -15.911  -25.411  26.622 7544.0000000000
28951  -59.397  14.176  -9.886 7548.0000000000
12971  -6.893  -73.996  -36.160 7549.0000000000
19375  -4.475  29.155  -25.664 7552.0000000000
17517  -41.111  40.429  -14.930 7553.0000000000
20012  -33.698  8.767  26.438 7555.0000000000
16829  -38.874  -33.115  -40.229 7558.0000000000
15830  -44.065  -50.267  7.948 7562.0000000000
18928  -53.746  -6.486  -39.708 7573.0000000000
20746  -48.612  -31.531  14.324 7580.0000000000
21115  -61.678  -17.183  -39.913 7581.0000000000
21159  -21.676  -43.314  28.574 7582.0000000000
4530  -52.978  0.271  -38.796 7588.0000000000
12154  -15.715  37.728  -41.091 7618.0000000000
18012  -23.801  -44.273  32.011 7629.0000000000
18762  -17.837  17.736  32.327 7630.0000000000
17465  -56.275  -19.674  -28.805 7631.0000000000
19395  -43.913  -17.959  34.911 7632.0000000000
18763  -18.873  15.709  31.293 7636.0000000000
19984  -6.434  77.901  -9.625 7637.0000000000
21161  -29.666  43.364  10.614 7641.0000000000
19985  0.558  36.908  -5.288 7643.0000000000
21582  -22.054  21.227  25.906 7647.0000000000
23262  -3.787  -79.988  -17.411 7659.0000000000
21269  -29.354  16.433  -31.707 7662.0000000000
22321  -25.853  -25.745  -37.369 7669.0000000000
17679  -50.581  -19.772  8.141 7672.0000000000
17678  -47.843  -20.772  9.666 7676.0000000000
23241  -37.694  -46.717  15.463 7680.0000000000
20140  -4.359  74.309  3.502 7686.0000000000
22270  -7.583  -79.131  -7.635 7691.0000000000
17598  -26.279  60.715  13.121 7698.0000000000
17680  -47.227  -20.519  9.046 7700.0000000000
19045  -43.350  -26.079  -13.273 7703.0000000000
20139  -42.463  -18.951  45.014 7706.0000000000
20102  -43.141  32.785  -15.009 7707.0000000000
21198  -35.883  59.410  11.761 7708.0000000000
21297  -30.000  68.955  2.405 7713.0000000000
19046  -43.442  -23.729  -15.050 7720.0000000000
19191  -5.135  54.592  19.555 7723.0000000000
28412  -38.588  73.210  -18.660 7724.0000000000
1791  -62.241  -28.759  14.518 7725.0000000000
20138  -41.614  -20.640  44.636 7726.0000000000
21199  -42.644  -49.750  6.971 7728.0000000000
1789  -45.971  -5.931  -12.510 7731.0000000000
4022  -30.397  16.141  26.912 7736.0000000000
19474  -42.542  -64.732  -31.816 7741.0000000000
19475  -41.505  14.018  -57.421 7746.0000000000
19600  -7.446  -16.194  -8.280 7753.0000000000
19372  -12.407  -28.520  28.223 7761.0000000000
20162  -18.287  -2.082  -41.763 7767.0000000000
22684  -5.066  74.330  1.488 7770.0000000000
22332  -15.563  -14.962  -28.943 7779.0000000000
23281  -3.826  75.756  -22.086 7782.0000000000
22701  -1.932  20.413  -21.496 7784.0000000000
23674  0.014  -16.317  -10.442 7785.0000000000
23645  -6.379  -32.997  46.722 7793.0000000000
23282  -35.643  8.287  -21.065 7809.0000000000
