#!ascii label  , from subject FreeSurferMNI152_0.2 vox2ras=TkReg
154
11491  13.625  -54.419  -11.686 1.0000000000
24255  57.054  13.149  -24.864 3.0000000000
11892  57.539  -20.703  -26.912 5.0000000000
15412  63.918  8.990  -7.539 7.0000000000
1259  56.662  36.571  0.857 8.0000000000
9374  14.102  30.995  21.078 11.0000000000
9375  14.247  32.515  20.058 13.0000000000
11490  45.725  -55.105  -35.108 16.0000000000
12964  9.670  -43.417  33.573 17.0000000000
5754  29.854  -50.571  8.391 26.0000000000
11677  51.008  -25.707  -32.668 30.0000000000
12963  56.026  4.768  1.890 32.0000000000
3250  12.882  10.835  -33.264 38.0000000000
3249  20.756  -69.859  5.074 42.0000000000
27601  5.425  54.685  -45.891 50.0000000000
27077  32.022  -22.344  44.167 51.0000000000
27977  27.731  -60.276  3.410 52.0000000000
27600  7.660  -73.084  8.487 55.0000000000
3248  22.721  -71.558  6.098 56.0000000000
27993  17.313  -41.770  -25.666 59.0000000000
8500  55.012  7.355  -42.399 68.0000000000
3302  57.155  44.457  -13.990 71.0000000000
3410  33.749  -50.444  34.950 72.0000000000
3301  57.439  44.662  -12.156 74.0000000000
3511  50.041  49.922  -29.730 78.0000000000
5760  36.727  -19.449  16.671 79.0000000000
3586  26.117  -81.936  -21.790 82.0000000000
5761  45.637  65.071  -7.349 83.0000000000
3300  56.665  44.086  -13.197 93.0000000000
3347  0.832  41.727  -6.234 94.0000000000
3458  5.966  -14.236  35.620 95.0000000000
27471  40.125  -14.355  3.154 102.0000000000
3716  14.086  -34.865  -0.006 103.0000000000
6699  35.268  -1.733  22.270 107.0000000000
28810  41.977  50.776  -24.707 109.0000000000
28347  52.745  37.010  -6.554 111.0000000000
9148  55.970  -45.654  -23.143 113.0000000000
15126  14.310  -43.254  -24.915 114.0000000000
29327  13.663  -35.507  39.199 121.0000000000
25320  13.517  -68.290  -9.338 122.0000000000
27841  50.488  -41.608  28.297 124.0000000000
25321  13.464  -67.372  -8.554 126.0000000000
26867  13.789  -34.399  -1.691 132.0000000000
27340  32.679  73.738  -25.884 137.0000000000
28104  47.241  41.972  -19.879 142.0000000000
27988  5.831  -0.954  53.289 144.0000000000
29573  37.749  -31.766  18.330 148.0000000000
30046  38.114  16.110  -60.199 150.0000000000
26680  49.574  10.149  -52.312 156.0000000000
25328  2.868  21.642  7.186 160.0000000000
28114  36.960  32.483  -25.630 180.0000000000
28623  26.867  17.210  -30.185 182.0000000000
28944  50.494  45.279  -12.123 183.0000000000
29176  18.898  -52.950  39.687 186.0000000000
28849  28.985  -5.291  33.749 187.0000000000
28977  33.424  37.351  -16.016 189.0000000000
15702  54.211  23.891  -25.787 191.0000000000
15849  50.092  16.167  -13.022 199.0000000000
17488  35.522  -10.606  -43.699 200.0000000000
15918  19.195  -56.075  -7.737 209.0000000000
19571  20.749  -48.347  -30.166 212.0000000000
28103  49.112  30.599  -3.208 219.0000000000
28410  13.432  -46.244  39.817 221.0000000000
28431  24.954  42.312  19.107 222.0000000000
24514  5.614  34.711  -39.352 230.0000000000
2851  47.721  -24.758  22.139 231.0000000000
15703  54.734  23.129  -24.958 234.0000000000
15848  34.942  -12.488  -1.652 241.0000000000
21254  31.692  73.377  -29.601 252.0000000000
14343  24.654  -76.001  -36.016 253.0000000000
24576  51.536  35.070  18.195 254.0000000000
23933  12.669  -65.242  -8.668 258.0000000000
24116  46.961  -28.072  25.689 260.0000000000
2390  22.099  -56.888  34.159 265.0000000000
15701  35.572  54.618  -7.681 266.0000000000
22385  34.231  -44.534  11.781 276.0000000000
17487  26.504  -70.043  -32.642 277.0000000000
19592  25.139  -57.020  31.925 283.0000000000
22817  58.043  -2.034  -17.520 296.0000000000
15953  38.708  21.573  41.187 299.0000000000
24115  7.113  -55.567  -3.863 301.0000000000
18119  15.272  86.027  -17.852 303.0000000000
7298  31.128  35.431  -53.906 306.0000000000
8133  23.146  -63.983  17.730 316.0000000000
12552  11.322  -73.500  -18.495 322.0000000000
10390  63.958  -30.000  -13.884 324.0000000000
15280  37.066  -17.189  -36.438 326.0000000000
14342  26.775  -40.988  36.906 331.0000000000
18117  11.161  6.381  35.872 335.0000000000
7300  24.383  75.798  4.493 342.0000000000
7377  39.093  14.915  -22.674 350.0000000000
15278  20.616  -43.884  -28.175 362.0000000000
26681  42.717  -9.446  16.755 366.0000000000
18118  12.091  -32.798  -12.239 371.0000000000
7299  29.318  33.395  -53.673 373.0000000000
8132  47.081  41.716  -30.324 375.0000000000
10225  6.232  82.548  -21.915 380.0000000000
10200  11.966  -11.024  54.719 384.0000000000
14368  33.846  -21.402  -27.549 386.0000000000
14397  62.848  -14.058  -30.969 390.0000000000
15279  15.814  -16.830  45.432 392.0000000000
18121  38.432  10.572  -29.215 409.0000000000
19685  65.454  5.753  -2.678 413.0000000000
27573  17.887  -84.618  -7.568 415.0000000000
1552  5.402  18.249  -34.968 424.0000000000
23103  55.454  6.035  29.726 426.0000000000
23937  41.931  -50.806  -24.370 429.0000000000
24412  54.364  -40.520  15.174 431.0000000000
1946  53.668  -45.917  -34.923 433.0000000000
21306  56.542  8.136  -17.877 445.0000000000
27604  21.574  -46.360  -10.949 447.0000000000
18460  2.083  -7.069  0.060 451.0000000000
1764  13.775  -16.391  43.439 453.0000000000
27572  19.900  32.565  33.735 466.0000000000
27933  32.856  74.689  -26.224 471.0000000000
16264  5.741  25.974  6.221 473.0000000000
23  51.245  -34.153  32.963 482.0000000000
18492  21.750  61.681  12.773 484.0000000000
22  50.531  -36.096  32.946 486.0000000000
1998  12.313  -24.347  -17.259 492.0000000000
4908  34.552  -44.983  -35.263 506.0000000000
1947  12.485  -45.517  -21.632 521.0000000000
1948  13.895  -45.986  -20.574 523.0000000000
4219  64.611  -16.479  -26.887 525.0000000000
16263  10.813  24.998  -25.550 527.0000000000
16262  23.230  23.443  41.994 530.0000000000
17829  34.016  -13.771  26.490 538.0000000000
4907  35.622  -45.865  -35.879 540.0000000000
21  50.884  -36.056  31.710 546.0000000000
23434  8.995  -67.360  -27.234 550.0000000000
7704  41.116  21.975  -21.308 553.0000000000
7026  20.357  11.867  -29.250 561.0000000000
13015  60.647  -3.330  -47.232 579.0000000000
15265  12.422  -61.919  -15.271 584.0000000000
15266  28.959  15.412  41.866 586.0000000000
4906  32.143  -47.734  -34.566 588.0000000000
7111  57.116  -32.421  6.804 598.0000000000
600  8.959  -59.816  31.123 600.0000000000
23482  12.996  -34.452  -11.782 604.0000000000
291  14.409  -41.671  47.189 612.0000000000
543  48.125  1.843  -15.763 615.0000000000
3951  20.928  -34.369  -29.225 618.0000000000
290  44.259  -40.586  -6.484 640.0000000000
3950  21.030  79.326  -13.070 647.0000000000
19581  22.359  -38.665  50.045 649.0000000000
7703  26.221  -8.342  -41.992 653.0000000000
7705  41.856  20.916  -20.937 655.0000000000
289  43.490  -41.221  -5.363 656.0000000000
490  16.652  -19.847  -28.825 658.0000000000
19404  11.105  83.565  -6.597 663.0000000000
19580  28.207  -37.042  -11.927 683.0000000000
19006  7.654  29.445  -36.931 688.0000000000
26319  41.174  46.632  -4.020 696.0000000000
21863  15.551  -26.598  46.123 697.0000000000
