#!ascii label  , from subject FreeSurferMNI152_0.2 vox2ras=TkReg
524
15397  16.957  -25.289  13.200 1.0000000000
17092  8.305  69.695  19.656 3.0000000000
11320  35.570  0.093  -40.232 4.0000000000
15498  20.879  33.351  45.481 5.0000000000
17021  22.956  -40.719  8.720 6.0000000000
26479  10.208  -46.696  6.850 10.0000000000
308  46.711  6.448  -57.132 23.0000000000
13278  61.531  -28.329  1.171 24.0000000000
24447  46.184  28.304  18.077 25.0000000000
29760  23.781  -61.210  -33.928 26.0000000000
14449  9.567  51.731  18.182 27.0000000000
29934  41.178  -47.116  -5.177 31.0000000000
309  47.556  6.224  -57.972 33.0000000000
26502  15.885  -70.542  -16.494 34.0000000000
14556  11.631  -52.380  21.132 36.0000000000
6582  5.247  -52.999  -12.164 41.0000000000
9583  10.030  -43.152  5.422 43.0000000000
13240  13.053  15.560  19.902 44.0000000000
9623  7.321  74.875  -10.861 45.0000000000
10040  8.906  -23.668  3.296 47.0000000000
10910  43.268  -10.577  -10.460 51.0000000000
4813  11.996  -34.665  30.903 53.0000000000
6821  52.491  43.143  9.973 57.0000000000
7859  5.302  -51.403  21.849 58.0000000000
10833  58.555  -20.969  12.388 59.0000000000
7898  18.830  -14.314  -29.615 60.0000000000
10834  58.077  -21.986  12.744 62.0000000000
14326  36.066  -32.565  44.647 63.0000000000
14557  10.999  -55.015  23.356 66.0000000000
12641  37.806  -37.205  -34.870 67.0000000000
14328  16.294  -61.367  -15.518 68.0000000000
14481  28.867  -58.919  21.641 69.0000000000
18644  25.622  71.604  -33.416 71.0000000000
5308  0.968  8.124  8.124 73.0000000000
310  5.572  40.919  -25.665 76.0000000000
503  40.468  -36.630  4.900 78.0000000000
5307  0.751  7.391  7.221 79.0000000000
19231  30.848  -29.750  20.249 82.0000000000
23675  60.294  -25.927  -19.011 83.0000000000
29955  48.619  45.210  -11.142 85.0000000000
25171  9.302  -50.356  16.953 86.0000000000
30054  35.252  37.625  18.400 87.0000000000
24563  6.399  13.323  20.910 88.0000000000
29956  41.975  15.936  13.326 89.0000000000
30081  25.453  -31.213  -16.350 95.0000000000
1971  8.437  45.566  21.606 97.0000000000
25182  10.516  -5.664  42.165 98.0000000000
29363  37.404  -4.247  27.999 99.0000000000
1900  15.237  47.363  6.986 101.0000000000
1899  15.134  46.442  8.438 106.0000000000
2032  28.708  -81.087  -15.983 109.0000000000
3026  51.435  17.483  -44.115 110.0000000000
1898  15.119  47.949  8.076 113.0000000000
3027  61.367  -29.941  -32.871 115.0000000000
3081  61.129  -6.040  -42.977 116.0000000000
4582  11.154  53.237  -23.880 119.0000000000
6751  41.426  40.662  -30.238 125.0000000000
6988  8.380  -69.775  -33.636 127.0000000000
7981  33.258  -64.465  17.066 128.0000000000
9713  43.660  28.169  -9.421 135.0000000000
10873  60.622  -14.150  18.944 141.0000000000
11522  38.265  71.075  -27.270 145.0000000000
4814  56.003  -35.537  17.891 146.0000000000
4815  14.467  15.111  24.407 148.0000000000
6864  23.578  19.595  40.438 150.0000000000
7858  5.734  -50.688  22.645 151.0000000000
1478  23.038  68.199  10.375 152.0000000000
12640  37.511  -38.000  -36.080 154.0000000000
7794  5.537  -47.636  17.726 155.0000000000
15036  18.003  81.098  -3.029 157.0000000000
12673  52.615  -23.442  24.210 158.0000000000
5306  34.077  10.450  -49.105 166.0000000000
16103  16.856  -27.201  11.939 167.0000000000
25915  12.797  -41.733  32.228 170.0000000000
26095  11.693  -25.316  27.121 172.0000000000
18645  53.562  -37.704  9.803 174.0000000000
18673  34.854  38.167  5.455 175.0000000000
19181  33.090  44.757  -26.013 176.0000000000
6482  36.027  -48.779  -34.035 183.0000000000
12976  51.137  46.670  -2.570 185.0000000000
24527  37.124  26.714  20.360 186.0000000000
23676  50.383  -0.285  13.993 188.0000000000
24489  61.793  -38.794  -14.136 192.0000000000
6987  40.592  41.116  26.789 201.0000000000
9909  14.785  17.566  53.318 204.0000000000
20921  39.972  -4.676  2.621 209.0000000000
16871  5.664  14.799  12.962 212.0000000000
3356  14.579  15.856  23.520 216.0000000000
11794  22.896  -23.400  39.664 225.0000000000
26467  8.321  -70.113  1.808 227.0000000000
26580  7.332  -49.109  -15.976 228.0000000000
26720  36.469  37.440  36.202 231.0000000000
26910  66.206  -6.793  -30.979 235.0000000000
13282  13.576  60.839  -24.533 236.0000000000
29389  9.690  -43.150  35.816 238.0000000000
29399  9.725  -14.521  15.698 240.0000000000
29456  63.324  7.466  15.005 242.0000000000
14239  12.667  81.982  0.054 244.0000000000
27432  40.440  -8.801  -30.859 247.0000000000
27560  37.026  -52.855  4.273 248.0000000000
13283  13.343  -49.119  -2.220 250.0000000000
29631  7.880  19.753  -29.630 251.0000000000
15785  5.951  20.804  18.876 253.0000000000
14238  18.426  -11.939  37.715 258.0000000000
14389  49.734  -43.906  -24.510 261.0000000000
17884  67.376  -26.258  -14.011 263.0000000000
6480  20.919  -25.342  53.940 267.0000000000
8742  22.972  -23.667  41.546 268.0000000000
14705  8.961  27.680  -27.942 279.0000000000
15549  29.084  73.039  -8.696 282.0000000000
17917  26.891  21.154  -48.855 285.0000000000
23950  11.557  -7.987  -25.718 288.0000000000
24259  10.966  20.749  41.419 289.0000000000
24320  39.825  -9.411  19.188 290.0000000000
24350  26.625  24.601  -54.259 291.0000000000
24578  11.890  -71.978  16.351 292.0000000000
29952  63.709  -13.999  20.641 296.0000000000
29964  66.289  11.672  -2.735 297.0000000000
27440  3.792  -24.761  -2.358 298.0000000000
30106  14.024  78.143  8.024 299.0000000000
775  48.517  -44.663  25.614 304.0000000000
91  52.479  -18.332  8.325 305.0000000000
1347  28.535  -33.693  -31.747 306.0000000000
1440  24.646  68.942  16.691 307.0000000000
92  54.768  -18.462  7.300 309.0000000000
90  50.629  -18.579  6.688 310.0000000000
1401  61.105  -12.726  -6.381 311.0000000000
3217  45.183  -2.927  30.374 313.0000000000
6366  16.554  -33.317  49.417 317.0000000000
6425  13.945  84.053  -25.262 319.0000000000
7713  14.255  31.208  -31.908 321.0000000000
9543  12.378  63.919  -1.864 325.0000000000
10787  32.983  -10.016  1.682 327.0000000000
11795  22.842  -21.787  39.055 329.0000000000
11793  30.908  59.195  -33.307 330.0000000000
14263  4.560  35.398  -22.204 337.0000000000
11232  27.331  -41.103  0.404 340.0000000000
15784  15.235  -57.411  -13.641 344.0000000000
14237  18.262  -11.221  38.179 348.0000000000
16582  45.676  14.812  -55.366 351.0000000000
15786  68.359  -2.378  -32.795 356.0000000000
15809  28.432  21.499  -48.609 358.0000000000
16375  13.803  2.228  19.781 361.0000000000
16492  7.621  48.191  34.896 363.0000000000
16522  0.537  41.106  -10.561 364.0000000000
17885  68.515  -25.427  -15.461 366.0000000000
17964  34.192  40.346  16.944 368.0000000000
18031  17.481  35.583  -40.647 370.0000000000
18104  48.708  -28.996  29.381 371.0000000000
20137  15.078  -70.053  10.290 376.0000000000
6481  22.180  -23.143  55.015 377.0000000000
11430  17.439  -34.075  16.275 384.0000000000
11498  42.295  -50.446  -36.166 385.0000000000
12236  35.990  41.289  23.416 386.0000000000
12975  31.320  45.154  16.854 395.0000000000
14884  27.337  -24.296  38.699 397.0000000000
15768  21.028  -84.385  -10.230 399.0000000000
20164  10.770  -29.293  -7.052 402.0000000000
20163  48.895  -58.290  -28.324 403.0000000000
20519  37.541  -9.346  -41.512 405.0000000000
17935  18.709  -67.483  24.000 406.0000000000
20162  48.366  -32.450  -2.825 409.0000000000
20479  36.878  23.285  -30.514 410.0000000000
22216  6.742  -50.270  35.732 413.0000000000
22215  52.983  -1.759  23.481 414.0000000000
25724  35.557  22.595  -38.137 425.0000000000
26347  18.998  -68.757  0.589 426.0000000000
3260  9.922  -34.735  33.679 429.0000000000
100  6.702  75.887  -39.328 430.0000000000
6331  39.945  11.254  37.519 431.0000000000
101  7.211  76.036  -40.221 432.0000000000
7686  41.990  -10.894  16.741 433.0000000000
28142  11.274  82.228  -5.907 438.0000000000
10761  28.685  -63.241  -28.681 439.0000000000
6485  30.891  -49.008  -23.068 441.0000000000
9716  40.187  4.226  -8.222 444.0000000000
9684  39.069  -22.526  28.352 445.0000000000
11231  11.300  78.405  -14.598 446.0000000000
11499  29.669  -80.021  -30.018 450.0000000000
18738  41.662  -48.167  4.012 453.0000000000
11658  11.985  78.763  -17.038 458.0000000000
15046  38.204  -5.647  23.921 464.0000000000
14159  7.059  23.078  -23.538 467.0000000000
15948  15.384  45.599  -36.265 469.0000000000
15045  43.407  -8.214  -37.378 472.0000000000
17277  36.530  -59.800  -16.392 479.0000000000
12264  12.240  -42.358  27.434 485.0000000000
12297  39.340  -44.733  22.357 486.0000000000
8743  52.112  -0.419  -15.556 488.0000000000
2921  19.939  -18.513  51.632 499.0000000000
15548  36.868  -23.916  -27.659 501.0000000000
4631  5.452  -57.224  24.049 503.0000000000
5636  60.924  -1.017  -35.593 505.0000000000
29485  27.847  -5.260  32.271 506.0000000000
6883  55.486  8.585  -24.130 508.0000000000
9592  7.619  -12.024  17.814 523.0000000000
24281  29.616  11.594  -32.719 524.0000000000
10560  38.525  48.265  -21.953 527.0000000000
15897  27.141  -3.263  -46.167 532.0000000000
12111  40.453  -64.046  13.775 534.0000000000
14365  9.944  -46.870  -12.641 535.0000000000
12676  46.737  -19.895  18.626 537.0000000000
30132  27.552  -19.312  -17.925 539.0000000000
1444  19.991  74.391  -1.060 542.0000000000
99  8.366  77.475  -39.354 546.0000000000
3518  30.304  52.356  3.740 549.0000000000
7797  27.220  1.958  -44.510 551.0000000000
7756  37.543  -73.268  -27.158 552.0000000000
9111  35.184  6.225  42.936 554.0000000000
11657  11.417  81.034  -15.448 564.0000000000
14223  14.396  -25.773  56.756 568.0000000000
15044  45.179  -7.431  -37.500 574.0000000000
15949  8.492  16.314  36.391 578.0000000000
15976  25.948  -56.622  -13.460 580.0000000000
17278  63.715  17.265  -6.719 582.0000000000
17303  23.496  -33.333  -27.745 584.0000000000
18366  37.142  -10.272  -4.908 586.0000000000
15668  14.006  52.084  -36.954 589.0000000000
15667  9.099  52.384  -14.948 591.0000000000
20247  20.441  11.899  -44.014 592.0000000000
20774  34.014  -73.042  -7.887 602.0000000000
2922  32.162  2.551  38.530 606.0000000000
6335  49.172  -8.216  8.771 607.0000000000
4632  27.827  -7.597  -42.415 608.0000000000
5447  58.137  17.092  -47.127 610.0000000000
4633  27.506  -6.771  -43.369 613.0000000000
7758  48.747  10.064  19.762 623.0000000000
8182  31.676  -27.569  18.186 624.0000000000
10318  34.212  7.337  44.576 629.0000000000
10559  27.825  -34.956  -24.373 632.0000000000
11339  58.723  -8.814  27.914 636.0000000000
12012  34.604  8.199  -52.917 639.0000000000
12332  33.704  -79.261  -21.963 640.0000000000
12707  6.894  52.106  -43.747 646.0000000000
13132  7.186  45.815  -0.863 647.0000000000
13185  61.168  -17.426  8.480 648.0000000000
1443  6.493  70.958  -14.669 653.0000000000
14727  33.713  -11.488  36.239 655.0000000000
14791  59.185  16.624  -3.530 657.0000000000
15527  4.900  51.425  -46.222 660.0000000000
3915  61.854  -37.749  2.070 664.0000000000
16464  39.029  23.962  -42.863 666.0000000000
17076  52.790  5.325  -37.196 667.0000000000
6450  67.039  7.026  5.397 669.0000000000
18479  24.068  78.802  -6.082 670.0000000000
19855  31.265  -23.430  22.229 672.0000000000
11308  25.673  77.814  2.118 674.0000000000
22477  48.054  24.032  -49.409 676.0000000000
11337  44.775  -35.698  -4.399 677.0000000000
11526  30.998  36.420  24.376 678.0000000000
14160  55.016  -21.663  -40.470 680.0000000000
1925  47.924  14.567  -47.148 682.0000000000
1926  49.155  14.772  -46.834 684.0000000000
16583  45.030  -57.755  16.321 686.0000000000
8746  36.624  2.147  -3.726 690.0000000000
8745  35.947  0.891  -4.917 692.0000000000
7057  61.558  4.662  5.903 693.0000000000
18718  55.822  12.761  26.199 695.0000000000
10939  7.115  14.563  21.012 702.0000000000
26018  12.104  -54.564  7.205 703.0000000000
10938  55.534  40.531  -2.302 705.0000000000
20196  7.196  11.064  13.414 712.0000000000
20270  43.659  -7.479  39.094 714.0000000000
18814  43.842  36.616  -43.692 716.0000000000
21506  10.571  -15.543  16.862 720.0000000000
2920  57.475  -45.494  5.977 721.0000000000
9784  43.800  -1.181  3.424 724.0000000000
9023  34.237  -32.869  46.977 727.0000000000
5523  13.849  -76.345  -21.567 729.0000000000
7757  35.165  -73.587  -27.752 735.0000000000
8181  33.975  -26.917  18.133 736.0000000000
8483  12.866  -33.507  -20.203 739.0000000000
13558  14.938  -33.367  46.017 742.0000000000
10284  7.910  -50.292  31.112 744.0000000000
14950  59.858  -18.277  -32.474 746.0000000000
14996  32.018  53.559  14.838 747.0000000000
17032  56.880  -32.116  -41.895 752.0000000000
11989  63.204  -29.030  2.037 755.0000000000
17968  2.190  18.700  -19.914 759.0000000000
13248  48.907  50.811  -12.700 762.0000000000
14887  65.660  5.008  -36.913 765.0000000000
28251  39.931  -4.899  34.414 768.0000000000
18579  21.058  20.082  50.882 769.0000000000
28472  12.722  -41.325  20.140 772.0000000000
19854  5.737  58.053  -38.791 774.0000000000
28651  50.878  23.088  26.793 779.0000000000
28956  20.313  -19.424  54.428 783.0000000000
23088  42.517  6.365  12.490 785.0000000000
24146  11.897  86.777  -16.232 788.0000000000
29872  25.715  -15.691  48.201 789.0000000000
23038  6.630  -36.204  45.822 790.0000000000
10995  39.176  -28.939  36.560 792.0000000000
23101  32.733  -45.929  -34.464 794.0000000000
2108  40.650  -29.853  39.394 795.0000000000
1924  27.945  -12.090  -32.079 798.0000000000
5156  43.605  0.572  25.431 803.0000000000
3040  26.106  -54.324  -10.510 805.0000000000
8747  46.222  65.107  -27.513 810.0000000000
8782  60.942  20.469  -21.113 813.0000000000
9881  21.728  21.911  48.085 817.0000000000
9880  41.702  -27.100  -40.787 818.0000000000
10937  54.379  39.390  -3.584 821.0000000000
12679  32.593  -45.085  41.654 824.0000000000
20194  8.057  8.627  13.103 826.0000000000
15173  32.343  -44.330  -26.277 827.0000000000
18480  24.385  -38.675  49.727 828.0000000000
13367  39.077  -57.746  -12.265 830.0000000000
20220  19.904  10.704  -43.382 833.0000000000
14975  22.442  -46.609  -9.377 835.0000000000
18964  30.199  -6.409  49.112 838.0000000000
6885  53.458  5.236  -23.830 843.0000000000
9022  34.640  -30.121  48.097 845.0000000000
9689  7.463  -45.080  4.010 847.0000000000
11502  45.441  11.267  -63.245 856.0000000000
12945  10.441  -9.291  39.442 859.0000000000
13331  32.143  -7.130  39.786 862.0000000000
14040  65.370  -29.315  -20.404 863.0000000000
14163  7.572  -18.760  21.589 867.0000000000
15552  10.029  71.008  19.589 872.0000000000
23087  51.692  35.719  19.682 879.0000000000
24156  30.702  46.722  -12.574 882.0000000000
23225  38.414  -71.321  -33.822 884.0000000000
23089  43.134  7.565  12.154 885.0000000000
24145  5.043  7.207  -34.152 888.0000000000
24144  25.003  31.360  44.797 889.0000000000
24173  21.131  -37.466  4.632 890.0000000000
24202  60.197  17.840  -39.315 891.0000000000
10790  28.191  -61.701  -32.256 893.0000000000
25041  34.897  12.840  -42.606 896.0000000000
9473  9.768  -50.666  29.017 897.0000000000
12611  6.035  11.396  32.541 898.0000000000
25757  50.337  -49.244  -6.310 899.0000000000
16610  5.080  -2.488  33.615 900.0000000000
6997  69.126  -6.241  -14.920 910.0000000000
3871  44.487  12.321  39.508 912.0000000000
8258  40.008  -11.760  47.038 920.0000000000
12646  60.416  -30.245  -40.724 926.0000000000
14464  49.743  8.271  -46.295 932.0000000000
15051  27.637  73.306  -7.239 933.0000000000
14922  34.775  -33.203  28.279 941.0000000000
17509  24.540  -40.629  23.867 948.0000000000
9843  46.285  -9.104  5.548 950.0000000000
6928  8.158  79.473  -1.473 952.0000000000
9021  51.836  -32.133  29.235 953.0000000000
9630  28.756  -65.666  2.162 958.0000000000
12509  12.032  63.827  26.113 960.0000000000
14131  53.616  -21.382  -38.416 964.0000000000
9471  37.184  57.131  12.248 972.0000000000
9504  31.847  -58.920  20.081 974.0000000000
10047  8.378  7.526  43.455 976.0000000000
10996  39.060  -26.664  35.442 979.0000000000
9472  9.467  -50.125  30.137 982.0000000000
10019  39.355  -33.836  -37.269 984.0000000000
12585  36.706  11.896  -13.012 987.0000000000
10997  14.864  -3.744  24.528 989.0000000000
12587  31.506  -36.635  -30.536 991.0000000000
14492  12.633  -24.784  -12.164 992.0000000000
16555  36.920  25.050  18.294 993.0000000000
16008  39.974  58.774  -8.894 995.0000000000
3926  50.103  18.390  -30.583 998.0000000000
3870  44.838  11.377  39.766 999.0000000000
10793  18.501  -29.861  15.235 1004.0000000000
12119  31.403  -26.700  -32.271 1006.0000000000
10848  52.843  9.501  -2.943 1008.0000000000
13497  27.959  -77.642  -14.802 1010.0000000000
12154  14.231  49.912  -41.317 1011.0000000000
12882  43.463  -61.677  -4.006 1013.0000000000
12432  36.734  -33.459  15.339 1015.0000000000
5571  8.338  85.021  -22.459 1020.0000000000
14976  44.871  -45.882  1.757 1023.0000000000
13439  49.493  -2.037  -11.217 1026.0000000000
15791  21.795  -84.009  -12.105 1034.0000000000
16723  13.788  51.513  36.826 1036.0000000000
18140  33.090  -36.250  -33.623 1039.0000000000
18141  34.678  -34.130  -32.830 1040.0000000000
18655  54.284  -0.667  -0.527 1041.0000000000
21216  23.082  34.652  23.718 1050.0000000000
22935  31.168  -22.878  19.247 1053.0000000000
24216  60.193  -7.188  16.197 1059.0000000000
24260  32.471  -1.732  52.396 1063.0000000000
11662  1.901  8.952  -3.954 1068.0000000000
11746  59.483  -25.916  -13.318 1069.0000000000
11770  45.928  -12.137  45.241 1070.0000000000
12083  38.542  -1.630  -46.121 1073.0000000000
12765  17.542  -69.561  7.639 1075.0000000000
12818  58.176  -20.570  -21.109 1076.0000000000
29752  10.717  -30.855  45.419 1077.0000000000
29763  46.432  27.517  1.775 1079.0000000000
3869  45.649  12.427  37.952 1083.0000000000
12120  18.702  23.404  43.283 1092.0000000000
12121  16.365  -49.898  29.042 1096.0000000000
12881  14.510  -64.248  -7.923 1099.0000000000
14371  39.167  30.160  28.404 1100.0000000000
12434  34.680  -8.841  28.375 1101.0000000000
8618  47.241  2.246  32.552 1103.0000000000
8074  8.342  -48.673  7.992 1104.0000000000
14465  7.202  38.813  22.020 1108.0000000000
7803  35.021  8.206  -1.066 1110.0000000000
15154  26.410  -34.992  -25.478 1111.0000000000
4866  60.770  -43.637  -24.224 1116.0000000000
11108  12.894  23.145  27.679 1120.0000000000
11886  36.213  -50.756  35.260 1123.0000000000
12612  48.687  -35.372  -6.659 1125.0000000000
12951  38.832  48.895  12.099 1128.0000000000
20404  61.649  -7.070  19.075 1129.0000000000
13688  60.432  -26.819  19.940 1131.0000000000
14428  36.797  -62.920  -20.389 1135.0000000000
14468  38.471  -73.334  -27.578 1136.0000000000
11881  37.314  19.980  10.866 1142.0000000000
11943  40.096  -68.112  -35.179 1143.0000000000
14681  11.034  36.436  43.396 1144.0000000000
15139  56.265  26.057  -16.759 1145.0000000000
15175  54.687  -18.213  2.643 1146.0000000000
15286  12.957  83.254  -1.098 1148.0000000000
11882  5.136  -3.458  37.610 1149.0000000000
2932  46.397  -15.436  -23.367 1151.0000000000
13869  26.864  -49.229  -23.893 1158.0000000000
14403  30.147  15.437  43.383 1161.0000000000
5569  6.500  62.180  22.572 1162.0000000000
5570  14.383  75.015  9.156 1163.0000000000
21279  17.476  -27.134  -24.398 1169.0000000000
8180  33.486  -26.085  16.898 1170.0000000000
7805  58.717  38.469  -0.734 1172.0000000000
11082  17.029  -45.892  -24.702 1178.0000000000
11885  7.847  23.443  45.627 1180.0000000000
11887  37.532  -49.519  34.038 1182.0000000000
12613  50.352  -36.138  -6.301 1184.0000000000
13231  33.867  9.004  -4.404 1192.0000000000
13770  8.605  -60.305  25.835 1196.0000000000
11944  37.069  12.584  -54.848 1203.0000000000
14680  15.186  -41.983  10.912 1204.0000000000
15156  22.038  -31.400  -27.606 1205.0000000000
15215  27.560  -80.988  -17.077 1206.0000000000
12017  33.861  17.055  39.348 1209.0000000000
24437  7.729  77.514  -34.356 1211.0000000000
24453  13.589  -62.483  -16.126 1213.0000000000
21619  8.230  -30.394  -6.473 1220.0000000000
7804  65.483  -15.086  -3.140 1223.0000000000
8617  3.051  20.479  -21.999 1225.0000000000
4868  57.783  -46.110  -21.899 1226.0000000000
4867  58.174  -46.153  -20.706 1230.0000000000
11081  51.722  29.517  -30.906 1231.0000000000
11945  37.964  12.003  -52.185 1234.0000000000
12683  18.445  -41.553  49.824 1236.0000000000
11083  27.114  30.466  -34.612 1238.0000000000
12950  40.090  49.192  11.939 1240.0000000000
13687  38.929  -57.201  -7.932 1242.0000000000
24288  39.885  59.443  -3.379 1246.0000000000
14429  63.819  -8.922  -15.207 1249.0000000000
14542  47.740  -16.678  -34.740 1250.0000000000
26079  11.473  75.665  -14.831 1251.0000000000
26291  21.279  -40.335  6.637 1252.0000000000
26338  26.003  -73.193  3.692 1255.0000000000
20605  10.071  -46.860  9.617 1257.0000000000
26805  39.884  57.689  16.667 1262.0000000000
22128  8.303  -14.728  -10.725 1265.0000000000
23049  21.956  -21.015  51.175 1272.0000000000
23069  50.912  55.901  -19.177 1277.0000000000
23867  38.517  23.221  33.448 1280.0000000000
24218  0.660  46.616  -16.104 1284.0000000000
26550  25.353  24.644  -57.743 1291.0000000000
26935  53.619  -4.135  37.442 1298.0000000000
27067  14.867  -48.424  -2.450 1299.0000000000
27181  23.975  -47.779  35.311 1302.0000000000
29308  6.408  21.653  -38.307 1305.0000000000
29793  27.004  -33.782  -33.316 1307.0000000000
28940  34.731  50.025  -15.529 1308.0000000000
28941  0.793  29.168  2.378 1310.0000000000
29282  57.448  -35.616  6.679 1313.0000000000
29330  63.592  -4.216  -34.865 1317.0000000000
29582  41.846  15.261  16.327 1321.0000000000
29812  10.471  59.372  -38.263 1322.0000000000
26776  5.368  -49.003  18.559 1325.0000000000
26812  9.159  -35.288  34.600 1328.0000000000
26832  23.489  -24.532  37.469 1329.0000000000
26952  38.397  17.615  -22.572 1332.0000000000
27075  22.798  -68.355  -29.037 1333.0000000000
29508  4.203  -52.263  -2.195 1338.0000000000
28942  17.655  -17.535  -19.368 1340.0000000000
26938  16.718  -25.851  -25.496 1342.0000000000
29281  57.215  -34.974  5.281 1351.0000000000
27867  61.022  -22.530  7.167 1360.0000000000
24049  14.661  -77.946  -26.921 1361.0000000000
24499  1.812  7.571  -34.208 1363.0000000000
24509  29.448  43.563  -24.295 1364.0000000000
8113  7.141  56.940  -19.848 1368.0000000000
26964  11.315  -46.885  -18.689 1370.0000000000
26899  7.855  65.386  0.162 1372.0000000000
26923  53.263  -5.591  36.986 1374.0000000000
29516  23.832  -7.578  36.235 1377.0000000000
27618  14.766  -58.489  -19.463 1381.0000000000
27619  7.111  -29.266  25.093 1383.0000000000
27971  55.439  -24.623  32.492 1385.0000000000
9957  10.782  -56.713  -2.315 1387.0000000000
863  4.232  -6.583  -15.254 1388.0000000000
5286  60.478  -8.310  28.169 1394.0000000000
6943  40.283  49.320  23.106 1395.0000000000
9293  8.572  36.638  36.556 1399.0000000000
11093  61.683  -13.049  -31.003 1400.0000000000
11674  13.822  -59.908  12.262 1406.0000000000
12800  17.389  -29.992  12.020 1407.0000000000
14302  30.429  15.824  45.366 1409.0000000000
3830  9.300  3.950  32.803 1418.0000000000
6902  48.963  -6.223  29.534 1421.0000000000
8053  16.029  -35.608  38.833 1424.0000000000
11094  61.822  -11.946  -31.067 1429.0000000000
26930  8.062  9.211  49.831 1430.0000000000
26939  15.988  -26.076  -25.174 1431.0000000000
15269  10.947  50.874  -1.186 1439.0000000000
15270  10.614  49.848  0.412 1440.0000000000
9956  11.777  17.300  19.790 1441.0000000000
9958  68.380  -4.978  -32.343 1445.0000000000
5250  30.900  -37.085  -14.937 1446.0000000000
8016  33.893  -36.382  17.731 1450.0000000000
8083  23.386  70.725  -17.359 1451.0000000000
9249  40.416  59.935  -1.844 1452.0000000000
11095  50.895  4.529  -44.341 1453.0000000000
11636  43.363  -48.363  -36.375 1459.0000000000
16734  18.820  4.198  54.160 1463.0000000000
16764  41.657  -39.545  -14.182 1464.0000000000
21902  26.814  -11.632  38.210 1470.0000000000
20828  53.444  4.129  -50.075 1471.0000000000
19095  64.622  -27.808  -24.284 1473.0000000000
19915  14.583  66.205  15.314 1474.0000000000
