#!ascii label  , from subject FreeSurferMNI152_0.2 vox2ras=TkReg
257
18995  -19.483  -27.404  -29.941 1.0000000000
9308  -28.098  -57.185  2.141 2.0000000000
19117  -50.161  29.671  -42.689 5.0000000000
7433  -35.540  -61.747  -38.107 6.0000000000
29355  -47.855  -58.832  15.252 9.0000000000
9309  -40.027  56.940  16.421 10.0000000000
28347  -38.439  19.958  14.943 12.0000000000
25335  -55.874  -33.648  -25.826 13.0000000000
28404  -13.840  30.589  -36.704 14.0000000000
10247  -3.366  63.619  31.722 16.0000000000
25260  -15.891  74.595  13.571 17.0000000000
25336  -43.846  -54.114  -12.733 22.0000000000
19707  -48.818  -51.159  -8.166 24.0000000000
598  -20.790  -45.663  29.235 25.0000000000
25261  -12.902  83.238  -28.101 29.0000000000
1268  -20.067  63.939  15.051 30.0000000000
26590  -34.523  34.738  -28.713 33.0000000000
597  -20.752  -42.960  29.909 36.0000000000
5333  -34.175  1.677  -38.781 39.0000000000
18670  -20.499  -35.634  -33.411 41.0000000000
5636  -42.855  -54.758  -29.828 42.0000000000
15074  -1.266  24.438  6.654 43.0000000000
599  -20.653  -45.210  28.129 44.0000000000
731  -25.090  78.601  -15.901 53.0000000000
1269  -18.735  62.572  13.594 57.0000000000
5334  -46.750  24.170  -0.242 60.0000000000
5428  -57.785  8.830  0.457 61.0000000000
5224  -26.339  -44.705  -12.653 63.0000000000
8682  -60.242  -19.757  -33.951 67.0000000000
6358  -2.471  56.909  -48.309 74.0000000000
7368  -53.231  0.828  -24.078 78.0000000000
10028  -65.256  -15.186  18.455 85.0000000000
11101  -6.615  -22.645  14.690 87.0000000000
5265  -1.143  -48.384  -17.029 88.0000000000
7311  -62.456  11.682  -44.236 90.0000000000
8681  -60.211  -18.850  28.128 95.0000000000
9568  -29.060  46.410  -15.001 97.0000000000
5187  -7.994  -21.873  16.396 102.0000000000
17942  -56.451  44.467  -7.632 106.0000000000
18102  0.636  34.459  -3.247 108.0000000000
9570  -21.642  51.139  36.094 112.0000000000
15666  -27.554  -62.116  30.250 117.0000000000
4993  -34.163  -21.670  29.258 119.0000000000
5987  -30.276  -64.455  -39.139 123.0000000000
9891  -19.917  -74.382  12.073 129.0000000000
9569  -4.504  -30.561  45.833 134.0000000000
17926  -49.315  52.981  -9.642 143.0000000000
9892  -18.596  -74.303  12.285 145.0000000000
11565  -0.582  34.265  13.875 152.0000000000
4994  -34.196  -20.584  27.971 156.0000000000
4992  -21.483  71.711  -12.254 157.0000000000
624  -41.771  -3.475  -41.836 162.0000000000
9890  -54.414  -42.555  -12.171 166.0000000000
4999  -39.109  36.013  -23.033 170.0000000000
10804  -49.824  -6.515  19.087 175.0000000000
15162  -11.738  -13.794  53.684 180.0000000000
534  -0.240  1.276  -22.481 184.0000000000
10712  -55.248  -46.088  11.046 197.0000000000
10710  -3.725  34.596  13.664 199.0000000000
11864  -11.489  -25.600  14.939 201.0000000000
19207  -21.080  -43.219  -30.291 229.0000000000
15163  -31.125  50.727  16.972 231.0000000000
536  -25.107  76.277  8.607 232.0000000000
2580  -50.230  -55.605  -32.035 235.0000000000
5042  -47.946  40.708  4.262 240.0000000000
20067  -10.291  63.805  -6.353 244.0000000000
14463  -5.967  -38.430  49.443 245.0000000000
14462  -8.078  -38.211  50.267 246.0000000000
18053  -36.807  37.048  36.017 248.0000000000
535  -51.861  34.303  -33.795 254.0000000000
2579  -50.913  -54.342  -30.284 257.0000000000
4998  -28.503  37.263  -60.295 261.0000000000
20503  -19.210  -87.095  -12.703 265.0000000000
12097  -1.190  -36.787  37.126 266.0000000000
21598  -0.308  -6.553  -2.337 267.0000000000
21094  -21.193  58.582  14.410 268.0000000000
12160  -25.400  66.990  8.399 270.0000000000
12871  -14.592  -41.257  36.700 276.0000000000
19908  -41.131  4.367  -4.769 289.0000000000
21314  -45.536  -36.561  -34.035 293.0000000000
21656  -7.097  44.568  44.609 296.0000000000
5162  -49.110  4.630  -8.049 297.0000000000
26001  -22.232  3.637  36.292 304.0000000000
16275  -51.474  54.111  -10.822 305.0000000000
14437  -41.663  -4.580  -7.479 311.0000000000
5128  -36.379  -6.958  -33.678 314.0000000000
14597  -27.741  -52.449  33.417 318.0000000000
18052  -53.752  7.421  23.265 324.0000000000
19397  -10.276  -59.067  40.189 326.0000000000
20931  -0.155  11.862  -33.289 331.0000000000
12919  -34.820  20.850  45.041 332.0000000000
21641  -16.206  14.342  -53.154 333.0000000000
22305  -0.036  13.695  -34.527 339.0000000000
5161  -46.686  4.090  -7.563 340.0000000000
7827  -4.370  18.941  29.717 343.0000000000
17544  -38.023  -23.616  30.353 352.0000000000
16276  -30.516  -5.713  -46.199 354.0000000000
18363  -49.401  49.802  1.334 359.0000000000
483  -51.655  -39.805  32.702 362.0000000000
21275  -27.464  -24.599  49.683 365.0000000000
481  -37.111  38.347  -11.296 366.0000000000
12838  -9.606  -78.466  11.727 367.0000000000
3781  -24.302  -65.224  -38.626 368.0000000000
10294  -13.280  48.018  35.949 374.0000000000
26601  -59.397  -4.419  -41.757 381.0000000000
20788  -16.174  70.579  21.085 392.0000000000
28084  1.047  -54.639  15.956 393.0000000000
13325  -1.505  -35.513  3.914 394.0000000000
11373  -20.104  -81.688  -7.095 396.0000000000
5160  -50.479  4.040  -7.467 402.0000000000
12098  -38.705  44.504  28.336 404.0000000000
12186  -36.329  -19.514  -5.118 407.0000000000
16814  -51.253  15.549  -16.527 410.0000000000
23411  -40.028  -22.006  -39.404 416.0000000000
482  -39.578  39.392  -11.808 423.0000000000
4264  -1.288  9.502  45.681 434.0000000000
5129  -36.604  -5.103  -33.886 436.0000000000
10631  -15.985  57.372  26.424 441.0000000000
26424  -21.158  83.192  -3.227 443.0000000000
12918  -12.176  -27.639  32.158 448.0000000000
14465  -11.682  18.765  -33.527 450.0000000000
12645  -0.996  -21.327  16.639 456.0000000000
13177  -0.882  69.063  -19.821 459.0000000000
11372  -5.930  86.945  -15.773 463.0000000000
12646  -11.681  88.474  -19.907 464.0000000000
12647  -18.753  -41.303  53.118 465.0000000000
18339  -54.990  -13.584  -20.235 472.0000000000
15475  -16.795  14.829  -32.799 473.0000000000
13326  -25.928  -8.059  39.386 475.0000000000
5604  -5.652  -35.693  -15.621 480.0000000000
20906  -61.078  5.929  21.487 482.0000000000
21480  -8.409  -47.726  -12.160 484.0000000000
22519  0.634  -45.772  -0.095 488.0000000000
687  -36.015  21.092  -57.056 491.0000000000
772  -53.384  -30.508  -8.336 493.0000000000
10295  -2.159  45.090  -22.717 503.0000000000
19909  -19.245  82.680  -32.776 504.0000000000
12917  -21.305  51.370  -33.151 510.0000000000
26963  -14.843  73.484  9.496 512.0000000000
6306  -19.995  -39.934  -14.426 527.0000000000
6443  -49.413  -14.620  -47.401 538.0000000000
2976  -3.535  70.317  -3.103 539.0000000000
5605  -1.880  -35.386  2.042 541.0000000000
11080  -27.248  -8.301  -29.856 553.0000000000
15010  -2.049  -50.842  -20.880 556.0000000000
15975  -7.013  -1.429  25.778 563.0000000000
15974  -23.411  -33.850  -26.401 566.0000000000
18816  -28.617  -68.580  -38.825 570.0000000000
20465  -0.736  67.756  23.321 578.0000000000
20312  -54.220  9.131  10.373 579.0000000000
22099  -60.000  -22.730  -33.824 583.0000000000
6307  -17.558  -39.837  -14.629 589.0000000000
5666  -30.093  -16.936  -27.526 597.0000000000
6489  -37.212  71.035  -0.378 601.0000000000
5606  -23.075  -64.774  0.580 605.0000000000
6442  -52.664  -12.226  -48.357 609.0000000000
7527  -42.009  23.132  -36.458 612.0000000000
11081  -61.209  18.293  11.261 615.0000000000
15774  -57.754  11.801  -2.100 622.0000000000
15976  -61.202  25.944  -4.488 626.0000000000
18016  -63.791  11.192  -29.517 630.0000000000
3398  -28.665  -1.434  -30.195 637.0000000000
20464  -8.838  64.387  -2.484 640.0000000000
17991  -38.118  35.035  36.460 660.0000000000
24396  -43.084  19.032  -14.528 665.0000000000
18911  -33.908  13.953  35.976 667.0000000000
15011  -3.028  -49.831  -22.081 675.0000000000
15773  -41.485  -70.618  -33.544 678.0000000000
1463  -54.821  14.428  -33.319 689.0000000000
1462  -17.284  -73.702  8.811 694.0000000000
4804  -36.338  15.017  32.870 697.0000000000
3544  -43.478  -45.874  -4.496 699.0000000000
6812  -21.624  -48.513  14.047 700.0000000000
18202  -27.039  48.499  -38.894 711.0000000000
19955  -57.392  -24.650  5.894 713.0000000000
19956  -30.163  26.477  -56.403 727.0000000000
11082  -51.877  51.098  -25.734 730.0000000000
23692  -3.986  13.757  -35.554 732.0000000000
29718  -47.437  36.158  -16.297 737.0000000000
24682  -67.412  -4.683  -25.591 738.0000000000
25474  -0.522  39.357  28.438 742.0000000000
27000  -37.893  -61.654  -38.467 746.0000000000
1533  -18.648  -36.343  -27.385 747.0000000000
4805  -37.149  15.947  35.827 761.0000000000
6813  -1.365  28.590  -18.980 768.0000000000
19862  0.691  -17.143  24.427 776.0000000000
18910  -49.431  14.404  -34.449 779.0000000000
19861  -11.864  84.084  -33.363 786.0000000000
21343  -43.284  -19.003  20.182 799.0000000000
21426  -39.402  -14.796  49.297 801.0000000000
22408  -7.020  -29.505  37.613 805.0000000000
23782  -53.469  -2.644  21.348 815.0000000000
24041  -57.553  -1.218  23.869 817.0000000000
25231  -3.237  -72.874  -16.244 828.0000000000
25022  -20.383  82.158  2.136 831.0000000000
1534  -10.277  -36.547  -15.090 837.0000000000
1962  -44.891  23.206  1.422 839.0000000000
1464  -14.736  -36.215  45.569 840.0000000000
3399  -26.981  -2.170  -29.941 843.0000000000
4803  -35.287  14.630  34.712 845.0000000000
18932  -16.785  14.516  -44.053 858.0000000000
14053  -0.698  -2.416  -37.094 861.0000000000
14054  -26.529  -3.720  -49.749 865.0000000000
22662  -59.212  -48.459  -17.765 875.0000000000
4490  -6.495  -53.158  6.023 880.0000000000
25021  -18.010  82.272  3.959 888.0000000000
3296  -56.677  8.601  24.146 894.0000000000
5964  -53.333  -30.983  -7.532 902.0000000000
5963  -60.577  -34.703  19.488 903.0000000000
7862  -22.882  -52.173  36.098 905.0000000000
2137  -22.103  -32.981  52.132 916.0000000000
2136  -65.499  -16.680  -40.610 917.0000000000
4742  -11.376  -0.670  19.800 922.0000000000
1535  -37.995  -64.099  -6.830 927.0000000000
1963  -67.924  -1.496  -28.350 929.0000000000
3494  -45.472  -42.089  19.387 936.0000000000
5965  -46.501  57.404  -8.645 937.0000000000
8645  -15.620  -36.882  -29.122 940.0000000000
5826  -66.027  -0.136  -10.255 944.0000000000
10263  -25.311  82.633  -3.362 958.0000000000
12652  -57.574  9.339  -49.883 963.0000000000
16557  -40.363  64.039  -22.818 971.0000000000
14502  -13.311  -49.163  -0.828 974.0000000000
2138  -39.860  39.279  4.422 985.0000000000
4491  -7.872  -53.194  6.792 988.0000000000
10262  -23.526  83.215  -3.361 995.0000000000
12653  -59.205  -39.147  -27.036 999.0000000000
15097  -27.263  -27.900  -24.036 1003.0000000000
14501  -11.578  64.801  -44.386 1004.0000000000
14447  -18.655  2.461  -30.865 1005.0000000000
18698  0.091  61.415  0.992 1012.0000000000
16588  -21.136  71.276  18.051 1023.0000000000
19308  -34.618  -10.755  -0.710 1026.0000000000
8422  -41.041  -61.393  0.301 1031.0000000000
20718  -9.742  -45.677  -23.071 1038.0000000000
20717  -28.834  -2.540  -49.495 1039.0000000000
29160  -56.182  -51.858  -23.918 1041.0000000000
10339  -43.182  65.957  -5.516 1048.0000000000
4368  -52.572  28.759  -44.753 1054.0000000000
5454  -38.712  -19.975  17.865 1061.0000000000
8421  -26.641  15.181  45.411 1074.0000000000
11899  -48.636  34.984  -46.305 1078.0000000000
4367  -50.900  28.551  -44.539 1091.0000000000
6530  -31.865  -15.153  -34.531 1098.0000000000
6345  -31.409  10.359  -43.683 1099.0000000000
7468  1.294  -68.518  -20.763 1102.0000000000
7495  -27.262  7.906  -50.453 1104.0000000000
9128  -43.162  -28.833  -38.938 1108.0000000000
10310  -36.800  -25.394  -45.221 1115.0000000000
6346  -59.980  -36.916  -5.077 1121.0000000000
7469  0.794  -64.551  -19.700 1129.0000000000
9095  -0.595  -15.448  53.113 1132.0000000000
10269  -11.437  11.105  -43.950 1138.0000000000
6529  -31.439  -19.703  -31.918 1149.0000000000
7467  -16.147  10.251  47.134 1153.0000000000
10170  -35.653  9.404  47.373 1169.0000000000
8041  -24.100  -25.984  -19.211 1172.0000000000
