#!ascii label  , from subject FreeSurferMNI152_0.2 vox2ras=TkReg
613
8421  62.255  -12.392  -36.422 1.0000000000
8355  30.229  83.110  -5.509 2.0000000000
20346  35.946  -32.654  -39.846 5.0000000000
8354  63.705  -42.334  -6.361 6.0000000000
6171  43.929  29.960  8.436 7.0000000000
11243  56.992  28.035  -41.659 12.0000000000
17745  12.379  66.139  -7.326 14.0000000000
17746  12.703  66.955  -8.098 16.0000000000
23563  7.981  -38.608  22.768 20.0000000000
23564  5.155  -39.358  22.957 26.0000000000
24672  46.089  53.761  -6.418 28.0000000000
24671  40.436  -5.230  29.872 29.0000000000
17747  3.027  -46.758  34.868 31.0000000000
17802  50.680  -28.366  35.489 32.0000000000
20370  2.618  42.205  0.633 33.0000000000
20347  7.429  19.386  -30.428 38.0000000000
25759  26.840  -18.390  -22.812 49.0000000000
20202  40.745  0.205  -9.480 51.0000000000
27254  7.242  23.843  26.132 52.0000000000
23495  2.984  21.406  7.321 55.0000000000
7854  3.262  11.033  -33.829 60.0000000000
15007  2.825  1.693  38.898 61.0000000000
13198  31.841  -29.637  34.700 64.0000000000
27007  39.532  -39.816  40.765 75.0000000000
10029  13.441  -38.029  20.246 77.0000000000
27008  2.658  -10.787  33.059 82.0000000000
20036  46.580  -62.924  -3.859 84.0000000000
27867  8.915  -62.017  -12.414 88.0000000000
7852  58.560  12.239  -56.078 89.0000000000
10861  45.140  -51.943  -1.698 98.0000000000
15006  43.724  0.142  30.579 103.0000000000
15030  7.369  -53.221  40.835 105.0000000000
10030  4.905  86.272  -28.434 106.0000000000
19537  56.337  29.408  -16.556 107.0000000000
10028  9.881  -79.622  2.061 111.0000000000
21836  48.957  19.134  -57.934 112.0000000000
22277  13.811  -64.155  -14.924 114.0000000000
19538  35.475  -17.106  -24.350 116.0000000000
862  10.407  -40.103  35.450 118.0000000000
20037  47.195  -61.570  -4.605 119.0000000000
24049  25.842  -11.459  -43.305 126.0000000000
7853  57.936  12.421  -57.675 130.0000000000
10860  43.767  13.678  -14.778 132.0000000000
13199  31.994  -28.668  32.327 134.0000000000
10893  51.231  -44.063  17.630 137.0000000000
13341  38.946  11.740  -54.297 140.0000000000
15406  53.759  -4.613  29.162 144.0000000000
17714  3.034  66.139  3.336 149.0000000000
22276  3.072  40.355  7.572 151.0000000000
28706  21.213  6.076  56.341 153.0000000000
22350  25.807  21.506  30.877 154.0000000000
28739  7.601  18.042  -33.516 156.0000000000
23220  32.249  -17.844  -24.834 157.0000000000
861  11.023  -41.642  37.488 166.0000000000
863  9.190  -39.596  36.749 168.0000000000
932  39.463  34.531  -16.168 169.0000000000
3830  3.951  -61.058  16.818 170.0000000000
26906  30.898  27.863  41.988 174.0000000000
5215  57.655  16.763  -5.435 180.0000000000
28260  9.340  89.313  -16.514 183.0000000000
25095  53.079  30.929  26.346 188.0000000000
27358  59.081  48.101  -14.908 197.0000000000
16482  8.331  -56.007  -20.343 199.0000000000
24480  58.021  32.120  2.884 201.0000000000
3784  7.263  -7.053  -26.317 205.0000000000
5250  24.119  10.358  43.290 209.0000000000
11636  11.620  80.994  -32.195 210.0000000000
12800  54.400  -5.749  30.975 211.0000000000
14301  46.938  68.560  -22.673 212.0000000000
14302  58.068  -19.839  24.800 214.0000000000
15269  33.388  38.531  -43.627 215.0000000000
15268  8.294  -46.460  40.746 216.0000000000
9956  15.192  -78.987  -20.588 217.0000000000
22678  33.222  -70.044  -9.974 218.0000000000
2962  25.806  73.971  -18.504 219.0000000000
3074  7.601  32.037  19.003 223.0000000000
24459  31.699  11.461  -46.042 229.0000000000
11616  57.657  16.093  -12.095 231.0000000000
9707  19.440  31.477  48.311 233.0000000000
17544  49.888  22.940  -61.690 238.0000000000
17603  61.136  -20.891  19.129 240.0000000000
14712  22.992  -71.120  2.514 243.0000000000
24481  45.832  38.036  -15.824 247.0000000000
3894  37.637  42.110  36.539 248.0000000000
17699  2.513  -21.262  49.091 250.0000000000
18341  26.742  -41.931  -25.044 253.0000000000
21516  64.124  17.037  6.752 255.0000000000
11095  14.374  62.664  -21.198 256.0000000000
21901  43.256  -9.623  -40.641 257.0000000000
22399  26.333  -2.856  -36.032 260.0000000000
22665  37.865  -5.940  -6.582 262.0000000000
16734  43.130  -53.815  -4.594 266.0000000000
23302  54.172  -27.617  17.836 270.0000000000
2963  10.762  -85.065  -19.858 275.0000000000
2961  31.480  70.702  7.756 276.0000000000
5214  56.628  15.995  -6.320 278.0000000000
5255  39.692  23.933  22.584 280.0000000000
7557  13.733  27.378  51.856 284.0000000000
9708  39.916  -44.443  -32.095 285.0000000000
5549  27.004  -34.755  -14.719 286.0000000000
9492  42.773  -46.812  -3.318 288.0000000000
9491  42.492  -49.059  -2.893 289.0000000000
14152  6.564  -56.659  -26.597 292.0000000000
12292  58.876  -17.829  -34.939 295.0000000000
17543  50.216  21.230  -59.086 297.0000000000
16483  8.268  -55.499  -18.529 300.0000000000
14782  33.048  -2.261  -52.601 309.0000000000
19095  19.337  -60.669  -34.779 314.0000000000
21517  33.504  -28.231  -27.647 317.0000000000
21902  2.916  -8.599  34.434 319.0000000000
22422  2.720  34.835  16.378 322.0000000000
22942  34.554  -25.254  -26.216 326.0000000000
23285  29.191  -9.344  -30.885 329.0000000000
23349  27.213  13.351  29.868 330.0000000000
5326  42.346  -42.619  -34.834 334.0000000000
11617  45.342  -3.816  34.249 343.0000000000
2752  22.617  -43.970  4.627 346.0000000000
3079  42.996  4.602  -22.146 347.0000000000
9831  49.545  14.275  -16.211 353.0000000000
11557  38.430  62.403  11.710 357.0000000000
17698  41.496  28.103  -64.188 361.0000000000
13243  6.632  -20.771  34.178 364.0000000000
14059  45.314  1.299  24.384 366.0000000000
14787  40.154  -18.655  -41.462 368.0000000000
15463  5.933  -38.559  19.065 369.0000000000
16452  51.382  -42.658  15.506 372.0000000000
21903  6.129  56.451  -29.263 374.0000000000
15763  9.595  -18.885  27.870 375.0000000000
22383  45.311  55.595  -9.732 377.0000000000
17911  42.284  20.547  -36.785 378.0000000000
21019  3.682  80.721  -18.893 381.0000000000
22114  4.826  -76.001  -21.953 384.0000000000
22208  67.217  -30.543  4.346 387.0000000000
25753  66.956  -30.062  -15.774 388.0000000000
2471  19.416  -62.819  19.756 391.0000000000
25830  21.334  78.928  9.275 394.0000000000
2473  25.551  44.266  27.068 395.0000000000
2527  41.959  51.141  -2.520 397.0000000000
888  61.156  -9.603  12.206 398.0000000000
2904  27.878  -13.898  -41.782 400.0000000000
2472  16.310  -62.569  20.818 402.0000000000
6329  61.361  -18.084  31.144 411.0000000000
9768  35.405  -48.133  36.095 413.0000000000
11264  50.145  40.074  -29.837 416.0000000000
16451  8.324  39.999  46.601 427.0000000000
16603  10.659  -36.507  8.104 429.0000000000
17181  52.929  51.062  2.175 430.0000000000
16602  32.162  -38.476  -11.284 434.0000000000
19587  2.579  -31.917  4.610 438.0000000000
21394  16.661  -44.623  9.330 441.0000000000
22113  2.797  -37.825  9.428 444.0000000000
20354  32.260  -41.252  -13.786 446.0000000000
20655  64.985  18.517  -9.282 448.0000000000
30112  62.809  -8.990  13.771 452.0000000000
945  34.459  41.290  38.022 461.0000000000
3080  43.764  7.359  -23.187 463.0000000000
2966  26.547  -16.525  -40.124 465.0000000000
4150  42.813  -15.999  -2.187 466.0000000000
9830  50.264  -8.856  -18.033 468.0000000000
10687  49.582  -19.174  -38.358 474.0000000000
13095  65.186  -7.761  27.784 482.0000000000
14751  39.881  -0.384  -20.468 486.0000000000
15016  43.347  -41.705  30.548 487.0000000000
16453  53.011  -42.683  13.888 489.0000000000
17910  2.482  -31.613  8.730 496.0000000000
17985  9.740  -3.007  25.998 497.0000000000
20494  43.276  18.715  15.140 499.0000000000
15200  36.231  -62.167  -37.974 500.0000000000
15916  32.360  27.108  -44.402 503.0000000000
1274  10.339  76.003  -18.008 507.0000000000
1276  17.112  -42.857  10.783 508.0000000000
2903  9.927  -83.224  -18.851 510.0000000000
887  58.896  -11.155  8.920 512.0000000000
889  66.511  14.454  -24.190 516.0000000000
3087  34.303  -75.251  0.904 520.0000000000
6915  55.500  -10.937  4.697 522.0000000000
4586  24.763  42.620  24.891 525.0000000000
6300  28.061  83.903  -4.120 526.0000000000
10728  31.472  9.496  -41.765 530.0000000000
11731  43.271  -41.252  34.053 533.0000000000
12260  26.115  37.094  -55.553 536.0000000000
12728  6.202  -9.753  26.191 538.0000000000
14085  5.627  19.746  -26.265 539.0000000000
17790  35.734  -66.629  15.549 542.0000000000
16579  56.225  38.831  12.652 543.0000000000
17226  50.605  23.488  16.451 544.0000000000
14453  2.623  -2.601  12.272 548.0000000000
15808  53.594  32.566  -49.233 551.0000000000
16457  13.227  38.474  14.893 555.0000000000
1275  8.052  -78.737  -18.287 557.0000000000
4431  2.292  54.862  -46.890 559.0000000000
5186  24.764  -78.075  6.471 562.0000000000
4585  71.604  -5.749  -24.332 565.0000000000
7823  7.998  59.286  3.316 569.0000000000
10688  2.156  33.735  -24.068 575.0000000000
8540  14.578  -17.153  60.734 579.0000000000
12259  63.008  -45.041  -17.861 582.0000000000
13356  6.710  60.943  -44.887 588.0000000000
14084  10.690  -26.597  36.554 589.0000000000
14214  11.892  -36.872  40.007 591.0000000000
14311  1.659  46.383  -36.687 592.0000000000
14452  44.547  -1.941  30.777 594.0000000000
16374  29.274  -10.894  -43.965 601.0000000000
3028  2.544  -13.630  5.181 609.0000000000
17229  25.975  23.229  30.051 612.0000000000
18719  15.652  7.013  51.772 616.0000000000
3029  31.700  11.124  -39.869 617.0000000000
4587  66.599  -37.603  -11.477 620.0000000000
5517  52.995  -38.033  -34.414 621.0000000000
10689  21.890  -43.314  43.919 625.0000000000
21099  71.333  -18.299  -16.115 626.0000000000
12295  41.776  72.356  0.389 630.0000000000
12579  54.203  12.466  -63.075 632.0000000000
12729  5.890  -11.337  26.890 633.0000000000
12730  43.239  -5.837  43.264 634.0000000000
14086  3.887  18.595  -27.437 636.0000000000
14215  62.932  -33.624  -26.761 637.0000000000
13457  23.603  -43.457  -12.500 639.0000000000
14451  3.853  19.836  34.209 641.0000000000
15133  13.966  53.023  -39.842 642.0000000000
15170  14.525  0.608  24.324 643.0000000000
24786  63.144  2.929  -47.275 646.0000000000
15915  22.830  23.573  -42.818 647.0000000000
17230  24.434  27.272  29.634 651.0000000000
17276  29.632  73.785  -4.660 653.0000000000
17761  65.370  -5.265  -38.169 656.0000000000
19850  58.947  2.476  33.161 657.0000000000
19820  58.095  52.453  -16.482 661.0000000000
20980  10.879  19.500  27.939 662.0000000000
21347  35.035  46.684  -14.284 672.0000000000
22521  42.982  56.438  17.418 673.0000000000
23160  49.878  -63.443  -12.476 674.0000000000
23952  5.043  58.497  -48.847 675.0000000000
24024  66.828  -26.686  -38.250 680.0000000000
24123  31.476  -0.241  -37.103 683.0000000000
24717  9.620  -51.284  -7.978 687.0000000000
2172  3.752  49.551  27.842 691.0000000000
17231  48.380  2.219  39.613 693.0000000000
18376  43.081  40.227  21.051 696.0000000000
17760  27.220  19.714  -37.545 698.0000000000
19851  57.397  1.082  35.456 700.0000000000
19852  57.325  -1.270  35.895 701.0000000000
21060  15.939  -80.085  6.542 707.0000000000
21061  32.324  10.850  31.515 708.0000000000
20021  5.978  56.710  -36.843 710.0000000000
22210  68.021  -28.447  -2.750 712.0000000000
22218  18.901  -0.216  -44.512 713.0000000000
22520  40.397  69.626  -34.062 716.0000000000
7996  25.683  -25.068  -28.301 718.0000000000
23951  37.857  24.091  -36.814 721.0000000000
24335  49.122  -21.968  -41.391 725.0000000000
24025  20.704  -44.965  43.314 726.0000000000
24373  3.984  -13.062  27.767 727.0000000000
24395  56.527  -43.552  -31.653 728.0000000000
24665  28.944  29.336  37.942 731.0000000000
2171  3.335  49.967  29.394 735.0000000000
2439  34.792  70.258  7.063 741.0000000000
18378  6.940  -69.416  -15.636 743.0000000000
18481  26.074  -49.179  -30.000 744.0000000000
18537  11.037  -76.380  11.543 745.0000000000
17936  16.159  46.267  -45.133 746.0000000000
18349  8.923  -70.867  -13.899 747.0000000000
21066  12.195  55.682  38.266 749.0000000000
21100  50.674  -47.135  -4.667 758.0000000000
21481  60.962  4.701  12.838 759.0000000000
24666  9.025  72.538  -21.062 764.0000000000
27750  68.297  -14.037  -41.080 769.0000000000
14399  21.914  -3.018  -31.554 774.0000000000
15136  38.601  61.308  -35.602 776.0000000000
26163  48.285  61.539  -1.105 778.0000000000
2170  66.777  -4.895  -22.773 781.0000000000
28957  12.298  61.344  -45.214 784.0000000000
15478  54.099  50.231  -26.216 787.0000000000
25758  61.986  33.484  -3.443 788.0000000000
18456  44.776  -7.309  -2.804 789.0000000000
18377  50.724  10.926  -48.602 790.0000000000
18406  34.837  57.128  23.751 791.0000000000
18512  40.583  8.564  -51.641 792.0000000000
23134  3.271  -46.835  23.886 796.0000000000
21065  26.396  8.899  -65.401 797.0000000000
26862  35.899  56.444  -34.161 800.0000000000
21480  2.605  70.559  -41.183 801.0000000000
23148  3.227  63.199  19.766 804.0000000000
23173  57.443  41.599  -11.806 805.0000000000
21507  34.233  -67.727  -6.968 808.0000000000
23489  13.892  87.763  -11.432 809.0000000000
7994  59.837  -2.561  -40.437 810.0000000000
7995  40.777  -0.697  19.530 813.0000000000
9597  22.293  31.612  49.039 815.0000000000
14400  13.815  -50.168  1.983 816.0000000000
15081  53.700  3.729  -60.799 818.0000000000
15080  42.266  28.692  -13.159 820.0000000000
14398  60.671  24.872  -45.328 821.0000000000
15152  62.244  -12.982  13.894 825.0000000000
28727  49.550  8.747  13.339 826.0000000000
16719  15.571  -45.168  11.991 827.0000000000
16720  16.188  -44.281  12.314 831.0000000000
10360  21.464  84.690  -9.781 833.0000000000
12880  69.589  1.616  -1.209 834.0000000000
13591  13.153  43.215  -35.241 836.0000000000
14925  35.401  64.126  14.033 839.0000000000
26004  67.159  -24.878  18.427 841.0000000000
26049  61.448  32.502  -4.857 843.0000000000
14656  31.932  -79.501  -32.126 845.0000000000
27538  36.455  -31.138  34.668 847.0000000000
27570  63.264  -29.489  6.404 848.0000000000
27759  11.356  -6.928  59.410 858.0000000000
17382  46.898  -19.834  -14.089 860.0000000000
8067  26.002  -33.743  53.078 863.0000000000
15082  17.086  7.903  46.245 867.0000000000
24746  47.063  26.866  -21.142 868.0000000000
24764  28.835  -12.247  -36.880 869.0000000000
13873  4.029  43.877  -2.406 881.0000000000
13682  23.153  -32.425  46.654 885.0000000000
12767  37.177  23.993  11.014 887.0000000000
12878  30.260  64.298  -3.355 888.0000000000
12879  59.168  -49.678  -0.735 889.0000000000
14655  31.191  -79.402  -33.188 894.0000000000
14924  24.908  63.241  3.163 895.0000000000
12923  52.883  27.498  7.914 896.0000000000
13683  7.041  46.852  -29.018 899.0000000000
16556  30.232  79.816  -14.815 902.0000000000
16724  30.109  -40.126  -13.021 903.0000000000
16800  37.701  -12.912  20.374 904.0000000000
15356  50.869  -46.376  -8.075 908.0000000000
16557  40.538  41.974  17.716 911.0000000000
19465  39.098  39.792  20.702 917.0000000000
7579  18.942  -61.066  17.774 921.0000000000
10510  13.449  -46.668  2.577 923.0000000000
11443  1.367  40.926  -21.111 925.0000000000
12307  44.340  55.242  15.624 930.0000000000
13035  3.308  38.815  28.018 931.0000000000
13109  10.482  -47.621  39.381 932.0000000000
13976  24.789  9.002  -41.130 937.0000000000
6343  3.253  -36.625  21.613 939.0000000000
6342  16.808  18.927  -42.150 940.0000000000
7138  31.270  -41.522  -16.378 942.0000000000
14702  3.342  6.737  48.299 943.0000000000
9659  45.463  27.247  12.329 944.0000000000
9946  6.247  57.790  -31.126 945.0000000000
13499  47.496  7.042  16.617 946.0000000000
10021  2.524  23.994  20.730 947.0000000000
29644  4.434  74.848  -16.187 954.0000000000
29985  65.774  -10.534  10.999 955.0000000000
16849  64.656  -36.146  -5.041 956.0000000000
7139  50.336  -35.436  -2.156 960.0000000000
16637  25.183  -19.400  45.586 962.0000000000
15321  3.411  -0.329  -20.877 966.0000000000
12556  59.687  -12.070  -35.523 967.0000000000
1609  60.370  2.408  9.275 968.0000000000
1610  51.737  3.324  -34.105 969.0000000000
7578  18.909  -59.815  15.702 971.0000000000
10509  16.316  -46.135  2.381 975.0000000000
11441  8.352  -13.204  -10.611 977.0000000000
11479  58.370  -41.037  5.010 980.0000000000
12306  7.456  -60.532  -31.173 983.0000000000
13904  57.937  23.596  -18.549 990.0000000000
9695  14.219  -48.620  -26.965 996.0000000000
10022  41.867  1.608  26.492 998.0000000000
12055  45.903  -41.678  -12.702 1002.0000000000
12054  46.775  -46.179  -4.902 1003.0000000000
9948  38.567  -0.528  1.715 1004.0000000000
12557  58.959  -10.835  -36.140 1008.0000000000
1608  63.350  1.963  7.696 1011.0000000000
18606  5.914  22.077  10.059 1016.0000000000
7577  19.722  -60.421  17.539 1020.0000000000
21014  20.942  4.071  -41.680 1022.0000000000
11442  51.579  -35.886  -37.490 1025.0000000000
22145  20.903  -8.051  -42.003 1026.0000000000
12305  17.643  -57.496  41.856 1036.0000000000
13009  45.340  -39.227  5.725 1037.0000000000
13070  38.002  1.617  -38.799 1038.0000000000
13872  38.029  47.471  -16.249 1039.0000000000
9658  47.328  28.084  11.372 1047.0000000000
10020  3.440  23.790  23.176 1052.0000000000
6341  41.231  -13.637  -0.648 1053.0000000000
7137  32.213  -40.681  -16.219 1055.0000000000
12053  47.758  -46.951  -4.121 1058.0000000000
9947  36.264  -1.750  0.489 1059.0000000000
22274  27.379  7.515  35.028 1060.0000000000
12614  27.695  4.451  -53.855 1065.0000000000
25030  5.240  -6.782  27.707 1070.0000000000
20967  37.189  30.676  -16.075 1075.0000000000
26831  7.519  -45.751  -7.212 1077.0000000000
24519  70.515  -3.401  -23.313 1085.0000000000
22202  61.187  -24.976  -40.449 1087.0000000000
27225  30.046  -53.702  21.207 1088.0000000000
24543  35.892  -19.184  -26.583 1092.0000000000
28599  22.656  -56.403  -15.242 1093.0000000000
24983  36.806  -55.413  25.934 1097.0000000000
25332  15.907  -53.066  -7.901 1098.0000000000
20922  35.691  -62.979  -36.079 1108.0000000000
18359  35.504  -63.052  -34.533 1109.0000000000
14517  17.259  -44.523  13.245 1110.0000000000
22982  14.847  78.383  14.120 1111.0000000000
23192  62.897  -6.290  -4.324 1112.0000000000
23363  56.979  -49.292  -17.241 1116.0000000000
22334  40.978  26.418  -63.380 1117.0000000000
23346  57.690  7.708  -34.215 1120.0000000000
23815  12.471  30.779  20.022 1121.0000000000
25017  51.619  -24.784  -43.508 1126.0000000000
26300  47.006  28.579  30.423 1128.0000000000
2060  33.964  -1.503  -47.888 1130.0000000000
27638  63.957  -5.934  -49.600 1132.0000000000
27637  29.813  -10.134  38.227 1133.0000000000
27667  4.241  34.847  -34.044 1134.0000000000
28606  35.345  -53.600  17.346 1141.0000000000
19841  44.751  -70.558  -14.508 1146.0000000000
21265  2.376  27.238  5.074 1148.0000000000
21674  44.901  21.011  -55.691 1154.0000000000
14519  40.060  74.355  -33.327 1158.0000000000
21817  28.008  69.740  -11.884 1162.0000000000
24599  33.548  7.079  -36.642 1167.0000000000
2012  24.471  7.785  -42.272 1169.0000000000
7741  10.314  -34.068  13.071 1178.0000000000
10210  2.773  1.527  -18.657 1180.0000000000
10929  2.375  61.013  -12.955 1181.0000000000
12894  2.529  -41.897  4.022 1184.0000000000
12953  3.660  19.221  36.582 1186.0000000000
13635  70.008  -17.867  -14.352 1187.0000000000
28862  8.379  89.087  -18.065 1188.0000000000
19355  58.671  24.088  -37.470 1191.0000000000
20232  11.835  15.771  -35.428 1192.0000000000
14518  40.106  76.217  -31.965 1194.0000000000
20666  41.940  59.808  -15.145 1197.0000000000
20690  65.844  -24.491  -40.017 1198.0000000000
23814  34.452  5.231  -37.025 1202.0000000000
23168  19.686  36.045  46.750 1208.0000000000
7112  56.841  7.957  23.805 1214.0000000000
7113  31.334  32.287  -41.723 1215.0000000000
5851  4.322  75.651  15.814 1217.0000000000
16928  47.053  0.158  -5.570 1229.0000000000
16927  12.646  61.428  -9.230 1230.0000000000
19473  21.125  18.108  -66.313 1233.0000000000
19474  21.787  16.668  -66.544 1234.0000000000
19356  57.383  -27.879  -46.581 1237.0000000000
21698  9.296  42.297  -44.275 1242.0000000000
21816  28.587  28.942  45.783 1244.0000000000
21861  27.717  22.925  -34.668 1248.0000000000
2011  25.154  6.583  -42.988 1251.0000000000
2013  23.447  6.273  -42.442 1253.0000000000
25801  13.133  -55.604  13.435 1254.0000000000
7114  30.133  31.081  -40.337 1256.0000000000
1741  57.514  -11.810  36.401 1262.0000000000
1742  44.548  39.292  -19.433 1263.0000000000
1837  62.074  37.910  -1.002 1264.0000000000
3661  14.090  -29.914  20.759 1266.0000000000
4575  42.588  -39.800  25.529 1268.0000000000
4685  20.515  -51.768  36.333 1269.0000000000
4836  55.268  41.124  17.003 1271.0000000000
18586  33.811  -47.509  15.849 1272.0000000000
19472  23.413  25.174  34.500 1273.0000000000
19401  58.727  -39.142  26.326 1276.0000000000
20667  41.453  64.236  -11.416 1277.0000000000
21675  49.629  61.515  -22.838 1281.0000000000
20741  11.686  63.159  -10.423 1284.0000000000
20763  66.549  15.872  -37.136 1286.0000000000
23167  26.121  30.398  -45.093 1289.0000000000
23920  45.797  -52.391  30.007 1290.0000000000
26280  2.802  71.823  13.637 1296.0000000000
1789  36.486  -67.442  5.678 1302.0000000000
9178  21.425  81.410  -27.799 1311.0000000000
25020  46.661  5.150  40.663 1313.0000000000
25588  55.978  -51.606  -20.355 1320.0000000000
10176  40.139  -5.037  -2.779 1321.0000000000
26128  28.429  -9.965  -45.056 1322.0000000000
11757  43.029  -36.433  34.197 1323.0000000000
25518  2.617  -54.053  -9.094 1324.0000000000
11858  60.518  14.960  -51.423 1327.0000000000
27783  5.488  27.011  -37.115 1331.0000000000
18233  45.057  -66.297  -3.302 1332.0000000000
19405  57.691  -14.162  -34.060 1334.0000000000
19406  7.524  -34.703  12.587 1335.0000000000
1740  49.309  -37.304  -0.915 1339.0000000000
2017  10.678  35.434  -37.344 1342.0000000000
3713  34.666  -52.350  -36.428 1343.0000000000
4603  42.610  56.823  -39.181 1345.0000000000
4723  30.670  49.956  16.805 1346.0000000000
4879  3.650  8.863  28.973 1348.0000000000
9177  48.170  -20.294  -11.819 1350.0000000000
24804  23.917  84.134  -30.684 1352.0000000000
10175  38.738  -5.566  -2.467 1353.0000000000
10238  3.820  23.391  -28.642 1354.0000000000
9358  54.327  7.994  -45.573 1356.0000000000
11133  46.863  -58.812  -35.452 1359.0000000000
11756  3.664  -70.757  -21.381 1361.0000000000
11901  46.062  54.883  -39.097 1365.0000000000
27511  39.529  -24.001  26.043 1366.0000000000
18232  34.937  43.227  -41.347 1368.0000000000
18234  28.024  -63.021  -37.322 1374.0000000000
20625  6.210  -39.518  -11.271 1376.0000000000
9179  9.457  -12.532  28.431 1385.0000000000
9357  50.185  67.655  -17.584 1387.0000000000
10174  47.542  -2.313  43.863 1389.0000000000
9253  4.721  0.148  -4.570 1391.0000000000
10190  44.820  71.764  -18.584 1393.0000000000
10896  37.089  13.398  40.865 1398.0000000000
19407  33.577  47.628  34.476 1405.0000000000
19432  3.512  54.835  10.942 1409.0000000000
19479  2.389  66.928  -23.546 1413.0000000000
21803  45.959  -65.837  -14.418 1415.0000000000
21848  32.697  75.333  5.274 1417.0000000000
1193  3.118  -26.239  19.870 1418.0000000000
1194  4.100  -28.082  20.051 1420.0000000000
1391  2.731  55.563  -2.205 1422.0000000000
20041  59.804  26.031  -20.904 1424.0000000000
20676  4.918  44.378  27.086 1431.0000000000
21631  40.334  44.534  -20.342 1433.0000000000
21661  59.366  -27.068  -27.587 1435.0000000000
20101  64.970  22.862  -11.369 1436.0000000000
29776  4.613  43.134  -2.946 1438.0000000000
12997  30.846  -4.887  -49.928 1440.0000000000
29905  19.383  -75.321  8.261 1442.0000000000
24050  49.433  -33.550  -30.363 1445.0000000000
23970  58.666  8.802  -58.205 1447.0000000000
24636  31.164  -77.783  -15.269 1451.0000000000
1192  38.649  23.476  -66.077 1458.0000000000
9535  3.944  63.072  13.327 1461.0000000000
19585  48.258  44.375  -21.846 1464.0000000000
9432  2.034  6.852  1.747 1468.0000000000
10446  53.620  -39.249  -37.988 1469.0000000000
11520  45.140  71.742  -8.699 1477.0000000000
16175  57.128  -52.007  -29.129 1490.0000000000
14718  67.962  -31.611  -6.015 1492.0000000000
16129  49.468  61.560  -8.477 1494.0000000000
17571  43.166  -43.740  -39.129 1495.0000000000
17610  65.477  -39.830  -25.422 1497.0000000000
18282  1.166  -2.732  5.362 1499.0000000000
18671  13.568  16.110  56.377 1502.0000000000
9458  18.170  66.819  13.419 1507.0000000000
9589  26.641  21.228  -38.216 1508.0000000000
9712  13.462  31.810  -42.617 1510.0000000000
12141  4.921  60.640  14.620 1514.0000000000
11184  58.240  -12.079  -22.522 1516.0000000000
12374  26.346  8.197  -59.363 1522.0000000000
12780  67.038  -13.650  24.256 1524.0000000000
13759  14.633  -25.068  42.558 1526.0000000000
16128  50.790  61.596  -8.486 1531.0000000000
16155  11.224  -71.716  19.968 1537.0000000000
17572  45.840  -43.843  -39.711 1540.0000000000
18395  25.744  -45.247  -27.969 1544.0000000000
9430  66.253  -20.154  22.446 1546.0000000000
9536  41.498  -44.920  -34.405 1547.0000000000
9534  15.534  63.675  -16.994 1548.0000000000
11164  11.450  -30.547  24.452 1552.0000000000
9737  31.865  -1.565  -51.110 1554.0000000000
10549  30.547  -40.396  -26.860 1555.0000000000
12032  2.460  -50.509  -10.435 1556.0000000000
12326  28.485  79.994  -21.561 1558.0000000000
14717  67.784  -29.901  -5.509 1566.0000000000
14750  40.012  -1.846  -20.044 1568.0000000000
16127  49.889  62.417  -9.439 1569.0000000000
3674  16.817  -20.596  24.423 1571.0000000000
7086  6.535  -47.208  45.146 1578.0000000000
15336  9.665  -39.479  -21.395 1582.0000000000
16938  64.400  6.511  -8.975 1588.0000000000
22734  36.666  23.453  -56.489 1591.0000000000
21396  3.269  5.101  34.503 1595.0000000000
22073  12.765  -66.365  -9.756 1596.0000000000
3672  18.262  -19.896  24.662 1608.0000000000
6649  57.419  -18.842  22.039 1611.0000000000
6650  58.264  -18.623  24.349 1613.0000000000
19751  43.512  -7.304  -49.253 1616.0000000000
17462  2.960  58.410  -8.377 1618.0000000000
15362  8.932  70.645  -19.032 1620.0000000000
18813  60.197  29.233  -8.901 1622.0000000000
18986  10.626  65.387  31.285 1623.0000000000
19672  53.063  18.636  -54.687 1624.0000000000
19674  28.060  0.178  -39.568 1625.0000000000
17463  2.721  59.816  -9.658 1628.0000000000
23354  47.786  -60.238  -7.129 1639.0000000000
4187  12.364  -77.868  -19.554 1643.0000000000
3673  16.819  -22.476  27.414 1647.0000000000
6648  15.198  70.677  24.294 1650.0000000000
18812  25.669  -24.173  48.728 1656.0000000000
19673  52.807  19.209  -55.678 1659.0000000000
18965  2.809  -20.477  42.608 1664.0000000000
21395  61.848  4.956  11.931 1673.0000000000
1214  63.835  7.351  -12.141 1677.0000000000
25564  37.424  -69.548  -4.136 1682.0000000000
10554  48.693  38.978  -23.032 1687.0000000000
20589  24.318  -46.081  -14.471 1694.0000000000
19919  31.173  69.838  -9.647 1696.0000000000
19920  31.192  70.609  -8.900 1698.0000000000
21274  6.837  -13.329  7.854 1703.0000000000
21063  9.037  -14.373  28.881 1705.0000000000
22048  61.234  34.872  -12.671 1712.0000000000
1215  61.535  5.266  -11.320 1722.0000000000
10692  8.219  -37.492  34.558 1726.0000000000
5264  40.604  66.884  -34.704 1728.0000000000
10553  36.431  9.778  -61.968 1729.0000000000
20454  66.984  15.145  -18.038 1741.0000000000
20590  6.559  -79.433  -14.107 1742.0000000000
20588  11.098  61.666  -42.310 1743.0000000000
22119  68.267  -26.788  -29.075 1746.0000000000
21062  16.599  -38.309  48.370 1748.0000000000
29680  2.641  -7.172  19.324 1753.0000000000
1213  36.568  -16.476  31.395 1756.0000000000
1282  69.787  -10.469  7.742 1759.0000000000
10555  48.643  40.266  -23.560 1764.0000000000
15075  45.233  -20.925  42.430 1766.0000000000
19918  43.201  3.893  -44.706 1767.0000000000
20453  39.514  -19.017  20.960 1773.0000000000
22120  8.782  1.175  29.806 1778.0000000000
27476  40.402  45.716  30.963 1782.0000000000
22047  46.723  -44.196  35.955 1783.0000000000
26585  3.468  65.079  -21.812 1793.0000000000
26584  32.204  27.982  43.304 1797.0000000000
27515  23.076  -11.679  43.485 1801.0000000000
27546  64.589  0.240  -44.895 1802.0000000000
26994  66.838  17.240  -3.037 1805.0000000000
406  25.367  49.008  30.881 1806.0000000000
12276  29.367  22.085  49.203 1822.0000000000
