#!ascii label  , from subject FreeSurferMNI152_0.2 vox2ras=TkReg
868
4849  50.363  -27.008  11.953 1.0000000000
8571  27.545  69.334  -18.217 2.0000000000
7539  51.493  49.248  -22.576 4.0000000000
7540  50.378  50.861  -22.423 5.0000000000
4848  51.102  -26.616  13.821 7.0000000000
2097  23.245  18.473  -39.970 9.0000000000
7538  50.177  49.762  -22.016 11.0000000000
4850  50.674  -26.641  11.150 12.0000000000
15198  54.787  47.341  -27.250 29.0000000000
11143  36.164  -5.654  -2.475 31.0000000000
13676  26.247  -85.002  -17.252 36.0000000000
14420  60.220  24.402  -47.473 39.0000000000
20218  21.471  1.083  -39.726 45.0000000000
2098  2.627  -29.645  30.382 53.0000000000
2166  4.318  42.416  42.308 54.0000000000
5088  7.708  -26.108  48.333 59.0000000000
11142  44.250  25.098  3.225 69.0000000000
14422  52.099  24.851  -5.844 72.0000000000
9939  14.116  -86.415  -7.226 74.0000000000
2096  3.985  18.940  39.878 83.0000000000
8034  13.225  21.536  22.184 93.0000000000
16022  47.432  -27.987  -46.315 98.0000000000
14421  21.250  -57.682  38.973 99.0000000000
16945  42.417  11.994  -12.217 108.0000000000
16976  61.868  -3.801  -37.302 118.0000000000
15612  13.298  -47.761  3.250 125.0000000000
13677  13.950  79.699  -31.109 129.0000000000
16024  19.343  22.096  -41.818 130.0000000000
1980  7.905  21.949  27.848 133.0000000000
10045  31.164  24.792  -41.686 135.0000000000
2039  33.368  -61.262  18.040 136.0000000000
9745  5.073  -20.767  34.522 139.0000000000
16716  29.894  -19.575  -22.835 144.0000000000
19769  46.067  -7.363  -3.583 161.0000000000
1981  26.024  -52.263  -32.824 167.0000000000
1982  26.089  -54.037  -32.834 168.0000000000
14089  29.407  20.626  43.909 183.0000000000
15851  9.833  -37.560  -12.600 190.0000000000
5093  42.565  -20.599  20.349 212.0000000000
6452  46.141  -10.357  47.150 214.0000000000
6451  46.607  -11.679  46.808 215.0000000000
15613  15.296  -47.388  3.271 222.0000000000
15614  38.922  26.042  -59.357 223.0000000000
15852  26.297  14.653  -47.606 225.0000000000
14268  22.347  12.913  -64.821 232.0000000000
18628  42.182  8.309  -48.962 242.0000000000
21258  60.864  -9.858  17.632 246.0000000000
7723  55.609  4.613  -11.385 255.0000000000
7722  57.399  7.015  -12.319 258.0000000000
19572  21.710  -17.640  -23.994 267.0000000000
15853  24.161  14.580  -46.933 269.0000000000
2355  26.973  -50.968  18.638 272.0000000000
22523  2.483  61.388  -44.654 279.0000000000
3232  34.207  66.604  16.572 286.0000000000
23466  58.360  -25.836  -40.643 292.0000000000
18629  10.925  11.886  21.494 306.0000000000
21259  43.090  -5.196  33.006 309.0000000000
20437  4.633  43.003  14.463 315.0000000000
20435  1.867  38.321  -29.765 316.0000000000
7724  15.082  74.724  14.406 322.0000000000
8039  40.189  -47.493  27.538 324.0000000000
26228  19.211  -20.955  -34.193 348.0000000000
23722  10.643  -71.566  -36.542 351.0000000000
24954  42.700  -66.036  -16.621 373.0000000000
19856  44.022  7.362  -50.653 379.0000000000
20436  1.820  38.107  -32.865 381.0000000000
19104  68.361  1.139  -22.676 390.0000000000
23046  53.803  -39.239  0.407 392.0000000000
23085  21.457  -18.851  -19.120 397.0000000000
3610  55.976  -35.896  -1.911 402.0000000000
6166  13.622  27.747  -38.334 407.0000000000
13142  45.217  4.807  13.697 413.0000000000
3231  33.425  68.253  15.442 419.0000000000
26702  43.924  1.191  -55.623 421.0000000000
11241  3.798  -61.187  6.740 423.0000000000
27813  62.250  -44.172  -11.950 434.0000000000
12245  56.474  26.692  -40.802 448.0000000000
4449  43.542  31.585  -18.309 450.0000000000
24058  51.665  3.556  25.570 456.0000000000
25532  42.821  -67.509  -18.102 459.0000000000
206  40.557  43.558  18.283 462.0000000000
2354  53.968  6.824  -47.995 468.0000000000
6840  31.466  -23.932  -26.477 481.0000000000
11240  26.365  18.922  -34.235 496.0000000000
17358  19.799  69.226  10.986 498.0000000000
3534  39.456  -19.093  -42.857 510.0000000000
14590  38.413  16.477  32.928 514.0000000000
17102  37.749  53.928  20.453 520.0000000000
1876  21.919  -41.098  53.008 533.0000000000
1934  69.115  -5.397  4.169 534.0000000000
2356  27.696  -49.253  17.819 536.0000000000
207  38.916  43.355  18.703 540.0000000000
1875  37.650  -15.246  28.268 542.0000000000
4595  33.395  -8.656  39.893 551.0000000000
6167  46.967  65.629  -0.106 558.0000000000
4646  40.695  58.699  -38.233 562.0000000000
25521  29.393  4.983  -32.345 564.0000000000
7731  7.146  -78.023  -23.746 565.0000000000
19702  7.882  -6.996  24.275 568.0000000000
20795  34.836  -66.304  11.717 578.0000000000
11991  63.074  -20.231  -10.384 584.0000000000
13141  64.181  0.589  -4.425 588.0000000000
13069  37.993  -0.158  -37.834 595.0000000000
3233  38.672  -47.104  -30.999 597.0000000000
3536  18.013  -18.075  26.195 603.0000000000
3535  38.372  -20.476  -44.393 605.0000000000
14591  18.521  -57.027  23.338 611.0000000000
23234  27.275  -66.525  8.846 627.0000000000
13143  28.648  67.430  -34.941 629.0000000000
14467  3.620  -46.427  -0.769 633.0000000000
3611  58.188  13.880  9.067 635.0000000000
3647  13.019  -78.748  -16.160 647.0000000000
205  30.309  -10.662  54.197 648.0000000000
10463  62.985  -18.051  -17.775 661.0000000000
18904  42.457  20.058  -30.505 666.0000000000
1495  66.794  -8.503  10.928 686.0000000000
639  71.065  -19.223  -5.360 692.0000000000
22895  3.732  -22.601  23.947 705.0000000000
17310  12.717  -24.373  -19.667 712.0000000000
6891  10.457  51.200  5.663 723.0000000000
17006  48.043  58.535  9.314 724.0000000000
21829  13.642  -64.481  -10.062 730.0000000000
21827  33.826  -16.501  -26.502 733.0000000000
13144  36.975  -47.335  35.433 741.0000000000
26654  10.826  -33.141  10.406 752.0000000000
18436  41.137  -4.774  -52.198 753.0000000000
3860  37.395  -68.447  7.946 761.0000000000
19017  40.869  -45.102  -38.434 764.0000000000
1496  17.404  -58.269  14.197 775.0000000000
3862  4.191  -62.914  18.275 786.0000000000
4645  51.277  -23.302  -8.100 791.0000000000
2875  46.329  -7.546  -40.264 797.0000000000
5573  50.094  38.125  -47.628 812.0000000000
8590  44.595  50.061  -21.928 815.0000000000
9475  31.489  -35.421  -37.616 822.0000000000
15720  22.925  6.810  -29.835 833.0000000000
17118  27.572  -15.301  53.820 837.0000000000
25072  26.449  -12.898  -25.480 840.0000000000
3987  9.030  -58.660  20.854 848.0000000000
4647  29.142  -51.361  -27.583 884.0000000000
1497  16.717  -56.926  12.428 888.0000000000
3330  44.367  -48.525  2.219 896.0000000000
6464  41.845  -5.860  -1.410 901.0000000000
9791  34.924  -11.048  -38.370 926.0000000000
9663  57.886  2.491  -1.007 931.0000000000
15719  33.848  -40.445  41.998 933.0000000000
19933  49.594  21.125  -43.231 939.0000000000
20545  38.554  25.154  -10.434 947.0000000000
19932  58.664  -9.107  -37.331 951.0000000000
4228  34.135  80.617  -17.926 955.0000000000
22101  51.178  55.692  -8.949 959.0000000000
3988  6.711  -58.861  20.420 963.0000000000
10578  61.968  7.853  -47.505 967.0000000000
3861  37.342  -68.664  6.264 971.0000000000
638  15.042  34.832  46.074 972.0000000000
637  15.046  32.700  47.545 981.0000000000
24438  49.026  -43.415  -10.043 998.0000000000
5574  49.409  39.605  -46.468 1001.0000000000
6463  12.118  51.419  -47.013 1003.0000000000
5536  47.471  34.155  -56.525 1011.0000000000
8591  67.513  -31.861  -30.986 1016.0000000000
9664  58.378  3.110  -1.027 1033.0000000000
15718  31.165  -40.145  39.859 1037.0000000000
15327  44.654  69.778  -20.473 1039.0000000000
19934  25.980  -57.780  -24.481 1043.0000000000
17143  38.177  3.697  -36.416 1045.0000000000
4379  43.714  15.974  29.438 1062.0000000000
6386  55.970  30.385  0.338 1063.0000000000
22525  39.005  28.015  -8.164 1073.0000000000
4088  32.214  -3.146  -29.249 1075.0000000000
6890  11.984  -38.913  -6.114 1087.0000000000
10049  0.716  -0.377  4.988 1095.0000000000
9610  45.113  -9.685  -6.280 1103.0000000000
11993  21.896  70.647  18.559 1105.0000000000
24825  58.911  -5.340  -39.576 1108.0000000000
11373  3.571  31.052  46.142 1115.0000000000
7151  11.817  21.182  21.167 1151.0000000000
1424  8.332  9.434  53.350 1153.0000000000
24948  14.042  62.996  31.795 1161.0000000000
22452  7.337  22.937  35.466 1163.0000000000
4378  39.944  15.366  28.845 1170.0000000000
3989  6.808  -57.238  17.807 1175.0000000000
9350  69.062  1.249  -7.836 1180.0000000000
4227  57.020  -16.398  -47.188 1184.0000000000
6437  19.869  66.013  22.950 1187.0000000000
9423  2.852  24.134  10.490 1203.0000000000
10048  46.270  21.531  -15.605 1207.0000000000
8426  33.366  -10.718  -30.518 1226.0000000000
11994  20.515  68.673  17.736 1231.0000000000
12682  54.353  32.946  15.810 1235.0000000000
14171  27.371  46.723  21.266 1239.0000000000
15446  57.208  -43.643  -37.617 1254.0000000000
15447  12.373  -16.315  46.234 1255.0000000000
22451  56.623  -21.577  -13.617 1264.0000000000
4229  32.800  79.432  -19.011 1286.0000000000
13080  3.358  -45.784  39.751 1296.0000000000
4380  41.744  14.763  27.776 1297.0000000000
6349  26.491  -8.162  -30.390 1298.0000000000
12134  71.189  -10.299  -32.382 1300.0000000000
9424  60.029  31.224  11.603 1302.0000000000
9349  69.626  3.684  -10.694 1306.0000000000
8498  3.818  51.150  -10.071 1315.0000000000
10050  0.881  -0.493  2.279 1317.0000000000
10473  56.523  -44.276  -29.852 1319.0000000000
8424  17.844  -59.465  15.300 1325.0000000000
11992  63.074  -22.280  -8.619 1329.0000000000
11374  47.717  -1.157  -0.357 1339.0000000000
18443  13.351  -76.350  11.617 1347.0000000000
15448  12.446  -15.597  45.899 1368.0000000000
1423  5.429  86.760  -12.645 1378.0000000000
22453  48.617  -25.392  -1.082 1384.0000000000
12451  61.104  -41.425  4.218 1419.0000000000
26007  48.781  -23.787  31.808 1427.0000000000
16908  35.431  -66.232  20.162 1429.0000000000
26962  64.048  -13.731  -36.505 1432.0000000000
22897  6.475  29.126  -21.089 1446.0000000000
22034  49.543  26.379  -2.793 1450.0000000000
19139  16.718  75.329  1.342 1459.0000000000
8425  17.738  -61.230  18.101 1471.0000000000
25269  49.784  24.883  16.186 1475.0000000000
22865  7.961  -74.588  -17.456 1476.0000000000
21473  11.489  -69.297  -14.249 1479.0000000000
24353  52.374  -36.873  -38.771 1484.0000000000
30079  28.578  5.604  -59.350 1496.0000000000
4546  50.290  40.679  -10.050 1500.0000000000
1425  10.003  8.915  53.114 1503.0000000000
4577  44.508  -41.175  27.425 1504.0000000000
7152  2.353  61.052  7.260 1509.0000000000
7117  38.177  39.806  19.750 1515.0000000000
13079  4.027  -44.388  41.922 1521.0000000000
12133  7.461  44.389  -46.871 1535.0000000000
14739  10.972  -38.125  -11.772 1540.0000000000
15377  47.789  19.745  17.614 1543.0000000000
15534  29.532  24.297  39.378 1545.0000000000
16095  51.981  50.435  -25.037 1547.0000000000
16122  65.073  -34.405  -27.829 1556.0000000000
20781  9.865  53.786  2.563 1571.0000000000
19710  4.457  -48.738  38.679 1572.0000000000
19041  1.795  -4.007  -25.199 1578.0000000000
19138  55.636  29.158  -15.293 1581.0000000000
19011  58.864  -50.664  -23.809 1586.0000000000
19012  14.140  4.632  58.626 1603.0000000000
25367  3.335  30.037  24.928 1605.0000000000
24419  42.260  25.797  -63.147 1620.0000000000
25549  36.121  -22.044  18.279 1621.0000000000
2958  42.349  -44.050  28.399 1622.0000000000
23313  7.316  -30.950  22.368 1634.0000000000
4545  51.457  40.989  -9.008 1639.0000000000
7116  14.919  82.441  -30.775 1649.0000000000
13078  3.515  -43.650  41.075 1661.0000000000
11459  20.326  7.887  -40.357 1664.0000000000
16907  34.247  -68.044  18.673 1683.0000000000
19042  59.052  -49.822  -26.300 1684.0000000000
16623  26.959  66.656  -3.350 1686.0000000000
21411  9.683  -78.466  4.539 1732.0000000000
22013  29.803  16.572  50.513 1737.0000000000
4672  58.549  18.795  -35.245 1753.0000000000
21567  10.152  -41.813  26.215 1758.0000000000
4547  49.576  41.100  -9.635 1761.0000000000
8558  48.972  17.988  -51.348 1763.0000000000
10443  58.404  34.943  8.516 1769.0000000000
10301  34.085  -62.530  12.864 1772.0000000000
28206  49.627  -22.976  -14.070 1778.0000000000
13884  10.897  70.946  -28.137 1782.0000000000
28800  50.381  -31.940  -44.978 1785.0000000000
15536  31.038  23.047  41.706 1786.0000000000
15535  30.557  21.426  40.117 1788.0000000000
5406  43.660  6.870  -8.222 1797.0000000000
19143  18.425  -76.257  9.449 1802.0000000000
19709  47.934  22.973  -61.673 1819.0000000000
21474  11.606  -69.902  -13.016 1825.0000000000
2960  46.139  73.011  -13.600 1836.0000000000
4673  67.336  -8.409  7.300 1837.0000000000
2959  68.379  -17.150  -36.610 1841.0000000000
21074  18.414  2.810  -42.007 1855.0000000000
8559  49.791  16.659  -50.177 1863.0000000000
6782  19.015  -33.199  56.059 1864.0000000000
5405  36.840  36.593  -26.264 1888.0000000000
6628  50.878  -64.020  -25.042 1889.0000000000
6746  10.679  51.310  -46.605 1892.0000000000
6627  30.921  -32.909  32.796 1897.0000000000
9735  13.667  -48.814  -26.236 1903.0000000000
9376  63.634  -2.705  -41.095 1910.0000000000
20289  48.444  -15.571  42.086 1916.0000000000
13424  42.794  45.124  21.787 1922.0000000000
5707  27.141  20.368  -35.390 1938.0000000000
4674  49.312  -58.296  -32.851 1942.0000000000
19868  61.865  17.519  -33.009 1949.0000000000
21426  41.279  25.027  -61.658 1951.0000000000
21568  51.231  -40.790  -11.645 1953.0000000000
23035  69.760  -3.681  -5.692 1956.0000000000
25047  23.150  -18.097  -20.798 1964.0000000000
25046  17.646  -46.649  -29.512 1969.0000000000
1122  54.518  7.801  -62.125 1970.0000000000
23641  31.307  33.381  -35.969 1972.0000000000
1196  5.208  -24.131  34.760 1974.0000000000
3123  53.304  42.025  4.385 1978.0000000000
25645  3.393  -3.784  49.578 1986.0000000000
6747  11.073  48.591  -46.323 1989.0000000000
8638  18.692  58.775  -41.758 1994.0000000000
9457  17.680  67.010  11.538 1999.0000000000
3402  33.472  38.471  -7.646 2019.0000000000
5708  28.014  21.610  -34.624 2024.0000000000
6698  15.687  -9.714  23.414 2031.0000000000
16707  30.525  -6.059  -33.371 2035.0000000000
19282  48.223  -57.810  -33.767 2037.0000000000
17300  47.065  39.672  -12.293 2039.0000000000
19338  30.942  75.125  -6.369 2048.0000000000
20785  47.155  -25.100  -37.301 2049.0000000000
9734  28.829  1.747  55.189 2088.0000000000
8565  16.438  -24.563  29.463 2091.0000000000
3464  18.278  14.956  -45.548 2094.0000000000
13729  22.142  -56.652  40.486 2099.0000000000
15147  2.793  -19.648  21.455 2112.0000000000
16705  55.016  16.277  -57.037 2122.0000000000
17299  20.235  79.264  -37.477 2124.0000000000
15733  7.430  -27.573  -0.711 2126.0000000000
17301  33.391  11.434  34.852 2131.0000000000
23019  21.404  -64.060  31.052 2145.0000000000
28478  3.814  -22.665  25.612 2146.0000000000
1121  53.129  6.323  -62.130 2147.0000000000
1123  54.399  4.749  -61.249 2151.0000000000
3078  10.448  -81.909  -20.537 2155.0000000000
5407  13.237  4.801  24.358 2158.0000000000
3671  54.729  26.505  5.973 2165.0000000000
5110  67.229  15.764  -5.051 2167.0000000000
3307  13.609  -31.425  15.608 2170.0000000000
7027  34.147  -80.644  -18.136 2174.0000000000
6629  51.918  -62.578  -24.462 2176.0000000000
9733  31.004  -6.354  -43.325 2181.0000000000
5809  41.569  10.214  46.117 2186.0000000000
13423  41.822  44.869  22.078 2197.0000000000
13730  5.124  62.204  -6.197 2198.0000000000
13917  37.312  67.838  -35.216 2200.0000000000
16549  8.783  67.348  -44.822 2212.0000000000
16571  9.555  65.086  -45.948 2216.0000000000
12461  60.192  42.309  -5.655 2224.0000000000
20784  11.046  63.519  -9.846 2232.0000000000
15946  43.939  -31.662  35.040 2233.0000000000
18834  37.090  52.355  -30.519 2242.0000000000
18863  36.040  -75.945  -27.247 2246.0000000000
5929  21.671  -44.243  -11.600 2277.0000000000
9058  55.589  -6.045  36.287 2285.0000000000
23930  21.336  -16.457  -37.492 2295.0000000000
15248  49.438  64.620  -8.067 2300.0000000000
15896  30.712  -48.842  37.363 2304.0000000000
8805  33.560  -19.450  32.291 2310.0000000000
8804  24.838  -48.075  46.093 2314.0000000000
15999  20.731  23.222  -43.389 2319.0000000000
17782  69.047  9.412  -18.417 2322.0000000000
14334  5.455  7.130  40.990 2331.0000000000
3670  55.578  26.525  4.528 2334.0000000000
19508  24.446  48.716  26.034 2338.0000000000
3306  12.570  -31.069  15.955 2340.0000000000
9056  50.749  17.621  -41.716 2346.0000000000
6071  49.038  50.846  15.467 2352.0000000000
5768  50.306  -62.816  -30.528 2356.0000000000
23184  67.381  7.293  13.694 2361.0000000000
9057  38.863  54.175  24.127 2369.0000000000
25341  32.141  50.743  -39.776 2374.0000000000
25002  30.275  -55.011  22.946 2382.0000000000
15249  37.030  -47.504  -37.621 2389.0000000000
2037  34.401  -63.218  15.940 2399.0000000000
12642  29.310  2.443  -32.373 2403.0000000000
12462  60.483  41.270  -5.447 2405.0000000000
15998  67.549  -29.576  -28.559 2406.0000000000
10085  52.890  9.194  -47.363 2410.0000000000
15947  32.951  51.786  30.803 2412.0000000000
3305  60.690  -35.240  -2.514 2429.0000000000
3513  4.335  -6.924  8.442 2431.0000000000
3669  55.678  27.334  6.033 2432.0000000000
5833  25.330  23.005  30.100 2437.0000000000
5111  67.097  14.538  -2.792 2442.0000000000
23949  45.697  53.366  -4.770 2459.0000000000
24687  4.937  -22.954  24.265 2466.0000000000
15250  51.090  -19.286  -18.334 2476.0000000000
11685  10.242  23.536  19.701 2500.0000000000
18833  37.824  52.297  -30.430 2505.0000000000
14265  30.261  -8.222  -31.856 2512.0000000000
15314  63.572  14.781  6.972 2526.0000000000
17489  15.005  70.963  11.223 2538.0000000000
19415  4.162  -57.753  -7.434 2541.0000000000
24167  22.316  78.690  10.359 2562.0000000000
24490  51.544  16.694  -51.093 2578.0000000000
2036  25.369  48.036  31.868 2580.0000000000
23479  25.202  -28.756  42.118 2581.0000000000
2038  35.007  -62.942  18.696 2584.0000000000
5596  35.671  26.264  -61.812 2586.0000000000
10084  12.553  62.594  -11.494 2587.0000000000
9108  25.844  33.733  46.902 2588.0000000000
10086  3.013  72.125  -36.849 2594.0000000000
14266  31.635  -9.962  -31.305 2597.0000000000
13358  16.738  86.242  -1.299 2600.0000000000
14333  11.622  36.161  -33.521 2604.0000000000
14335  21.334  -41.143  -10.989 2606.0000000000
16825  41.583  48.398  -34.180 2616.0000000000
16826  31.351  -62.246  -35.379 2617.0000000000
15811  12.327  77.564  15.795 2619.0000000000
17551  25.747  -15.658  53.008 2623.0000000000
16747  11.091  38.498  -43.600 2624.0000000000
17490  37.436  2.838  -35.565 2628.0000000000
18922  42.025  -69.141  -2.735 2631.0000000000
20046  37.013  38.192  -14.566 2638.0000000000
29045  49.082  26.412  -22.315 2640.0000000000
29361  2.267  -6.196  22.104 2647.0000000000
4634  49.187  -62.404  4.733 2649.0000000000
29592  57.804  3.197  -4.418 2650.0000000000
24166  49.869  30.732  30.472 2660.0000000000
24168  51.242  37.416  -15.902 2665.0000000000
5595  6.397  -1.928  24.222 2676.0000000000
13357  55.922  5.742  -30.759 2692.0000000000
14264  45.314  42.077  19.536 2695.0000000000
28370  6.158  5.113  -36.467 2715.0000000000
18896  48.801  42.585  -10.233 2719.0000000000
17575  13.754  -41.254  0.051 2724.0000000000
3365  49.142  -10.518  30.864 2745.0000000000
192  35.771  80.449  -15.365 2753.0000000000
18138  2.305  -16.296  24.018 2763.0000000000
17860  28.109  12.789  -69.747 2764.0000000000
19391  13.042  67.296  -8.895 2766.0000000000
23935  9.777  72.155  -28.152 2774.0000000000
732  10.548  -80.351  -20.495 2780.0000000000
26086  61.044  8.343  -25.632 2796.0000000000
191  33.618  4.823  -62.411 2797.0000000000
27017  3.355  78.711  6.482 2803.0000000000
12649  36.019  -63.819  -5.983 2806.0000000000
26696  57.532  24.548  23.277 2809.0000000000
28094  8.963  53.991  4.490 2829.0000000000
193  35.107  80.610  -14.350 2836.0000000000
3363  37.919  -68.323  5.008 2837.0000000000
24491  1.997  -4.024  -26.817 2853.0000000000
17937  38.914  -61.790  -37.991 2864.0000000000
21076  30.919  76.871  6.924 2868.0000000000
21724  3.947  -45.149  27.398 2871.0000000000
2398  26.650  44.810  29.067 2878.0000000000
4072  30.483  37.353  28.162 2883.0000000000
4212  35.120  59.120  23.611 2885.0000000000
25806  17.415  -19.450  -16.307 2895.0000000000
26881  2.710  68.802  -36.847 2902.0000000000
27018  24.868  -38.802  -33.556 2903.0000000000
27060  23.805  -71.432  -36.781 2907.0000000000
12709  2.772  56.828  -20.049 2912.0000000000
14563  5.920  -62.084  0.869 2920.0000000000
12650  47.048  -60.040  -4.519 2925.0000000000
13743  28.796  71.196  -18.735 2929.0000000000
13763  35.507  65.795  10.482 2936.0000000000
4635  34.076  -32.025  37.883 2943.0000000000
3364  38.600  -68.016  4.160 2948.0000000000
18264  20.673  86.548  -7.418 2953.0000000000
17861  44.730  -61.791  -35.412 2963.0000000000
19783  27.536  72.196  -16.425 2966.0000000000
733  9.681  -79.120  -18.291 2973.0000000000
23934  7.304  49.304  11.518 2976.0000000000
2399  27.034  43.901  29.572 2985.0000000000
4104  43.626  3.638  -6.695 2991.0000000000
4258  64.685  -5.254  -23.029 2993.0000000000
24031  17.790  -63.363  25.191 2995.0000000000
26100  48.279  3.943  -7.267 3001.0000000000
26869  56.283  -36.766  30.804 3008.0000000000
14562  4.948  -63.924  -1.882 3012.0000000000
14344  7.474  -54.723  39.926 3022.0000000000
27904  31.559  -79.401  -15.171 3029.0000000000
3477  31.981  28.469  -64.498 3044.0000000000
18927  32.048  27.517  -58.270 3065.0000000000
21331  43.706  -58.168  -9.225 3069.0000000000
22064  30.762  8.520  42.108 3074.0000000000
734  63.915  -42.449  -13.705 3076.0000000000
23626  7.498  73.208  22.510 3080.0000000000
24251  2.318  -16.103  4.879 3088.0000000000
2397  57.509  -35.101  26.721 3089.0000000000
4073  30.466  33.734  28.762 3098.0000000000
4213  32.677  61.785  23.228 3100.0000000000
26401  4.419  -74.719  -24.246 3104.0000000000
13744  12.731  -17.300  -18.113 3111.0000000000
12648  38.274  -9.791  48.535 3115.0000000000
13745  5.619  -43.923  26.210 3118.0000000000
14862  54.385  -59.629  -18.398 3126.0000000000
4473  2.505  56.423  -47.697 3157.0000000000
17511  58.899  22.429  -52.462 3161.0000000000
18942  28.935  -28.182  29.303 3164.0000000000
22065  42.511  75.345  -8.434 3169.0000000000
24032  26.742  -11.698  -43.146 3176.0000000000
3242  55.431  -43.502  -26.783 3177.0000000000
24217  10.117  -72.873  -17.187 3179.0000000000
26182  57.022  -10.853  -48.475 3186.0000000000
4831  41.573  -67.850  -39.782 3192.0000000000
8786  43.490  47.168  24.710 3198.0000000000
5984  28.107  -41.011  50.363 3202.0000000000
27345  41.411  75.734  -18.838 3209.0000000000
27540  45.346  -49.420  33.164 3213.0000000000
15580  25.728  65.092  5.963 3224.0000000000
27903  23.734  30.516  28.475 3230.0000000000
17085  70.927  -22.354  -26.631 3232.0000000000
2243  63.352  -1.838  -3.922 3241.0000000000
3822  62.940  -37.974  17.177 3248.0000000000
3823  39.399  40.613  36.083 3254.0000000000
18926  54.297  60.659  -20.357 3260.0000000000
10636  0.931  47.014  -11.610 3262.0000000000
16332  34.704  41.494  -21.058 3264.0000000000
16386  41.055  -0.034  -57.677 3265.0000000000
2191  50.947  25.172  31.899 3270.0000000000
3241  17.065  7.369  -44.683 3272.0000000000
5609  14.433  -14.183  60.368 3278.0000000000
6109  11.309  -52.996  13.001 3285.0000000000
8718  4.605  -42.834  23.099 3288.0000000000
8719  25.449  77.990  -22.406 3289.0000000000
8819  40.262  44.387  1.919 3300.0000000000
10737  49.430  20.885  17.319 3303.0000000000
11776  35.793  29.816  -6.812 3308.0000000000
15904  36.102  -64.943  -5.559 3320.0000000000
11504  62.393  -12.934  -36.172 3325.0000000000
14899  40.547  68.011  9.214 3327.0000000000
4712  33.113  -37.978  -12.548 3328.0000000000
2244  61.401  -1.711  -4.588 3336.0000000000
2190  52.984  25.081  29.181 3358.0000000000
7806  21.392  -15.243  -38.587 3375.0000000000
8717  21.093  75.404  14.457 3384.0000000000
8785  52.066  13.535  -14.982 3385.0000000000
14898  57.383  0.592  -56.856 3388.0000000000
11775  34.750  30.426  -7.574 3389.0000000000
15956  47.943  58.284  -8.094 3404.0000000000
2833  22.664  60.231  15.641 3406.0000000000
1621  62.275  -19.985  -45.359 3409.0000000000
15579  25.622  65.838  4.662 3414.0000000000
17058  39.964  60.403  -37.170 3426.0000000000
3824  39.586  38.560  37.381 3429.0000000000
2242  61.355  -3.621  -3.728 3434.0000000000
2192  33.577  -1.119  -48.627 3439.0000000000
484  41.916  43.406  24.002 3445.0000000000
4830  9.781  -9.386  -20.505 3447.0000000000
5646  38.697  -18.845  -46.323 3448.0000000000
7807  34.928  -70.244  -4.819 3454.0000000000
4949  38.908  55.353  -32.676 3460.0000000000
10052  57.315  -45.924  -9.995 3464.0000000000
2832  37.927  -24.093  -43.925 3467.0000000000
281  46.991  51.437  -3.033 3469.0000000000
1823  34.717  -20.830  46.993 3474.0000000000
1620  46.556  34.030  -53.689 3480.0000000000
7842  11.204  -44.283  1.988 3497.0000000000
280  47.362  52.342  -3.273 3501.0000000000
4713  31.432  -37.820  -10.667 3504.0000000000
12210  29.400  36.520  -31.386 3521.0000000000
19620  18.001  37.512  40.384 3523.0000000000
18855  35.019  24.773  -56.704 3525.0000000000
424  27.469  6.800  -40.685 3529.0000000000
3580  34.511  -23.472  52.302 3538.0000000000
5001  32.844  44.348  -41.549 3542.0000000000
5064  24.027  54.106  19.408 3543.0000000000
5949  4.864  39.519  0.897 3546.0000000000
6115  11.418  26.439  -38.740 3547.0000000000
8045  19.093  6.553  -50.178 3558.0000000000
8936  31.393  10.137  -54.579 3561.0000000000
2834  22.622  61.338  17.107 3571.0000000000
1822  37.085  -21.384  45.974 3576.0000000000
4571  17.355  -47.479  6.777 3585.0000000000
7843  47.964  6.201  -13.826 3591.0000000000
6060  20.711  9.104  43.478 3595.0000000000
10857  11.253  -35.644  19.780 3606.0000000000
27815  5.801  -14.742  29.855 3615.0000000000
4950  38.545  56.969  -32.790 3616.0000000000
5000  17.746  14.989  -49.635 3622.0000000000
425  26.908  8.732  -40.756 3624.0000000000
426  27.154  6.175  -42.216 3625.0000000000
3544  35.055  8.807  -38.602 3631.0000000000
8937  32.207  9.641  -53.765 3635.0000000000
282  44.787  52.626  -2.976 3637.0000000000
4045  32.377  -30.237  -39.202 3639.0000000000
8008  10.639  73.754  -20.038 3642.0000000000
5174  1.548  -6.432  2.406 3644.0000000000
5909  11.642  46.303  5.063 3650.0000000000
1619  31.130  -18.589  31.310 3652.0000000000
1824  0.966  5.697  5.729 3654.0000000000
11727  37.696  -42.099  42.885 3656.0000000000
7844  49.884  7.948  -13.713 3672.0000000000
11178  69.075  -20.939  11.909 3678.0000000000
5908  33.169  8.897  -49.409 3685.0000000000
4999  67.715  14.646  -5.174 3699.0000000000
2457  49.533  -13.977  -41.963 3711.0000000000
5173  32.155  50.494  16.512 3713.0000000000
4044  9.140  -57.280  19.074 3717.0000000000
6407  14.247  51.332  -46.528 3735.0000000000
6731  11.432  -34.144  14.322 3736.0000000000
10336  55.429  20.581  -20.890 3750.0000000000
8154  63.727  4.283  -48.966 3752.0000000000
15394  15.547  32.836  -35.433 3756.0000000000
11208  59.226  -15.415  -20.354 3765.0000000000
7150  34.336  54.010  26.170 3771.0000000000
10297  46.947  -6.587  46.208 3779.0000000000
11010  43.993  26.867  11.512 3781.0000000000
2456  21.653  41.524  24.570 3786.0000000000
11055  3.691  64.983  -32.985 3787.0000000000
4281  57.365  34.583  -19.369 3801.0000000000
9084  26.579  52.347  14.241 3807.0000000000
4043  27.912  83.215  -1.793 3808.0000000000
6291  39.378  -42.810  26.154 3818.0000000000
8264  6.256  13.734  25.129 3819.0000000000
10337  59.731  25.722  -39.077 3827.0000000000
12343  41.727  8.473  -28.728 3834.0000000000
18568  17.632  83.483  -13.234 3846.0000000000
11676  46.987  17.833  -11.694 3847.0000000000
21528  48.614  -38.136  9.165 3851.0000000000
2072  6.080  -73.258  8.564 3859.0000000000
4611  49.548  -0.914  -7.151 3865.0000000000
6322  48.676  39.294  -48.500 3867.0000000000
6686  46.460  -51.738  -21.589 3873.0000000000
8360  44.555  11.225  -14.354 3874.0000000000
11179  23.710  77.684  -24.093 3882.0000000000
9047  11.589  -34.041  -22.374 3884.0000000000
10781  29.738  32.435  -44.254 3887.0000000000
20947  39.095  -39.135  -39.739 3913.0000000000
4610  48.939  1.190  -8.326 3917.0000000000
2071  16.923  -39.779  52.544 3919.0000000000
10782  30.837  34.094  -44.425 3938.0000000000
11515  52.346  -51.361  21.634 3947.0000000000
11413  22.240  49.982  39.114 3951.0000000000
20376  43.566  -54.109  -5.190 3955.0000000000
25437  16.555  84.186  -30.916 3956.0000000000
21529  50.548  -12.593  36.279 3960.0000000000
22940  5.782  -27.937  44.003 3970.0000000000
5548  33.684  37.498  -34.418 3972.0000000000
23749  48.238  -56.159  -6.063 3973.0000000000
6814  11.953  -79.141  -5.209 3974.0000000000
6815  11.162  -79.456  -4.172 3976.0000000000
25438  1.564  16.356  6.382 4000.0000000000
2073  8.535  -76.119  7.837 4005.0000000000
4609  14.734  -19.854  25.868 4013.0000000000
7226  21.934  -7.735  -32.571 4028.0000000000
8984  35.624  -69.430  -21.458 4030.0000000000
11555  2.634  -49.983  13.123 4038.0000000000
27229  15.014  29.982  -43.018 4053.0000000000
27259  46.092  6.632  -63.762 4054.0000000000
28064  49.227  -26.350  -47.212 4062.0000000000
28379  5.487  78.137  -2.989 4064.0000000000
5331  55.727  39.196  -10.508 4069.0000000000
5330  55.158  38.541  -12.247 4073.0000000000
7227  21.426  -9.388  -30.651 4074.0000000000
26310  26.843  -17.757  36.668 4088.0000000000
25436  9.111  78.473  -43.705 4089.0000000000
26525  5.717  79.849  10.366 4092.0000000000
27078  59.213  -40.280  2.700 4096.0000000000
28034  25.879  79.666  5.449 4099.0000000000
11556  40.353  64.071  11.733 4128.0000000000
26340  31.735  3.496  -40.017 4132.0000000000
26539  64.207  -33.179  -27.655 4134.0000000000
7228  19.769  -10.162  -31.520 4153.0000000000
5329  3.165  84.233  -22.210 4155.0000000000
11622  1.534  25.677  -0.998 4161.0000000000
13162  26.642  -6.794  34.205 4171.0000000000
17666  55.932  -44.876  -28.456 4180.0000000000
20652  6.488  -66.966  -14.743 4181.0000000000
28063  59.581  -43.818  -12.295 4185.0000000000
28795  25.918  34.152  -50.516 4190.0000000000
28813  32.380  -17.064  -33.482 4191.0000000000
29380  67.243  -6.850  21.510 4200.0000000000
27680  35.949  -17.597  35.466 4219.0000000000
29246  3.920  53.608  35.910 4232.0000000000
23110  11.274  -41.117  35.351 4235.0000000000
29625  2.486  31.700  16.069 4244.0000000000
26858  25.914  30.779  31.569 4247.0000000000
13062  66.017  -34.341  7.475 4250.0000000000
13923  58.883  46.502  0.618 4252.0000000000
17099  17.945  -30.892  -21.592 4253.0000000000
19121  4.703  -8.958  36.884 4256.0000000000
22061  14.533  61.598  -44.932 4260.0000000000
22020  45.509  -45.621  -5.503 4262.0000000000
24928  39.218  24.741  -63.345 4267.0000000000
17762  7.238  -55.702  -23.493 4287.0000000000
20339  47.982  -19.330  -13.560 4294.0000000000
22075  43.211  -66.468  -38.177 4295.0000000000
24199  20.615  77.788  10.963 4298.0000000000
25716  3.080  61.814  -31.021 4300.0000000000
26860  38.080  -31.960  36.561 4306.0000000000
26859  48.734  -61.462  -8.359 4310.0000000000
13807  64.128  -37.669  -22.433 4316.0000000000
10322  72.151  -18.882  -18.619 4319.0000000000
16795  3.433  -13.269  -4.297 4323.0000000000
2676  12.315  -60.439  37.793 4324.0000000000
6764  3.498  4.527  40.863 4333.0000000000
7409  7.250  18.682  54.375 4340.0000000000
11598  19.745  77.462  -24.998 4342.0000000000
24154  3.760  -25.147  -7.167 4348.0000000000
10321  44.913  0.766  38.443 4355.0000000000
16794  36.428  9.986  -5.960 4360.0000000000
2716  8.130  -56.336  -28.890 4362.0000000000
12150  57.501  2.334  11.061 4377.0000000000
6718  17.026  -46.167  -29.328 4385.0000000000
6960  55.767  31.848  -21.333 4386.0000000000
2675  17.136  -27.936  59.663 4395.0000000000
8748  9.030  -15.177  -9.544 4403.0000000000
10656  3.328  72.974  9.081 4405.0000000000
11597  30.999  3.832  -54.023 4408.0000000000
7573  25.154  -15.450  -37.500 4420.0000000000
2677  41.221  51.916  -2.931 4422.0000000000
2715  7.500  -53.823  -27.199 4423.0000000000
2717  9.251  -53.911  -28.316 4429.0000000000
6765  48.689  4.143  -31.473 4433.0000000000
7408  53.088  56.828  0.543 4435.0000000000
12149  19.049  66.816  10.815 4443.0000000000
14794  42.741  -12.994  -42.996 4445.0000000000
22994  53.566  -29.916  17.200 4449.0000000000
2118  6.376  -52.894  -25.019 4452.0000000000
10503  40.087  -28.319  34.025 4458.0000000000
14269  14.869  88.082  -7.415 4462.0000000000
19308  28.236  -5.583  -33.600 4471.0000000000
28948  22.886  -75.864  12.360 4472.0000000000
22993  3.560  -62.374  -8.796 4488.0000000000
2119  6.551  -50.485  -23.611 4489.0000000000
7550  71.245  -4.069  -18.239 4497.0000000000
12819  37.864  80.359  -26.611 4502.0000000000
14842  24.934  63.078  4.145 4507.0000000000
16289  50.558  -58.020  10.644 4508.0000000000
28082  42.391  -16.137  2.537 4515.0000000000
663  15.868  41.688  42.951 4517.0000000000
28081  69.066  -2.713  0.015 4522.0000000000
7876  65.895  -2.456  -38.918 4534.0000000000
7920  31.302  7.910  -49.213 4539.0000000000
28046  38.551  36.700  8.094 4548.0000000000
664  15.941  42.895  42.764 4556.0000000000
2120  5.503  -51.408  -22.165 4561.0000000000
7875  25.920  50.928  -34.159 4565.0000000000
14660  42.630  -71.918  -10.480 4571.0000000000
7874  27.145  51.791  -34.471 4573.0000000000
6199  61.842  -3.704  -6.722 4582.0000000000
6345  4.063  -8.921  43.219 4584.0000000000
9130  51.536  -28.136  -40.233 4586.0000000000
13751  63.593  -34.907  18.104 4588.0000000000
3431  10.583  -28.995  -17.098 4589.0000000000
4103  11.904  -16.678  53.521 4599.0000000000
21697  28.432  84.944  -10.404 4602.0000000000
14661  42.647  9.322  -24.651 4618.0000000000
12660  60.554  -20.197  31.686 4627.0000000000
662  14.053  38.856  -32.999 4632.0000000000
3432  22.620  19.382  -66.835 4633.0000000000
7321  39.569  1.497  -37.421 4637.0000000000
5389  40.737  25.293  30.883 4639.0000000000
10437  8.183  -16.554  53.372 4644.0000000000
9518  3.208  50.107  0.100 4646.0000000000
12191  49.705  -59.916  -34.299 4652.0000000000
9088  6.172  -3.127  -5.250 4664.0000000000
4573  28.262  -15.850  -43.445 4673.0000000000
24647  13.930  -53.157  -7.573 4690.0000000000
13854  19.725  6.473  47.455 4697.0000000000
6344  40.286  41.048  -25.459 4704.0000000000
24242  35.664  -63.823  24.218 4711.0000000000
4827  44.112  -12.955  30.343 4714.0000000000
4828  8.568  -10.317  -19.103 4720.0000000000
7588  33.015  -3.660  -47.846 4730.0000000000
5431  5.930  -29.649  20.708 4733.0000000000
15680  2.497  -39.691  4.244 4738.0000000000
15681  47.974  -23.262  29.922 4739.0000000000
11213  52.325  -9.138  23.497 4751.0000000000
26200  18.708  -62.261  31.174 4759.0000000000
7589  32.116  -4.381  -45.436 4775.0000000000
12342  41.649  10.274  -29.341 4776.0000000000
11211  4.448  12.242  10.544 4783.0000000000
28305  32.940  42.102  -54.185 4787.0000000000
12489  11.326  -43.210  35.973 4788.0000000000
12401  39.336  -44.324  35.218 4794.0000000000
9453  30.739  0.030  54.750 4796.0000000000
12669  24.029  -45.058  -31.655 4803.0000000000
5429  21.206  -55.995  -9.756 4806.0000000000
28543  25.453  -19.647  48.795 4815.0000000000
12490  69.823  3.940  -20.793 4832.0000000000
9706  59.581  31.324  8.304 4838.0000000000
5430  52.316  -54.886  -26.597 4846.0000000000
18570  22.758  -35.522  52.708 4848.0000000000
20431  45.692  6.879  -14.989 4853.0000000000
11212  5.142  12.098  11.463 4859.0000000000
12488  22.534  -18.215  55.826 4861.0000000000
12450  33.991  31.185  -46.027 4862.0000000000
23073  52.859  -26.827  -44.037 4868.0000000000
14811  11.065  22.912  25.937 4877.0000000000
19642  42.715  -64.943  -37.290 4884.0000000000
29000  4.841  33.079  4.386 4885.0000000000
29006  7.032  -54.603  -20.989 4891.0000000000
22154  30.047  32.684  30.828 4896.0000000000
22489  9.598  78.890  15.403 4898.0000000000
19368  53.939  4.398  -33.289 4900.0000000000
9455  51.988  -48.650  26.512 4909.0000000000
12494  21.424  -43.068  42.614 4913.0000000000
17852  6.304  -35.204  30.651 4920.0000000000
20430  29.714  78.197  -34.951 4926.0000000000
21656  67.349  -10.399  21.537 4929.0000000000
23074  42.689  3.842  33.318 4932.0000000000
612  38.111  -64.695  16.680 4940.0000000000
300  13.311  -23.481  46.541 4945.0000000000
298  2.788  27.429  15.756 4946.0000000000
20581  21.092  50.008  39.391 4962.0000000000
19847  41.715  23.054  13.795 4963.0000000000
21003  70.692  -11.859  -32.182 4965.0000000000
20582  50.220  -29.908  -45.759 4971.0000000000
17962  15.696  -40.692  -7.338 4974.0000000000
24602  49.383  16.287  -66.125 4975.0000000000
17412  26.407  -46.000  -14.737 4979.0000000000
22196  66.048  19.116  5.844 4989.0000000000
299  13.585  -23.239  49.576 4991.0000000000
613  56.295  -32.800  -4.614 5002.0000000000
5081  54.589  -34.674  25.398 5009.0000000000
17933  42.850  -7.688  -1.462 5023.0000000000
23440  27.175  30.332  34.645 5026.0000000000
24588  65.882  -3.587  -23.646 5042.0000000000
20017  2.724  43.114  -38.345 5043.0000000000
21116  25.908  -22.914  -15.358 5053.0000000000
5259  27.346  59.871  3.225 5063.0000000000
4054  51.942  -25.008  -45.535 5067.0000000000
5080  19.336  -73.245  7.443 5069.0000000000
8301  1.351  56.518  -31.934 5071.0000000000
4962  36.575  44.871  -40.488 5074.0000000000
8302  51.630  60.118  -16.429 5077.0000000000
4055  50.657  -20.883  -43.683 5080.0000000000
17932  26.759  11.269  -57.391 5087.0000000000
17931  56.643  -39.491  6.599 5099.0000000000
18828  40.780  -10.986  -1.242 5101.0000000000
17433  52.547  -2.843  -52.672 5104.0000000000
18735  50.711  -26.870  -3.367 5105.0000000000
19369  68.338  2.603  7.748 5115.0000000000
21717  5.497  21.761  25.191 5118.0000000000
947  5.495  -13.886  8.186 5126.0000000000
2218  21.761  -57.460  -13.727 5130.0000000000
27265  51.366  -38.094  -30.191 5169.0000000000
20018  19.647  -34.413  43.576 5172.0000000000
21175  61.574  -30.950  14.466 5175.0000000000
2217  49.831  -16.310  -44.485 5187.0000000000
23566  34.610  -37.789  46.710 5198.0000000000
24359  14.120  -85.016  -3.554 5201.0000000000
946  34.867  39.304  39.163 5212.0000000000
6944  14.033  54.031  2.557 5221.0000000000
7439  53.596  -8.848  25.242 5224.0000000000
7541  13.216  -27.106  39.919 5225.0000000000
23900  45.489  -43.018  28.561 5231.0000000000
948  6.016  -12.300  7.811 5252.0000000000
2968  2.656  34.731  24.672 5258.0000000000
7597  51.013  65.315  -15.741 5264.0000000000
24362  24.984  44.456  41.567 5270.0000000000
11988  8.623  63.480  -14.128 5275.0000000000
2967  2.834  33.633  26.322 5282.0000000000
7512  10.960  -35.937  32.193 5288.0000000000
11192  38.431  16.387  35.301 5297.0000000000
9771  55.598  30.332  15.153 5301.0000000000
15509  26.030  -5.781  -28.622 5304.0000000000
17574  11.186  -43.071  1.062 5314.0000000000
17664  9.952  -26.136  -18.090 5316.0000000000
7354  47.443  -57.341  -30.486 5318.0000000000
11193  61.486  24.122  -43.442 5320.0000000000
16898  13.590  -77.345  -29.669 5331.0000000000
12147  38.964  -48.362  31.780 5343.0000000000
12847  24.669  9.092  39.855 5350.0000000000
11713  7.084  -27.332  0.271 5354.0000000000
12046  53.589  -1.472  16.378 5355.0000000000
6076  1.164  53.326  -32.917 5364.0000000000
9772  2.294  62.273  6.945 5366.0000000000
9770  5.763  -46.543  42.919 5369.0000000000
12814  4.895  6.344  41.236 5372.0000000000
12112  49.535  23.840  -25.733 5376.0000000000
27422  41.282  26.576  41.817 5383.0000000000
16206  25.105  -78.752  -36.780 5392.0000000000
27682  52.253  50.773  -24.687 5399.0000000000
27421  42.607  5.770  -63.562 5407.0000000000
18790  7.575  20.342  29.370 5408.0000000000
27671  6.192  5.520  37.397 5422.0000000000
24669  46.081  -65.328  -14.307 5426.0000000000
27688  9.372  89.151  -12.936 5428.0000000000
5907  32.657  12.353  -51.538 5443.0000000000
8913  5.939  -27.320  -0.267 5447.0000000000
7028  6.847  -79.539  -15.506 5450.0000000000
9962  33.800  36.050  -7.681 5454.0000000000
8911  25.443  -8.986  -27.949 5465.0000000000
7079  51.480  49.824  13.579 5466.0000000000
