#!ascii label  , from subject FreeSurferMNI152_0.2 vox2ras=TkReg
303
18395  25.744  -45.247  -27.969 1.0000000000
7086  6.535  -47.208  45.146 3.0000000000
7127  42.914  1.587  -50.024 4.0000000000
7087  62.951  -21.972  17.064 11.0000000000
6650  58.264  -18.623  24.349 13.0000000000
7088  62.012  -21.300  15.977 15.0000000000
8776  32.474  40.609  -9.076 19.0000000000
12266  52.112  41.948  -24.357 20.0000000000
13027  13.545  59.430  -8.231 23.0000000000
10553  36.431  9.778  -61.968 27.0000000000
12265  53.005  -39.286  -40.336 31.0000000000
13100  49.057  -30.573  -34.595 34.0000000000
13463  34.529  7.944  -65.721 35.0000000000
10555  48.643  40.266  -23.560 41.0000000000
5838  31.932  -2.465  -50.649 45.0000000000
5839  31.444  -0.493  -50.602 47.0000000000
11439  8.754  -12.260  -9.175 52.0000000000
1282  69.787  -10.469  7.742 53.0000000000
15074  50.094  60.854  -35.704 54.0000000000
26385  46.098  -22.612  43.268 56.0000000000
15075  45.233  -20.925  42.430 59.0000000000
5871  53.876  -26.208  4.116 67.0000000000
27515  23.076  -11.679  43.485 71.0000000000
27546  64.589  0.240  -44.895 73.0000000000
407  25.995  49.326  31.826 74.0000000000
6887  2.691  47.285  5.868 76.0000000000
9884  0.793  39.794  -12.578 81.0000000000
8667  29.693  -48.394  45.050 82.0000000000
11076  40.018  10.667  -59.896 85.0000000000
5837  18.788  -0.245  -34.536 90.0000000000
11438  60.555  42.313  -3.450 95.0000000000
13809  42.008  -7.686  39.331 99.0000000000
26584  32.204  27.982  43.304 100.0000000000
12277  21.340  58.081  31.877 101.0000000000
14762  50.511  11.494  -47.859 102.0000000000
1446  43.643  47.222  -1.014 106.0000000000
8707  26.970  -46.954  45.668 115.0000000000
11075  39.747  11.774  -59.762 116.0000000000
16495  54.927  26.016  -20.610 121.0000000000
17841  14.218  -52.313  17.278 122.0000000000
11868  39.416  55.568  -37.155 125.0000000000
19701  14.272  39.467  44.939 129.0000000000
16304  32.122  67.633  6.478 132.0000000000
13810  28.892  -30.818  -37.470 134.0000000000
405  3.224  -4.199  44.059 139.0000000000
6886  2.349  45.714  7.024 142.0000000000
11074  37.742  12.416  -60.622 146.0000000000
16494  53.443  22.509  -19.778 154.0000000000
17840  15.329  -51.584  17.205 160.0000000000
12276  29.367  22.085  49.203 164.0000000000
12275  20.808  18.280  -55.878 168.0000000000
14701  48.056  -18.717  -40.827 177.0000000000
16258  59.551  47.321  -5.956 179.0000000000
18969  26.219  41.836  27.413 181.0000000000
16381  22.009  -49.156  -0.246 183.0000000000
20758  3.739  36.335  20.602 187.0000000000
15817  20.278  45.756  40.824 192.0000000000
24810  38.805  -32.667  38.578 195.0000000000
24250  17.025  -74.703  -29.631 197.0000000000
24001  68.619  -25.464  8.142 201.0000000000
18085  49.374  -61.307  -4.037 207.0000000000
15216  20.197  69.603  15.023 210.0000000000
15287  31.824  -25.063  -30.054 213.0000000000
17844  50.722  1.961  -32.105 221.0000000000
18331  19.344  4.809  57.880 225.0000000000
23115  44.357  56.943  15.544 232.0000000000
23164  54.797  0.301  -25.662 237.0000000000
18144  66.412  -9.770  -39.899 239.0000000000
20834  60.512  -23.813  -39.510 245.0000000000
15217  30.309  4.528  -32.661 246.0000000000
8324  44.416  40.296  -20.906 252.0000000000
11916  12.799  87.113  -1.676 253.0000000000
10949  7.318  86.869  -29.391 256.0000000000
9232  36.210  -15.519  -25.613 257.0000000000
9603  42.279  76.920  -26.993 259.0000000000
15177  43.913  -43.875  -14.917 267.0000000000
17388  58.597  -40.926  5.648 273.0000000000
9924  72.370  -11.826  -24.652 274.0000000000
13630  17.397  69.198  14.897 284.0000000000
20057  2.475  11.481  22.205 286.0000000000
1086  15.650  34.872  -43.961 293.0000000000
2601  17.596  74.680  10.858 301.0000000000
4376  67.149  -33.555  -14.595 303.0000000000
5423  45.213  50.069  -21.290 304.0000000000
6258  8.221  71.394  -24.503 312.0000000000
9204  47.882  69.930  -27.575 316.0000000000
11539  17.389  -65.084  26.220 320.0000000000
11540  52.139  21.729  -22.412 326.0000000000
17941  46.657  -27.801  34.009 334.0000000000
18002  58.568  -13.944  -47.470 335.0000000000
21124  27.701  9.476  31.556 336.0000000000
1085  14.266  34.076  -43.840 340.0000000000
2600  16.538  72.681  10.230 343.0000000000
2868  59.791  46.205  -5.024 344.0000000000
1087  9.006  -79.764  -19.612 347.0000000000
4375  67.490  -34.739  -11.945 356.0000000000
8961  5.109  -12.827  38.598 363.0000000000
10771  34.282  -47.198  34.732 370.0000000000
8006  31.925  35.106  38.661 380.0000000000
2869  41.127  15.987  -2.247 388.0000000000
2599  49.195  64.604  -33.789 391.0000000000
5422  65.189  19.928  -6.659 393.0000000000
27710  42.989  -32.777  41.641 397.0000000000
7496  16.090  -23.232  60.686 400.0000000000
6257  9.246  72.172  -23.862 404.0000000000
27703  50.547  -63.466  -12.028 405.0000000000
9203  14.411  59.294  -4.754 411.0000000000
10139  18.969  18.344  -52.548 414.0000000000
11538  17.652  -63.501  25.101 415.0000000000
13593  55.258  14.014  -48.884 420.0000000000
8005  2.818  66.825  1.995 429.0000000000
8393  38.279  -2.615  -5.194 431.0000000000
27076  3.792  -50.890  6.694 441.0000000000
24556  52.490  26.611  16.636 452.0000000000
28638  23.737  -72.399  -36.453 454.0000000000
27006  13.469  -21.636  60.726 464.0000000000
27884  8.019  -63.472  -13.155 468.0000000000
8007  21.003  74.800  -37.644 470.0000000000
9238  30.677  -70.561  10.539 476.0000000000
24557  51.421  61.794  -6.241 480.0000000000
23784  8.095  7.717  -34.888 487.0000000000
15146  27.705  68.408  -3.712 493.0000000000
25634  47.266  -18.512  34.380 496.0000000000
24634  27.680  6.850  34.686 500.0000000000
16621  3.560  67.175  24.832 501.0000000000
25073  25.976  -67.409  8.291 505.0000000000
26013  54.351  51.048  -27.133 507.0000000000
26231  52.497  -40.082  4.286 508.0000000000
26578  34.150  45.353  35.665 509.0000000000
9239  49.895  9.885  10.846 522.0000000000
24600  29.991  84.088  -15.756 528.0000000000
16759  4.872  -53.536  37.365 537.0000000000
22830  7.419  -22.076  25.914 551.0000000000
23807  60.120  -4.422  30.529 559.0000000000
17946  2.520  58.956  -4.471 565.0000000000
24779  17.143  72.993  18.779 567.0000000000
24794  62.898  -4.808  -40.652 569.0000000000
144  27.474  13.774  -55.599 570.0000000000
145  27.324  14.466  -56.686 572.0000000000
655  51.289  5.301  -62.002 574.0000000000
2945  48.837  -23.532  -40.421 580.0000000000
5427  47.818  -30.921  -30.599 583.0000000000
3991  68.106  -1.019  18.565 587.0000000000
7649  56.105  6.798  -43.857 593.0000000000
18879  64.950  -21.374  -39.809 598.0000000000
13294  59.210  -24.816  -0.368 600.0000000000
12668  24.408  -42.111  -32.286 601.0000000000
16476  28.149  7.112  -63.815 602.0000000000
18840  69.003  8.720  -29.233 613.0000000000
3889  3.778  84.155  -18.156 627.0000000000
1101  67.767  -8.118  13.224 629.0000000000
2520  16.187  -63.463  23.178 633.0000000000
4534  47.964  37.609  -34.802 640.0000000000
10400  2.789  -42.326  19.387 647.0000000000
14374  5.430  53.096  -37.491 653.0000000000
14144  43.056  19.771  -26.872 654.0000000000
16067  14.084  37.009  46.509 657.0000000000
16338  11.200  44.481  6.270 663.0000000000
10107  47.233  58.457  -17.596 665.0000000000
146  60.632  13.637  13.309 668.0000000000
1459  19.841  -0.524  -32.908 673.0000000000
4865  5.185  30.808  20.518 679.0000000000
2553  32.204  -1.092  -50.028 683.0000000000
2519  11.473  -32.282  -18.380 688.0000000000
1102  67.946  -8.257  9.084 692.0000000000
4533  52.610  -20.134  -46.370 697.0000000000
8296  65.074  -32.550  12.574 699.0000000000
2332  29.181  10.825  -51.409 701.0000000000
2271  21.954  -84.198  -31.949 707.0000000000
11290  51.332  13.319  -18.168 715.0000000000
17657  4.556  -71.833  1.589 716.0000000000
7331  11.954  -82.859  -0.318 722.0000000000
1100  50.441  11.168  -14.059 730.0000000000
2518  27.040  12.440  -47.995 734.0000000000
2333  28.066  11.495  -53.984 752.0000000000
2270  7.991  70.689  -5.187 753.0000000000
8208  42.950  -53.668  -38.497 759.0000000000
10964  15.167  51.692  40.184 765.0000000000
11955  3.389  -63.579  11.078 770.0000000000
7332  11.714  -84.295  -3.436 775.0000000000
6503  11.661  -22.167  31.716 780.0000000000
10543  52.192  -45.669  28.116 787.0000000000
11251  21.453  84.716  -0.181 791.0000000000
13775  23.890  -71.779  -35.695 798.0000000000
28175  12.837  -78.055  -26.658 799.0000000000
2334  47.757  14.807  -50.171 802.0000000000
2269  6.033  73.694  -4.199 804.0000000000
6032  17.536  -24.132  -24.426 807.0000000000
1386  18.219  10.861  52.109 809.0000000000
3118  22.906  33.493  32.803 812.0000000000
11263  36.404  8.122  -3.250 814.0000000000
5210  31.177  12.264  -55.727 818.0000000000
7431  10.198  -13.168  -8.031 822.0000000000
7330  32.712  52.896  26.690 826.0000000000
8529  17.008  -60.236  35.764 829.0000000000
9212  26.869  9.273  28.774 833.0000000000
10542  44.016  -22.497  24.078 840.0000000000
11252  70.141  -22.219  -9.273 843.0000000000
13774  23.543  -71.890  -33.904 845.0000000000
17122  1.857  40.003  -24.372 847.0000000000
17123  38.623  -15.011  -48.121 854.0000000000
1387  20.205  16.104  -55.278 857.0000000000
5288  50.128  -28.207  -37.798 869.0000000000
12158  19.930  78.160  -24.433 885.0000000000
12859  7.454  -67.970  -35.299 889.0000000000
28120  2.611  53.420  3.569 894.0000000000
23862  3.109  -55.263  -4.662 896.0000000000
18622  27.785  -80.808  -33.931 903.0000000000
17147  20.329  83.716  -12.305 906.0000000000
1385  13.206  -67.370  -11.526 911.0000000000
3397  28.196  82.648  -31.024 916.0000000000
5325  54.685  7.315  -28.641 923.0000000000
5209  30.177  15.552  -56.604 924.0000000000
23330  47.633  -60.575  -5.554 928.0000000000
23352  60.185  -5.778  -39.552 931.0000000000
27359  3.860  -62.418  -11.883 932.0000000000
22985  37.835  -8.149  34.197 938.0000000000
24617  66.662  -33.682  -3.066 939.0000000000
24185  15.597  36.588  43.794 945.0000000000
19027  12.614  -9.449  21.693 948.0000000000
28587  28.641  -50.059  30.578 952.0000000000
20186  2.818  -19.252  40.114 957.0000000000
27505  51.942  10.640  35.544 967.0000000000
3117  34.973  32.538  -14.110 968.0000000000
28112  48.384  -18.085  -20.514 979.0000000000
7180  29.271  -63.699  4.247 980.0000000000
16228  40.782  35.021  -30.527 986.0000000000
16227  48.944  28.938  -61.972 991.0000000000
17094  31.184  74.660  1.768 996.0000000000
19149  68.313  -8.478  2.226 1007.0000000000
23241  68.335  -23.060  12.063 1014.0000000000
23379  25.611  -19.221  -19.050 1018.0000000000
28017  41.555  -7.914  -49.747 1026.0000000000
16742  3.445  33.557  39.600 1029.0000000000
17569  35.505  1.854  -35.998 1034.0000000000
1049  26.527  61.649  1.562 1044.0000000000
17731  7.162  48.727  7.426 1046.0000000000
3460  53.166  40.038  -17.590 1050.0000000000
2748  58.186  7.737  28.694 1051.0000000000
5183  61.214  -17.150  -35.075 1053.0000000000
7503  50.736  -22.384  -6.613 1064.0000000000
8278  46.043  -54.394  -38.019 1066.0000000000
10350  51.854  29.414  13.790 1068.0000000000
13128  48.448  -28.121  -33.971 1072.0000000000
15307  1.557  1.022  -15.301 1074.0000000000
16176  36.606  2.007  -37.466 1077.0000000000
16867  39.237  26.932  -62.940 1084.0000000000
17605  3.793  3.852  -4.338 1087.0000000000
18374  17.772  -12.409  -30.233 1088.0000000000
3459  5.583  -73.017  -32.919 1096.0000000000
6180  29.401  41.000  39.496 1105.0000000000
3461  54.051  -12.199  -19.244 1108.0000000000
5182  61.384  -18.423  -36.541 1110.0000000000
17524  35.743  3.930  -36.393 1136.0000000000
18373  27.668  36.676  29.221 1141.0000000000
712  68.121  -3.556  19.788 1143.0000000000
7340  56.790  40.136  -21.397 1154.0000000000
6181  23.530  11.778  -39.888 1155.0000000000
7502  50.109  -21.517  -7.787 1162.0000000000
10349  41.521  -45.943  -35.096 1165.0000000000
15308  67.689  -22.338  -10.542 1167.0000000000
26909  34.944  6.378  -37.041 1172.0000000000
16177  36.355  7.685  -63.117 1173.0000000000
16704  54.657  16.884  -58.694 1175.0000000000
17523  36.121  2.196  -35.607 1178.0000000000
25204  34.620  -51.327  37.065 1189.0000000000
711  66.972  -2.620  22.623 1191.0000000000
25273  63.236  -44.247  -15.818 1195.0000000000
25272  48.079  34.577  -50.022 1197.0000000000
17045  50.971  -13.256  -19.000 1204.0000000000
26172  58.318  -32.535  19.742 1205.0000000000
19564  13.399  -26.657  52.297 1207.0000000000
19671  51.920  19.034  -54.320 1211.0000000000
22365  47.689  -33.737  -28.291 1219.0000000000
24900  4.324  -59.876  26.568 1227.0000000000
20068  41.606  0.537  -8.213 1238.0000000000
25776  15.604  28.465  44.792 1239.0000000000
18371  40.399  58.465  -11.283 1241.0000000000
6637  5.781  -26.065  38.304 1243.0000000000
7861  28.924  -6.604  38.732 1245.0000000000
9867  2.773  73.218  10.851 1247.0000000000
20381  5.894  -45.786  -4.988 1258.0000000000
12037  3.657  81.860  -6.365 1260.0000000000
12232  25.155  71.038  -19.382 1265.0000000000
17047  18.814  14.904  -52.758 1267.0000000000
17046  3.282  14.613  -36.167 1268.0000000000
18047  12.110  10.080  52.886 1271.0000000000
6636  4.505  -25.915  37.782 1276.0000000000
6638  4.855  -26.949  40.367 1278.0000000000
7860  28.033  -6.752  39.001 1287.0000000000
9835  26.755  47.560  14.125 1288.0000000000
12036  29.983  -79.338  -2.609 1292.0000000000
10523  3.703  10.845  -34.184 1307.0000000000
26242  37.054  41.923  -11.968 1310.0000000000
27372  37.497  -5.724  -13.421 1314.0000000000
12035  3.977  6.512  24.910 1320.0000000000
20477  23.162  15.903  54.279 1322.0000000000
26241  30.212  74.453  -9.387 1325.0000000000
17436  49.142  21.312  -63.370 1333.0000000000
17438  25.390  47.882  -31.113 1334.0000000000
18761  30.509  -43.954  -15.479 1336.0000000000
20478  25.134  -34.016  -34.982 1353.0000000000
17437  24.674  47.741  -30.852 1354.0000000000
