111846  -0.4560  28.4470  -25.4570  1    18995  -19.4830  -27.4040  -29.9410  1
111850  -0.3180  27.9820  -25.7090  2    9308  -28.0980  -57.1850  2.1410  2
112698  -0.3840  28.9820  -25.5160  5    19117  -50.1610  29.6710  -42.6890  5
113567  -0.5490  30.9510  -24.7040  6    7433  -35.5400  -61.7470  -38.1070  6
113576  -0.4860  29.5050  -25.7890  9    29355  -47.8550  -58.8320  15.2520  9
113577  -0.4990  29.7380  -26.1490  10    9309  -40.0270  56.9400  16.4210  10
114455  -0.5750  31.5760  -24.6710  12    28347  -38.4390  19.9580  14.9430  12
114458  -0.5450  31.1870  -25.0750  13    25335  -55.8740  -33.6480  -25.8260  13
114461  -0.4810  30.8400  -25.5760  14    28404  -13.8400  30.5890  -36.7040  14
114465  -0.5190  28.7680  -26.3180  16    10247  -3.3660  63.6190  31.7220  16
115315  -0.7880  33.1030  -24.1680  17    25260  -15.8910  74.5950  13.5710  17
115326  -0.5540  31.9550  -25.3170  22    25336  -43.8460  -54.1140  -12.7330  22
115339  -0.4360  31.6090  -27.7870  24    19707  -48.8180  -51.1590  -8.1660  24
116137  -0.9490  33.8750  -24.2410  25    598  -20.7900  -45.6630  29.2350  25
116145  -0.7720  33.3670  -24.8260  29    25261  -12.9020  83.2380  -28.1010  29
116146  -0.8240  33.7720  -25.2240  30    1268  -20.0670  63.9390  15.0510  30
116168  -0.5660  32.5360  -27.1880  33    26590  -34.5230  34.7380  -28.7130  33
116946  -1.1340  34.4060  -24.5970  36    597  -20.7520  -42.9600  29.9090  36
116965  -0.8510  33.9890  -26.5430  39    5333  -34.1750  1.6770  -38.7810  39
116972  -0.6990  33.2660  -26.9660  41    18670  -20.4990  -35.6340  -33.4110  41
116973  -0.8820  33.8220  -27.6220  42    5636  -42.8550  -54.7580  -29.8280  42
117758  -1.4580  36.1550  -24.3270  43    15074  -1.2660  24.4380  6.6540  43
117761  -1.3570  35.7070  -24.4600  44    599  -20.6530  -45.2100  28.1290  44
118572  -1.6320  37.2420  -24.2610  53    731  -25.0900  78.6010  -15.9010  53
118596  -1.4430  36.2330  -25.3810  57    1269  -18.7350  62.5720  13.5940  57
118601  -1.4000  36.1810  -26.2570  60    5334  -46.7500  24.1700  -0.2420  60
118604  -1.3320  36.1350  -27.3220  61    5428  -57.7850  8.8300  0.4570  61
119354  -1.7550  38.1540  -24.1730  63    5224  -26.3390  -44.7050  -12.6530  63
119369  -1.6240  37.8850  -24.9740  67    8682  -60.2420  -19.7570  -33.9510  67
119385  -0.7190  37.2530  -29.5640  74    6358  -2.4710  56.9090  -48.3090  74
120114  -1.7900  38.5490  -24.2880  78    7368  -53.2310  0.8280  -24.0780  78
120136  -0.9370  38.0970  -28.4640  85    10028  -65.2560  -15.1860  18.4550  85
120140  -0.6050  38.3470  -30.0810  87    11101  -6.6150  -22.6450  14.6900  87
120841  -1.9590  40.0630  -23.8780  88    5265  -1.1430  -48.3840  -17.0290  88
120848  -1.9060  39.4510  -24.1000  90    7311  -62.4560  11.6820  -44.2360  90
120859  -1.4720  39.1330  -26.0620  95    8681  -60.2110  -18.8500  28.1280  95
120863  -0.7970  39.2040  -28.1860  97    9568  -29.0600  46.4100  -15.0010  97
121611  -2.0200  40.7480  -23.7840  102    5187  -7.9940  -21.8730  16.3960  102
121622  -1.8460  39.8750  -24.4270  106    17942  -56.4510  44.4670  -7.6320  106
121626  -1.6060  40.1760  -25.5480  108    18102  0.6360  34.4590  -3.2470  108
121633  -0.8090  40.2940  -27.3500  112    9570  -21.6420  51.1390  36.0940  112
121659  -0.7770  41.2260  -31.0750  117    15666  -27.5540  -62.1160  30.2500  117
122429  -2.1000  41.4930  -23.6830  119    4993  -34.1630  -21.6700  29.2580  119
122441  -1.9870  41.0230  -23.8310  123    5987  -30.2760  -64.4550  -39.1390  123
122458  -0.2430  41.9770  -28.0200  129    9891  -19.9170  -74.3820  12.0730  129
122479  -0.3860  42.1940  -30.2060  134    9569  -4.5040  -30.5610  45.8330  134
123270  -1.9740  41.7000  -24.0790  143    17926  -49.3150  52.9810  -9.6420  143
123274  -1.7620  41.7780  -24.9210  145    9892  -18.5960  -74.3030  12.2850  145
123322  -0.5680  42.8220  -30.7700  152    11565  -0.5820  34.2650  13.8750  152
124063  -2.2250  43.5640  -23.1320  156    4994  -34.1960  -20.5840  27.9710  156
124070  -2.0780  43.1400  -23.1610  157    4992  -21.4830  71.7110  -12.2540  157
124076  -2.0220  42.9630  -24.0380  162    624  -41.7710  -3.4750  -41.8360  162
124100  -0.2030  42.9480  -27.7480  166    9890  -54.4140  -42.5550  -12.1710  166
124123  -0.1090  43.3830  -29.4830  170    4999  -39.1090  36.0130  -23.0330  170
124811  -2.2450  44.5120  -22.8840  175    10804  -49.8240  -6.5150  19.0870  175
124822  -2.0660  43.7510  -23.5080  180    15162  -11.7380  -13.7940  53.6840  180
124844  -1.5280  43.5140  -25.4040  184    534  -0.2400  1.2760  -22.4810  184
125581  -2.1530  45.4890  -22.5520  197    10712  -55.2480  -46.0880  11.0460  197
125589  -2.1870  45.0500  -22.7090  199    10710  -3.7250  34.5960  13.6640  199
125591  -2.1610  45.1090  -22.8980  201    11864  -11.4890  -25.6000  14.9390  201
126398  -1.9370  46.1660  -23.4080  229    19207  -21.0800  -43.2190  -30.2910  229
126408  -1.9460  45.4760  -23.8180  231    15163  -31.1250  50.7270  16.9720  231
126416  -1.7720  45.2140  -24.5470  232    536  -25.1070  76.2770  8.6070  232
126442  -0.3440  45.2800  -27.8910  235    2580  -50.2300  -55.6050  -32.0350  235
126458  -3.6510  45.6380  -31.2800  240    5042  -47.9460  40.7080  4.2620  240
127062  0.6420  49.5480  -5.3570  244    20067  -10.2910  63.8050  -6.3530  244
127173  -1.8650  47.4160  -21.9530  245    14463  -5.9670  -38.4300  49.4430  245
127174  -1.7990  47.8280  -21.8700  246    14462  -8.0780  -38.2110  50.2670  246
127188  -1.8850  47.1980  -22.2360  248    18053  -36.8070  37.0480  36.0170  248
127237  -0.8580  46.8030  -26.6710  254    535  -51.8610  34.3030  -33.7950  254
127243  -0.5530  46.5190  -27.6970  257    2579  -50.9130  -54.3420  -30.2840  257
127254  -1.6370  46.5530  -31.5050  261    4998  -28.5030  37.2630  -60.2950  261
127805  0.7630  49.7970  -5.8480  265    20503  -19.2100  -87.0950  -12.7030  265
127806  0.7610  50.2430  -5.8380  266    12097  -1.1900  -36.7870  37.1260  266
127810  0.8780  49.3160  -6.2070  267    21598  -0.3080  -6.5530  -2.3370  267
127811  0.9870  49.6490  -6.4180  268    21094  -21.1930  58.5820  14.4100  268
127813  0.9220  50.6340  -6.5690  270    12160  -25.4000  66.9900  8.3990  270
127916  -1.5380  49.1730  -21.0640  276    12871  -14.5920  -41.2570  36.7000  276
127978  -1.2580  47.3820  -24.8780  289    19908  -41.1310  4.3670  -4.7690  289
127991  -1.2450  47.5150  -31.1340  293    21314  -45.5360  -36.5610  -34.0350  293
127994  -5.6380  47.3700  -29.9680  296    21656  -7.0970  44.5680  44.6090  296
128517  0.3480  50.4210  -3.9970  297    5162  -49.1100  4.6300  -8.0490  297
128531  1.3300  50.7970  -7.9240  304    26001  -22.2320  3.6370  36.2920  304
128532  1.0350  50.5780  -8.1420  305    16275  -51.4740  54.1110  -10.8220  305
128542  1.2120  51.4780  -8.3570  311    14437  -41.6630  -4.5800  -7.4790  311
128646  -1.2530  50.0630  -20.2200  314    5128  -36.3790  -6.9580  -33.6780  314
128660  -1.4740  49.7100  -21.0060  318    14597  -27.7410  -52.4490  33.4170  318
128693  -1.6150  48.7940  -22.3620  324    18052  -53.7520  7.4210  23.2650  324
128700  -1.3710  48.5800  -23.9170  326    19397  -10.2760  -59.0670  40.1890  326
128712  -0.5150  48.3590  -29.5230  331    20931  -0.1550  11.8620  -33.2890  331
128713  -4.4040  49.3070  -30.3640  332    12919  -34.8200  20.8500  45.0410  332
128714  -5.0280  49.2250  -29.9930  333    21641  -16.2060  14.3420  -53.1540  333
129230  0.2910  51.8280  -2.0950  339    22305  -0.0360  13.6950  -34.5270  339
129246  0.3300  51.6720  -3.3160  340    5161  -46.6860  4.0900  -7.5630  340
129272  0.3310  52.0580  -5.3100  343    7827  -4.3700  18.9410  29.7170  343
129326  1.3660  51.9260  -10.5800  352    17544  -38.0230  -23.6160  30.3530  352
129328  1.2760  52.2520  -10.0760  354    16276  -30.5160  -5.7130  -46.1990  354
129349  1.0850  52.2100  -12.3800  359    18363  -49.4010  49.8020  1.3340  359
129373  0.2650  52.3050  -15.0940  362    483  -51.6550  -39.8050  32.7020  362
129406  -0.6210  51.7290  -18.2440  365    21275  -27.4640  -24.5990  49.6830  365
129407  -0.6010  51.7420  -18.7010  366    481  -37.1110  38.3470  -11.2960  366
129419  -0.9940  50.6810  -19.6220  367    12838  -9.6060  -78.4660  11.7270  367
129420  -0.9170  51.0600  -19.6450  368    3781  -24.3020  -65.2240  -38.6260  368
129463  -1.4860  49.7430  -21.6740  374    10294  -13.2800  48.0180  35.9490  374
129486  -0.7800  49.2860  -26.9300  381    26601  -59.3970  -4.4190  -41.7570  381
129979  -8.4790  51.8480  -0.3370  392    20788  -16.1740  70.5790  21.0850  392
129996  -6.8590  52.6550  -0.5280  393    28084  1.0470  -54.6390  15.9560  393
129997  -7.9720  52.2110  -1.0580  394    13325  -1.5050  -35.5130  3.9140  394
129999  -9.2450  52.4250  -1.3720  396    11373  -20.1040  -81.6880  -7.0950  396
130042  0.1400  52.9040  -4.8320  402    5160  -50.4790  4.0400  -7.4670  402
130068  0.3170  52.9890  -6.8380  404    12098  -38.7050  44.5040  28.3360  404
130085  0.5920  52.9920  -8.3440  407    12186  -36.3290  -19.5140  -5.1180  407
130106  1.0360  52.8060  -10.2690  410    16814  -51.2530  15.5490  -16.5270  410
130119  0.7270  53.2740  -13.4870  416    23411  -40.0280  -22.0060  -39.4040  416
130133  0.2190  52.7920  -15.4590  423    482  -39.5780  39.3920  -11.8080  423
130169  -0.8490  51.7070  -20.0800  434    4264  -1.2880  9.5020  45.6810  434
130183  -1.1070  51.0360  -20.5140  436    5129  -36.6040  -5.1030  -33.8860  436
130214  -1.2960  50.6710  -22.9810  441    10631  -15.9850  57.3720  26.4240  441
130219  -1.1860  50.5280  -24.7720  443    26424  -21.1580  83.1920  -3.2270  443
130229  -6.0260  51.4350  -28.7160  448    12918  -12.1760  -27.6390  32.1580  448
130237  -2.3300  51.0250  -31.1110  450    14465  -11.6820  18.7650  -33.5270  450
130690  -0.7470  54.5840  -0.6670  456    12645  -0.9960  -21.3270  16.6390  456
130693  -5.9480  53.4250  -1.0300  459    13177  -0.8820  69.0630  -19.8210  459
130697  -9.3820  52.7980  -1.8520  463    11372  -5.9300  86.9450  -15.7730  463
130707  -0.5120  54.4890  -1.9370  464    12646  -11.6810  88.4740  -19.9070  464
130708  -1.4370  55.2820  -1.2630  465    12647  -18.7530  -41.3030  53.1180  465
130721  -0.1900  54.1390  -3.0730  472    18339  -54.9900  -13.5840  -20.2350  472
130722  -5.4470  54.2750  -2.8880  473    15475  -16.7950  14.8290  -32.7990  473
130724  -7.4960  53.1500  -3.1360  475    13326  -25.9280  -8.0590  39.3860  475
130756  -0.2250  53.8880  -6.4370  480    5604  -5.6520  -35.6930  -15.6210  480
130776  0.3840  53.9160  -8.7640  482    20906  -61.0780  5.9290  21.4870  482
130782  0.5660  54.3380  -10.1080  484    21480  -8.4090  -47.7260  -12.1600  484
130797  0.7140  53.8920  -12.8330  488    22519  0.6340  -45.7720  -0.0950  488
130814  0.2150  53.8320  -16.8530  491    687  -36.0150  21.0920  -57.0560  491
130821  -0.3280  53.2760  -18.9780  493    772  -53.3840  -30.5080  -8.3360  493
130856  -1.1490  51.4200  -21.6530  503    10295  -2.1590  45.0900  -22.7170  503
130860  -1.1970  51.8770  -25.2210  504    19909  -19.2450  82.6800  -32.7760  504
130872  -3.9760  52.6140  -30.1000  510    12917  -21.3050  51.3700  -33.1510  510
130874  -6.3300  52.2220  -28.4860  512    26963  -14.8430  73.4840  9.4960  512
131363  -2.9110  55.6480  -2.7690  527    6306  -19.9950  -39.9340  -14.4260  527
131384  -7.6840  53.6920  -4.9020  538    6443  -49.4130  -14.6200  -47.4010  538
131385  -8.6410  53.7950  -4.8640  539    2976  -3.5350  70.3170  -3.1030  539
131394  -1.1050  55.0940  -4.6960  541    5605  -1.8800  -35.3860  2.0420  541
131445  0.5480  55.5620  -13.1220  553    11080  -27.2480  -8.3010  -29.8560  553
131455  0.5130  54.6790  -15.0100  556    15010  -2.0490  -50.8420  -20.8800  556
131471  -0.4950  53.8700  -19.3060  563    15975  -7.0130  -1.4290  25.7780  563
131476  -0.5880  53.3590  -19.6150  566    15974  -23.4110  -33.8500  -26.4010  566
131499  -0.7370  52.5150  -20.4180  570    18816  -28.6170  -68.5800  -38.8250  570
131516  -7.2740  53.9220  -27.9130  578    20465  -0.7360  67.7560  23.3210  578
131525  -0.2910  52.6660  -29.1760  579    20312  -54.2200  9.1310  10.3730  579
131546  -0.9700  52.8140  -30.5100  583    22099  -60.0000  -22.7300  -33.8240  583
132024  -5.9160  54.8260  -5.0860  589    6307  -17.5580  -39.8370  -14.6290  589
132036  -3.8480  56.2500  -5.2750  597    5666  -30.0930  -16.9360  -27.5260  597
132040  -8.8090  54.5170  -6.0630  601    6489  -37.2120  71.0350  -0.3780  601
132045  -2.4180  56.3290  -6.4230  605    5606  -23.0750  -64.7740  0.5800  605
132049  -7.2290  55.3750  -6.7290  609    6442  -52.6640  -12.2260  -48.3570  609
132053  -1.4110  55.8540  -7.7160  612    7527  -42.0090  23.1320  -36.4580  612
132063  -0.3230  56.0760  -10.1210  615    11081  -61.2090  18.2930  11.2610  615
132106  -0.2560  55.7940  -18.2060  622    15774  -57.7540  11.8010  -2.1000  622
132111  -1.2850  55.5550  -19.0470  626    15976  -61.2020  25.9440  -4.4880  626
132131  -0.5830  53.6250  -19.9220  630    18016  -63.7910  11.1920  -29.5170  630
132145  -1.2570  53.0650  -24.0490  637    3398  -28.6650  -1.4340  -30.1950  637
132151  -5.5920  54.8020  -28.9370  640    20464  -8.8380  64.3870  -2.4840  640
132669  -9.4880  55.8800  -6.5390  660    17991  -38.1180  35.0350  36.4600  660
132675  -5.5020  57.4690  -7.5120  665    24396  -43.0840  19.0320  -14.5280  665
132677  -7.3680  57.4220  -7.9160  667    18911  -33.9080  13.9530  35.9760  667
132720  -0.2680  57.7550  -15.8680  675    15011  -3.0280  -49.8310  -22.0810  675
132725  -1.0760  57.6130  -17.3900  678    15773  -41.4850  -70.6180  -33.5440  678
132759  -0.7330  54.8370  -19.4350  689    1463  -54.8210  14.4280  -33.3190  689
132768  -1.3510  54.0940  -22.2540  694    1462  -17.2840  -73.7020  8.8110  694
132773  -7.4490  56.1120  -27.0700  697    4804  -36.3380  15.0170  32.8700  697
132778  -0.1060  54.6800  -27.8900  699    3544  -43.4780  -45.8740  -4.4960  699
132779  -4.6670  55.7970  -29.2910  700    6812  -21.6240  -48.5130  14.0470  700
133295  -8.5480  56.9700  -7.5740  711    18202  -27.0390  48.4990  -38.8940  711
133298  -2.9110  57.5620  -8.2040  713    19955  -57.3920  -24.6500  5.8940  713
133315  -1.6000  58.0320  -10.4010  727    19956  -30.1630  26.4770  -56.4030  727
133322  -1.0730  58.5620  -11.3700  730    11082  -51.8770  51.0980  -25.7340  730
133338  -0.4950  59.1570  -13.5760  732    23692  -3.9860  13.7570  -35.5540  732
133356  -3.3300  59.4650  -16.7140  737    29718  -47.4370  36.1580  -16.2970  737
133357  -4.1490  59.5860  -16.7320  738    24682  -67.4120  -4.6830  -25.5910  738
133362  -4.4670  59.0900  -16.6280  742    25474  -0.5220  39.3570  28.4380  742
133372  -2.1480  57.0560  -18.2960  746    27000  -37.8930  -61.6540  -38.4670  746
133373  -3.2300  57.9800  -17.6670  747    1533  -18.6480  -36.3430  -27.3850  747
133408  -6.3850  56.9840  -27.4480  761    4805  -37.1490  15.9470  35.8270  761
133435  -1.2230  56.0350  -30.1000  768    6813  -1.3650  28.5900  -18.9800  768
133979  -5.2220  58.6150  -9.6190  776    19862  0.6910  -17.1430  24.4270  776
133982  -8.4150  58.6650  -9.8600  779    18910  -49.4310  14.4040  -34.4490  779
133990  -7.4070  59.2370  -10.2880  786    19861  -11.8640  84.0840  -33.3630  786
134012  -5.2930  60.0700  -12.0700  799    21343  -43.2840  -19.0030  20.1820  799
134014  -7.6320  59.0750  -12.6090  801    21426  -39.4020  -14.7960  49.2970  801
134027  -2.4660  61.2690  -12.5430  805    22408  -7.0200  -29.5050  37.6130  805
134049  -5.5980  59.4540  -14.6760  815    23782  -53.4690  -2.6440  21.3480  815
134051  -7.7110  58.6210  -14.6480  817    24041  -57.5530  -1.2180  23.8690  817
134068  -6.3630  58.9340  -15.8300  828    25231  -3.2370  -72.8740  -16.2440  828
134074  -5.9830  58.9390  -15.9920  831    25022  -20.3830  82.1580  2.1360  831
134089  -2.1450  57.4420  -18.3200  837    1534  -10.2770  -36.5470  -15.0900  837
134093  -1.3510  56.4750  -19.3590  839    1962  -44.8910  23.2060  1.4220  839
134097  -0.3320  56.8730  -23.6980  840    1464  -14.7360  -36.2150  45.5690  840
134103  -0.1510  56.6630  -24.4550  843    3399  -26.9810  -2.1700  -29.9410  843
134105  -8.2860  57.9650  -25.6850  845    4803  -35.2870  14.6300  34.7120  845
134683  -9.1240  58.6590  -9.5920  858    18932  -16.7850  14.5160  -44.0530  858
134691  -9.5960  59.7440  -10.6300  861    14053  -0.6980  -2.4160  -37.0940  861
134697  -9.1780  59.3320  -12.1900  865    14054  -26.5290  -3.7200  -49.7490  865
134724  -9.0300  59.0180  -14.0360  875    22662  -59.2120  -48.4590  -17.7650  875
134745  -8.9020  58.9200  -15.3860  880    4490  -6.4950  -53.1580  6.0230  880
134762  -4.4760  59.0530  -16.9900  888    25021  -18.0100  82.2720  3.9590  888
134778  -0.3900  57.9700  -22.4330  894    3296  -56.6770  8.6010  24.1460  894
134792  -7.3660  58.8420  -25.9240  902    5964  -53.3330  -30.9830  -7.5320  902
134793  -8.2360  58.4810  -25.5800  903    5963  -60.5770  -34.7030  19.4880  903
134802  -2.4110  59.0720  -28.5840  905    7862  -22.8820  -52.1730  36.0980  905
135406  -10.3740  60.1860  -12.8270  916    2137  -22.1030  -32.9810  52.1320  916
135414  -9.9680  59.8160  -13.5890  917    2136  -65.4990  -16.6800  -40.6100  917
135425  -7.8950  59.4450  -16.5970  922    4742  -11.3760  -0.6700  19.8000  922
135436  -2.7550  58.9190  -17.6770  927    1535  -37.9950  -64.0990  -6.8300  927
135441  -1.7820  58.5300  -19.0390  929    1963  -67.9240  -1.4960  -28.3500  929
135461  0.1670  58.7370  -23.5890  936    3494  -45.4720  -42.0890  19.3870  936
135462  -8.3150  60.1050  -25.1290  937    5965  -46.5010  57.4040  -8.6450  937
135473  -5.6700  60.0930  -26.5180  940    8645  -15.6200  -36.8820  -29.1220  940
135487  -0.3090  59.3710  -27.1370  944    5826  -66.0270  -0.1360  -10.2550  944
136156  -4.6810  59.6620  -16.6410  958    10263  -25.3110  82.6330  -3.3620  958
136184  0.0350  59.9880  -21.2200  963    12652  -57.5740  9.3390  -49.8830  963
136215  -5.8680  61.6930  -25.6780  971    16557  -40.3630  64.0390  -22.8180  971
136218  -9.0460  60.6780  -24.5430  974    14502  -13.3110  -49.1630  -0.8280  974
136862  -10.5890  60.8990  -13.3460  985    2138  -39.8600  39.2790  4.4220  985
136867  -9.2510  60.3470  -15.9460  988    4491  -7.8720  -53.1940  6.7920  988
136905  -1.7080  59.9570  -18.0550  995    10262  -23.5260  83.2150  -3.3610  995
136917  -0.2300  60.3390  -20.0560  999    12653  -59.2050  -39.1470  -27.0360  999
136929  -8.5010  62.2600  -23.8780  1003    15097  -27.2630  -27.9000  -24.0360  1003
136930  -9.2760  62.1490  -23.6780  1004    14501  -11.5780  64.8010  -44.3860  1004
136940  0.2860  61.1260  -24.4650  1005    14447  -18.6550  2.4610  -30.8650  1005
136958  -1.8600  61.9290  -26.9870  1012    18698  0.0910  61.4150  0.9920  1012
137600  -7.5600  61.2930  -16.6930  1023    16588  -21.1360  71.2760  18.0510  1023
137613  -4.0770  60.9990  -16.2760  1026    19308  -34.6180  -10.7550  -0.7100  1026
137626  -0.2560  61.3610  -18.7330  1031    8422  -41.0410  -61.3930  0.3010  1031
137639  -9.2000  63.5270  -22.6650  1038    20718  -9.7420  -45.6770  -23.0710  1038
137640  -9.5470  63.4570  -22.6320  1039    20717  -28.8340  -2.5400  -49.4950  1039
137651  -6.7890  63.3800  -24.1440  1041    29160  -56.1820  -51.8580  -23.9180  1041
137667  -4.5780  63.3410  -25.6010  1048    10339  -43.1820  65.9570  -5.5160  1048
138242  -8.9600  62.2130  -15.2490  1054    4368  -52.5720  28.7590  -44.7530  1054
138273  -5.5740  61.9300  -16.3190  1061    5454  -38.7120  -19.9750  17.8650  1061
138297  0.4720  63.3280  -21.8630  1074    8421  -26.6410  15.1810  45.4110  1074
138306  -0.1540  63.8670  -24.0090  1078    11899  -48.6360  34.9840  -46.3050  1078
138903  -6.3760  62.8100  -15.5880  1091    4367  -50.9000  28.5510  -44.5390  1091
138914  0.2690  63.7530  -18.0640  1098    6530  -31.8650  -15.1530  -34.5310  1098
138915  -0.6570  62.6470  -16.5920  1099    6345  -31.4090  10.3590  -43.6830  1099
138918  -10.1540  65.4750  -20.8160  1102    7468  1.2940  -68.5180  -20.7630  1102
138924  -8.3560  65.3750  -21.6210  1104    7495  -27.2620  7.9060  -50.4530  1104
138933  -5.3430  65.7760  -23.2580  1108    9128  -43.1620  -28.8330  -38.9380  1108
138944  -3.1900  65.4230  -24.7510  1115    10310  -36.8000  -25.3940  -45.2210  1115
139515  0.3320  65.7330  -17.4380  1121    6346  -59.9800  -36.9160  -5.0770  1121
139525  -9.3150  66.2620  -20.3650  1129    7469  0.7940  -64.5510  -19.7000  1129
139533  -6.7060  66.5510  -21.4900  1132    9095  -0.5950  -15.4480  53.1130  1132
139543  -1.8200  66.8950  -22.9480  1138    10269  -11.4370  11.1050  -43.9500  1138
140152  0.2690  66.3540  -19.3760  1149    6529  -31.4390  -19.7030  -31.9180  1149
140156  -9.9940  66.5400  -19.8440  1153    7467  -16.1470  10.2510  47.1340  1153
140786  -3.3920  69.5210  -20.5370  1169    10170  -35.6530  9.4040  47.3730  1169
140789  -7.6290  67.6800  -19.7560  1172    8041  -24.1000  -25.9840  -19.2110  1172
