46529  -3.5740  -28.2430  51.7670  1    23265  -28.7160  57.7440  18.7260  1
46530  -4.0110  -28.3270  51.4010  2    23266  -54.8470  -0.9930  13.9580  2
46536  -2.6440  -28.0880  51.2160  4    23267  -29.5820  -3.3960  -51.4170  4
46539  -4.4980  -28.2760  50.0950  7    23896  -54.1860  -46.9950  -20.9310  7
47592  -4.1700  -26.9410  54.4620  16    13510  -54.6290  -48.5880  -20.6740  16
47598  -3.3600  -26.9600  53.8580  18    13482  -10.6410  82.7860  -28.8660  18
47601  -5.5870  -27.5110  53.2150  21    16238  -30.9540  -35.1250  30.9660  21
47611  -6.7390  -27.1680  51.5650  27    17549  -48.3570  -42.6650  -31.1820  27
47627  -6.0840  -27.5870  50.0780  38    24481  0.2900  55.6660  15.2140  38
47636  -6.9780  -27.0720  48.5720  44    19489  -7.2780  -11.6630  26.5450  44
47641  -2.2720  -27.9800  49.0430  46    20398  -14.9990  66.2380  25.8390  46
47642  -3.0350  -28.1960  48.4290  47    20399  -47.7420  54.4440  2.2530  47
47653  -4.3060  -27.9580  47.1630  55    29274  -47.5030  -52.0870  -10.1470  55
47655  -6.5760  -27.2340  46.5870  57    20034  -46.8590  7.5870  10.9760  57
47670  -1.9300  -27.3320  45.6470  66    20755  -30.1200  58.3460  20.3640  66
47675  -6.8330  -27.0720  44.5940  71    20274  -5.9060  25.4790  53.2040  71
47678  -12.1460  -25.5120  45.3970  73    6718  -34.1510  38.7310  -17.2920  73
47681  -3.3210  -27.3440  44.0070  75    21281  -29.6030  -74.1280  -6.9370  75
47683  -5.4610  -27.4020  44.1100  77    22426  -9.3360  -47.8670  14.2050  77
48702  -3.9420  -26.1500  55.1150  88    13480  -65.0880  -18.9040  6.3940  88
48703  -4.3350  -26.3070  55.2020  89    13481  -47.8800  3.1540  25.2410  89
48706  -9.6180  -26.6100  56.5060  92    12890  -1.2320  -52.7670  38.3020  92
48707  -10.0130  -26.1690  55.4810  93    14607  -38.0910  -72.1210  3.3960  93
48714  -6.3110  -26.6400  54.8020  98    14475  -21.9760  -51.6250  -31.3370  98
48716  -10.6160  -25.9840  54.5980  100    14634  -32.6050  36.0130  -13.8150  100
48724  -7.8680  -26.0780  52.9510  107    16347  -45.3480  -37.7330  9.3450  107
48725  -11.1810  -25.6840  53.4820  108    15979  -5.1120  -25.6760  56.2260  108
48733  -11.5650  -25.5130  52.4210  114    16964  0.1750  60.9110  20.8090  114
48736  -1.4160  -26.4160  51.5750  115    28676  -3.4050  -54.6970  -22.2300  115
48739  -8.2860  -25.7820  50.7870  118    17548  -45.1490  -13.2180  18.1820  118
48740  -11.6830  -25.4440  51.3790  119    16889  -15.9120  50.8070  37.3850  119
48746  -8.4070  -25.7870  49.6110  123    18292  -2.1030  43.7320  -31.7130  123
48747  -11.6990  -25.4390  50.3020  124    19609  -29.3210  27.5100  -64.9640  124
48753  -11.8720  -25.5510  48.3110  129    24498  -39.6110  -61.7400  19.2270  129
48758  -8.3640  -26.0620  47.2890  133    19488  -8.4930  43.3780  -43.8090  133
48759  -11.7360  -25.3550  48.4100  134    19608  -68.2050  -4.6810  -27.9970  134
48766  -12.0660  -25.4470  46.8870  140    2940  -17.7600  -12.4420  58.3820  140
48768  -1.2130  -26.8990  46.0690  141    20397  -14.2990  65.2770  25.9780  141
48771  -12.0780  -25.3200  46.2110  144    21599  -57.7180  21.5080  -17.0980  144
48784  -12.0590  -25.2440  44.7220  155    21600  -11.1350  -24.0090  29.7920  155
48790  -6.7500  -26.9090  43.2200  160    22261  -23.1150  13.5120  35.8570  160
48795  -2.2080  -26.4800  42.1510  164    22340  -53.9270  18.1250  -31.7850  164
48803  -12.1530  -25.2870  42.6600  172    22869  -35.1230  -2.0870  0.8770  172
48807  -4.4260  -26.5980  41.5160  175    200  -0.3670  62.7100  -32.7800  175
48816  -12.2300  -25.3620  40.5060  183    21548  -42.6630  -19.5130  30.3190  183
48818  -12.3320  -25.5300  39.3610  184    24482  -2.1670  -55.6290  -8.6310  184
48823  -12.4110  -25.7220  38.3800  185    1196  -52.6040  19.3140  -33.4280  185
49821  -9.5000  -26.2920  57.9590  188    12071  -36.2850  52.8380  -33.0230  188
49830  -10.2210  -25.8600  55.0060  194    14033  -38.9500  40.2310  -44.1950  194
49837  -4.2240  -25.1940  56.0480  197    14832  -48.0960  -33.9920  38.3530  197
49839  -6.4350  -26.1340  55.8530  199    14474  -30.7800  -23.0030  31.1830  199
49841  -8.7410  -25.4500  54.4240  201    16041  -45.7660  52.5990  -38.0080  201
49843  -10.7570  -25.4190  54.1080  203    14672  -23.1130  12.6530  52.0510  203
49850  -2.2270  -24.3410  54.2270  206    16005  -32.4860  -24.9050  30.7800  206
49859  -1.5690  -24.5550  53.0920  212    18162  -15.0250  12.6070  45.3720  212
49862  -9.4730  -24.7080  52.1440  215    28668  -37.7350  76.8630  -26.3510  215
49869  -0.9420  -24.3500  51.8610  219    18420  -61.8880  -21.7570  -43.3920  219
49880  -9.8060  -24.6340  49.7230  227    20088  -4.8940  -2.5870  -39.0370  227
49886  -0.4900  -24.6720  49.7190  230    29000  -42.4740  24.6060  10.4760  230
49895  -0.4620  -25.1490  48.4230  236    29173  -28.3680  -21.2880  35.2050  236
49898  -9.7810  -24.8370  47.9860  239    20109  -59.1520  3.3260  -27.6070  239
49907  -9.0160  -25.5100  46.6660  245    20087  -59.9390  -3.2190  4.5820  245
49916  -0.3820  -24.7910  46.1830  251    23988  -41.4180  -24.5470  -35.2440  251
49928  -9.3950  -25.2510  45.2590  260    23288  -17.3890  77.4360  -19.5430  260
49929  -11.6120  -24.7490  45.4890  261    21601  -23.1010  65.3760  20.0960  261
49934  -1.3270  -26.4150  43.5300  263    7228  -0.1300  8.0590  -7.5750  263
49946  -8.7390  -25.7400  43.3180  273    22260  -46.2430  -35.0150  -37.5160  273
49948  -11.6150  -24.6940  43.6950  275    22870  -23.1460  3.6520  41.8980  275
49965  -6.0810  -26.4590  40.9480  288    199  -0.3380  61.3500  -32.9470  288
49967  -8.0900  -26.1090  41.4190  290    652  -34.1380  32.8280  -31.6200  290
49969  -11.6280  -24.7010  41.6630  292    24127  -8.9510  -4.8050  -32.8920  292
49989  -6.1820  -25.8390  39.4190  308    378  -31.0270  -8.3420  48.6890  308
49992  -12.0430  -25.1390  39.5330  311    1736  -15.1400  -59.1780  -28.8820  311
49995  -12.2130  -25.3560  38.0980  312    1735  -30.0230  -9.8960  -31.4430  312
49999  -12.3700  -25.1750  36.8740  314    2087  -13.1100  30.3050  -34.3520  314
50009  -13.1410  -25.1990  35.2440  318    4745  -36.8010  24.8220  -9.2490  318
50015  -13.6280  -25.1910  34.1660  319    4746  -5.4880  85.0410  2.3310  319
50024  -13.8720  -24.9110  33.4530  320    5869  -37.7340  5.0090  -25.1080  320
50971  -7.8730  -24.5490  58.4960  321    12168  -38.2260  39.8720  -23.2540  321
50973  -9.0460  -25.9670  57.3680  323    12845  -19.1230  40.9180  31.8960  323
50978  -3.9160  -22.8110  56.8790  324    13383  -5.9970  -45.1360  22.2730  324
50979  -4.6610  -23.0990  57.3990  325    13215  0.4960  6.4870  31.3240  325
50980  -5.8460  -24.0980  57.7720  326    13214  -0.0620  9.0130  29.3960  326
50981  -6.9750  -24.8520  57.7570  327    13838  -45.7440  39.6470  -44.4330  327
50983  -8.8080  -25.7780  56.4930  329    13980  -67.5890  -11.5120  -34.6670  329
50986  -2.6190  -23.5130  55.1130  331    15980  -1.4390  23.0560  -32.7710  331
50987  -3.6460  -23.6350  56.2840  332    14790  0.2880  15.9670  48.2190  332
50989  -6.0660  -25.2270  57.0440  334    15281  -23.1710  -33.7270  53.2870  334
50991  -8.6130  -25.6680  55.5800  336    15391  -62.3810  -38.1710  -26.9060  336
50992  -9.5070  -25.4330  54.8470  337    15446  -2.9290  -7.9000  40.7640  337
50999  -10.1680  -24.7940  53.5610  342    16079  -41.7320  34.1560  -54.6070  342
51005  -1.5170  -22.9060  53.2790  346    16775  -0.4400  41.7060  -37.4020  346
51014  -10.3030  -24.3860  51.5090  353    17608  -46.5720  11.1060  -50.2260  353
51016  -11.1680  -24.5850  51.1470  355    17627  -1.2610  -8.2340  35.0470  355
51020  -0.5120  -23.0210  50.8230  357    18199  -29.6650  -77.3000  -4.8330  357
51021  -10.3400  -24.4050  50.2220  358    18319  -38.7980  75.7440  -10.0100  358
51033  -11.1030  -24.5690  49.6650  365    18952  -31.2700  -20.1760  -22.1160  365
51054  -0.2800  -23.5300  48.0260  372    29272  -5.9340  79.5830  -41.6750  372
51056  -10.7120  -24.5810  47.4700  374    21260  -11.7320  -53.8820  -12.8060  374
51080  -10.5430  -24.5830  45.4960  384    23271  -43.2190  40.1950  -42.5210  384
51091  -10.4610  -24.5870  44.4710  389    24016  -1.2620  59.4200  -32.1730  389
51110  -1.2470  -25.0850  40.0590  399    8326  -2.4350  81.8960  -2.6910  399
51111  -9.6910  -25.0930  42.0450  400    25139  -5.3120  50.4430  8.9350  400
51120  -2.4460  -25.1130  38.8810  407    201  -0.6070  64.6980  -30.2780  407
51122  -9.4630  -25.3860  41.0190  409    25760  -25.0250  -55.7250  21.8830  409
51124  -10.7880  -24.6500  41.7460  411    25748  -25.4470  -58.4070  26.7270  411
51147  -8.2170  -25.6500  38.8760  429    651  -33.8940  32.3800  -32.8100  429
51148  -9.5050  -25.4100  39.1410  430    26595  -39.2530  -62.4340  19.7710  430
51150  -10.9440  -24.8880  39.6630  432    1737  -14.8280  -60.4050  -30.1950  432
51156  -4.7200  -24.7710  37.9600  435    18608  -0.4190  23.8900  46.9830  435
51158  -7.5600  -25.0750  37.6620  437    23798  -28.0880  28.5660  -61.4730  437
51161  -11.1870  -24.9270  38.4320  440    27070  -39.1940  -7.0360  29.4520  440
51167  -9.4340  -24.9950  36.9440  443    25258  -7.9400  47.9150  42.3450  443
51169  -11.4810  -24.8250  37.1410  445    2144  -19.5210  -41.5910  43.7350  445
51174  -11.8070  -24.7720  36.4450  447    25458  -59.3570  20.7330  -15.2680  447
51180  -12.4110  -24.6590  35.3670  450    26385  -65.5260  -22.7880  1.3370  450
51187  -13.0380  -24.5750  34.2510  453    4747  -10.4060  31.4440  44.3400  453
51200  -13.8690  -24.0480  32.4510  456    7596  -39.4620  68.6780  -34.3280  456
51208  -14.7700  -24.0790  30.8670  458    8768  -0.0850  23.2600  -27.0850  458
51218  -15.1290  -23.7220  29.9700  459    10597  -52.0580  -10.3080  -48.9320  459
51219  -15.3830  -23.5380  29.1770  460    12440  -44.3460  19.9690  -59.1270  460
51237  -15.4280  -23.0780  27.8020  462    14730  -13.5130  14.9100  -32.0950  462
52181  -2.3230  -22.2130  54.7840  464    15235  -8.0840  24.9160  17.3380  464
52188  -1.6400  -21.5450  53.2410  467    16800  -25.2360  -85.4530  -21.3160  467
52191  -0.7660  -21.7510  51.6970  468    18161  -2.5140  -74.1490  1.4690  468
52224  -0.1580  -21.8670  49.5060  475    29071  -50.7660  26.7440  -43.4080  475
52242  -0.2040  -22.1870  45.2920  479    7772  -30.6470  47.5880  13.4800  479
52258  -0.2990  -22.3520  44.2700  482    2430  -38.9710  14.1230  -2.7390  482
52317  -0.2930  -22.8790  41.6120  491    2429  -45.4250  -34.1530  -42.0650  491
52434  -3.1880  -24.0000  37.0050  525    15949  -56.6410  5.3370  27.2710  525
52435  -6.1770  -23.6020  36.6420  526    10410  -25.5080  83.5880  -23.8890  526
52455  -8.7500  -23.3660  35.4130  534    19976  -9.8190  -1.7030  -40.2510  534
52456  -9.3340  -23.7020  35.2610  535    21153  -7.4440  51.8880  -44.9700  535
52469  -10.5630  -23.4230  34.1570  539    21517  -46.9060  -1.1040  25.8480  539
52476  -11.5690  -23.3720  33.5070  542    23521  -3.3450  -49.6940  -10.2480  542
52481  -12.5340  -23.1950  32.7820  545    24300  -42.3610  33.9740  -56.1610  545
52499  -14.0920  -22.7610  30.9160  549    25926  -42.3560  2.0620  39.9420  549
52515  -15.1180  -22.3360  28.7910  553    26718  -18.9470  -52.2530  -14.8430  553
52529  -15.4130  -22.0240  26.5750  556    16108  -37.2210  4.2380  -56.8510  556
52541  -15.3900  -21.5810  25.1150  558    19773  -46.5550  -14.2200  44.7640  558
52605  -15.0730  -20.9870  23.4960  559    29047  -49.4880  -14.1070  1.2950  559
53470  -2.5260  -19.8360  54.0260  564    28690  -44.6650  -34.8340  -41.7760  564
53486  -3.0720  -19.7220  52.9040  570    27888  -5.6140  -76.5780  -23.5360  570
53501  -1.1420  -20.6980  52.1110  572    29135  -44.2870  -60.1000  18.4130  572
53502  -2.3160  -20.3250  52.4010  573    29144  -49.3150  -52.1530  -17.4790  573
53526  -0.4540  -21.0300  50.8000  576    29448  -62.1490  7.2250  18.9340  576
53527  -0.8310  -20.7510  51.5980  577    28871  -6.0040  55.5720  38.2330  577
53554  0.0650  -21.4250  46.8870  580    29390  -54.9210  -52.6300  8.5820  580
53572  0.0250  -20.8330  45.5320  582    26431  -19.3780  24.8330  30.5830  582
53591  -0.2640  -21.1960  43.9740  585    2477  -5.3730  -15.1420  -13.7100  585
53607  -0.3160  -21.5340  42.4540  588    2431  -5.5580  51.9590  -43.7060  588
53626  -0.2880  -21.9920  41.0370  591    5354  -16.9990  -7.5250  -29.5710  591
53664  -0.5880  -23.0940  38.8600  599    11393  -1.4620  59.7530  -28.1830  599
53666  -0.4100  -22.0330  38.8290  601    11492  -6.5810  12.3560  25.7830  601
53684  -1.1290  -23.0250  37.4240  605    14304  -31.0120  -8.2470  -7.8460  605
53686  -3.6540  -23.4540  36.2640  607    7130  -1.0820  13.8270  11.3390  607
53759  -9.5340  -22.6260  34.5050  629    14575  -43.0170  3.7570  -22.6530  629
53797  -12.5040  -22.2170  32.0750  637    17609  -46.8160  -13.5060  18.7280  637
53813  -13.6550  -22.2940  30.9860  639    18841  -58.5760  -13.8450  -0.3580  639
53862  -15.3780  -21.4830  26.9890  647    27463  -42.2540  15.0820  30.4430  647
53870  -15.5170  -21.1120  26.0410  648    3627  -21.7870  6.7760  55.0280  648
53878  -15.6060  -20.9560  25.0370  649    25289  -35.9740  17.8440  40.1690  649
53908  -15.3040  -20.8280  23.7580  653    26338  -0.3070  -17.3250  27.2610  653
53943  -14.8580  -20.4850  22.4390  657    27289  -0.2380  24.4430  -25.7120  657
53968  -14.7630  -20.0740  21.8240  659    27506  -18.3030  3.1270  -41.0330  659
54831  -0.7360  -20.7420  51.4890  662    8815  -28.5300  69.1460  14.2440  662
54833  -2.3270  -20.1570  52.1440  664    23967  -1.0230  -15.3090  39.0890  664
54842  -0.2260  -20.7570  50.3740  665    29067  -21.9560  73.7780  12.4040  665
54861  0.1720  -20.6880  48.4130  667    29068  -45.0150  -53.4640  -30.2470  667
54933  -0.3700  -20.2630  42.4810  673    5459  -26.7800  -16.2900  -27.8500  673
54979  -0.5820  -22.0180  37.7220  677    6323  -50.4210  -2.1650  17.9580  677
54980  -1.5930  -23.0070  36.5780  678    6322  -2.2310  58.5580  -47.6200  678
54997  -2.2820  -22.9730  35.8950  682    6349  -55.4660  12.9800  -15.5800  682
54999  -4.7020  -23.0750  35.8720  684    7230  -33.3090  8.4840  -42.5370  684
55010  -6.9640  -22.5990  35.8430  686    10409  -23.8840  83.3210  -22.0000  686
55025  -8.5500  -21.9480  34.9110  689    14576  -1.0620  84.2010  -22.0870  689
55041  -10.3930  -22.0590  33.5750  693    14650  -36.9220  -59.0380  -1.6150  693
55066  -11.5230  -21.8410  32.5870  697    16211  -9.9980  60.5570  -9.4550  697
55091  -12.7750  -20.9870  30.8840  701    18842  -5.2120  -33.0290  18.8130  701
55109  -14.2890  -21.2460  29.2810  704    21627  -52.7330  5.8680  -45.6960  704
55139  -14.9770  -21.0190  28.0300  706    1257  -45.3970  -57.0500  7.8550  706
55195  -15.6860  -20.0650  23.9250  713    8395  -51.8840  -29.9450  27.4080  713
55219  -15.4750  -19.8050  22.5760  716    26882  -1.0510  -52.0410  -19.2160  716
55232  -14.6340  -19.6090  21.2920  718    16894  -31.7420  -4.5910  -43.4620  718
56079  -1.5670  -20.5420  52.2800  725    4981  -6.7760  55.5760  -32.1880  725
56113  0.0860  -20.0680  49.5790  728    25214  -41.4120  32.1330  -24.5690  728
56114  0.3480  -19.4640  48.1170  729    25904  -8.6890  -43.4520  -7.5330  729
56127  0.3440  -19.3750  46.8540  731    25914  -39.6230  51.6150  2.1280  731
56163  -0.4330  -19.9470  41.1380  737    4858  -5.7000  -49.9630  41.1850  737
56187  -0.4320  -20.4680  36.4310  740    22831  -9.2590  -65.1340  27.1760  740
56189  -0.4710  -21.2470  37.1130  742    6324  -51.7670  -2.3940  20.0150  742
56220  -1.0260  -21.3390  34.8800  749    22830  -7.9810  -64.4570  26.8410  749
56221  -1.8440  -22.1060  34.8170  750    28484  -52.9200  -52.1180  -27.8110  750
56239  -5.6080  -22.1460  34.6060  759    28861  -57.2310  15.8900  -52.1980  759
56252  -1.6500  -21.0350  33.4560  763    23618  -2.4340  -29.6260  -7.9220  763
56254  -3.1470  -21.6710  33.5190  765    29058  1.9080  -14.7820  -4.3880  765
56260  -9.5930  -21.2600  33.8840  771    14574  -60.3640  -46.2260  -25.1090  771
56279  -6.5740  -21.1570  33.4890  778    24360  -46.3760  -39.9760  -0.1810  778
56280  -7.6200  -21.0380  33.9380  779    24359  -29.5780  74.3580  -20.2960  779
56300  -3.9970  -20.8720  32.4220  786    24629  0.1230  -1.9240  -23.3390  786
56303  -10.6090  -20.7990  32.7800  789    16212  -13.1390  -2.7800  -38.5280  789
56317  -11.3820  -20.5050  32.0090  792    17610  -17.4060  -69.3920  -38.6730  792
56336  -13.4870  -20.4210  29.6930  796    20112  -25.9390  5.6430  43.8720  796
56347  -13.6950  -20.0080  29.1060  798    1256  -46.6790  -57.0140  8.3660  798
56372  -15.3020  -19.8320  26.3960  804    2774  -1.6660  72.5810  -13.2760  804
56380  -15.5470  -19.6800  25.5440  805    4225  -50.4070  45.7320  12.7610  805
56420  -15.7960  -19.1890  22.8310  810    10316  -7.8030  8.6410  49.9800  810
56446  -15.2140  -19.0100  21.1700  813    16988  -26.5110  57.4920  27.6950  813
57282  -1.8990  -19.6670  53.1900  819    4982  -7.6870  58.1510  -30.4190  819
57318  -0.6910  -19.9240  51.5410  823    8778  -56.0870  34.7650  8.6350  823
57335  0.2600  -19.0980  49.1450  825    8883  -30.6390  -8.5800  -32.3090  825
57348  0.2820  -18.8230  46.1200  827    26450  -39.4610  2.5650  -44.3310  827
57377  -0.2010  -18.9370  43.8430  829    17764  -28.4990  35.0810  -8.0240  829
57411  -0.4100  -19.5810  39.8480  834    8976  -15.9580  -49.8320  -14.9880  834
57429  -0.3140  -19.7580  37.5280  838    10027  -63.1780  -41.9690  -14.2980  838
57448  -0.3400  -19.1790  36.2500  844    12016  -50.6490  -20.9490  5.1050  844
57477  -2.1870  -19.8720  32.1130  862    14483  -1.0380  -74.4460  -1.5130  862
57480  -6.3010  -20.4940  32.1990  865    24375  -26.4760  -76.2000  -4.8120  865
57481  -7.5160  -20.3040  32.3990  866    24361  -55.6740  15.0950  -11.3330  866
57492  -2.7280  -19.1820  31.2080  871    15850  -44.1530  0.5960  29.7490  871
57496  -7.2180  -19.8960  31.5750  875    16049  -3.1680  82.3950  -14.5360  875
57499  -10.1180  -19.9510  32.1760  878    16785  -11.6260  -9.0940  -27.7580  878
57509  -11.2810  -19.6900  31.2070  881    16784  -0.6420  -8.8680  28.5620  881
57519  -12.0490  -19.4770  30.1930  884    18164  -51.6130  -13.7030  -0.1230  884
57555  -14.4780  -19.1540  27.3350  890    1255  -47.4960  -56.2380  7.6040  890
57587  -15.8420  -18.9880  23.7840  896    8394  -54.7640  -31.4840  28.1550  896
57658  -14.7930  -17.9160  20.2110  903    16893  -43.5460  54.6440  -39.1370  903
57659  -15.1590  -17.6090  20.3970  904    16970  -47.1120  -2.5780  -5.3530  904
58528  -0.6200  -18.8390  51.9910  909    8850  -12.7480  -66.4380  22.7030  909
58620  -0.2420  -17.7210  43.1730  917    4859  -2.6360  26.2740  51.2760  917
58654  -0.5340  -17.5790  41.4370  922    4857  -44.4750  26.3130  24.0640  922
58668  -0.6030  -17.4600  40.8080  925    8977  -36.5890  29.0360  -19.0960  925
58691  -0.5720  -17.4270  37.6470  933    10855  -0.7830  41.8250  -1.0640  933
58695  -0.4110  -16.8720  36.0750  935    12017  -50.9230  -18.6210  3.6520  935
58696  -0.4350  -17.3550  36.6100  936    11850  -36.1030  45.4660  2.1960  936
58705  -0.2510  -16.8840  34.2310  941    12790  -1.1340  47.8460  10.6890  941
58715  -0.5640  -16.8930  32.0690  947    14409  -48.8850  -2.7660  -4.0790  947
58725  -5.7700  -19.2530  30.7370  955    15958  -34.1170  -76.0760  -3.9180  955
58728  -9.0800  -19.4570  31.2000  958    16115  -26.3670  47.1250  -35.3230  958
58733  -2.6910  -17.6120  30.3910  961    857  -21.8680  -46.6390  15.1950  961
58738  -7.7680  -18.7370  30.1400  966    16050  -3.0140  80.9000  -14.0140  966
58753  -9.4370  -18.5910  29.6160  973    17536  -46.2800  12.7120  -51.8840  973
58781  -12.3800  -18.4710  28.3450  980    5148  -4.6820  58.1050  -44.1860  980
58811  -14.4640  -18.1740  25.9680  985    23015  -26.0180  8.1410  -55.7110  985
58827  -15.1630  -17.9850  24.7520  988    10979  -54.7670  35.8010  -15.6090  988
58877  -15.9020  -17.3900  22.3990  992    20156  -5.4670  -48.4590  -11.6670  992
58911  -15.5520  -17.1160  20.5430  996    20155  -5.3990  -46.7790  -11.0580  996
59750  -1.3810  -17.9320  53.4450  1000    12861  -2.6590  36.2400  12.4040  1000
59783  -0.0870  -17.4690  50.8810  1002    15791  -65.2560  -19.9580  13.3290  1002
59803  0.2650  -16.8370  48.7060  1003    26625  -16.7380  -34.0000  -30.0860  1003
59824  0.2900  -16.7730  46.6720  1004    19925  -53.0220  12.8780  -52.2050  1004
59846  0.1670  -16.4900  44.7100  1005    21047  -37.4220  20.4710  -32.9290  1005
59956  -0.8080  -16.7640  39.5510  1018    10642  -30.1110  -49.2340  25.2940  1018
59966  -0.8190  -16.5040  38.4790  1019    10856  -41.3420  -11.0450  19.8070  1019
59975  -0.7150  -15.2660  36.7910  1023    29014  -10.8390  -56.7620  12.2450  1023
59985  -0.2760  -16.1260  32.6940  1026    14410  -47.3340  -3.3000  -2.9690  1026
59988  -0.5620  -16.2810  31.7180  1027    15763  -25.4360  69.3570  -6.6150  1027
60007  -4.9290  -16.9130  29.5820  1038    856  -20.8840  -46.9590  16.9550  1038
60009  -6.9930  -17.3020  29.2890  1040    19389  -1.0280  55.1410  -48.0300  1040
60011  -9.0210  -17.8020  28.8720  1042    1992  -52.5390  -45.9590  18.7060  1042
60012  -9.8730  -18.1780  28.8990  1043    5027  -19.4770  -21.1830  45.3340  1043
60030  -11.5380  -17.6800  27.6220  1049    2065  -24.2120  56.4970  17.3080  1049
60038  -12.5180  -17.5390  26.8210  1052    6172  -53.0890  4.9220  -7.8200  1052
60039  -13.1490  -17.6500  26.5020  1053    6225  -16.0950  78.7140  7.5900  1053
60048  -13.9250  -17.3750  25.4130  1056    8771  -53.7770  0.2400  -42.2390  1056
60081  -14.6280  -16.6930  23.9390  1059    9274  -55.9210  -3.7780  -27.0340  1059
60102  -15.5680  -16.8240  22.7300  1061    13726  -22.9250  -49.2150  31.2850  1061
60184  -15.1310  -16.0490  19.4410  1068    22460  -14.4730  18.7550  -45.4960  1068
61013  -0.5630  -16.4920  52.6990  1072    5574  -62.1450  23.3540  -0.3460  1072
61024  0.0500  -16.1300  49.9720  1073    15325  -24.8580  -4.6170  -29.1830  1073
61035  0.1370  -15.6220  48.4820  1074    16055  -39.7920  39.5230  31.8700  1074
61050  0.0990  -15.0590  46.2530  1076    12239  -57.3470  21.5080  19.8300  1076
61088  0.1210  -15.2590  44.3860  1082    13788  -62.3170  -3.5540  3.0870  1082
61089  0.0930  -14.9540  43.8990  1083    21290  -53.4780  29.0290  -2.3930  1083
61133  -0.4040  -15.7190  41.9900  1094    18330  -0.0470  17.6870  34.7310  1094
61159  -0.5900  -15.4640  41.0160  1097    23715  -40.5040  -43.6780  -22.5720  1097
61217  -0.9610  -14.6050  39.0510  1101    24750  0.3140  -51.9520  -15.1300  1101
61248  -1.0040  -15.2860  38.2820  1102    28436  -51.2690  -37.4400  -1.5430  1102
61292  -0.3950  -15.1000  35.5840  1106    18545  -21.6200  -38.7530  -29.6770  1106
61341  -2.9860  -16.1810  29.6150  1117    858  -21.6800  -46.3630  17.0130  1117
61377  -10.6430  -16.4820  26.9190  1130    2959  -21.0040  -55.3710  -30.5550  1130
61397  -12.1900  -16.2330  25.4140  1136    6501  -20.2090  35.5710  28.3120  1136
61398  -12.9510  -16.5510  25.1490  1137    6461  -0.0540  6.6500  36.1130  1137
61437  -15.0140  -16.1870  23.0080  1144    11938  -1.9460  -10.6700  28.0610  1144
61495  -15.7020  -15.7270  20.8530  1147    3517  -36.7960  22.6250  7.8220  1147
62353  -1.2320  -15.9140  54.0010  1152    1768  -68.3050  -11.9780  -24.6150  1152
62398  0.0500  -14.6440  47.5860  1159    9613  -1.0220  10.1570  25.0070  1159
62449  0.1410  -13.8350  43.4330  1169    13822  -5.9720  -66.9530  -33.0690  1169
62465  -0.0120  -13.7860  42.5940  1172    17697  -57.3070  -34.2020  15.8980  1172
62510  -1.0100  -13.2060  38.8160  1181    20724  -2.3060  7.7130  41.4130  1181
62523  -1.2240  -12.8670  37.9310  1182    20743  -50.0520  34.5000  13.1430  1182
62538  -1.2500  -12.4370  37.3400  1183    18544  -18.3130  -43.7960  1.8510  1183
62595  -0.2140  -13.5300  34.6790  1192    24732  -27.2610  -68.8530  -37.8020  1192
62628  -1.7020  -14.9670  29.6540  1196    26334  -54.4680  18.2050  26.1250  1196
62636  -6.2150  -15.5210  28.8080  1202    26827  -0.5670  20.8150  27.4080  1202
62637  -7.2840  -15.5920  28.4420  1203    1993  -52.9830  -45.7470  17.2840  1203
62648  -9.1520  -15.6620  27.4240  1207    1991  -54.2630  -46.0350  18.3770  1207
62668  -10.3810  -15.2690  26.2450  1212    27235  -55.0640  -3.2890  0.6590  1212
62703  -12.6980  -15.1420  23.8050  1221    27488  0.2670  27.7860  16.6670  1221
62704  -13.3430  -15.3650  23.4730  1222    9275  -40.6470  51.4400  3.3670  1222
62743  -14.3610  -14.8400  22.1950  1225    27118  -2.7280  34.7310  29.0880  1225
62808  -15.3920  -14.6780  19.7290  1229    3515  -15.4330  -5.1950  -33.4940  1229
62829  -15.2020  -14.5370  19.0440  1230    10424  -26.4980  83.3300  -21.8920  1230
63704  -0.2110  -14.5230  51.3340  1234    5684  -42.1830  -7.4380  -38.8910  1234
63713  -0.0750  -14.1420  49.8960  1235    8403  -21.3870  7.5070  50.8720  1235
63734  -0.0670  -12.9170  46.6160  1239    11228  -18.7500  64.7160  9.6900  1239
63746  0.1050  -12.5790  45.5730  1241    12261  -43.8830  35.1850  -18.3890  1241
63799  -0.4450  -13.5480  40.7630  1251    19607  0.1300  -58.9400  -24.0540  1251
63822  -1.9930  -11.2900  37.7110  1257    21367  -43.6890  53.3900  0.0330  1257
63837  -1.2110  -12.0200  36.6680  1260    18546  -13.3990  -43.6910  -13.4620  1260
63849  -0.5960  -12.6300  35.6590  1262    23657  -42.0470  33.3250  -54.4410  1262
63893  -0.0170  -13.5520  32.0940  1270    3280  -44.1950  -47.6940  -23.9570  1270
63910  -3.7700  -14.2720  28.6570  1275    8736  0.2340  59.2230  -25.2230  1275
63920  -7.9310  -14.5970  27.6640  1282    26841  -42.9660  -21.4290  1.7440  1282
63952  -11.3460  -14.8250  24.8550  1291    16223  -6.1930  6.5000  26.7970  1291
63979  -12.8800  -14.0200  22.6530  1298    19084  -34.2100  15.6510  -6.0280  1298
63993  -15.0200  -14.3790  21.2880  1301    3516  -35.1300  22.5330  8.3150  1301
64043  -14.8590  -13.1070  18.5600  1307    10423  -26.8750  31.4510  -46.2830  1307
64827  -2.1210  -13.3350  55.7170  1310    1769  -68.2800  -9.6690  -27.1260  1310
64850  -0.6000  -14.1860  53.1660  1312    2855  -64.6490  -24.0250  -34.0010  1312
64868  -0.1610  -13.3600  50.5200  1315    8404  -19.9260  7.7760  48.8280  1315
64876  -0.1100  -13.0290  49.1780  1316    8438  -51.3240  29.2880  -21.4760  1316
64915  0.1480  -11.7610  43.0160  1324    17169  -34.9060  48.8640  -0.7760  1324
64965  -1.2200  -11.4670  39.2200  1337    20725  -48.6430  11.6240  36.7060  1337
64972  -1.7580  -11.2150  38.4800  1338    20744  -28.6290  -15.6440  44.9530  1338
64982  -3.0750  -10.3940  37.2510  1341    21932  -1.9840  65.5050  -27.7450  1341
65001  -1.4900  -11.2680  36.2020  1344    23658  -6.0180  -79.9080  8.4780  1344
65018  -0.6670  -11.3680  35.0790  1347    24733  -28.6650  -58.7060  34.3140  1347
65077  -0.7700  -12.8830  29.7910  1353    3279  -43.9070  -48.5060  -24.5310  1353
65107  -3.9080  -12.4320  27.9790  1360    8865  -56.3270  1.4210  -11.6290  1360
65110  -6.6620  -13.5850  27.7910  1363    11418  -46.9220  -2.9300  43.2230  1363
65125  -8.8650  -13.6200  26.4600  1368    27074  -57.2350  -47.6350  -33.5130  1368
65137  -9.6930  -13.5060  25.6590  1371    16222  -3.8390  31.5640  18.5790  1371
65165  -11.1500  -13.0340  23.6160  1376    17168  -40.3450  12.7550  -29.2350  1376
65177  -13.5440  -13.4920  21.7660  1381    19500  -33.5790  28.7440  9.0310  1381
65198  -14.4240  -12.9050  20.6130  1384    20304  -42.4530  -49.7080  3.5910  1384
65208  -14.8310  -12.8490  19.9940  1385    23374  -25.6940  82.0760  -29.9200  1385
65248  -14.5130  -12.6280  18.4120  1391    529  -15.7010  38.3580  46.3580  1391
65999  -1.9900  -12.2260  55.9100  1392    7763  -0.4110  -27.8690  36.0430  1392
66012  -1.1540  -12.4460  54.6130  1393    7762  -36.7890  -58.8250  15.4460  1393
66022  -0.4100  -12.9520  52.4180  1394    9615  -64.3010  11.6460  -3.3480  1394
66031  -0.3140  -11.7310  51.4540  1397    10498  -40.7810  3.1530  -25.7140  1397
66037  -0.1670  -12.1670  49.6730  1398    11476  -52.0270  -3.4370  -53.5310  1398
66077  0.1050  -10.6970  44.8970  1406    15498  -41.3340  43.0360  2.4700  1406
66136  -2.5960  -9.8380  38.9750  1425    22750  -0.4010  69.0330  -12.4110  1425
66148  -3.3810  -9.8610  38.1390  1428    2243  -45.0440  -60.2010  -36.0960  1428
66160  -3.9040  -9.7570  37.3600  1431    2244  -44.8720  -60.3870  -37.8490  1431
66180  -3.1180  -10.1200  36.5970  1435    25313  -30.7550  -13.0220  47.0250  1435
66204  -0.0700  -11.4300  33.3870  1441    3281  -47.3380  27.4680  -61.1220  1441
66252  -1.9280  -11.8540  28.4120  1448    8737  -16.9400  -57.3300  -33.4180  1448
66289  -5.6100  -11.5440  27.2740  1456    15695  -28.7870  -58.5390  9.3130  1456
66303  -8.6290  -12.0880  25.7910  1461    17754  -48.2040  -59.3890  10.7530  1461
66315  -10.1380  -12.6300  24.6550  1464    16224  -38.6740  1.3360  -55.2330  1464
66346  -12.0930  -12.1330  22.2210  1470    19085  -0.5120  15.7010  -33.0590  1470
66359  -13.2440  -12.0750  21.1590  1472    19517  -58.4530  -45.4140  1.3220  1472
66384  -14.4350  -11.9610  19.6430  1476    23375  -27.2450  81.4490  -30.0390  1476
67188  -1.1260  -10.9420  54.8090  1480    7764  -0.1130  -26.4610  32.8840  1480
67197  -0.6020  -10.8630  53.2820  1481    9616  -44.3970  11.3190  -66.5130  1481
67220  -0.1060  -11.2690  48.4280  1485    12448  -63.5330  -29.7090  -24.0960  1485
67227  -0.0860  -10.3080  47.4350  1488    15467  -4.5510  -38.4390  17.0610  1488
67248  -0.2130  -9.2710  45.0740  1492    14026  -54.7260  -49.8310  -6.7720  1492
67256  -0.3720  -9.0870  43.9630  1494    3704  -19.9870  -44.3150  -0.1800  1494
67289  -1.0200  -9.1510  41.4990  1500    308  -19.7690  -61.4860  -36.3420  1500
67306  -2.3030  -8.6620  40.5610  1506    9520  -34.9660  -17.7940  -3.5420  1506
67388  -2.1530  -9.9530  35.6770  1521    24847  -0.6590  72.6070  12.7210  1521
67400  -0.8140  -9.8300  34.4570  1525    26556  -55.8980  1.6430  -56.9770  1525
67413  -0.0270  -10.1250  32.6110  1528    27043  -29.6710  -10.3370  40.5860  1528
67431  -0.3710  -10.7320  29.7320  1531    27554  -39.5050  -62.1690  21.1910  1531
67443  -2.1570  -10.8000  28.0190  1533    15696  -29.0650  -7.4360  -48.3140  1533
67462  -6.6480  -11.1320  26.6660  1538    17278  -18.9080  -36.4860  -30.6660  1538
67495  -10.6300  -11.4440  23.4860  1547    19790  -11.1400  84.0570  -32.1020  1547
67504  -11.5610  -11.2260  22.3860  1549    21934  -35.8780  62.6960  -19.8680  1549
67537  -13.6400  -10.9790  20.3070  1554    1237  -45.8830  12.2170  -16.1630  1554
67565  -14.2310  -11.1050  18.8710  1558    4585  -64.3190  -27.1150  -36.3090  1558
68323  -1.8390  -9.4380  56.0420  1560    10624  -0.7650  -67.8550  19.1940  1560
68324  -2.7660  -10.2690  56.9700  1561    9816  -24.2880  62.0900  6.7930  1561
68328  -1.1470  -9.6120  54.8910  1562    10709  -64.0890  6.2680  -23.7410  1562
68333  -0.6440  -9.6190  53.4730  1563    28268  -28.6940  -50.7620  27.3140  1563
68338  -0.3690  -9.5210  51.9700  1564    28431  -52.1640  -55.6740  12.4190  1564
68343  -0.2670  -9.3780  50.4470  1565    28551  -17.8480  75.8030  -25.8520  1565
68347  -0.2370  -9.2050  48.9170  1566    28687  -3.9420  -18.8930  28.1710  1566
68351  -0.1960  -9.0710  47.2920  1567    14025  -4.0400  2.9590  57.1520  1567
68424  -3.1500  -7.8500  40.3300  1583    5114  -50.6340  42.5860  6.5030  1583
68434  -3.2930  -8.0230  40.0260  1586    14561  -33.8710  -3.9630  -11.9680  1586
68455  -3.7470  -8.7090  38.9830  1592    2245  -2.4030  -33.0980  24.7170  1592
68548  -0.9290  -8.9960  34.4020  1606    25565  -29.8720  -10.8430  -2.3530  1606
68625  -4.4520  -9.4020  26.9970  1615    15694  -29.5060  -64.4960  27.8510  1615
68628  -7.0180  -10.1740  26.1420  1618    17727  -2.6570  -39.3150  18.2490  1618
68639  -8.4110  -10.2730  25.2010  1620    17823  -27.8910  -8.8460  38.2820  1620
68640  -9.1360  -10.3080  24.6200  1621    18676  -26.6820  -46.4950  36.5160  1621
68655  -10.1830  -9.7230  23.5210  1625    28758  -55.0980  -1.5960  -2.2530  1625
68674  -11.6450  -10.2610  22.1050  1629    21935  -0.8930  26.1610  -25.9340  1629
68699  -12.5900  -10.0080  21.1250  1631    21951  -3.6670  62.1780  -46.0460  1631
68730  -13.7650  -9.9900  19.5930  1634    1238  -32.3900  9.0730  -60.9780  1634
68764  -13.7240  -9.6620  18.6610  1638    7245  -53.8200  -32.6290  16.6230  1638
69540  -2.2770  -7.7670  56.4770  1639    10625  0.4850  45.7020  -16.1780  1639
69541  -2.9140  -8.4620  57.1910  1640    28814  -3.2890  -51.9010  -24.4970  1640
69592  -0.5420  -7.7600  46.2960  1649    14027  -16.8910  7.3060  44.8740  1649
69767  -4.3110  -8.4030  38.0290  1672    14438  -44.1230  57.2190  8.3850  1672
69768  -4.4830  -8.1650  37.5630  1673    16067  -40.2900  -30.8380  -43.7660  1673
69805  -4.2810  -8.5580  36.5120  1676    19009  -21.4910  5.2060  -38.4130  1676
69841  -1.3950  -8.6920  34.8880  1679    21565  -2.2700  59.1050  -10.5380  1679
69874  0.1790  -8.1530  31.3920  1684    26896  -55.0020  -38.2430  -18.2220  1684
69910  -2.4640  -8.8120  27.3670  1690    27746  -9.9000  -21.7120  60.0880  1690
70004  -13.2150  -9.1350  20.1550  1709    1239  -30.1960  7.3620  -63.2050  1709
70029  -13.4790  -8.7990  19.0890  1711    4584  -63.7200  -27.3070  -34.9280  1711
70867  -1.8120  -7.3530  55.8870  1715    28813  -55.2390  -50.5740  12.9310  1715
70869  -2.7650  -6.9250  57.0060  1717    22552  -52.5470  13.1480  -54.6010  1717
70879  -0.7300  -7.4170  53.7570  1720    27135  -48.7260  37.3380  -42.8230  1720
70886  -0.4290  -7.3690  52.3380  1722    29164  -56.1480  -51.5670  -22.0210  1722
70890  -0.3650  -7.2780  50.8610  1724    29243  -53.1110  -55.0980  10.0380  1724
70895  -0.4220  -7.1410  49.4280  1726    29294  -38.5190  -6.3850  43.2450  1726
70902  -0.5560  -6.9820  48.0440  1728    29364  -24.4370  31.7330  31.4280  1728
70918  -1.7170  -6.0530  45.6810  1733    28526  -27.6730  -12.7240  40.9170  1733
70928  -1.5070  -6.9720  44.3000  1735    307  -44.0760  -33.8310  -41.3160  1735
70930  -2.2920  -5.9710  44.6220  1737    28650  -22.8660  -8.5480  52.8180  1737
70970  -2.4070  -6.6740  43.0740  1747    306  -36.6760  -7.4020  -17.0540  1747
71018  -3.0050  -7.0820  40.9850  1756    5004  -32.1660  -8.7270  44.0240  1756
71062  -3.4170  -7.9010  39.6360  1759    6104  -31.7160  -9.3590  -43.1660  1759
71125  -3.6420  -7.9760  36.2060  1765    12034  -52.6010  -2.1020  13.3570  1765
71138  -2.2070  -8.1220  35.6320  1767    21316  -7.3140  -34.7690  -16.5240  1767
71170  0.0300  -7.1630  32.7450  1775    22444  -39.2810  -23.2120  36.1260  1775
71217  -0.3310  -7.3870  28.9450  1781    20848  -67.0530  -11.3890  11.1970  1781
71230  -2.8020  -7.6260  27.1130  1784    21444  -12.0520  -37.2150  -18.1390  1784
71232  -4.6800  -7.8480  26.6710  1786    26258  -39.7960  7.0290  -65.7570  1786
71234  -6.3660  -8.1410  26.0730  1788    21880  -5.1630  54.4070  -32.9960  1788
71245  -8.2780  -8.2470  24.8310  1791    22672  -14.0070  26.1300  49.9950  1791
71255  -9.2110  -8.2270  24.0700  1793    22673  -49.6870  25.9160  25.3400  1793
71265  -10.1630  -8.1330  23.3250  1795    24123  -38.8320  40.8200  3.9650  1795
71278  -11.4330  -8.4690  22.3270  1797    24695  -44.9820  -35.2270  -27.8870  1797
71291  -11.9460  -8.4700  21.7910  1798    24716  -53.6430  -54.8820  -13.1230  1798
71334  -13.2010  -7.8970  19.1400  1803    26019  -35.4480  -74.9500  -11.7850  1803
72240  -2.4940  -6.1020  56.6120  1806    11714  -9.1340  28.6060  19.1880  1806
72244  -1.2040  -5.4950  54.4830  1808    27136  -26.1170  82.1110  -6.5880  1808
72250  -0.9270  -5.3800  53.8290  1810    14499  -30.0430  -23.1280  28.5910  1810
72264  -0.5330  -5.6050  51.2250  1814    29244  -1.2680  -7.2420  55.0390  1814
72276  -0.6890  -5.5920  49.6460  1815    27971  -34.9170  -6.7350  -16.0600  1815
72291  -1.4800  -5.3000  47.5480  1816    28273  -48.3640  49.9940  2.9700  1816
72357  -2.3880  -6.4390  43.1390  1828    5003  -55.7760  8.3140  2.6320  1828
72392  -3.3230  -7.6110  39.5930  1835    7110  -0.2970  -22.8550  40.8360  1835
72407  -3.8620  -7.6380  37.8620  1837    16101  -34.1870  27.9460  -36.2100  1837
72415  -2.9440  -7.5890  36.6980  1838    12032  -63.6980  -30.8370  -24.1390  1838
72417  -3.6820  -7.6840  37.0080  1840    12033  1.2850  -4.0840  -25.6250  1840
72439  -1.3090  -7.4550  35.6040  1845    14262  -20.7430  -46.1730  47.9600  1845
72459  0.1070  -6.6210  33.0220  1851    15865  -19.5670  6.9030  -35.9940  1851
72482  0.2610  -6.3050  30.4060  1854    2590  -27.0660  64.8450  18.2870  1854
72501  -1.7240  -5.9930  27.4520  1858    2647  -32.3780  75.1260  3.0000  1858
72505  -5.3660  -7.0050  26.4530  1862    5169  -17.5560  -11.7670  -29.3690  1862
72515  -6.8490  -6.3660  25.8670  1865    7289  -31.7380  -27.0850  18.8570  1865
72517  -8.2490  -7.0410  24.9950  1867    7462  -3.1330  83.7440  -0.7860  1867
72526  -8.6500  -6.4430  24.7090  1869    7735  -0.9880  44.5190  -31.4000  1869
72537  -9.4580  -6.4250  23.9390  1872    9223  -44.0330  -36.6180  -37.4040  1872
72566  -12.4790  -6.9900  21.1430  1877    14669  -60.4080  12.3700  14.8540  1877
72575  -13.0070  -6.8870  19.9250  1879    15252  -42.4090  49.2750  18.9860  1879
73504  -5.5140  -5.4650  58.9040  1881    10045  -48.3730  -4.0400  15.6530  1881
73553  -0.6380  -4.8950  51.4810  1894    24809  -33.4320  39.4080  -47.7920  1894
73570  -1.2610  -5.0850  48.2730  1897    25332  -13.2970  -14.6700  17.9350  1897
73579  -1.8690  -5.0250  46.9790  1899    26104  -1.6330  -73.8010  -18.9630  1899
73590  -2.2570  -5.1410  45.8580  1903    21122  -1.9700  -27.6390  0.0900  1903
73600  -2.4590  -5.5910  44.0020  1908    21760  -53.5720  -20.1130  36.2410  1908
73615  -2.6780  -6.6530  41.9370  1914    5002  -55.5260  8.8840  1.9390  1914
73625  -2.9420  -7.2400  40.3380  1916    6103  -30.1790  -9.2730  -44.2800  1916
73632  -3.1420  -7.0680  39.2440  1917    27543  -20.4070  3.6720  -40.6510  1917
73639  -2.1060  -6.6580  38.2240  1919    27643  -54.8580  40.3010  -12.3840  1919
73640  -2.5830  -6.8340  38.3910  1920    29360  -32.9590  -74.7820  -38.1470  1920
73655  -0.6260  -5.9910  36.9020  1928    28060  -45.0980  2.1090  28.1470  1928
73678  -0.3370  -6.0720  35.6290  1938    15866  -14.8130  13.3220  -49.6220  1938
73710  0.4420  -5.2250  31.6950  1945    18479  -39.1310  66.6090  6.1620  1945
73768  -7.7580  -5.4150  25.2550  1960    7420  1.1710  32.7540  -13.7020  1960
73791  -10.2740  -6.0440  23.2630  1966    11209  -18.8530  8.8350  47.9840  1966
73803  -11.5440  -6.1250  22.2240  1968    12501  0.6340  -12.2470  11.2740  1968
73813  -12.6190  -5.7500  20.8860  1970    4216  -45.2550  -14.8320  -7.3560  1970
73831  -12.8700  -5.9930  19.8280  1972    8236  -51.6720  -5.9020  -27.0220  1972
74789  -3.8510  -4.6670  57.8230  1976    11713  -37.2990  -46.5350  -2.5080  1976
74800  -2.4090  -4.2670  56.3010  1983    11712  -15.3240  27.9140  -35.6840  1983
74847  -1.2440  -4.1850  48.7940  1990    18228  -38.4540  -27.9150  42.6620  1990
74855  -1.8030  -4.2360  47.4850  1993    26109  -2.4970  -6.6950  -20.8970  1993
74886  -2.6470  -6.3560  41.3570  2006    22820  -20.3000  37.6510  23.5540  2006
74890  -1.9600  -5.8070  40.4460  2009    27423  -66.1740  -19.4300  -17.1800  2009
74899  -1.7080  -5.9210  39.5750  2014    23367  -5.2210  14.8600  23.1850  2014
74917  -0.4660  -5.3220  37.7040  2024    24149  -27.7820  3.0200  -54.2540  2024
74924  0.1620  -4.5800  36.3730  2027    5417  -40.5890  -10.2260  -4.8720  2027
74932  0.3570  -4.3250  35.2640  2030    26089  -64.3260  -1.2400  1.0600  2030
74947  0.5380  -3.9050  32.8910  2034    26088  -5.4130  -53.0940  -10.8290  2034
74968  0.4220  -4.3320  30.8440  2038    7393  -30.8250  -66.6900  -12.2710  2038
74977  0.1560  -4.3850  29.6530  2039    2588  -24.6110  -22.0200  -21.7990  2039
74989  -1.1210  -4.5000  27.7740  2041    2589  -25.4980  -25.3460  -20.2890  2041
75000  -4.2210  -4.7820  26.6360  2044    4297  -13.7090  27.9360  48.0270  2044
75011  -5.9670  -4.6620  26.0460  2048    7250  -40.0650  -2.2640  -15.3300  2048
75023  -8.3390  -4.5580  24.3710  2053    9120  -48.8670  21.2740  -40.1700  2053
75032  -9.4800  -4.8500  23.5300  2055    11118  -56.7280  21.1560  -19.6280  2055
75040  -10.4420  -4.8860  22.8040  2058    11242  -43.3860  -12.7100  20.2220  2058
75105  -12.8210  -5.1080  20.0830  2066    4214  -25.8390  34.9660  31.2830  2066
76045  -6.0760  -4.2430  59.1370  2068    10043  -34.7030  23.5870  -38.9250  2068
76053  -5.4740  -3.5420  58.7960  2072    10044  -49.0730  -3.2380  15.3360  2072
76070  -2.2130  -3.1060  56.0370  2077    14500  -13.8400  61.5990  -43.0150  2077
76082  -1.0190  -3.4130  54.0010  2078    16071  -12.6740  20.0560  -34.5320  2078
76104  -0.6740  -3.7070  51.8420  2083    18227  -37.9700  -27.2190  40.2360  2083
76127  -2.1460  -4.0340  46.2420  2089    20700  -50.7990  -46.7380  -8.2370  2089
76133  -2.1390  -3.9340  45.6570  2091    20699  -5.6860  25.2460  -38.1370  2091
76135  -2.2910  -4.7150  45.2330  2093    20698  -20.4800  25.6330  29.6240  2093
76147  -1.8470  -4.0610  44.6710  2100    21278  -11.5950  33.0640  -43.9880  2100
76149  -2.3540  -4.9830  43.7470  2102    21708  -59.2920  -16.9830  16.2410  2102
76154  -1.0480  -4.0090  43.3090  2105    21851  -59.5010  -17.5520  21.0960  2105
76156  -2.0800  -4.8590  43.1820  2107    21852  -52.1140  -16.9460  3.1320  2107
76168  -0.7710  -4.2840  41.8110  2115    22754  1.4010  -75.6590  -4.8180  2115
76169  -1.5120  -5.1550  41.2970  2116    23215  -34.4920  72.5540  4.7370  2116
76176  -0.5960  -4.4530  40.6250  2119    23348  -7.4540  -53.8730  -8.2390  2119
76293  -9.1630  -3.6430  23.4280  2147    16632  1.8110  0.3490  -31.9920  2147
76309  -10.5700  -3.6370  22.4050  2151    28599  1.5100  -75.3480  -22.8950  2151
76325  -11.2320  -3.7430  21.9600  2152    20238  -23.2560  -15.0040  48.4070  2152
76342  -12.2360  -3.7520  21.0000  2154    4215  0.8640  -80.3630  -19.3300  2154
76370  -12.6140  -3.6620  20.1060  2157    23706  -55.4860  -21.5850  -46.9170  2157
77237  -1.6180  -2.4290  55.2100  2166    21055  -36.4280  -1.6620  25.5350  2166
77252  -0.6330  -3.2930  51.2240  2171    23601  -25.9320  -83.1180  -31.2500  2171
77260  -0.7520  -3.3870  50.1560  2174    18229  -52.8340  -27.6090  5.9720  2174
77273  -1.4280  -3.3360  47.7650  2179    23931  -12.9820  47.4000  38.7370  2179
77290  -1.4850  -3.3010  46.6450  2189    24655  -19.1210  81.0740  -25.9180  2189
77306  -0.6660  -2.9710  44.9210  2199    21277  -56.1740  30.0270  -1.8570  2199
77317  -0.2010  -2.9220  43.1590  2206    25414  -57.3520  -10.5750  -37.1560  2206
77331  0.3360  -2.6580  38.2220  2213    24148  -53.7970  32.3510  -18.7870  2213
77388  0.5570  -2.1410  32.2050  2221    7392  -30.2200  -66.6300  -11.9850  2221
77424  -0.0170  -2.4690  29.1560  2226    9037  -6.8210  -32.0520  54.8940  2226
77439  -2.3500  -2.6110  27.0850  2230    10302  -53.0460  13.7070  -11.2880  2230
77441  -4.4760  -2.3500  26.5870  2232    12131  0.7620  -67.9650  -26.8630  2232
77453  -6.6500  -2.5210  25.4830  2237    12955  -51.5990  -9.6600  33.1940  2237
77467  -7.6390  -2.3790  24.7730  2240    14318  -8.6270  -49.8120  -1.8040  2240
77505  -10.1580  -2.4420  22.6350  2246    18370  -19.1830  24.8360  -65.4740  2246
78439  -4.2330  -2.1100  57.9020  2256    21039  -12.3380  37.3700  43.6680  2256
78465  -1.2470  -2.3870  54.5270  2262    28825  -0.1210  -76.6990  -32.3390  2262
78484  -0.7530  -2.9060  49.8370  2269    23602  -48.9740  -41.2070  0.4790  2269
78508  -0.5170  -2.4660  45.6490  2280    25361  -60.9320  -42.3030  2.2140  2280
78520  0.3110  -1.9740  41.9820  2285    25713  -49.2800  -32.1810  -0.9560  2285
78532  0.3810  -2.0250  38.9990  2290    26164  -62.2350  -17.2890  7.8880  2290
78546  0.5260  -1.8800  36.8410  2292    5418  -39.1890  53.3870  -4.5670  2292
78579  0.5670  -1.3550  33.8900  2295    10022  -39.4700  -19.2950  -2.0870  2295
78611  0.0550  -1.4170  29.6410  2299    7394  -0.8740  -31.2940  -5.2170  2299
78623  -1.2370  -1.0880  27.9550  2302    10303  -53.0430  -56.3640  1.6230  2302
78625  -4.1280  -0.7770  27.0480  2304    15205  -57.4310  20.2510  -19.1290  2304
78626  -5.3570  -0.4710  27.0150  2305    12956  -2.7530  -8.4470  57.0720  2305
78641  -7.3240  -0.5860  26.2530  2311    14400  -46.9180  -30.9880  -11.7630  2311
78659  -8.6110  -0.5350  25.3500  2316    64  -19.7470  -17.9070  46.4930  2316
78674  -8.7710  -1.0960  24.5690  2318    16633  -40.8190  -21.6650  34.5640  2318
78701  -10.5380  -1.3390  22.6060  2323    20239  -54.4220  -13.3170  -35.3670  2323
78710  -11.0250  -1.4060  22.0690  2324    20425  -36.6230  35.3670  -28.1510  2324
78719  -11.7280  -1.7650  21.0690  2326    22868  -51.3240  -52.1930  -8.2110  2326
78736  -12.0300  -1.9850  20.1680  2328    23722  -2.4710  58.2750  -7.4100  2328
79545  -4.6150  0.3120  57.9910  2329    21040  -0.1830  60.5840  -46.7230  2329
79547  -5.9440  0.2410  58.6310  2331    25579  -43.1200  -2.8890  -45.3240  2331
79548  -7.3360  0.1770  59.1130  2332    19899  -2.3430  18.3180  -29.4140  2332
79553  -2.9630  0.2620  56.7030  2333    26538  -10.0810  -49.3190  9.0870  2333
79566  -2.2750  0.1220  55.9810  2339    26537  -33.8930  25.0070  -10.9020  2339
79584  -1.0420  -0.4840  54.0230  2349    27530  -61.9420  -18.1480  4.7780  2349
79602  -0.5110  -1.0980  52.0580  2358    27529  -55.1510  -48.1580  -5.3850  2358
79631  -0.4420  -1.5390  49.1800  2375    24029  -1.5480  22.8200  41.4730  2375
79653  0.1270  -1.4580  44.4820  2385    21790  -66.3570  -25.6540  -31.6400  2385
79663  0.3940  -0.9060  40.8140  2389    25079  -23.9720  3.7400  38.6330  2389
79707  0.5790  -0.6000  34.3560  2398    5416  -42.3610  -9.6490  -5.6350  2398
79742  -0.6250  0.5070  29.2660  2403    12040  0.6550  -51.4810  11.2860  2403
79758  -2.6100  0.6100  27.9870  2406    14539  -24.7850  68.0330  6.4810  2406
79761  -5.9060  1.0230  28.0200  2409    15288  -8.6960  -24.0560  59.2740  2409
79783  -7.3930  0.6420  27.4620  2415    16888  -21.4010  40.3430  28.0540  2415
79852  -10.0520  -0.1630  24.5310  2426    63  -21.1440  -16.0110  45.7560  2426
80798  -4.7350  0.5680  58.0480  2435    10344  -30.1330  -36.6120  22.4360  2435
80842  -1.2190  0.1650  54.3760  2456    14734  -50.9100  -2.5410  15.1280  2456
80861  -0.5450  -0.1640  52.4870  2465    16868  -38.5400  21.0610  40.9020  2465
80877  -0.2450  0.2780  50.5410  2473    18916  -4.5500  -28.2950  49.8780  2473
80888  0.0960  0.3300  48.2850  2479    19652  -9.8240  -12.5510  24.9220  2479
80900  0.4000  0.4970  46.1040  2485    20720  -29.8080  -47.2690  42.9780  2485
80920  0.4200  1.1490  42.2250  2497    22296  -35.5670  57.7650  -8.7010  2497
80924  0.2960  1.3960  41.3050  2500    24425  -38.5530  44.8300  4.3640  2500
80961  0.5280  0.9490  35.4490  2509    27064  -35.3020  -74.9720  -15.6820  2509
80985  0.4090  0.6750  32.0370  2515    10021  -9.2420  -45.1010  -13.2710  2515
81006  -4.6040  1.4960  28.3100  2522    15206  -38.8610  22.6510  41.4950  2522
81018  -8.5270  1.2990  27.7310  2528    19490  -6.3810  -9.2910  26.2430  2528
81044  -10.9760  1.0490  25.0940  2535    65  -19.9040  -17.2540  45.8230  2535
81057  -11.0360  0.5480  23.4950  2538    3547  -1.2520  7.0100  25.4920  2538
81077  -11.2440  0.1390  21.9870  2540    3059  -64.9470  5.0240  -22.6560  2540
81095  -11.4300  -0.2970  20.9660  2542    3317  -55.7600  15.3610  -53.5890  2542
82004  -6.4060  2.6950  58.5190  2545    10342  -1.2960  -79.7810  -33.8040  2545
82005  -7.7010  2.3680  58.9760  2546    25592  -49.7710  -2.6670  -25.2980  2546
82009  -3.9740  3.6430  56.8330  2547    11350  -59.5730  -31.7490  25.4660  2547
82036  -2.0870  3.4490  55.0950  2556    961  -4.6580  -15.0600  -6.5310  2556
82063  -0.6700  3.3110  52.3910  2569    2665  -38.6090  47.5670  26.6260  2569
82078  -0.1420  2.8130  50.4930  2577    7056  -35.5640  49.2860  20.3790  2577
82083  0.1570  2.7040  48.8020  2580    11678  -52.2780  -26.7080  -45.8840  2580
82108  0.4860  2.9730  44.3090  2592    17242  -54.8570  -32.2430  20.4840  2592
82167  0.0540  2.6210  38.4570  2608    25683  -43.9150  -8.6750  -48.1560  2608
82180  0.2890  2.0390  37.2450  2609    26004  -51.5550  40.4260  -7.4080  2609
82198  0.4170  1.8840  36.1360  2611    26575  -31.9220  0.1340  -57.0210  2611
82231  0.4190  1.7950  33.7340  2615    27063  -32.7120  -73.8160  -17.4580  2615
82245  0.2990  1.8210  32.4420  2616    27579  -0.1560  -19.7770  19.5760  2616
82246  0.1490  2.4200  31.8920  2617    24628  -7.7130  -56.8190  26.5960  2617
82263  -0.6650  2.3750  30.1530  2620    28335  -21.4470  -55.2880  -16.1550  2620
82278  -3.1970  2.3520  28.7880  2624    28679  0.5470  26.4400  4.7900  2624
82297  -7.0770  1.9930  28.4540  2630    28955  -34.6880  34.5630  -41.5250  2630
82351  -11.1600  1.4530  24.9240  2641    2151  -48.4720  17.5480  -60.2000  2641
82378  -11.2770  1.2890  23.4070  2643    3060  -0.9430  30.3440  31.9690  2643
82410  -11.2140  1.2480  22.0290  2646    3061  -2.3410  31.6760  32.6210  2646
82421  -11.1040  1.1740  21.4950  2648    5215  -12.6340  70.2120  19.8760  2648
83281  -4.9320  4.2450  57.3420  2653    10343  0.7620  -72.8760  -30.5330  2653
83291  -4.2530  4.6470  56.6580  2658    26582  -65.1220  -0.9980  5.2980  2658
83302  -2.6520  4.1280  55.4670  2660    963  -50.4310  -15.1130  -6.1060  2660
83321  -1.7750  5.1420  53.7620  2670    962  -38.9870  38.7860  4.1510  2670
83331  -1.1640  4.7730  52.8670  2673    2664  -23.2280  -66.5330  25.7310  2673
83367  0.0010  4.4420  48.8810  2681    9000  -58.4120  -34.6870  15.4260  2681
83396  0.3600  3.3640  47.1450  2686    13393  -6.6150  -39.9550  -13.6820  2686
83434  0.4170  3.6070  45.0980  2692    15263  -53.0920  -47.5480  -7.6920  2692
83491  -0.2550  4.2340  40.6830  2700    20322  -46.9790  53.4920  2.7790  2700
83618  -2.4630  2.7850  28.9930  2709    25199  -22.1530  -24.1660  38.3520  2709
83620  -4.6790  2.7360  28.7850  2711    26399  -3.3450  84.9320  -3.6250  2711
83635  -6.6320  2.6210  28.6030  2713    1866  -23.9110  70.6870  -19.2910  2713
83655  -9.8740  2.2640  27.1700  2718    6758  -10.9060  -30.9760  11.4180  2718
84817  -0.1540  5.1720  42.2210  2746    17241  -50.0200  -31.9110  -44.8280  2746
84982  -10.8690  2.6750  25.8290  2747    8685  -48.2200  -49.3420  21.2850  2747
84995  -11.1130  2.8340  25.2160  2748    10607  -61.6170  -2.2040  -50.8540  2748
85018  -11.1690  2.8860  23.9360  2750    11610  -12.4160  26.9520  -41.9130  2750
85028  -11.0600  2.8810  23.3490  2751    13641  -20.4490  -66.2880  -28.0600  2751
85890  -6.2410  6.8770  56.2260  2759    26581  -59.8870  27.3750  2.5560  2759
85901  -5.2930  7.1560  54.9420  2762    3069  -34.4970  -79.5420  -19.1970  2762
