#!ascii label  , from subject FreeSurferMNI152_0.2 vox2ras=TkReg
339
27632  68.507  -3.936  -43.162 1.0000000000
3062  16.888  24.851  51.047 4.0000000000
15587  32.448  -45.534  15.218 9.0000000000
10234  55.387  54.982  -5.142 12.0000000000
26887  47.071  38.594  -32.368 13.0000000000
10236  28.483  58.921  3.772 14.0000000000
15005  39.249  57.769  -37.385 15.0000000000
15721  8.200  37.530  47.876 17.0000000000
26800  5.458  -59.717  21.907 19.0000000000
17925  29.716  -18.274  44.195 21.0000000000
27283  42.857  -57.760  -9.426 23.0000000000
18839  47.905  -43.518  27.818 26.0000000000
20392  65.083  -22.354  -13.227 32.0000000000
17112  69.192  -23.438  -28.713 38.0000000000
10235  53.488  55.633  -4.821 42.0000000000
1827  26.389  25.725  -38.311 60.0000000000
23000  35.848  -1.182  24.974 61.0000000000
4277  21.452  58.309  15.909 64.0000000000
19316  13.763  -23.330  38.256 68.0000000000
4278  21.364  56.707  17.180 71.0000000000
18837  9.928  21.052  38.235 77.0000000000
18838  44.759  25.248  -20.841 81.0000000000
20393  5.754  60.476  -35.448 82.0000000000
19864  53.803  13.692  -63.297 84.0000000000
19881  2.478  -21.893  -3.979 87.0000000000
16267  15.869  -27.258  59.874 89.0000000000
17806  37.466  58.837  8.347 93.0000000000
17111  34.624  -50.574  18.819 97.0000000000
15630  60.489  -31.825  20.838 107.0000000000
1829  2.787  -44.113  9.561 120.0000000000
7743  4.234  47.522  -6.678 125.0000000000
3192  45.446  4.891  -49.069 131.0000000000
5390  39.143  25.642  27.628 135.0000000000
8854  20.057  5.257  -30.247 138.0000000000
8879  3.059  -0.213  52.482 142.0000000000
10537  23.752  59.101  31.480 144.0000000000
17805  49.891  -4.018  -51.808 146.0000000000
11728  13.518  33.925  -43.565 150.0000000000
17017  2.277  33.098  -25.836 152.0000000000
11996  34.273  0.172  -36.679 161.0000000000
13443  42.819  -39.588  32.037 167.0000000000
14076  44.472  18.778  17.913 169.0000000000
15629  33.374  -5.085  -47.186 179.0000000000
1828  2.618  -42.735  6.803 183.0000000000
3151  42.008  -14.401  -45.724 186.0000000000
19191  39.362  -5.109  -6.639 188.0000000000
3994  27.651  22.251  -38.797 198.0000000000
14873  3.724  67.544  -5.808 225.0000000000
8855  19.793  -11.703  52.055 244.0000000000
10536  37.579  -4.923  -31.464 246.0000000000
11705  17.275  -64.338  26.282 251.0000000000
17679  39.390  -12.623  -29.836 255.0000000000
13442  41.121  -74.662  -16.092 259.0000000000
14294  2.656  54.346  17.417 263.0000000000
21650  48.879  6.000  13.694 274.0000000000
18442  44.250  -41.297  -12.597 276.0000000000
11316  64.692  -16.747  -15.041 277.0000000000
19882  17.262  -16.359  -21.286 294.0000000000
10406  26.266  -58.943  -32.897 302.0000000000
24368  32.556  43.790  -13.598 308.0000000000
19766  19.205  -70.797  -26.167 311.0000000000
17725  31.051  -35.528  -28.240 313.0000000000
17726  18.329  46.788  39.432 316.0000000000
21053  22.943  67.140  20.805 319.0000000000
20209  4.449  83.939  -5.886 323.0000000000
27597  6.948  -43.687  43.932 332.0000000000
23412  26.108  15.607  29.618 337.0000000000
24796  6.922  -52.796  -7.480 341.0000000000
1265  42.201  26.100  -38.774 342.0000000000
10405  31.013  -69.070  -6.583 351.0000000000
20208  2.834  73.476  -41.000 373.0000000000
22707  17.929  78.495  -0.644 378.0000000000
22708  26.693  4.271  -54.193 380.0000000000
10407  54.410  39.986  -23.690 386.0000000000
22398  28.178  -1.436  -37.380 394.0000000000
29084  3.848  77.629  -24.649 412.0000000000
15634  4.250  60.470  3.180 418.0000000000
1263  42.665  27.305  -38.796 421.0000000000
9670  2.924  32.655  -19.611 452.0000000000
16767  25.421  45.240  -39.739 459.0000000000
15504  0.832  41.727  -6.234 462.0000000000
17724  41.358  9.847  -58.751 465.0000000000
28722  49.242  51.608  14.186 469.0000000000
24085  38.941  -51.648  31.232 471.0000000000
1334  39.955  58.736  19.966 473.0000000000
4888  44.258  17.610  -27.433 478.0000000000
1335  55.255  -50.274  17.040 496.0000000000
15635  6.331  66.224  -45.352 498.0000000000
16365  5.870  -29.072  -9.362 511.0000000000
24086  54.692  -27.246  32.204 518.0000000000
24087  46.726  26.161  -63.702 521.0000000000
24445  58.933  -25.482  -40.176 531.0000000000
1333  39.969  57.949  20.281 541.0000000000
1890  70.778  -2.057  -24.365 548.0000000000
27954  1.312  43.719  -20.555 551.0000000000
29297  7.793  -25.689  46.146 561.0000000000
2151  30.492  35.556  -44.770 562.0000000000
4887  6.635  -8.025  8.690 564.0000000000
2153  25.816  -71.898  18.958 572.0000000000
7229  29.466  12.248  -41.710 578.0000000000
13175  63.074  3.324  -52.462 587.0000000000
15503  1.314  41.866  -5.200 591.0000000000
6183  46.663  -68.678  -17.431 602.0000000000
6182  47.017  -68.147  -16.074 611.0000000000
17960  30.764  38.233  -25.028 624.0000000000
2152  21.340  -56.743  -11.546 649.0000000000
10832  46.928  -6.681  -43.653 656.0000000000
16420  52.411  60.923  -13.401 659.0000000000
9259  7.206  68.050  -17.882 665.0000000000
9302  2.995  16.915  37.704 667.0000000000
12779  55.413  6.115  25.676 671.0000000000
19200  45.875  32.182  -24.623 694.0000000000
20526  53.463  -25.441  -0.721 700.0000000000
15888  42.946  20.975  -60.164 714.0000000000
14988  16.346  -49.616  15.626 715.0000000000
14123  69.790  -29.355  -16.422 716.0000000000
25000  6.440  -58.190  -27.776 728.0000000000
6184  46.438  -67.962  -15.684 735.0000000000
9258  28.040  65.917  -2.820 741.0000000000
17961  31.343  38.594  -27.024 764.0000000000
17959  38.005  33.031  10.136 765.0000000000
18571  5.993  12.001  53.435 766.0000000000
19228  33.285  -10.685  43.926 774.0000000000
14939  40.468  -4.251  28.684 780.0000000000
14124  70.973  -26.000  -14.996 784.0000000000
14259  43.802  -71.429  -20.527 787.0000000000
16894  41.272  -17.223  47.904 792.0000000000
15015  42.760  -40.100  30.576 796.0000000000
18643  48.264  -44.821  -39.852 802.0000000000
21925  39.572  24.738  -12.156 810.0000000000
2901  40.309  6.225  -5.357 815.0000000000
7188  42.843  -8.598  47.442 825.0000000000
13218  32.064  -71.196  -7.123 837.0000000000
25475  45.949  25.713  32.531 838.0000000000
15872  47.859  8.126  14.940 851.0000000000
15874  8.076  -43.716  41.686 858.0000000000
27336  25.961  -38.900  -34.539 861.0000000000
9257  52.496  29.745  -57.697 892.0000000000
12806  70.268  -1.318  -7.619 895.0000000000
23555  22.222  -29.940  -31.541 904.0000000000
5925  48.604  26.634  14.967 913.0000000000
6213  9.877  -22.714  -17.239 918.0000000000
6211  28.782  62.601  -1.801 925.0000000000
18342  17.273  -76.087  10.241 930.0000000000
5926  14.178  26.853  -39.043 931.0000000000
6268  11.726  13.074  23.283 934.0000000000
10756  33.697  -13.143  -29.006 940.0000000000
2902  9.967  -84.780  -17.727 942.0000000000
2566  46.367  -41.612  -11.301 950.0000000000
2637  40.800  24.479  5.166 955.0000000000
5827  3.939  -7.344  37.212 957.0000000000
11378  16.357  85.604  -10.154 970.0000000000
11137  41.287  -8.533  44.962 972.0000000000
11302  10.073  -48.075  -11.057 973.0000000000
19506  57.481  44.644  -22.167 1003.0000000000
22636  49.698  24.690  6.009 1012.0000000000
23539  54.185  35.733  -31.318 1013.0000000000
23871  55.623  -41.427  -29.093 1015.0000000000
22651  10.196  -29.982  17.585 1016.0000000000
23841  13.802  28.502  51.133 1021.0000000000
6509  10.551  -46.005  -2.089 1025.0000000000
26047  18.634  29.084  -36.789 1028.0000000000
25080  25.297  -18.682  38.595 1029.0000000000
26761  44.286  72.607  -21.743 1039.0000000000
27098  34.558  35.238  -41.698 1045.0000000000
5927  59.952  -20.548  -46.282 1048.0000000000
6212  10.469  -22.032  -15.998 1062.0000000000
7621  49.975  21.110  34.694 1067.0000000000
6235  44.921  -4.872  -1.706 1070.0000000000
7620  56.627  15.194  -8.246 1076.0000000000
1474  22.369  39.842  44.775 1082.0000000000
6363  15.579  -24.435  36.630 1084.0000000000
11303  9.561  -50.042  -8.883 1091.0000000000
9679  56.863  -35.467  31.445 1098.0000000000
19590  57.365  22.652  -54.342 1100.0000000000
11652  34.655  63.816  20.163 1101.0000000000
15338  10.094  -36.507  -20.652 1108.0000000000
15873  9.717  -44.586  39.776 1118.0000000000
21299  50.162  66.725  -25.616 1126.0000000000
19949  40.424  -39.312  35.605 1132.0000000000
7619  52.999  50.580  -24.155 1167.0000000000
1473  16.357  -11.966  58.503 1171.0000000000
9935  8.123  -46.720  41.098 1181.0000000000
9680  27.716  47.835  22.827 1198.0000000000
20495  45.138  19.038  15.593 1200.0000000000
11653  33.834  65.382  18.518 1201.0000000000
16275  2.847  -18.960  52.018 1210.0000000000
16679  40.950  -8.979  40.018 1212.0000000000
17883  22.894  48.191  26.580 1218.0000000000
17882  62.829  -33.748  -25.488 1228.0000000000
20990  26.609  -28.107  47.233 1237.0000000000
24953  27.719  -17.370  -26.751 1245.0000000000
1472  18.747  -11.670  58.381 1260.0000000000
1530  2.251  28.067  10.200 1272.0000000000
15895  3.620  -22.034  2.209 1275.0000000000
5361  8.966  69.430  27.164 1278.0000000000
17331  51.400  -53.581  -24.254 1282.0000000000
11654  59.486  -23.441  2.791 1288.0000000000
14063  31.281  68.775  -1.936 1294.0000000000
16276  2.673  -20.488  51.146 1301.0000000000
16678  22.331  -70.681  -28.249 1304.0000000000
15783  43.318  -44.336  -38.984 1305.0000000000
16274  22.953  -47.956  30.301 1309.0000000000
19183  37.435  -37.766  28.165 1313.0000000000
20212  43.056  -65.560  -3.273 1318.0000000000
25904  4.542  -34.999  17.846 1328.0000000000
28839  25.440  -73.004  -37.024 1331.0000000000
17159  45.230  17.939  -33.036 1355.0000000000
17158  25.805  -33.266  -30.666 1359.0000000000
14064  50.516  -17.576  -41.131 1369.0000000000
28286  28.678  77.264  -11.061 1380.0000000000
25244  61.371  -38.358  21.438 1381.0000000000
6510  57.521  2.403  12.414 1392.0000000000
8253  2.487  2.011  13.066 1395.0000000000
24294  34.150  29.453  -9.401 1402.0000000000
17228  64.319  -28.073  4.820 1411.0000000000
9678  9.089  -66.569  -16.345 1422.0000000000
12376  52.711  -38.090  -40.230 1426.0000000000
15231  39.791  -34.697  30.101 1432.0000000000
24697  15.539  44.673  38.967 1449.0000000000
23743  34.628  -8.551  -42.588 1455.0000000000
6508  5.894  -48.306  -7.076 1462.0000000000
17160  24.846  -4.147  -34.743 1474.0000000000
19232  63.462  17.821  -32.713 1487.0000000000
12377  52.548  -36.943  -40.727 1492.0000000000
12607  57.220  -30.588  33.207 1494.0000000000
14694  8.249  60.975  -7.123 1503.0000000000
14624  11.683  40.713  -42.301 1509.0000000000
18897  32.491  -4.721  -49.790 1514.0000000000
21369  28.761  -47.454  17.457 1516.0000000000
24028  22.979  86.646  -22.694 1523.0000000000
11187  38.454  -73.607  -7.226 1529.0000000000
12375  26.812  6.760  -61.120 1538.0000000000
13556  52.548  12.050  -64.135 1548.0000000000
13621  23.875  52.642  -41.102 1552.0000000000
15230  41.742  -35.712  31.608 1556.0000000000
17466  49.532  63.393  -8.515 1563.0000000000
13557  47.581  -68.303  -24.973 1572.0000000000
15369  30.866  42.124  -42.379 1577.0000000000
17465  47.942  -45.090  -8.853 1581.0000000000
22790  52.156  -48.863  -1.531 1589.0000000000
20721  43.361  60.927  -15.063 1593.0000000000
26433  7.660  74.189  -7.573 1602.0000000000
15368  29.900  37.615  -44.488 1618.0000000000
20176  47.078  19.623  -12.540 1647.0000000000
19445  40.787  66.794  -7.669 1653.0000000000
19544  33.952  -67.233  -6.694 1654.0000000000
20813  7.580  88.572  -16.033 1656.0000000000
21368  39.132  -49.320  -36.136 1660.0000000000
22257  35.817  43.019  -12.351 1661.0000000000
22822  32.711  -39.165  48.085 1662.0000000000
2585  4.552  47.744  -31.240 1668.0000000000
24027  52.943  -43.087  31.010 1669.0000000000
25907  3.428  -55.759  26.158 1670.0000000000
18116  27.439  -38.249  52.652 1681.0000000000
20722  71.279  0.351  -27.477 1700.0000000000
22319  50.855  38.541  26.058 1711.0000000000
22623  66.625  -27.647  -29.038 1716.0000000000
22791  46.648  -44.111  29.748 1721.0000000000
23679  3.134  30.786  -25.290 1729.0000000000
22755  3.575  -48.629  29.121 1750.0000000000
27119  55.944  -51.229  -18.238 1760.0000000000
27717  36.281  28.728  -10.656 1791.0000000000
6191  54.541  18.114  -40.901 1794.0000000000
21867  30.829  7.801  33.180 1798.0000000000
27010  35.301  -60.964  21.749 1800.0000000000
27114  1.682  -12.621  -1.409 1804.0000000000
27790  36.132  5.244  -41.128 1814.0000000000
27941  71.590  -9.167  -17.115 1817.0000000000
2587  2.021  18.304  -22.139 1824.0000000000
3731  64.113  -22.230  -42.855 1825.0000000000
4029  11.084  45.302  -38.369 1827.0000000000
19131  31.347  2.360  -40.376 1834.0000000000
9124  1.670  46.965  -9.994 1843.0000000000
7103  54.456  25.526  -0.181 1870.0000000000
2678  48.175  58.275  -15.590 1876.0000000000
10133  53.344  48.259  2.338 1887.0000000000
20687  39.598  54.352  18.972 1896.0000000000
2586  15.581  -56.935  14.860 1901.0000000000
2816  19.908  -7.996  53.319 1903.0000000000
4028  2.435  44.503  -28.427 1905.0000000000
6192  2.749  52.098  12.838 1909.0000000000
7104  52.029  24.300  -1.743 1918.0000000000
9123  54.669  -10.340  -18.683 1926.0000000000
18835  5.528  -57.362  -7.442 1929.0000000000
18903  41.331  21.614  -31.647 1932.0000000000
17997  4.058  79.531  -14.416 1947.0000000000
18083  34.417  -63.022  -34.890 1949.0000000000
5277  3.193  39.943  39.201 1952.0000000000
4035  4.988  -6.681  -26.671 1956.0000000000
21866  18.330  29.392  46.397 1975.0000000000
21868  6.217  8.581  -34.236 1979.0000000000
4125  41.586  48.912  1.151 1981.0000000000
25260  10.661  67.086  -15.108 1983.0000000000
4036  5.897  -7.007  -24.936 2000.0000000000
5276  3.378  40.901  40.358 2002.0000000000
10704  63.017  17.319  -47.450 2005.0000000000
8678  6.536  -40.656  21.252 2008.0000000000
10396  43.957  36.169  -36.661 2016.0000000000
8677  5.773  -43.023  23.205 2018.0000000000
12952  64.473  14.874  -0.417 2020.0000000000
12122  2.795  73.558  0.818 2024.0000000000
13957  8.234  51.740  -25.300 2026.0000000000
13259  47.080  -59.805  -35.702 2028.0000000000
14903  57.279  0.517  -41.929 2029.0000000000
5061  29.447  -6.465  -29.801 2041.0000000000
4037  38.314  16.858  -3.684 2045.0000000000
5060  28.568  -6.540  -29.026 2050.0000000000
10703  62.327  16.461  -49.156 2072.0000000000
10854  15.482  -87.213  -10.177 2084.0000000000
14771  24.392  53.530  14.037 2085.0000000000
13440  26.939  79.447  -22.016 2088.0000000000
16433  9.155  -46.494  39.619 2093.0000000000
10856  41.261  6.879  -59.357 2096.0000000000
18544  6.842  10.353  53.036 2097.0000000000
4124  40.017  46.199  2.952 2099.0000000000
5062  47.721  0.430  40.677 2101.0000000000
4085  10.305  -34.419  -15.180 2117.0000000000
27311  13.188  -64.774  24.669 2122.0000000000
13981  29.750  79.352  -11.752 2129.0000000000
3938  28.910  -72.129  14.888 2137.0000000000
15581  28.090  68.133  7.686 2138.0000000000
15582  49.946  1.010  -5.332 2139.0000000000
3936  69.573  -11.554  -19.403 2146.0000000000
3937  7.102  -72.792  11.419 2165.0000000000
15585  32.436  -46.692  17.329 2188.0000000000
17015  46.069  -43.046  12.720 2193.0000000000
19346  7.347  41.876  14.435 2196.0000000000
17040  51.523  38.000  -35.403 2197.0000000000
20838  15.839  87.056  -9.328 2210.0000000000
17016  44.945  -41.975  11.872 2211.0000000000
19315  14.018  -23.429  40.678 2219.0000000000
21991  36.893  -69.367  6.702 2223.0000000000
16297  13.784  52.195  7.258 2224.0000000000
19317  52.258  -44.734  -10.119 2231.0000000000
18496  33.646  -62.842  -34.451 2242.0000000000
23453  35.501  -1.644  52.823 2248.0000000000
19347  5.244  39.633  16.121 2249.0000000000
24243  36.491  -60.625  27.551 2252.0000000000
