#!ascii label  , from subject FreeSurferMNI152_0.2 vox2ras=TkReg
984
846  2.605  30.598  17.442 1.0000000000
597  3.539  37.086  33.693 7.0000000000
596  3.616  37.106  36.153 8.0000000000
847  2.610  3.620  19.967 13.0000000000
598  21.923  -12.738  40.016 16.0000000000
4274  6.774  54.108  -47.969 25.0000000000
27844  28.982  -13.744  -44.549 30.0000000000
7209  26.932  33.884  38.743 32.0000000000
16857  12.896  -27.415  59.002 40.0000000000
1092  52.833  33.951  26.490 41.0000000000
20281  56.280  0.760  -42.278 49.0000000000
21468  59.992  3.935  13.414 56.0000000000
1091  50.755  36.338  27.901 63.0000000000
4273  37.767  -1.379  -33.339 66.0000000000
18388  47.035  50.911  0.538 78.0000000000
20280  56.260  0.828  -43.125 82.0000000000
1093  51.089  34.194  28.662 87.0000000000
20279  43.093  60.756  11.343 94.0000000000
20665  43.173  60.112  -15.532 96.0000000000
4275  7.144  55.799  -47.081 101.0000000000
21467  42.830  -45.562  -3.888 103.0000000000
22980  10.330  -14.276  59.102 115.0000000000
15654  38.661  5.681  -41.189 121.0000000000
16858  15.872  -57.629  41.950 122.0000000000
28669  54.149  -26.726  -44.273 132.0000000000
2309  11.477  -52.447  -28.947 136.0000000000
2366  66.675  -22.493  13.260 139.0000000000
4324  71.899  -14.821  -9.236 153.0000000000
10211  54.448  -53.789  -23.564 155.0000000000
29412  4.399  65.438  -11.364 158.0000000000
8295  46.739  38.259  -21.467 161.0000000000
2308  2.899  51.487  29.475 163.0000000000
10955  49.129  9.943  9.856 168.0000000000
6388  68.021  -19.831  19.019 177.0000000000
10237  55.805  -3.309  -28.448 178.0000000000
15653  46.885  63.527  2.082 189.0000000000
28493  43.915  22.243  17.513 194.0000000000
21169  37.470  46.104  33.694 198.0000000000
4323  22.588  -42.438  -15.103 205.0000000000
2307  32.367  53.131  20.224 217.0000000000
3500  25.118  -11.434  38.383 219.0000000000
7929  3.754  46.332  24.433 225.0000000000
7928  24.729  -35.861  -34.144 227.0000000000
9049  19.794  43.344  -43.528 235.0000000000
18252  21.830  58.965  14.736 245.0000000000
18127  57.701  -32.708  32.354 249.0000000000
15655  43.713  33.544  -29.900 268.0000000000
18714  29.111  -23.333  -32.217 274.0000000000
18713  46.877  1.254  35.951 278.0000000000
4322  44.197  4.348  -45.193 287.0000000000
1107  9.190  -36.661  33.322 299.0000000000
7930  39.071  39.982  -27.066 311.0000000000
6205  53.884  0.300  -4.276 325.0000000000
28306  66.854  -9.786  10.551 332.0000000000
11113  34.491  -61.025  3.247 335.0000000000
18251  22.558  58.952  13.346 338.0000000000
19560  28.960  -83.724  -21.521 347.0000000000
10268  53.807  50.195  9.529 356.0000000000
12095  17.591  12.903  -39.695 362.0000000000
21385  19.505  -41.487  -13.883 363.0000000000
1188  55.950  -54.946  -22.382 376.0000000000
6572  29.405  56.768  3.683 379.0000000000
1108  19.122  -58.235  14.064 387.0000000000
6571  16.338  23.573  53.214 398.0000000000
9176  60.487  9.533  -50.784 399.0000000000
6206  55.212  -0.640  -5.233 401.0000000000
6207  51.571  58.541  -1.660 415.0000000000
9325  47.121  -39.864  -25.840 418.0000000000
9356  51.119  65.811  -18.046 420.0000000000
10442  41.931  -43.144  -34.891 423.0000000000
10267  3.804  -65.043  16.282 450.0000000000
12897  23.076  7.022  -33.646 457.0000000000
17682  23.701  42.686  -37.011 469.0000000000
1106  9.116  -37.266  34.144 473.0000000000
6416  2.549  -40.991  29.766 478.0000000000
21315  42.489  26.025  3.292 491.0000000000
19946  46.589  -42.777  11.169 494.0000000000
9211  35.306  -10.731  -0.250 496.0000000000
22470  28.325  32.473  25.980 511.0000000000
23690  51.494  61.943  -5.484 517.0000000000
19561  5.181  -31.085  17.492 519.0000000000
10343  41.133  65.147  -36.039 533.0000000000
12096  27.933  18.062  -38.091 541.0000000000
10266  11.858  -32.793  11.551 546.0000000000
12094  8.283  75.291  -25.882 551.0000000000
19945  45.622  -37.961  1.410 562.0000000000
7681  60.364  -3.432  -20.233 573.0000000000
8797  14.763  -53.216  8.654 576.0000000000
4057  40.999  -48.474  -1.714 581.0000000000
10548  13.763  -76.968  -26.851 586.0000000000
23588  56.676  -46.646  18.413 589.0000000000
11706  17.592  -66.768  27.669 598.0000000000
14936  4.113  -62.507  -10.743 600.0000000000
17151  36.695  -40.328  27.928 602.0000000000
17245  54.494  -34.133  26.681 604.0000000000
12896  20.263  82.867  -10.955 614.0000000000
12993  47.450  -26.736  -34.274 616.0000000000
25169  26.293  -54.400  27.302 629.0000000000
6625  32.320  -33.864  34.564 632.0000000000
6573  18.402  -54.092  6.324 636.0000000000
2476  30.743  -10.285  46.053 641.0000000000
8799  33.221  -2.671  -46.747 653.0000000000
14964  15.945  -55.665  18.096 662.0000000000
14935  16.335  -35.835  41.799 673.0000000000
24858  40.158  33.638  -33.046 685.0000000000
11038  27.664  50.527  -38.053 690.0000000000
26093  6.162  -59.634  -8.889 692.0000000000
6857  32.593  -74.165  -13.871 697.0000000000
2753  23.369  -42.769  3.031 711.0000000000
12070  25.297  16.600  -58.265 718.0000000000
9361  66.612  13.504  -15.402 724.0000000000
9360  66.708  11.571  -14.350 726.0000000000
17456  46.728  22.261  -64.128 728.0000000000
8250  5.927  3.010  -37.955 734.0000000000
9103  20.351  74.873  3.124 736.0000000000
24562  2.676  82.105  -32.182 737.0000000000
9222  38.154  27.265  -62.215 742.0000000000
12844  39.480  68.227  -20.439 749.0000000000
17330  2.556  22.431  11.900 751.0000000000
2474  48.361  -36.118  -43.177 759.0000000000
2475  49.087  -34.308  -44.042 765.0000000000
4056  41.713  -47.116  -2.796 774.0000000000
21501  37.247  -54.236  35.230 778.0000000000
12004  46.247  -41.402  -11.251 787.0000000000
12069  25.194  15.935  -57.936 790.0000000000
9362  64.541  14.656  -14.786 792.0000000000
12967  43.664  5.215  -20.232 796.0000000000
8248  16.330  -48.957  -12.568 803.0000000000
11037  62.206  -28.504  -17.894 808.0000000000
11070  63.091  -31.815  13.900 817.0000000000
19267  33.011  -17.682  44.160 829.0000000000
5083  32.167  47.465  -41.258 840.0000000000
21519  3.466  58.025  22.626 854.0000000000
12002  12.493  33.420  18.246 856.0000000000
12003  39.923  39.758  -20.358 862.0000000000
12938  46.585  10.074  -18.258 866.0000000000
6515  29.923  3.164  -51.462 877.0000000000
19049  8.440  80.632  -17.075 878.0000000000
22072  11.845  -65.350  -10.897 879.0000000000
8479  3.703  36.559  8.567 881.0000000000
8249  19.176  -49.826  -12.835 885.0000000000
9149  44.631  -38.042  11.237 888.0000000000
11036  9.038  12.122  22.284 892.0000000000
20978  9.639  -65.164  -15.726 894.0000000000
10835  31.705  -29.312  -25.060 895.0000000000
17329  2.408  20.411  13.117 908.0000000000
17328  11.145  -55.555  11.530 913.0000000000
19370  68.407  3.874  8.683 916.0000000000
19327  64.028  -2.639  -50.751 926.0000000000
22071  46.690  41.203  5.845 932.0000000000
22137  28.516  32.523  32.769 934.0000000000
21738  45.617  13.936  -21.428 939.0000000000
5518  66.833  15.356  -3.358 945.0000000000
1476  47.434  -15.718  -21.938 947.0000000000
1643  13.033  47.096  5.907 952.0000000000
85  44.250  13.882  -9.767 954.0000000000
1902  63.197  -21.639  25.771 962.0000000000
10837  51.699  55.228  -6.094 974.0000000000
25531  48.779  69.745  -16.977 981.0000000000
13458  23.955  -44.104  -13.394 985.0000000000
14087  3.255  18.503  -26.841 990.0000000000
15607  54.211  0.019  -56.408 997.0000000000
19326  20.504  19.094  -31.943 1014.0000000000
1477  46.390  -15.449  -20.860 1037.0000000000
84  44.490  14.768  -8.590 1046.0000000000
6516  29.548  5.487  -52.124 1055.0000000000
6514  29.268  3.515  -52.424 1057.0000000000
9839  54.343  -22.404  -10.002 1060.0000000000
8478  52.577  -43.887  -7.605 1061.0000000000
8513  7.938  -47.777  -23.363 1062.0000000000
9838  57.290  -28.475  -25.669 1067.0000000000
11362  41.318  -46.238  -36.326 1068.0000000000
12542  59.773  -20.182  26.383 1070.0000000000
15020  13.868  -34.906  17.813 1082.0000000000
15608  55.592  -0.021  -56.503 1087.0000000000
20334  4.236  55.701  -9.656 1095.0000000000
21737  45.520  12.979  -22.341 1103.0000000000
86  45.179  14.530  -11.017 1107.0000000000
1475  46.680  -12.721  -20.665 1117.0000000000
5630  17.241  25.418  47.635 1126.0000000000
19163  17.423  -32.886  -14.971 1134.0000000000
8655  36.309  -73.121  -6.485 1141.0000000000
10836  31.931  -26.479  -24.996 1144.0000000000
8382  4.083  -39.760  -8.914 1146.0000000000
11497  42.089  32.295  -19.237 1147.0000000000
8381  42.515  -44.960  -37.829 1150.0000000000
9742  58.844  -45.219  -31.572 1155.0000000000
12028  27.709  -50.906  -27.012 1156.0000000000
12349  52.360  -36.963  -38.824 1159.0000000000
13425  30.758  -7.655  32.824 1161.0000000000
13781  65.715  16.794  -16.618 1166.0000000000
12467  17.723  52.521  38.291 1170.0000000000
14886  24.752  19.545  -37.691 1173.0000000000
14885  26.950  -38.478  41.615 1181.0000000000
17965  66.703  17.264  -8.012 1187.0000000000
19205  43.532  8.259  -9.432 1194.0000000000
21046  3.124  -60.266  -4.626 1215.0000000000
21144  31.494  51.406  -32.523 1216.0000000000
22610  41.767  44.355  -21.010 1221.0000000000
21045  4.696  46.335  30.579 1225.0000000000
1859  10.683  54.761  -27.648 1227.0000000000
22268  3.144  71.726  -43.752 1228.0000000000
1861  7.519  54.913  -46.259 1232.0000000000
6591  59.126  15.058  7.154 1233.0000000000
8448  43.894  10.970  -9.157 1237.0000000000
8380  42.991  -43.885  -36.955 1242.0000000000
11386  46.778  -6.116  -44.876 1246.0000000000
12350  13.977  -66.467  26.422 1249.0000000000
13782  63.172  -30.983  9.898 1262.0000000000
17966  3.182  -60.490  -2.198 1281.0000000000
17211  51.149  3.007  40.196 1304.0000000000
22609  44.922  5.974  -54.204 1312.0000000000
1860  9.590  55.336  -28.163 1316.0000000000
9743  56.563  -42.620  -14.507 1317.0000000000
10457  71.258  -7.529  -35.894 1318.0000000000
21588  68.818  9.048  -15.432 1326.0000000000
3093  28.255  82.337  -23.541 1330.0000000000
3609  30.607  56.779  6.064 1338.0000000000
3608  30.074  57.709  5.687 1343.0000000000
8612  49.721  -43.157  -7.366 1345.0000000000
9746  7.118  -21.772  35.876 1358.0000000000
7911  36.178  -53.787  -37.374 1360.0000000000
10248  3.838  33.229  37.001 1366.0000000000
11744  47.903  -21.046  31.201 1368.0000000000
17210  50.083  2.465  40.721 1381.0000000000
14188  53.325  -42.684  -30.280 1383.0000000000
17234  41.620  -18.736  24.128 1390.0000000000
22578  43.602  46.091  -36.880 1395.0000000000
22611  43.404  44.177  -21.519 1397.0000000000
22557  57.420  14.962  30.320 1398.0000000000
3094  22.905  10.982  -38.867 1401.0000000000
3366  49.641  -9.229  28.768 1409.0000000000
3095  16.930  -39.946  -11.261 1412.0000000000
3315  38.325  56.209  -31.377 1414.0000000000
5937  10.596  -82.961  -2.054 1422.0000000000
10249  4.604  33.841  35.790 1438.0000000000
28238  12.624  -25.095  57.872 1452.0000000000
17820  69.770  -11.819  12.497 1463.0000000000
25977  28.920  53.776  23.661 1466.0000000000
13364  30.207  -61.523  -33.260 1468.0000000000
13366  10.381  51.947  9.191 1472.0000000000
28414  2.906  -16.172  36.895 1477.0000000000
10250  60.654  -18.022  -13.734 1484.0000000000
12051  53.578  -26.896  9.263 1496.0000000000
17212  57.242  -51.223  8.861 1509.0000000000
17821  47.934  -15.926  -17.670 1511.0000000000
13365  8.208  53.528  9.578 1518.0000000000
16775  5.970  -4.252  8.695 1521.0000000000
4075  9.106  71.457  -5.523 1524.0000000000
4076  29.584  81.586  -1.138 1530.0000000000
12336  56.998  -48.438  -35.559 1536.0000000000
14631  10.815  -34.083  6.864 1539.0000000000
15514  2.624  -19.982  45.794 1542.0000000000
15748  13.719  -80.186  -30.409 1545.0000000000
16850  60.157  17.663  -6.725 1548.0000000000
16957  60.187  8.168  -55.921 1551.0000000000
21292  12.748  -34.059  -15.604 1553.0000000000
14761  37.748  40.516  -59.466 1556.0000000000
4116  26.243  -68.542  8.589 1557.0000000000
17710  67.444  -5.222  -39.157 1559.0000000000
8387  34.666  -5.851  -8.961 1563.0000000000
21291  41.861  -11.782  19.031 1593.0000000000
19036  58.013  51.939  -19.142 1600.0000000000
4077  62.763  -37.931  -2.468 1601.0000000000
12052  29.667  25.330  -43.580 1603.0000000000
14632  4.458  -30.628  21.495 1608.0000000000
25446  52.030  1.422  -5.430 1613.0000000000
15515  10.271  78.014  16.290 1616.0000000000
15713  49.173  34.071  -52.776 1618.0000000000
5318  27.299  71.043  -14.889 1623.0000000000
8679  5.388  -40.521  21.322 1629.0000000000
22403  60.666  -19.824  29.417 1634.0000000000
10468  22.666  -18.195  48.938 1636.0000000000
23254  36.685  29.738  -14.599 1645.0000000000
21031  14.480  54.702  38.281 1646.0000000000
24399  11.891  62.584  -5.294 1650.0000000000
27198  45.173  -58.819  -33.174 1656.0000000000
5319  25.333  71.863  -13.374 1667.0000000000
22387  8.315  69.838  -45.728 1681.0000000000
23601  6.186  70.443  -8.405 1688.0000000000
26403  53.872  38.352  11.700 1693.0000000000
4419  64.016  16.661  -11.394 1701.0000000000
4417  16.282  -9.075  19.229 1705.0000000000
8680  11.769  -16.611  24.605 1714.0000000000
14249  34.032  74.508  0.897 1718.0000000000
14250  34.452  73.149  1.685 1720.0000000000
10467  23.333  -18.039  -18.204 1723.0000000000
14248  43.782  -0.449  -55.254 1727.0000000000
16853  12.690  52.659  -42.078 1732.0000000000
23253  52.216  -23.945  -3.938 1733.0000000000
23255  5.762  31.377  -23.663 1734.0000000000
23600  5.416  31.829  33.318 1735.0000000000
24404  30.371  75.006  0.459 1741.0000000000
25828  46.331  1.863  -50.213 1744.0000000000
26417  34.036  -56.975  25.646 1746.0000000000
25632  47.932  -61.470  -9.942 1750.0000000000
4418  64.481  14.992  -11.837 1756.0000000000
7521  37.362  28.563  8.560 1761.0000000000
14316  11.807  -31.042  -19.406 1772.0000000000
29193  18.636  -72.450  -25.874 1778.0000000000
17009  3.930  -48.788  27.771 1792.0000000000
23628  57.991  32.646  5.568 1796.0000000000
23710  40.738  47.834  -1.671 1798.0000000000
23602  37.453  -18.153  40.065 1799.0000000000
24415  2.944  -24.229  -8.049 1805.0000000000
24455  8.565  -22.343  18.544 1806.0000000000
24727  26.190  -52.209  -11.190 1808.0000000000
26402  53.384  36.316  12.717 1810.0000000000
27694  11.903  -61.773  -12.861 1812.0000000000
26876  2.731  71.114  11.837 1816.0000000000
25059  2.406  -30.063  10.008 1817.0000000000
27199  62.656  -32.399  21.493 1819.0000000000
28272  35.113  -52.061  18.051 1821.0000000000
25494  23.559  -0.432  -49.690 1822.0000000000
25546  7.662  -61.893  20.579 1823.0000000000
28318  15.399  29.432  -34.466 1827.0000000000
28875  2.100  62.945  -28.748 1832.0000000000
28162  37.712  -15.126  -48.125 1838.0000000000
28803  60.339  -25.092  -42.388 1840.0000000000
28804  48.666  36.291  12.073 1846.0000000000
29674  32.377  -7.023  49.720 1857.0000000000
29804  12.964  27.526  19.902 1860.0000000000
29728  37.817  26.090  22.696 1861.0000000000
18180  40.690  -39.916  37.702 1863.0000000000
16987  4.551  -18.879  19.108 1871.0000000000
17718  11.485  -16.254  -18.680 1873.0000000000
26594  19.767  -71.624  -26.647 1876.0000000000
26878  56.850  -36.366  28.921 1879.0000000000
25699  43.802  -14.027  2.535 1885.0000000000
27542  52.323  16.961  33.738 1893.0000000000
26884  24.591  35.293  -55.859 1896.0000000000
28139  56.637  -43.083  -36.845 1908.0000000000
28816  3.191  -53.475  16.122 1911.0000000000
28619  31.487  77.290  -16.422 1916.0000000000
28654  66.295  -9.644  7.541 1918.0000000000
28549  15.751  -5.934  21.031 1933.0000000000
29517  13.455  -71.898  -36.547 1935.0000000000
28717  19.723  6.756  56.526 1940.0000000000
29450  6.410  -6.864  -23.471 1941.0000000000
29061  17.660  -76.177  10.196 1946.0000000000
7934  3.811  51.200  11.816 1958.0000000000
10403  36.847  38.271  -41.238 1960.0000000000
12225  61.301  23.656  -45.313 1963.0000000000
12569  46.524  -19.776  28.533 1967.0000000000
12990  52.096  -27.799  -42.369 1970.0000000000
27487  25.946  79.011  7.360 1974.0000000000
16035  55.427  -43.135  -10.508 1979.0000000000
17594  3.044  -2.930  -16.407 1981.0000000000
21526  11.490  -41.428  25.353 1983.0000000000
18108  57.743  -10.299  1.535 1989.0000000000
27315  55.187  22.594  -36.702 1995.0000000000
20158  12.945  8.184  52.511 2000.0000000000
27910  54.291  -1.132  18.791 2002.0000000000
21769  38.441  13.510  28.695 2005.0000000000
21946  61.928  -30.883  12.683 2011.0000000000
21249  52.989  60.850  -24.331 2014.0000000000
23377  45.965  -21.594  -37.626 2020.0000000000
23378  55.246  31.329  21.848 2022.0000000000
12253  58.064  28.329  -1.902 2044.0000000000
26435  64.602  -8.716  -47.779 2052.0000000000
15963  46.698  42.875  25.562 2053.0000000000
16167  19.037  15.596  -47.581 2057.0000000000
15964  10.695  -44.256  38.092 2059.0000000000
15965  10.119  -42.699  39.389 2060.0000000000
16016  59.516  44.294  -15.109 2061.0000000000
16168  52.910  15.048  -15.528 2066.0000000000
17593  3.567  -57.762  22.882 2070.0000000000
18068  6.219  2.666  31.572 2072.0000000000
20159  61.467  -45.699  -27.664 2075.0000000000
21248  54.138  59.927  -24.599 2078.0000000000
19559  11.238  -43.251  35.140 2079.0000000000
20505  25.601  -17.393  45.714 2085.0000000000
2066  21.683  -45.511  -26.518 2088.0000000000
21768  39.532  -40.970  24.461 2090.0000000000
22983  51.530  38.705  24.381 2094.0000000000
23413  43.655  18.634  -25.849 2099.0000000000
2846  29.045  -12.653  -41.713 2105.0000000000
4048  25.644  -56.543  -31.043 2111.0000000000
2065  27.051  69.328  -20.522 2113.0000000000
5291  43.516  4.881  46.721 2114.0000000000
12224  3.912  53.408  -6.339 2124.0000000000
27486  49.284  -17.842  36.938 2131.0000000000
8111  28.859  -19.393  36.193 2133.0000000000
25998  42.482  -37.162  -41.218 2135.0000000000
16169  57.009  17.529  -15.079 2141.0000000000
26710  39.910  25.714  -12.325 2143.0000000000
19501  30.618  37.638  -49.164 2144.0000000000
26760  41.260  0.436  -19.597 2146.0000000000
27656  10.203  48.580  42.762 2165.0000000000
4330  62.487  -11.322  -21.360 2170.0000000000
2845  63.703  -41.649  -2.473 2176.0000000000
2950  60.276  -47.034  5.502 2180.0000000000
7935  25.692  53.064  19.312 2190.0000000000
10404  31.193  -70.397  -6.660 2193.0000000000
12599  49.612  -7.599  44.655 2204.0000000000
15411  3.964  23.082  -30.836 2209.0000000000
26309  46.577  -20.782  -47.909 2214.0000000000
170  22.335  -0.702  -31.318 2218.0000000000
19195  16.878  -51.801  47.316 2221.0000000000
20415  49.830  -33.198  38.870 2227.0000000000
2067  16.594  34.451  44.675 2244.0000000000
2844  27.110  75.418  -18.018 2247.0000000000
4047  32.281  -27.967  -39.837 2252.0000000000
5292  42.825  1.484  47.952 2257.0000000000
12254  13.062  64.493  -20.641 2270.0000000000
12570  46.236  -20.118  26.945 2272.0000000000
15410  7.322  18.057  -37.529 2281.0000000000
17811  49.844  32.357  -49.967 2282.0000000000
18500  46.947  -5.826  -5.948 2283.0000000000
19013  23.510  -79.999  -36.242 2284.0000000000
2154  28.135  -70.966  19.035 2291.0000000000
20506  56.683  34.681  9.838 2296.0000000000
171  44.624  -48.981  -18.422 2302.0000000000
7939  28.831  63.614  -34.815 2304.0000000000
2560  49.940  66.259  -30.101 2307.0000000000
2561  42.596  28.671  12.235 2308.0000000000
2964  22.531  -41.467  -2.502 2311.0000000000
8276  1.121  54.078  -33.270 2322.0000000000
15936  61.884  -11.299  -37.005 2336.0000000000
18212  44.738  -60.729  -35.601 2340.0000000000
22631  43.788  5.453  -17.096 2352.0000000000
18501  4.640  54.941  -14.764 2362.0000000000
19196  38.670  -21.239  17.890 2369.0000000000
2372  10.995  -14.872  55.923 2375.0000000000
3842  23.315  -19.232  -14.636 2383.0000000000
7819  50.378  -22.378  -8.609 2386.0000000000
7979  27.521  -79.860  -18.792 2388.0000000000
8275  44.741  17.032  -21.837 2390.0000000000
8502  24.826  48.630  -37.283 2394.0000000000
9255  52.414  -50.409  23.503 2395.0000000000
2562  37.233  71.560  3.985 2399.0000000000
3841  25.845  -45.853  44.520 2403.0000000000
12672  4.676  74.683  -45.182 2408.0000000000
10078  27.612  48.831  25.246 2411.0000000000
12634  63.240  -32.711  -27.160 2415.0000000000
15937  65.158  15.017  9.811 2417.0000000000
17321  60.496  -41.984  5.729 2420.0000000000
18211  3.081  49.815  7.179 2427.0000000000
18668  16.535  79.582  -39.204 2430.0000000000
22245  37.080  47.193  -18.799 2432.0000000000
19505  64.567  -42.050  -23.088 2436.0000000000
19504  5.571  -77.212  -20.487 2439.0000000000
22669  28.002  -50.546  -35.158 2447.0000000000
22194  60.110  15.179  -30.738 2452.0000000000
24938  49.914  32.857  -47.337 2459.0000000000
169  49.930  -54.943  -26.934 2465.0000000000
2285  41.509  -64.674  -16.221 2472.0000000000
2155  27.274  -70.182  21.550 2476.0000000000
7940  64.187  -21.300  22.542 2479.0000000000
8274  47.993  26.051  28.461 2483.0000000000
9256  2.512  -49.445  -9.159 2489.0000000000
7562  33.480  68.218  13.548 2494.0000000000
13494  55.188  2.969  -59.941 2503.0000000000
16042  0.837  10.216  6.359 2508.0000000000
18936  6.550  87.598  -14.986 2511.0000000000
19437  38.360  -2.819  25.994 2513.0000000000
19875  3.788  55.322  4.648 2517.0000000000
8213  17.999  -14.503  20.947 2525.0000000000
22632  39.812  8.004  -54.283 2532.0000000000
23776  18.244  -41.347  -4.889 2541.0000000000
25424  47.189  34.474  -50.513 2548.0000000000
23777  41.950  38.098  -21.297 2553.0000000000
24978  28.624  -8.953  34.013 2555.0000000000
6792  37.973  23.742  11.968 2558.0000000000
6794  37.898  25.069  12.058 2559.0000000000
6701  67.814  -8.757  -19.246 2561.0000000000
9399  41.889  22.728  -38.000 2564.0000000000
11035  10.112  12.651  21.828 2571.0000000000
11760  55.793  8.857  -61.544 2575.0000000000
12030  5.790  -23.061  56.212 2577.0000000000
10080  51.708  56.860  -35.639 2583.0000000000
12031  2.698  -47.857  -10.880 2588.0000000000
9105  5.425  -17.738  53.983 2593.0000000000
18890  4.544  -69.161  -15.398 2603.0000000000
19339  14.880  69.501  25.217 2605.0000000000
18829  39.102  -64.703  -1.645 2611.0000000000
18956  37.951  -3.877  25.390 2627.0000000000
24296  5.821  84.512  -14.978 2633.0000000000
25454  2.804  25.399  32.457 2636.0000000000
5013  62.968  20.007  -6.845 2647.0000000000
5970  30.468  -51.978  -35.871 2650.0000000000
11163  10.459  -30.776  26.925 2656.0000000000
3558  21.871  9.925  -55.102 2661.0000000000
7791  37.557  20.391  17.267 2663.0000000000
11039  54.906  -2.916  17.605 2664.0000000000
1128  43.172  28.168  13.128 2667.0000000000
16074  62.319  -20.403  -38.061 2671.0000000000
19436  29.867  -54.648  34.514 2679.0000000000
20750  23.334  -44.133  50.343 2682.0000000000
16709  66.865  18.192  -3.711 2683.0000000000
20988  4.079  24.974  37.312 2687.0000000000
20989  3.272  25.955  40.512 2689.0000000000
25001  29.888  -54.688  24.460 2718.0000000000
23775  29.745  69.926  -35.079 2721.0000000000
25562  14.434  -39.187  47.322 2724.0000000000
5014  64.531  20.954  -5.683 2726.0000000000
7710  35.968  -29.637  31.903 2729.0000000000
5012  61.373  19.591  -5.261 2730.0000000000
5971  46.157  20.147  -24.018 2733.0000000000
8062  18.636  -67.631  27.283 2735.0000000000
11790  54.027  -35.969  -4.152 2756.0000000000
8178  1.388  56.587  -33.635 2757.0000000000
8177  2.474  56.140  -35.179 2758.0000000000
1129  39.059  -16.263  32.453 2762.0000000000
22491  12.666  -79.562  -15.117 2766.0000000000
15810  34.330  60.194  -36.895 2781.0000000000
9580  22.039  40.678  -42.165 2783.0000000000
22876  39.422  22.955  -35.739 2792.0000000000
24297  5.927  86.001  -14.833 2793.0000000000
24318  28.383  35.458  43.637 2797.0000000000
25231  37.654  -6.239  -10.575 2803.0000000000
7711  34.050  -27.442  28.432 2816.0000000000
7943  2.929  65.799  12.851 2819.0000000000
7792  37.977  24.189  21.797 2823.0000000000
28632  25.482  5.911  -43.277 2824.0000000000
8890  2.640  -20.817  23.736 2826.0000000000
9578  22.223  41.999  -40.668 2836.0000000000
8891  5.928  73.909  -21.681 2840.0000000000
1130  38.610  -15.676  30.573 2841.0000000000
8179  33.327  -55.362  9.735 2848.0000000000
14532  39.477  -4.560  -12.830 2854.0000000000
15254  24.946  79.129  -36.010 2857.0000000000
9579  21.990  42.422  -41.563 2863.0000000000
15253  43.827  4.763  -56.562 2869.0000000000
15349  61.853  -3.114  29.130 2871.0000000000
22856  51.393  -31.766  -39.150 2875.0000000000
24823  18.690  14.890  -34.267 2885.0000000000
24298  23.977  -38.742  1.750 2890.0000000000
1138  63.049  -40.241  0.276 2893.0000000000
2532  37.075  -0.052  21.389 2896.0000000000
28531  55.993  53.447  -11.680 2903.0000000000
28612  25.059  46.339  31.751 2904.0000000000
15950  5.692  -56.880  12.749 2910.0000000000
28594  33.151  -0.026  -37.007 2913.0000000000
15952  37.343  19.272  -3.842 2915.0000000000
14457  11.968  -50.801  2.126 2928.0000000000
14485  41.956  63.347  -10.001 2931.0000000000
15847  38.030  -11.085  1.107 2934.0000000000
18957  58.342  -3.227  -38.707 2938.0000000000
19443  6.115  -0.675  25.225 2942.0000000000
25035  41.427  25.898  -33.072 2957.0000000000
25034  29.369  55.397  -38.533 2962.0000000000
5775  28.430  15.018  -40.745 2975.0000000000
16156  12.461  -71.270  21.440 2976.0000000000
28536  57.910  31.038  -24.779 2977.0000000000
15951  4.813  -3.752  27.750 2978.0000000000
16157  6.302  -36.013  32.950 2987.0000000000
19015  29.194  -46.936  16.737 2991.0000000000
21382  22.298  -3.963  -36.575 3000.0000000000
17351  2.731  20.649  11.901 3001.0000000000
21256  49.548  -65.325  -11.441 3003.0000000000
22900  52.721  38.265  -22.556 3011.0000000000
29847  47.353  41.755  -22.919 3013.0000000000
22461  16.261  -29.469  -29.091 3017.0000000000
16184  20.188  -72.928  -35.434 3021.0000000000
18297  17.040  12.240  -45.837 3024.0000000000
25322  71.337  -17.616  -29.559 3031.0000000000
16158  10.672  -81.545  -10.641 3048.0000000000
26653  30.789  -64.805  27.320 3049.0000000000
26697  43.135  1.011  34.215 3050.0000000000
16899  31.239  38.984  -22.078 3051.0000000000
18403  59.178  49.134  -12.664 3053.0000000000
20878  54.436  -40.400  -37.008 3056.0000000000
20790  48.039  -45.143  15.394 3060.0000000000
27396  31.287  34.061  -62.866 3061.0000000000
11365  28.665  72.078  15.764 3064.0000000000
22888  28.666  -63.878  -37.595 3069.0000000000
22367  12.942  -5.008  22.717 3075.0000000000
10633  41.821  17.322  -35.247 3076.0000000000
19084  27.918  76.925  10.072 3090.0000000000
1139  62.161  -40.598  1.111 3094.0000000000
1140  60.629  -39.954  0.840 3098.0000000000
2531  35.842  58.310  7.831 3101.0000000000
5776  17.382  17.510  -41.113 3106.0000000000
27420  12.769  -81.178  -27.764 3120.0000000000
12178  51.464  -26.355  7.839 3127.0000000000
13103  11.755  58.383  -46.424 3131.0000000000
13746  4.942  -43.091  25.617 3132.0000000000
7516  51.252  -28.870  -38.858 3135.0000000000
16185  8.190  -11.019  -17.778 3146.0000000000
18296  58.091  9.855  12.422 3148.0000000000
20150  60.023  9.947  -11.114 3156.0000000000
20726  41.025  -17.624  41.446 3162.0000000000
4105  44.160  5.410  -7.834 3173.0000000000
4107  42.830  35.899  -20.389 3175.0000000000
4361  30.307  5.770  -50.535 3176.0000000000
7268  17.538  -52.818  14.083 3182.0000000000
4261  17.974  -29.844  58.780 3184.0000000000
10843  37.866  23.413  -13.337 3188.0000000000
11366  27.121  32.743  -63.717 3191.0000000000
13006  9.904  -16.727  -14.866 3197.0000000000
10632  41.314  13.086  -31.183 3204.0000000000
13102  67.405  -26.996  -0.431 3212.0000000000
13764  15.570  70.296  13.358 3213.0000000000
112  67.944  -22.807  -29.312 3229.0000000000
21402  14.046  -28.037  -26.900 3232.0000000000
588  24.952  -43.532  -26.659 3237.0000000000
1933  26.190  14.557  -40.873 3249.0000000000
1931  71.782  -7.479  -31.489 3252.0000000000
4782  66.163  7.762  -44.747 3253.0000000000
4106  44.463  34.210  -22.094 3255.0000000000
4360  29.830  34.187  -62.606 3257.0000000000
7304  59.352  -31.245  -4.707 3262.0000000000
12354  4.458  -34.783  -8.740 3273.0000000000
12917  41.030  22.884  42.901 3275.0000000000
16774  8.849  54.934  -41.915 3282.0000000000
16902  62.159  10.793  -26.681 3285.0000000000
25314  14.434  22.652  -35.184 3292.0000000000
10666  31.928  -67.018  6.199 3295.0000000000
20149  20.425  -75.953  8.591 3298.0000000000
27174  48.094  14.673  -52.567 3306.0000000000
111  61.757  5.044  -8.046 3311.0000000000
110  64.115  4.901  -7.691 3314.0000000000
587  25.674  -44.242  -26.575 3316.0000000000
4826  33.779  -36.067  37.896 3330.0000000000
1078  23.453  33.185  34.887 3343.0000000000
1234  58.885  10.173  -34.329 3346.0000000000
10136  39.961  48.111  -39.676 3361.0000000000
7698  6.193  87.347  -13.798 3362.0000000000
10948  6.408  86.319  -30.312 3372.0000000000
13721  9.429  87.633  -5.508 3374.0000000000
11533  34.448  -72.049  -37.087 3376.0000000000
10667  29.879  -65.934  5.044 3378.0000000000
20407  10.879  -28.144  40.671 3382.0000000000
1932  26.652  15.433  -41.120 3392.0000000000
4783  64.956  6.435  -45.849 3406.0000000000
19531  3.571  -51.103  35.712 3413.0000000000
19533  58.022  22.361  -34.047 3414.0000000000
19931  46.358  -67.487  -33.175 3415.0000000000
1077  57.677  3.816  -7.869 3417.0000000000
19551  3.520  -54.256  29.490 3419.0000000000
1076  14.186  -13.111  56.013 3422.0000000000
1448  41.477  47.278  -1.364 3425.0000000000
10137  50.274  -60.580  -33.139 3428.0000000000
7697  4.749  85.415  -13.324 3438.0000000000
13471  3.406  51.525  35.242 3455.0000000000
13720  68.633  -17.439  -14.922 3458.0000000000
20408  57.110  -7.031  -50.531 3460.0000000000
22181  30.718  -70.479  -13.754 3469.0000000000
12482  31.744  1.467  -31.718 3489.0000000000
19598  20.075  -45.261  -14.736 3495.0000000000
1301  52.138  -35.389  -43.080 3504.0000000000
10138  4.017  51.105  24.195 3512.0000000000
23191  36.316  12.358  -23.451 3514.0000000000
13929  30.055  56.321  25.922 3524.0000000000
11534  42.925  -70.615  -5.765 3525.0000000000
26372  49.974  -23.891  -36.059 3528.0000000000
26373  64.023  -2.780  27.455 3529.0000000000
27734  37.442  19.964  -10.291 3539.0000000000
27765  40.008  -64.283  -16.410 3541.0000000000
27876  35.066  12.497  33.568 3543.0000000000
20409  40.039  52.856  15.943 3545.0000000000
22180  8.472  43.353  11.860 3548.0000000000
22270  60.217  -17.484  -18.457 3551.0000000000
972  41.717  -48.022  0.909 3553.0000000000
970  40.764  -47.741  -1.085 3560.0000000000
2129  2.687  -20.564  41.319 3564.0000000000
8551  9.623  -69.748  13.370 3566.0000000000
10170  43.759  -36.728  8.014 3568.0000000000
19532  3.837  -54.971  31.547 3571.0000000000
19552  45.921  -24.290  -35.348 3575.0000000000
21280  35.342  -27.215  52.251 3577.0000000000
21358  8.431  -31.866  23.015 3579.0000000000
21243  1.300  46.893  -35.067 3582.0000000000
29113  39.068  31.743  -40.637 3589.0000000000
29922  11.557  -7.987  -25.718 3610.0000000000
29961  33.175  79.961  -16.724 3617.0000000000
6261  59.246  -37.320  -3.886 3623.0000000000
6260  37.860  37.902  -25.480 3629.0000000000
971  41.748  -48.767  0.637 3631.0000000000
25798  34.027  42.273  -10.198 3647.0000000000
26014  27.783  -48.539  -15.581 3651.0000000000
933  38.390  33.217  -15.996 3657.0000000000
29473  25.078  33.907  36.827 3664.0000000000
6056  46.638  -68.078  -14.984 3665.0000000000
28267  34.739  57.859  -36.546 3669.0000000000
28680  3.385  -63.266  -14.487 3680.0000000000
30039  48.838  -64.035  -1.631 3683.0000000000
28696  22.210  30.155  -45.166 3692.0000000000
2130  20.794  40.091  44.172 3708.0000000000
10577  46.984  10.115  41.646 3722.0000000000
851  26.684  -47.461  26.123 3735.0000000000
677  11.385  85.263  2.587 3737.0000000000
676  59.661  -32.781  -44.808 3745.0000000000
5206  26.908  -32.522  -27.452 3749.0000000000
13077  35.510  7.915  50.094 3752.0000000000
28567  23.909  65.730  21.245 3753.0000000000
9450  14.292  58.327  -3.978 3758.0000000000
12250  13.169  59.255  -46.166 3759.0000000000
14640  3.876  -1.459  -37.874 3762.0000000000
14738  9.959  -38.239  -11.398 3764.0000000000
15329  29.474  4.044  -33.480 3766.0000000000
6262  38.717  -69.313  -20.164 3772.0000000000
6403  37.301  43.937  -21.153 3778.0000000000
8466  8.911  27.270  52.521 3787.0000000000
10171  43.400  15.838  37.291 3794.0000000000
10575  3.743  -71.699  -2.891 3799.0000000000
10576  47.449  11.698  40.854 3800.0000000000
25797  35.124  -38.839  40.707 3801.0000000000
25516  15.959  -5.568  20.010 3806.0000000000
852  26.320  -45.966  25.840 3813.0000000000
6055  20.979  -71.786  -30.891 3818.0000000000
9481  39.330  49.442  -1.875 3821.0000000000
13076  69.993  6.983  -32.382 3828.0000000000
15490  10.155  -22.604  17.460 3836.0000000000
14668  2.205  -4.878  0.159 3840.0000000000
6289  38.459  -46.078  27.013 3847.0000000000
18463  2.876  64.970  -29.645 3856.0000000000
18639  25.209  -48.755  20.489 3858.0000000000
18638  25.761  -49.789  19.205 3860.0000000000
19765  17.503  -68.052  27.359 3866.0000000000
678  19.640  -56.814  12.476 3875.0000000000
7429  18.346  -40.615  -14.013 3879.0000000000
853  30.555  -20.210  -31.007 3880.0000000000
753  3.392  -57.265  4.634 3882.0000000000
5248  20.083  43.019  42.363 3887.0000000000
13660  33.246  -51.637  20.923 3894.0000000000
12954  37.232  -7.926  -1.076 3898.0000000000
14056  14.439  -23.743  55.102 3902.0000000000
16392  13.723  -79.496  -11.864 3911.0000000000
15489  10.722  -24.113  17.615 3915.0000000000
20371  6.000  -35.571  -12.613 3939.0000000000
20429  11.494  -82.602  -24.216 3940.0000000000
703  26.697  -50.992  -28.091 3944.0000000000
21342  4.172  -73.231  -5.851 3946.0000000000
7430  9.236  -11.860  -7.858 3952.0000000000
11181  46.711  37.927  7.365 3956.0000000000
13567  35.273  -33.952  20.362 3959.0000000000
14607  5.095  -30.046  20.279 3961.0000000000
16069  2.929  66.035  6.592 3971.0000000000
16123  48.988  -28.995  -46.179 3972.0000000000
16615  21.027  -29.776  44.663 3978.0000000000
19112  22.460  -38.016  53.513 3984.0000000000
21491  44.303  -70.932  -17.922 3994.0000000000
21875  13.336  -11.256  -23.176 4005.0000000000
5802  22.516  31.707  30.375 4015.0000000000
13125  52.683  -9.826  40.917 4017.0000000000
1895  48.315  21.979  4.239 4019.0000000000
14606  4.084  42.996  28.925 4023.0000000000
24575  27.324  78.010  8.739 4038.0000000000
25242  6.785  34.100  18.319 4041.0000000000
17600  17.456  -47.844  -30.140 4042.0000000000
18209  13.848  -40.356  -9.983 4046.0000000000
18152  52.871  24.751  23.079 4047.0000000000
8993  13.202  56.981  33.969 4052.0000000000
20184  18.964  0.980  -41.687 4055.0000000000
21492  18.919  -39.288  0.235 4058.0000000000
702  26.246  -52.091  -28.958 4069.0000000000
11583  3.822  21.768  48.883 4073.0000000000
704  17.696  -43.942  -12.485 4076.0000000000
5800  27.297  29.041  -47.084 4078.0000000000
5618  4.264  -72.626  0.591 4091.0000000000
15449  22.146  -42.345  -9.223 4093.0000000000
25890  4.678  -15.723  7.270 4097.0000000000
5617  8.746  84.876  -32.917 4098.0000000000
7978  30.468  32.279  39.053 4108.0000000000
6980  26.601  -50.818  27.561 4117.0000000000
27258  48.068  -13.709  8.078 4128.0000000000
13301  43.578  -1.436  -54.626 4136.0000000000
13996  8.061  59.830  -31.674 4140.0000000000
1897  34.546  -3.331  -43.007 4147.0000000000
1896  21.911  -52.525  5.971 4152.0000000000
5619  26.640  -36.929  -16.353 4159.0000000000
8992  38.110  -3.103  -6.085 4169.0000000000
25901  30.697  74.315  -7.922 4176.0000000000
11582  4.439  21.529  50.569 4178.0000000000
12723  56.664  8.696  15.056 4184.0000000000
13326  20.897  -52.360  -33.268 4187.0000000000
6020  3.602  42.208  40.547 4197.0000000000
5801  23.437  33.294  31.190 4199.0000000000
26440  39.993  -5.113  48.251 4208.0000000000
6788  57.365  -28.238  19.020 4213.0000000000
8991  59.220  24.563  20.513 4220.0000000000
9672  8.676  -81.201  -4.829 4222.0000000000
18675  45.899  22.289  -64.861 4226.0000000000
1519  7.086  73.106  -22.509 4232.0000000000
4844  39.332  52.466  26.591 4237.0000000000
7044  32.939  45.461  -22.375 4245.0000000000
7508  53.856  -47.457  18.252 4247.0000000000
8033  12.039  24.192  19.125 4249.0000000000
8246  18.281  -17.940  22.602 4261.0000000000
26009  53.752  -47.927  24.129 4267.0000000000
16676  3.431  -66.544  2.145 4272.0000000000
17815  53.604  5.586  -44.097 4277.0000000000
16575  40.435  -74.062  -12.590 4279.0000000000
19201  33.802  -17.775  43.548 4284.0000000000
1520  8.479  72.784  -22.167 4286.0000000000
1518  49.485  23.524  -41.904 4293.0000000000
4843  37.002  52.281  28.789 4299.0000000000
6552  36.218  -73.636  -4.746 4306.0000000000
7045  48.223  20.198  -28.059 4319.0000000000
16576  38.339  -74.156  -11.350 4325.0000000000
9649  47.518  18.485  33.114 4326.0000000000
16677  3.372  -67.075  -0.008 4330.0000000000
18717  60.041  -46.767  -10.986 4339.0000000000
4842  36.391  54.040  26.638 4344.0000000000
19202  16.484  75.803  13.167 4348.0000000000
3557  20.572  8.309  -53.082 4349.0000000000
6019  3.787  46.474  39.563 4361.0000000000
7507  27.466  5.881  39.508 4365.0000000000
8057  8.062  10.571  27.272 4367.0000000000
22282  16.991  -62.845  33.188 4374.0000000000
9971  51.846  -59.251  5.762 4380.0000000000
20681  2.966  16.884  -19.451 4384.0000000000
9650  8.863  -25.540  36.244 4390.0000000000
10221  49.476  32.236  31.627 4394.0000000000
11268  47.571  45.054  -24.100 4399.0000000000
12999  36.100  59.042  9.683 4409.0000000000
15665  67.393  -12.570  -38.367 4412.0000000000
6576  57.077  -24.884  36.367 4421.0000000000
20135  2.558  48.491  -12.539 4434.0000000000
19522  3.824  -71.056  0.890 4437.0000000000
19968  38.770  56.111  -9.585 4440.0000000000
14325  69.006  0.309  14.050 4450.0000000000
9651  8.717  -26.694  38.000 4455.0000000000
10220  58.479  5.056  -12.560 4460.0000000000
11267  59.994  45.899  -12.096 4465.0000000000
12294  61.683  -18.845  -37.005 4469.0000000000
14834  54.783  15.515  -14.732 4475.0000000000
14833  15.938  57.811  30.326 4486.0000000000
19523  40.018  -35.832  24.387 4492.0000000000
20191  1.233  7.270  -33.639 4503.0000000000
20680  58.203  -0.927  34.465 4506.0000000000
26010  2.969  -14.017  32.786 4513.0000000000
11141  3.688  51.187  36.757 4515.0000000000
27404  6.508  79.656  -4.805 4527.0000000000
22740  6.083  -46.824  27.425 4528.0000000000
15664  35.186  -69.040  -21.402 4531.0000000000
15698  37.344  -66.368  -3.463 4532.0000000000
13000  37.398  59.318  9.159 4535.0000000000
27646  58.601  -14.545  6.052 4540.0000000000
24449  2.446  -2.920  -0.184 4544.0000000000
955  65.290  -37.517  -30.375 4547.0000000000
19524  16.661  -60.487  35.806 4548.0000000000
19969  30.027  -56.302  33.829 4551.0000000000
1517  50.127  26.384  -41.766 4554.0000000000
1063  46.154  28.766  14.891 4568.0000000000
1135  33.128  1.555  -49.913 4570.0000000000
3599  22.999  -68.709  -37.499 4571.0000000000
25663  1.606  37.271  -24.544 4575.0000000000
21856  31.032  75.663  -17.593 4581.0000000000
21858  43.255  -63.626  -16.012 4586.0000000000
21891  18.259  81.048  1.879 4589.0000000000
397  2.663  47.225  -19.234 4612.0000000000
626  29.748  54.744  -29.234 4615.0000000000
398  69.873  -5.538  10.114 4622.0000000000
779  3.318  1.774  -33.729 4626.0000000000
1064  41.841  68.769  6.486 4628.0000000000
3632  64.289  26.991  7.670 4635.0000000000
21909  50.581  -48.040  -1.886 4649.0000000000
22789  45.886  -45.129  -7.766 4651.0000000000
23956  27.183  -47.043  27.596 4654.0000000000
24774  27.091  -13.511  -36.655 4655.0000000000
22819  25.181  -49.417  23.437 4664.0000000000
625  31.358  55.275  -28.299 4675.0000000000
396  21.374  -34.357  -17.600 4682.0000000000
1065  42.112  70.453  3.459 4685.0000000000
3600  29.408  47.037  17.684 4688.0000000000
4926  4.358  -38.364  46.815 4693.0000000000
21857  13.781  -36.663  -14.251 4695.0000000000
22655  34.273  30.081  -11.075 4701.0000000000
23426  52.232  0.799  -25.705 4707.0000000000
24773  26.225  33.933  31.279 4713.0000000000
23957  60.467  -19.824  27.463 4717.0000000000
956  10.146  -36.722  34.296 4722.0000000000
26470  29.025  -52.865  25.297 4737.0000000000
26829  36.126  1.661  24.296 4746.0000000000
27079  3.758  32.216  5.925 4752.0000000000
22657  16.298  -43.260  -29.201 4756.0000000000
22656  9.895  29.505  -37.322 4758.0000000000
23625  11.234  29.825  51.704 4764.0000000000
2643  27.301  64.585  -32.852 4773.0000000000
22823  48.075  -66.911  -10.326 4775.0000000000
5605  47.895  67.264  -11.058 4777.0000000000
2642  20.401  22.597  -36.165 4778.0000000000
5603  26.127  -22.367  46.089 4785.0000000000
26227  20.877  -20.368  -34.210 4788.0000000000
9982  8.572  65.927  -32.315 4801.0000000000
10203  24.824  -38.277  -16.273 4804.0000000000
10202  4.694  -73.313  -17.018 4812.0000000000
1984  19.677  -25.786  -24.134 4815.0000000000
23427  34.779  28.324  44.238 4821.0000000000
24270  29.013  5.329  -56.589 4827.0000000000
21330  41.555  -57.181  -8.301 4834.0000000000
2762  61.739  13.949  12.888 4839.0000000000
2641  19.278  23.378  -38.263 4842.0000000000
7019  61.553  7.947  -13.450 4848.0000000000
23725  35.358  -63.161  4.074 4850.0000000000
9983  45.884  -21.180  -36.080 4853.0000000000
10130  28.127  -8.179  -31.153 4863.0000000000
10659  29.232  38.962  -51.296 4867.0000000000
1983  26.104  -53.925  -33.825 4869.0000000000
9984  46.284  -19.727  -37.083 4872.0000000000
10204  28.473  40.231  33.648 4876.0000000000
22370  35.633  -22.026  20.057 4884.0000000000
5094  40.122  -19.970  18.457 4898.0000000000
5157  13.848  88.196  -23.213 4899.0000000000
5604  26.292  -21.264  45.860 4901.0000000000
10590  24.586  -58.435  -26.214 4914.0000000000
24035  13.194  -58.125  41.253 4917.0000000000
25132  33.121  -3.474  -48.647 4920.0000000000
13623  1.497  19.383  -1.448 4927.0000000000
25500  16.370  -52.011  32.964 4936.0000000000
24269  5.274  78.863  -5.964 4949.0000000000
21329  42.380  -57.373  -9.455 4951.0000000000
22893  39.514  64.299  11.782 4955.0000000000
23337  39.280  35.810  39.109 4968.0000000000
23680  44.220  75.061  -12.133 4972.0000000000
24451  61.201  22.214  -16.320 4977.0000000000
25569  69.876  -21.087  -29.768 4982.0000000000
27571  8.449  -57.134  -24.102 4986.0000000000
27894  13.545  -24.162  56.170 4990.0000000000
26414  4.600  -74.550  -29.222 4993.0000000000
27791  7.194  -75.974  -31.149 4998.0000000000
28302  3.148  -20.088  7.542 5009.0000000000
27916  14.793  -36.264  50.227 5011.0000000000
24271  45.394  -37.379  -0.056 5016.0000000000
25172  60.734  15.689  7.244 5018.0000000000
24409  26.818  -19.085  -17.654 5021.0000000000
25993  29.644  5.530  -61.050 5028.0000000000
24327  50.063  -63.631  -13.064 5031.0000000000
24108  67.991  -10.338  -40.586 5034.0000000000
24177  51.749  -50.503  -16.486 5035.0000000000
24470  24.288  8.544  -37.467 5037.0000000000
22179  11.402  41.737  10.326 5039.0000000000
24107  68.461  -9.217  -42.221 5042.0000000000
27251  66.010  -34.912  -27.957 5048.0000000000
26229  19.517  -19.913  -34.492 5050.0000000000
27672  23.860  -72.757  17.830 5053.0000000000
27271  51.701  6.365  35.696 5066.0000000000
25224  52.971  -44.158  -10.948 5071.0000000000
24910  24.522  -10.429  -43.565 5076.0000000000
24109  68.183  -7.959  -41.409 5083.0000000000
24569  3.065  -33.036  33.005 5093.0000000000
22201  29.257  -53.019  32.089 5096.0000000000
20848  26.353  -1.688  -36.326 5098.0000000000
20258  27.822  60.218  25.816 5104.0000000000
14166  29.817  38.344  -60.474 5106.0000000000
20849  30.209  62.949  -0.678 5108.0000000000
20277  49.091  20.399  -56.662 5110.0000000000
20882  58.451  -37.092  27.138 5113.0000000000
24644  41.837  18.991  -5.099 5126.0000000000
16960  28.096  -77.571  -36.705 5130.0000000000
17869  25.052  30.016  -64.851 5147.0000000000
17870  24.101  30.493  -64.216 5148.0000000000
16117  5.934  87.021  -8.239 5162.0000000000
18945  57.084  0.405  -4.913 5163.0000000000
17868  45.694  2.278  -6.376 5176.0000000000
17898  22.704  -16.215  52.242 5194.0000000000
8462  4.373  60.888  17.016 5217.0000000000
16961  10.073  -72.769  17.450 5222.0000000000
19055  1.442  -15.910  -0.021 5243.0000000000
12311  66.252  -6.245  -20.066 5246.0000000000
12886  8.653  68.780  -18.454 5250.0000000000
5426  48.353  -29.317  -32.295 5252.0000000000
5575  37.263  9.405  -43.412 5253.0000000000
8461  29.211  63.161  -2.988 5257.0000000000
14662  65.148  -14.745  -16.121 5258.0000000000
8497  4.590  51.634  -11.957 5270.0000000000
9722  3.336  -35.510  13.494 5275.0000000000
1310  23.388  14.534  -57.267 5287.0000000000
1456  35.424  -52.492  8.451 5288.0000000000
6608  10.684  27.165  -38.576 5293.0000000000
8463  34.426  27.635  -41.879 5305.0000000000
2874  11.785  19.747  -32.657 5310.0000000000
1245  46.416  -33.833  -3.670 5313.0000000000
4900  64.195  -21.755  23.899 5321.0000000000
29301  57.916  -49.056  -16.390 5322.0000000000
6609  7.936  29.199  20.081 5325.0000000000
1244  54.144  -33.321  -44.893 5326.0000000000
8592  3.654  53.431  -36.260 5329.0000000000
1246  48.083  -32.733  -6.049 5335.0000000000
2941  18.308  -52.338  5.906 5337.0000000000
2685  33.097  28.168  -63.843 5341.0000000000
29445  25.790  35.806  -60.100 5351.0000000000
1374  18.954  -71.002  -27.332 5356.0000000000
26823  25.962  -18.358  36.362 5358.0000000000
2873  14.116  19.102  -32.597 5367.0000000000
26381  50.415  -14.824  -18.625 5369.0000000000
22584  40.513  -23.465  47.757 5370.0000000000
18771  61.575  -25.616  -43.462 5373.0000000000
16591  54.555  -54.701  2.394 5378.0000000000
12667  2.705  3.839  23.749 5383.0000000000
12855  37.459  -13.870  -1.599 5386.0000000000
