#!ascii label  , from subject FreeSurferMNI152_0.2 vox2ras=TkReg
217
5704  41.059  -61.034  -30.248 1.0000000000
5705  42.649  -60.277  -31.207 6.0000000000
24083  20.288  -53.177  -10.934 9.0000000000
24730  38.737  -45.057  28.384 12.0000000000
5703  3.741  52.214  -6.197 15.0000000000
23314  48.930  -60.505  -6.527 17.0000000000
7780  66.985  14.258  8.856 27.0000000000
16817  6.509  11.685  24.721 30.0000000000
12455  61.779  -43.861  -31.325 31.0000000000
16816  29.621  -42.819  -13.086 33.0000000000
13728  50.932  22.390  17.733 38.0000000000
19518  8.761  -82.055  -12.128 40.0000000000
19367  46.672  -22.313  41.778 53.0000000000
16039  54.057  -13.092  -23.801 56.0000000000
13669  53.187  5.778  36.949 59.0000000000
17405  68.056  -24.252  -29.300 64.0000000000
4840  30.970  -7.530  42.070 74.0000000000
18887  9.766  84.312  4.312 80.0000000000
6013  21.963  74.111  -37.334 82.0000000000
10719  25.993  67.907  -2.572 85.0000000000
10746  6.773  1.624  -38.570 87.0000000000
12454  61.361  -45.074  -29.721 93.0000000000
371  0.847  35.282  -17.500 94.0000000000
305  51.123  -49.005  -38.395 100.0000000000
4839  39.998  12.629  -57.089 110.0000000000
4918  4.680  -75.794  -14.337 116.0000000000
6067  7.836  -8.852  27.932 119.0000000000
27972  42.897  -16.786  39.193 120.0000000000
10718  52.025  1.609  -1.773 122.0000000000
10720  28.067  67.714  -1.901 123.0000000000
304  48.124  -51.961  -38.195 138.0000000000
4838  62.823  17.438  -10.602 149.0000000000
306  48.786  -48.062  -39.256 160.0000000000
8282  44.974  69.515  0.181 169.0000000000
8281  24.839  -50.647  -32.600 173.0000000000
6156  52.215  54.464  -35.072 176.0000000000
6745  9.377  47.063  5.587 178.0000000000
6012  21.621  70.205  -36.865 182.0000000000
21839  34.213  -56.473  35.114 186.0000000000
23057  46.729  25.570  6.346 197.0000000000
5667  38.554  -71.388  -40.434 216.0000000000
13545  58.684  -46.842  -26.806 218.0000000000
5144  41.312  -18.765  19.743 221.0000000000
8305  39.122  -24.074  49.310 225.0000000000
11041  15.577  -24.383  -23.462 258.0000000000
8283  17.671  72.109  20.850 259.0000000000
10907  37.134  -33.259  27.999 260.0000000000
10883  48.749  -25.501  0.993 261.0000000000
10279  2.955  24.137  -27.631 263.0000000000
15206  6.199  32.738  32.076 265.0000000000
5668  3.885  14.214  10.028 270.0000000000
25130  9.214  -58.709  -7.606 281.0000000000
5669  23.455  14.046  -41.169 304.0000000000
12262  60.428  -41.867  -38.710 313.0000000000
14722  47.760  20.037  16.289 315.0000000000
15575  9.190  60.926  2.130 321.0000000000
15700  10.861  -36.597  38.390 322.0000000000
18375  16.425  -13.587  -30.433 328.0000000000
17209  49.510  3.375  39.624 330.0000000000
20684  33.542  52.599  -31.776 339.0000000000
26571  24.477  14.011  -42.936 343.0000000000
9979  6.501  57.847  -33.084 358.0000000000
20683  2.195  18.684  -19.919 365.0000000000
14674  2.712  1.832  40.352 369.0000000000
14754  51.488  33.207  -53.130 372.0000000000
15638  30.483  -81.064  -30.764 373.0000000000
17186  50.203  26.014  -4.548 376.0000000000
780  5.508  3.631  -36.909 379.0000000000
3605  65.307  -36.907  -23.052 380.0000000000
20685  56.605  54.225  -21.587 394.0000000000
12544  24.310  -44.613  -30.781 400.0000000000
647  14.030  -17.167  29.917 407.0000000000
646  12.466  -16.946  29.871 408.0000000000
15576  40.311  27.800  -18.070 426.0000000000
15510  25.792  -49.100  -30.508 428.0000000000
15670  54.209  22.630  -58.402 429.0000000000
3604  66.004  -37.959  -22.633 435.0000000000
2670  61.687  19.809  -33.805 440.0000000000
3606  18.691  12.579  -37.393 442.0000000000
9978  46.535  -1.979  35.272 444.0000000000
648  14.000  -16.147  28.174 465.0000000000
781  4.588  3.554  -34.449 467.0000000000
17765  55.654  -53.440  -0.825 481.0000000000
15740  6.447  -17.238  7.375 484.0000000000
15739  10.640  -47.729  3.378 485.0000000000
2579  26.201  13.441  -48.432 490.0000000000
1221  10.017  77.556  -16.661 491.0000000000
2580  36.302  -9.700  -30.738 492.0000000000
5316  29.342  25.589  -67.029 494.0000000000
8416  2.266  41.042  -37.308 501.0000000000
15616  20.765  6.226  45.475 508.0000000000
11990  59.935  -19.943  -9.485 510.0000000000
29746  3.549  59.298  5.245 521.0000000000
29948  4.654  -14.991  30.444 522.0000000000
29959  5.821  -28.361  45.802 523.0000000000
30034  48.750  67.161  -23.507 526.0000000000
30037  66.119  -17.234  -36.616 527.0000000000
1222  9.706  78.693  -17.586 539.0000000000
2229  39.169  47.301  31.062 540.0000000000
1220  62.147  -41.348  2.237 544.0000000000
2176  36.672  -28.500  26.374 545.0000000000
6373  8.300  24.937  -37.774 553.0000000000
8256  22.448  -42.792  -4.662 555.0000000000
15615  31.884  -45.547  16.140 562.0000000000
17859  1.321  37.676  -11.800 563.0000000000
17764  55.168  -54.520  -0.723 567.0000000000
13906  4.225  20.950  44.007 574.0000000000
15513  25.539  -18.647  -39.953 576.0000000000
14822  71.873  -14.524  -28.582 577.0000000000
28393  50.712  5.583  -7.538 579.0000000000
17055  14.505  60.138  32.645 582.0000000000
2578  7.136  -66.738  -14.572 587.0000000000
6188  10.345  -32.588  56.305 590.0000000000
29263  24.480  -6.687  53.316 601.0000000000
15617  40.050  -18.567  44.447 609.0000000000
17763  8.968  59.199  -4.096 618.0000000000
16467  18.709  -49.681  8.935 629.0000000000
12713  41.231  61.599  14.033 633.0000000000
18651  44.376  15.791  30.754 637.0000000000
23936  59.734  25.261  -33.086 638.0000000000
6309  5.438  47.106  -28.916 644.0000000000
8583  3.006  43.043  3.004 650.0000000000
24698  44.410  -65.296  -14.484 653.0000000000
6106  3.266  63.942  -10.268 654.0000000000
5235  40.102  -47.060  -33.920 662.0000000000
6310  4.889  46.967  -29.911 664.0000000000
7386  3.210  -52.534  -6.263 666.0000000000
11150  47.722  26.282  4.301 668.0000000000
12712  54.109  -54.885  6.494 673.0000000000
4709  33.139  -29.736  -27.460 686.0000000000
20861  51.403  14.977  -65.079 696.0000000000
8582  3.504  44.934  1.646 698.0000000000
28588  2.786  -16.873  34.695 716.0000000000
12743  7.332  63.714  -33.954 721.0000000000
4710  29.130  -30.618  -29.787 722.0000000000
6307  17.794  20.640  -41.875 729.0000000000
15237  31.317  14.488  35.810 730.0000000000
6139  4.993  -10.566  28.960 741.0000000000
4110  13.045  -79.000  -21.629 751.0000000000
7416  47.401  64.536  -35.765 756.0000000000
11151  8.149  -45.172  -9.170 758.0000000000
4711  32.773  -37.603  -12.596 764.0000000000
12711  53.184  -55.498  7.277 768.0000000000
4936  8.102  52.372  6.885 780.0000000000
4937  7.808  51.088  7.193 785.0000000000
4755  24.135  9.773  -38.819 787.0000000000
6308  3.663  -36.104  20.105 790.0000000000
4935  20.534  -59.906  -28.724 794.0000000000
20862  50.900  12.845  -65.165 797.0000000000
5236  51.333  -19.209  -10.873 809.0000000000
7387  53.471  54.863  0.587 816.0000000000
15236  32.226  13.238  34.307 835.0000000000
15112  35.483  0.632  23.873 847.0000000000
27984  45.913  57.245  -4.843 858.0000000000
28333  53.537  5.768  -46.647 871.0000000000
6935  29.828  14.374  -52.119 877.0000000000
8224  42.760  34.797  -29.587 887.0000000000
9945  53.817  59.444  -17.145 891.0000000000
9944  66.421  22.583  -0.417 892.0000000000
11698  21.056  -41.363  -9.675 899.0000000000
15778  6.914  -23.524  4.971 904.0000000000
15926  6.677  37.842  16.276 908.0000000000
18061  42.645  61.338  -38.155 912.0000000000
20274  2.644  -24.128  21.223 932.0000000000
18142  30.678  -62.036  -34.298 933.0000000000
8223  51.918  61.343  -30.904 941.0000000000
9164  24.474  -25.149  -29.691 946.0000000000
9943  56.667  -28.407  32.801 951.0000000000
15113  13.087  -23.256  -23.587 956.0000000000
15777  31.266  -49.821  18.325 962.0000000000
916  62.196  -21.978  14.511 968.0000000000
18062  4.074  -52.139  8.843 970.0000000000
27250  59.630  11.586  5.802 983.0000000000
3873  37.905  -51.242  28.267 990.0000000000
11697  15.359  9.794  -42.349 998.0000000000
2597  6.525  61.914  -6.352 1007.0000000000
2505  39.000  69.962  -20.921 1012.0000000000
2596  7.200  63.412  -7.451 1016.0000000000
2451  2.461  -38.403  12.420 1023.0000000000
23793  11.565  14.292  56.156 1031.0000000000
19492  59.711  21.780  22.958 1037.0000000000
20544  39.717  -2.165  -19.006 1046.0000000000
2450  22.341  -85.049  -29.935 1050.0000000000
915  42.316  1.249  -46.657 1056.0000000000
917  6.225  25.801  -36.953 1057.0000000000
22596  4.943  24.182  -29.068 1065.0000000000
23327  3.349  6.572  11.438 1073.0000000000
7065  22.023  6.758  -53.562 1079.0000000000
15650  53.625  -33.020  -7.265 1086.0000000000
19493  50.678  -25.499  -37.066 1089.0000000000
19494  8.963  -20.992  28.292 1091.0000000000
20411  18.138  68.202  21.988 1094.0000000000
27579  3.308  47.480  2.431 1102.0000000000
22026  8.945  -39.460  45.646 1103.0000000000
2598  5.038  62.910  -6.856 1111.0000000000
20410  47.252  29.690  -50.596 1126.0000000000
27086  36.421  34.173  -10.279 1138.0000000000
22149  52.687  -55.488  7.884 1141.0000000000
22027  39.718  12.972  44.779 1153.0000000000
23328  2.434  44.169  9.673 1158.0000000000
23361  35.048  -48.618  36.699 1162.0000000000
6893  20.555  14.383  -42.412 1164.0000000000
4565  55.945  26.318  1.018 1172.0000000000
27066  15.273  -25.914  17.192 1177.0000000000
27065  13.705  83.161  -38.034 1179.0000000000
27747  1.748  4.737  -10.305 1182.0000000000
27517  18.388  -46.330  -13.240 1186.0000000000
27567  19.677  -46.418  -26.550 1187.0000000000
27754  10.042  -10.347  58.037 1190.0000000000
6894  8.690  -54.784  8.522 1194.0000000000
6895  4.705  -22.145  4.766 1196.0000000000
12794  43.078  -65.584  -3.203 1220.0000000000
13379  10.750  64.256  -40.060 1223.0000000000
19064  28.937  -27.824  27.043 1245.0000000000
12793  41.381  -63.414  -2.363 1249.0000000000
14141  15.621  -64.326  25.484 1255.0000000000
15863  5.554  3.250  10.608 1258.0000000000
