998  15.3370  -81.2860  3.6180  1    27632  68.5070  -3.9360  -43.1620  1
1239  15.7990  -80.8940  4.5840  4    3062  16.8880  24.8510  51.0470  4
1261  13.0520  -81.2110  2.6910  9    15587  32.4480  -45.5340  15.2180  9
1282  8.5590  -81.0790  -4.4410  12    10234  55.3870  54.9820  -5.1420  12
1301  8.1390  -80.9500  -7.9970  13    26887  47.0710  38.5940  -32.3680  13
1305  8.5970  -81.5320  -7.3710  14    10236  28.4830  58.9210  3.7720  14
1463  14.8630  -79.1880  8.4280  15    15005  39.2490  57.7690  -37.3850  15
1470  13.9440  -79.5190  7.6040  17    15721  8.2000  37.5300  47.8760  17
1479  14.0790  -80.1410  6.2540  19    26800  5.4580  -59.7170  21.9070  19
1481  12.5560  -80.0480  5.5780  21    17925  29.7160  -18.2740  44.1950  21
1490  14.8190  -80.5970  5.1360  23    27283  42.8570  -57.7600  -9.4260  23
1493  12.7310  -80.3780  4.7280  26    18839  47.9050  -43.5180  27.8180  26
1508  13.3050  -81.2160  2.8270  32    20392  65.0830  -22.3540  -13.2270  32
1521  8.8080  -80.4000  -2.1190  38    17112  69.1920  -23.4380  -28.7130  38
1532  8.4720  -80.2120  -2.8230  42    10235  53.4880  55.6330  -4.8210  42
1581  6.8740  -79.5970  -8.9560  60    1827  26.3890  25.7250  -38.3110  60
1584  8.9600  -81.7330  -8.7140  61    23000  35.8480  -1.1820  24.9740  61
1590  8.9610  -81.8100  -10.5800  64    4277  21.4520  58.3090  15.9090  64
1604  9.4030  -81.6640  -13.1940  68    19316  13.7630  -23.3300  38.2560  68
1612  9.3410  -81.4430  -14.7610  71    4278  21.3640  56.7070  17.1800  71
1795  11.8960  -80.0210  4.7710  77    18837  9.9280  21.0520  38.2350  77
1803  11.3850  -80.4190  2.8430  81    18838  44.7590  25.2480  -20.8410  81
1807  12.1520  -80.6470  1.1520  82    20393  5.7540  60.4760  -35.4480  82
1809  12.2310  -80.8360  1.8680  84    19864  53.8030  13.6920  -63.2970  84
1812  10.9600  -80.5510  1.3090  87    19881  2.4780  -21.8930  -3.9790  87
1817  10.9190  -79.3110  -1.8280  89    16267  15.8690  -27.2580  59.8740  89
1821  10.8780  -79.0830  -0.2050  93    17806  37.4660  58.8370  8.3470  93
1828  9.5900  -80.0020  -1.2920  97    17111  34.6240  -50.5740  18.8190  97
1856  7.3610  -79.5480  -4.9550  107    15630  60.4890  -31.8250  20.8380  107
1902  6.6440  -79.6340  -11.7070  120    1829  2.7870  -44.1130  9.5610  120
1925  12.6010  -79.9940  -12.1290  125    7743  4.2340  47.5220  -6.6780  125
2096  13.5270  -77.5830  10.6870  131    3192  45.4460  4.8910  -49.0690  131
2109  12.1180  -78.3450  8.9960  135    5390  39.1430  25.6420  27.6280  135
2116  10.3820  -77.9660  7.2960  138    8854  20.0570  5.2570  -30.2470  138
2124  9.8500  -78.2230  5.5820  142    8879  3.0590  -0.2130  52.4820  142
2130  9.7300  -78.7840  3.8110  144    10537  23.7520  59.1010  31.4800  144
2136  11.6290  -79.8730  -0.0400  146    17805  49.8910  -4.0180  -51.8080  146
2140  9.9600  -79.8280  1.7200  150    11728  13.5180  33.9250  -43.5650  150
2146  11.6620  -79.1680  -1.5980  152    17017  2.2770  33.0980  -25.8360  152
2158  9.0760  -79.8710  -0.1680  161    11996  34.2730  0.1720  -36.6790  161
2170  7.3440  -78.7000  -1.7850  167    13443  42.8190  -39.5880  32.0370  167
2175  7.3870  -79.0420  -2.9310  169    14076  44.4720  18.7780  17.9130  169
2230  5.3810  -77.6640  -8.2630  179    15629  33.3740  -5.0850  -47.1860  179
2242  5.4340  -77.9660  -10.7710  183    1828  2.6180  -42.7350  6.8030  183
2256  6.9860  -79.6830  -15.3810  186    3151  42.0080  -14.4010  -45.7240  186
2270  8.0810  -79.9930  -16.7670  188    19191  39.3620  -5.1090  -6.6390  188
2495  10.4970  -76.7190  10.2380  198    3994  27.6510  22.2510  -38.7970  198
2563  5.3320  -76.9320  -4.8600  225    14873  3.7240  67.5440  -5.8080  225
2968  8.1670  -75.8850  7.4670  244    8855  19.7930  -11.7030  52.0550  244
2981  7.2360  -75.8830  4.7700  246    10536  37.5790  -4.9230  -31.4640  246
2999  7.5260  -77.3270  2.2130  251    11705  17.2750  -64.3380  26.2820  251
3005  5.2660  -75.2000  0.2690  255    17679  39.3900  -12.6230  -29.8360  255
3012  5.1990  -75.6030  -1.5890  259    13442  41.1210  -74.6620  -16.0920  259
3019  4.9680  -75.7580  -3.6500  263    14294  2.6560  54.3460  17.4170  263
3043  4.5510  -75.8100  -10.4380  274    21650  48.8790  6.0000  13.6940  274
3051  4.6800  -75.7940  -14.3370  276    18442  44.2500  -41.2970  -12.5970  276
3427  8.0450  -75.0650  9.1200  277    11316  64.6920  -16.7470  -15.0410  277
3500  4.4290  -74.4730  -5.7460  294    19882  17.2620  -16.3590  -21.2860  294
3954  6.4300  -74.1450  7.2170  302    10406  26.2660  -58.9430  -32.8970  302
3980  4.8720  -73.3080  3.9220  308    24368  32.5560  43.7900  -13.5980  308
4004  4.8300  -73.6980  1.9130  311    19766  19.2050  -70.7970  -26.1670  311
4009  4.2480  -72.3470  0.8250  313    17725  31.0510  -35.5280  -28.2400  313
4016  3.7950  -71.5020  -1.2380  316    17726  18.3290  46.7880  39.4320  316
4023  3.7450  -71.5260  -2.1620  319    21053  22.9430  67.1400  20.8050  319
4031  3.7670  -71.7700  -3.7550  323    20209  4.4490  83.9390  -5.8860  323
4048  3.9930  -72.1350  -6.7110  332    27597  6.9480  -43.6870  43.9320  332
4064  4.0060  -72.7810  -10.3010  337    23412  26.1080  15.6070  29.6180  337
4072  4.0500  -71.5080  -13.9510  341    24796  6.9220  -52.7960  -7.4800  341
4509  6.2580  -73.0250  9.4070  342    1265  42.2010  26.1000  -38.7740  342
4556  4.7940  -72.8890  4.7100  351    10405  31.0130  -69.0700  -6.5830  351
4635  3.6290  -70.6160  -5.3960  373    20208  2.8340  73.4760  -41.0000  373
4648  3.7410  -71.1770  -9.2050  378    22707  17.9290  78.4950  -0.6440  378
4660  3.5430  -70.6370  -11.0100  380    22708  26.6930  4.2710  -54.1930  380
5159  4.8640  -71.9620  7.6040  386    10407  54.4100  39.9860  -23.6900  386
5207  3.8110  -70.5960  2.4860  394    22398  28.1780  -1.4360  -37.3800  394
5277  3.5470  -69.8010  -7.4590  412    29084  3.8480  77.6290  -24.6490  412
5314  3.6400  -68.4380  -12.9200  418    15634  4.2500  60.4700  3.1800  418
5779  4.5450  -70.2380  9.6700  421    1263  42.6650  27.3050  -38.7960  421
5931  3.3610  -68.3380  -10.2790  452    9670  2.9240  32.6550  -19.6110  452
6422  4.0340  -69.5490  8.6950  459    16767  25.4210  45.2400  -39.7390  459
6465  3.6460  -69.1180  5.0600  462    15504  0.8320  41.7270  -6.2340  462
6505  3.4670  -68.2430  0.9290  465    17724  41.3580  9.8470  -58.7510  465
6518  3.4410  -67.8620  -2.1900  469    28722  49.2420  51.6080  14.1860  469
6530  3.4290  -68.0370  -4.4010  471    24085  38.9410  -51.6480  31.2320  471
6548  3.4330  -67.5410  -7.4340  473    1334  39.9550  58.7360  19.9660  473
7051  3.9780  -68.5960  10.9170  478    4888  44.2580  17.6100  -27.4330  478
7230  3.3940  -66.5170  -8.2840  496    1335  55.2550  -50.2740  17.0400  496
7261  3.9170  -66.2890  -12.6340  498    15635  6.3310  66.2240  -45.3520  498
7793  3.4670  -66.8130  3.2680  511    16365  5.8700  -29.0720  -9.3620  511
7834  5.2880  -64.3430  -2.5800  518    24086  54.6920  -27.2460  32.2040  518
7839  6.0010  -64.6260  -3.1500  521    24087  46.7260  26.1610  -63.7020  521
7854  5.7930  -65.0210  -3.9320  531    24445  58.9330  -25.4820  -40.1760  531
7882  4.6920  -65.0260  -5.8640  541    1333  39.9690  57.9490  20.2810  541
7902  3.4200  -65.2460  -9.7680  548    1890  70.7780  -2.0570  -24.3650  548
7917  3.5250  -65.4860  -10.9540  551    27954  1.3120  43.7190  -20.5550  551
8334  4.1630  -65.5910  16.9230  561    29297  7.7930  -25.6890  46.1460  561
8338  3.8200  -65.5530  15.7210  562    2151  30.4920  35.5560  -44.7700  562
8345  4.0600  -66.6760  15.2850  564    4887  6.6350  -8.0250  8.6900  564
8371  3.5180  -65.1190  12.0400  572    2153  25.8160  -71.8980  18.9580  572
8398  3.5340  -65.9540  10.7660  578    7229  29.4660  12.2480  -41.7100  578
8442  3.5350  -66.1010  7.8790  587    13175  63.0740  3.3240  -52.4620  587
8452  3.4700  -64.6090  6.1670  591    15503  1.3140  41.8660  -5.2000  591
8494  3.5290  -64.3560  2.1420  602    6183  46.6630  -68.6780  -17.4310  602
8539  3.8990  -64.4270  -0.9580  611    6182  47.0170  -68.1470  -16.0740  611
8560  5.9740  -65.2540  -4.5990  624    17960  30.7640  38.2330  -25.0280  624
8980  3.5250  -64.3980  14.4170  649    2152  21.3400  -56.7430  -11.5460  649
9033  3.4980  -64.3030  8.5580  656    10832  46.9280  -6.6810  -43.6530  656
9057  3.5220  -63.3300  4.3080  659    16420  52.4110  60.9230  -13.4010  659
9104  7.1550  -62.7690  -0.2640  665    9259  7.2060  68.0500  -17.8820  665
9106  5.7460  -62.6880  0.1760  667    9302  2.9950  16.9150  37.7040  667
9123  7.8640  -63.0790  -0.9300  671    12779  55.4130  6.1150  25.6760  671
9171  4.3480  -64.5880  -7.2050  694    19200  45.8750  32.1820  -24.6230  694
9197  4.1300  -62.8450  -10.3740  700    20526  53.4630  -25.4410  -0.7210  700
9624  4.8720  -63.4330  19.8580  714    15888  42.9460  20.9750  -60.1640  714
9625  4.4760  -63.5210  18.8740  715    14988  16.3460  -49.6160  15.6260  715
9637  14.9540  -61.3090  19.1420  716    14123  69.7900  -29.3550  -16.4220  716
9716  3.5200  -63.1950  7.5390  728    25000  6.4400  -58.1900  -27.7760  728
9757  6.3570  -61.7280  1.4070  735    6184  46.4380  -67.9620  -15.6840  735
9773  7.0100  -62.0680  0.7520  741    9258  28.0400  65.9170  -2.8200  741
9848  6.5450  -64.8810  -3.6210  764    17961  31.3430  38.5940  -27.0240  764
9849  5.6250  -65.1320  -4.2730  765    17959  38.0050  33.0310  10.1360  765
9850  4.7990  -64.9570  -4.9660  766    18571  5.9930  12.0010  53.4350  766
9867  3.8130  -64.3510  -7.6500  774    19228  33.2850  -10.6850  43.9260  774
10267  5.5170  -62.5680  20.3100  780    14939  40.4680  -4.2510  28.6840  780
10278  12.1600  -61.2020  19.4040  784    14124  70.9730  -26.0000  -14.9960  784
10281  8.4830  -61.3740  19.9430  787    14259  43.8020  -71.4290  -20.5270  787
10296  16.7820  -60.8910  17.9000  792    16894  41.2720  -17.2230  47.9040  792
10300  4.2410  -61.7490  17.9350  796    15015  42.7600  -40.1000  30.5760  796
10333  3.5440  -61.3160  14.5700  802    18643  48.2640  -44.8210  -39.8520  802
10362  3.5320  -61.5200  12.1710  810    21925  39.5720  24.7380  -12.1560  810
10372  3.5390  -61.5730  11.5550  815    2901  40.3090  6.2250  -5.3570  815
10392  3.6440  -61.1140  7.7290  825    7188  42.8430  -8.5980  47.4420  825
10417  4.6280  -60.8730  5.2410  837    13218  32.0640  -71.1960  -7.1230  837
10418  4.1880  -60.9730  5.9090  838    25475  45.9490  25.7130  32.5310  838
10445  5.3990  -60.8020  4.1490  851    15872  47.8590  8.1260  14.9400  851
10460  6.4130  -60.7290  3.3460  858    15874  8.0760  -43.7160  41.6860  858
10463  5.3500  -60.7500  3.9030  861    27336  25.9610  -38.9000  -34.5390  861
10528  7.9500  -61.5870  1.4000  892    9257  52.4960  29.7450  -57.6970  892
10546  8.5200  -62.6890  -0.5350  895    12806  70.2680  -1.3180  -7.6190  895
10579  5.6780  -64.4550  -2.8000  904    23555  22.2220  -29.9400  -31.5410  904
11009  12.6310  -60.6210  18.8660  913    5925  48.6040  26.6340  14.9670  913
11014  6.5190  -60.9350  19.2570  918    6213  9.8770  -22.7140  -17.2390  918
11029  9.8980  -60.2770  18.4650  925    6211  28.7820  62.6010  -1.8010  925
11042  16.8950  -60.0600  16.7750  930    18342  17.2730  -76.0870  10.2410  930
11043  15.9980  -59.7940  17.1270  931    5926  14.1780  26.8530  -39.0430  931
11046  4.0250  -60.3540  16.2580  934    6268  11.7260  13.0740  23.2830  934
11075  17.1030  -59.3190  15.7510  940    10756  33.6970  -13.1430  -29.0060  940
11077  3.5330  -60.7360  13.9550  942    2902  9.9670  -84.7800  -17.7270  942
11106  17.5760  -58.1800  13.7870  950    2566  46.3670  -41.6120  -11.3010  950
11111  3.4910  -59.9590  11.8460  955    2637  40.8000  24.4790  5.1660  955
11122  17.5310  -57.9760  12.7730  957    5827  3.9390  -7.3440  37.2120  957
11142  3.4800  -60.4530  9.4630  970    11378  16.3570  85.6040  -10.1540  970
11150  17.5710  -58.1560  11.1230  972    11137  41.2870  -8.5330  44.9620  972
11151  17.3810  -58.0340  11.4220  973    11302  10.0730  -48.0750  -11.0570  973
11218  6.9830  -60.8320  2.8040  1003    19506  57.4810  44.6440  -22.1670  1003
11259  7.0820  -62.6210  -0.0430  1012    22636  49.6980  24.6900  6.0090  1012
11260  6.2420  -62.8650  -0.2760  1013    23539  54.1850  35.7330  -31.3180  1013
11262  4.6670  -62.8500  -0.1190  1015    23871  55.6230  -41.4270  -29.0930  1015
11263  3.9390  -62.2820  -0.5810  1016    22651  10.1960  -29.9820  17.5850  1016
11283  4.9010  -63.5700  -1.2740  1021    23841  13.8020  28.5020  51.1330  1021
11287  3.2280  -60.6200  -2.0920  1025    6509  10.5510  -46.0050  -2.0890  1025
11304  4.2700  -63.5870  -2.5210  1028    26047  18.6340  29.0840  -36.7890  1028
11305  3.7020  -62.7170  -2.4890  1029    25080  25.2970  -18.6820  38.5950  1029
11328  3.4370  -63.1450  -5.1530  1039    26761  44.2860  72.6070  -21.7430  1039
11345  3.2690  -61.4060  -5.7840  1045    27098  34.5580  35.2380  -41.6980  1045
11985  13.1050  -59.6490  17.9350  1048    5927  59.9520  -20.5480  -46.2820  1048
12006  7.3030  -59.4090  17.3450  1062    6212  10.4690  -22.0320  -15.9980  1062
12017  15.1190  -58.5200  16.5630  1067    7621  49.9750  21.1100  34.6940  1067
12020  11.9830  -58.2450  16.5460  1070    6235  44.9210  -4.8720  -1.7060  1070
12034  15.8710  -57.9080  15.5340  1076    7620  56.6270  15.1940  -8.2460  1076
12050  3.6350  -58.8450  12.8680  1082    1474  22.3690  39.8420  44.7750  1082
12060  16.9140  -57.5430  13.7380  1084    6363  15.5790  -24.4350  36.6300  1084
12082  16.9530  -57.4450  11.9950  1091    11303  9.5610  -50.0420  -8.8830  1091
12097  3.4430  -59.8660  9.2740  1098    9679  56.8630  -35.4670  31.4450  1098
12107  17.7400  -58.4800  9.4870  1100    19590  57.3650  22.6520  -54.3420  1100
12108  17.3000  -58.1410  9.7780  1101    11652  34.6550  63.8160  20.1630  1101
12124  4.1190  -60.9070  5.7250  1108    15338  10.0940  -36.5070  -20.6520  1108
12149  5.4610  -60.7340  4.0230  1118    15873  9.7170  -44.5860  39.7760  1118
12178  7.0570  -61.0600  2.5740  1126    21299  50.1620  66.7250  -25.6160  1126
12192  4.9300  -62.0200  1.2090  1132    19949  40.4240  -39.3120  35.6050  1132
12932  13.3550  -57.2970  15.7380  1167    7619  52.9990  50.5800  -24.1550  1167
12936  8.7430  -58.0310  15.4730  1171    1473  16.3570  -11.9660  58.5030  1171
12963  15.4600  -56.5090  14.2630  1181    9935  8.1230  -46.7200  41.0980  1181
13018  3.4600  -59.6710  7.7060  1198    9680  27.7160  47.8350  22.8270  1198
13030  18.1510  -58.2630  7.2710  1200    20495  45.1380  19.0380  15.5930  1200
13031  17.7570  -58.0030  7.8200  1201    11653  33.8340  65.3820  18.5180  1201
13050  3.8890  -59.9990  5.5680  1210    16275  2.8470  -18.9600  52.0180  1210
13060  18.7490  -57.7550  5.9790  1212    16679  40.9500  -8.9790  40.0180  1212
13071  6.5840  -60.8550  2.8250  1218    17883  22.8940  48.1910  26.5800  1218
13094  6.2650  -61.0620  2.2870  1228    17882  62.8290  -33.7480  -25.4880  1228
13108  4.1400  -60.6670  1.2500  1237    20990  26.6090  -28.1070  47.2330  1237
13190  3.6010  -58.8480  -6.5450  1245    24953  27.7190  -17.3700  -26.7510  1245
13818  9.9640  -57.2040  14.3960  1260    1472  18.7470  -11.6700  58.3810  1260
13837  5.7830  -57.0910  13.1700  1272    1530  2.2510  28.0670  10.2000  1272
13846  15.8350  -56.0320  13.0600  1275    15895  3.6200  -22.0340  2.2090  1275
13849  3.8250  -57.3820  11.7250  1278    5361  8.9660  69.4300  27.1640  1278
13865  16.8910  -56.6550  10.7170  1282    17331  51.4000  -53.5810  -24.2540  1282
13883  17.1890  -57.0800  8.7460  1288    11654  59.4860  -23.4410  2.7910  1288
13909  18.1980  -57.6920  6.4650  1294    14063  31.2810  68.7750  -1.9360  1294
13925  4.8310  -60.5120  3.9740  1301    16276  2.6730  -20.4880  51.1460  1301
13935  18.9460  -56.8270  4.9120  1304    16678  22.3310  -70.6810  -28.2490  1304
13936  18.7190  -56.6100  5.0420  1305    15783  43.3180  -44.3360  -38.9840  1305
13940  3.7850  -58.6990  3.8300  1309    16274  22.9530  -47.9560  30.3010  1309
13950  4.4060  -59.7750  2.9140  1313    19183  37.4350  -37.7660  28.1650  1313
13961  3.8410  -59.3700  1.8970  1318    20212  43.0560  -65.5600  -3.2730  1318
14039  3.9650  -57.9710  -6.9960  1328    25904  4.5420  -34.9990  17.8460  1328
14607  11.3970  -56.4680  13.9590  1331    28839  25.4400  -73.0040  -37.0240  1331
14651  13.5880  -55.1240  12.2630  1355    17159  45.2300  17.9390  -33.0360  1355
14660  14.8590  -54.8090  11.5940  1359    17158  25.8050  -33.2660  -30.6660  1359
14694  17.8820  -56.1060  6.9040  1369    14064  50.5160  -17.5760  -41.1310  1369
14725  19.7770  -55.4330  3.7510  1380    28286  28.6780  77.2640  -11.0610  1380
14726  19.3720  -55.5340  3.9520  1381    25244  61.3710  -38.3580  21.4380  1381
14767  3.2960  -57.6300  -0.9350  1392    6510  57.5210  2.4030  12.4140  1392
14798  3.6910  -56.5370  -6.2270  1395    8253  2.4870  2.0110  13.0660  1395
15397  9.3220  -56.1520  11.6330  1402    24294  34.1500  29.4530  -9.4010  1402
15413  8.7370  -55.7180  10.7270  1411    17228  64.3190  -28.0730  4.8200  1411
15432  6.5960  -55.3930  10.2670  1422    9678  9.0890  -66.5690  -16.3450  1422
15443  16.5410  -55.2690  9.7600  1426    12376  52.7110  -38.0900  -40.2300  1426
15457  3.5110  -55.9880  7.3920  1432    15231  39.7910  -34.6970  30.1010  1432
15513  3.4140  -57.1600  3.3080  1449    24697  15.5390  44.6730  38.9670  1449
15536  20.2850  -54.5170  2.7200  1455    23743  34.6280  -8.5510  -42.5880  1455
15578  3.1010  -56.0450  -4.2470  1462    6508  5.8940  -48.3060  -7.0760  1462
16237  11.9730  -54.5980  10.1610  1474    17160  24.8460  -4.1470  -34.7430  1474
16258  8.8140  -54.9730  8.9900  1487    19232  63.4620  17.8210  -32.7130  1487
16270  16.5100  -54.3110  8.9170  1492    12377  52.5480  -36.9430  -40.7270  1492
16272  10.5120  -54.2900  8.6020  1494    12607  57.2200  -30.5880  33.2070  1494
16287  8.7290  -54.4620  7.6520  1503    14694  8.2490  60.9750  -7.1230  1503
16310  18.2240  -54.3200  6.5860  1509    14624  11.6830  40.7130  -42.3010  1509
16330  19.4600  -54.3150  3.6600  1514    18897  32.4910  -4.7210  -49.7900  1514
16332  3.2640  -55.2340  2.5030  1516    21369  28.7610  -47.4540  17.4570  1516
16361  3.2070  -55.5120  0.5590  1523    24028  22.9790  86.6460  -22.6940  1523
16419  4.2110  -54.7750  -6.8930  1529    11187  38.4540  -73.6070  -7.2260  1529
17114  13.8600  -53.2380  8.6270  1538    12375  26.8120  6.7600  -61.1200  1538
17133  17.1410  -53.3280  7.5600  1548    13556  52.5480  12.0500  -64.1350  1548
17137  11.2210  -53.4090  6.9480  1552    13621  23.8750  52.6420  -41.1020  1552
17141  6.0080  -53.7030  7.0300  1556    15230  41.7420  -35.7120  31.6080  1556
17157  9.0240  -53.8850  6.1480  1563    17466  49.5320  63.3930  -8.5150  1563
17175  11.2070  -52.8550  5.1440  1572    13557  47.5810  -68.3030  -24.9730  1572
17180  3.7720  -53.4460  5.0150  1577    15369  30.8660  42.1240  -42.3790  1577
17195  11.1340  -52.7890  4.7750  1581    17465  47.9420  -45.0900  -8.8530  1581
17235  20.8040  -53.3460  1.8080  1589    22790  52.1560  -48.8630  -1.5310  1589
17246  21.1190  -52.7170  1.4920  1593    20721  43.3610  60.9270  -15.0630  1593
17297  3.3550  -53.6120  -6.2180  1602    26433  7.6600  74.1890  -7.5730  1602
18027  6.6310  -53.1520  5.6420  1618    15368  29.9000  37.6150  -44.4880  1618
18078  19.4500  -52.5350  3.7860  1647    20176  47.0780  19.6230  -12.5400  1647
18084  8.5040  -52.3410  3.6650  1653    19445  40.7870  66.7940  -7.6690  1653
18085  3.7360  -52.3590  3.5120  1654    19544  33.9520  -67.2330  -6.6940  1654
18096  19.7330  -52.6130  3.1600  1656    20813  7.5800  88.5720  -16.0330  1656
18109  2.9200  -53.2120  0.8550  1660    21368  39.1320  -49.3200  -36.1360  1660
18113  21.5200  -51.8860  1.2640  1661    22257  35.8170  43.0190  -12.3510  1661
18114  21.1830  -51.8850  1.2290  1662    22822  32.7110  -39.1650  48.0850  1662
18122  21.2590  -51.0010  0.8220  1668    2585  4.5520  47.7440  -31.2400  1668
18123  2.7080  -53.1590  -1.4750  1669    24027  52.9430  -43.0870  31.0100  1669
18130  2.6180  -53.0380  -2.7890  1670    25907  3.4280  -55.7590  26.1580  1670
18960  15.7590  -51.0530  6.0100  1681    18116  27.4390  -38.2490  52.6520  1681
18995  12.1540  -51.7500  3.5240  1700    20722  71.2790  0.3510  -27.4770  1700
19014  14.3310  -50.4150  3.0670  1711    22319  50.8550  38.5410  26.0580  1711
19019  9.2420  -51.5550  2.6690  1716    22623  66.6250  -27.6470  -29.0380  1716
19027  20.3490  -51.3800  1.8310  1721    22791  46.6480  -44.1110  29.7480  1721
19039  21.9740  -50.3480  0.4870  1729    23679  3.1340  30.7860  -25.2900  1729
19975  5.9820  -51.0770  2.8660  1750    22755  3.5750  -48.6290  29.1210  1750
19989  12.0660  -50.8430  2.1980  1760    27119  55.9440  -51.2290  -18.2380  1760
20033  22.2480  -49.6160  0.0610  1791    27717  36.2810  28.7280  -10.6560  1791
20036  21.6040  -49.4530  0.1310  1794    6191  54.5410  18.1140  -40.9010  1794
20081  3.5540  -51.6720  -6.4970  1798    21867  30.8290  7.8010  33.1800  1798
20935  19.0670  -50.1820  2.9410  1800    27010  35.3010  -60.9640  21.7490  1800
20939  15.1390  -49.7090  2.2090  1804    27114  1.6820  -12.6210  -1.4090  1804
20952  9.5580  -49.9040  1.0080  1814    27790  36.1320  5.2440  -41.1280  1814
20955  5.7830  -49.6580  0.9160  1817    27941  71.5900  -9.1670  -17.1150  1817
20965  19.3070  -48.9710  1.6000  1824    2587  2.0210  18.3040  -22.1390  1824
20966  12.6950  -48.8400  0.7320  1825    3731  64.1130  -22.2300  -42.8550  1825
20968  11.0890  -49.0810  0.7760  1827    4029  11.0840  45.3020  -38.3690  1827
20975  3.2830  -49.3380  -0.5680  1834    19131  31.3470  2.3600  -40.3760  1834
20987  22.5340  -48.9610  -0.2860  1843    9124  1.6700  46.9650  -9.9940  1843
22010  8.3450  -48.9710  -0.4790  1870    7103  54.4560  25.5260  -0.1810  1870
22020  20.0980  -48.2140  0.5400  1876    2678  48.1750  58.2750  -15.5900  1876
22034  22.9040  -48.4070  -0.5440  1887    10133  53.3440  48.2590  2.3380  1887
22046  2.9090  -48.7940  -3.7160  1896    20687  39.5980  54.3520  18.9720  1896
23024  18.1530  -47.4700  0.6630  1901    2586  15.5810  -56.9350  14.8600  1901
23026  15.8840  -47.6300  0.2270  1903    2816  19.9080  -7.9960  53.3190  1903
23028  13.7200  -47.7240  0.1940  1905    4028  2.4350  44.5030  -28.4270  1905
23035  20.9460  -46.9080  -0.0530  1909    6192  2.7490  52.0980  12.8380  1909
23044  10.9160  -47.5030  -0.5130  1918    7104  52.0290  24.3000  -1.7430  1918
23055  22.8670  -46.7020  -0.7540  1926    9123  54.6690  -10.3400  -18.6830  1926
23058  9.5630  -46.8180  -2.0210  1929    18835  5.5280  -57.3620  -7.4420  1929
23061  6.4630  -46.9390  -2.6510  1932    18903  41.3310  21.6140  -31.6470  1932
24038  19.0300  -45.6650  0.0550  1947    17997  4.0580  79.5310  -14.4160  1947
24040  16.7080  -45.8790  -0.3260  1949    18083  34.4170  -63.0220  -34.8900  1949
24043  13.4070  -46.0380  -0.4410  1952    5277  3.1930  39.9430  39.2010  1952
24054  23.2590  -45.6410  -0.8240  1956    4035  4.9880  -6.6810  -26.6710  1956
24081  5.8490  -45.8070  -5.1500  1975    21866  18.3300  29.3920  46.3970  1975
24092  5.4620  -46.8910  -6.6340  1979    21868  6.2170  8.5810  -34.2360  1979
25034  22.1600  -44.0070  -0.5130  1981    4125  41.5860  48.9120  1.1510  1981
25036  20.6770  -44.3230  -0.1280  1983    25260  10.6610  67.0860  -15.1080  1983
25071  23.3970  -44.8470  -1.3690  2000    4036  5.8970  -7.0070  -24.9360  2000
25073  11.5310  -44.8460  -2.5870  2002    5276  3.3780  40.9010  40.3580  2002
25076  8.5450  -45.4420  -4.2760  2005    10704  63.0170  17.3190  -47.4500  2005
25081  22.5470  -42.9560  -4.3210  2008    8678  6.5360  -40.6560  21.2520  2008
25093  22.1180  -42.9810  -6.0830  2016    10396  43.9570  36.1690  -36.6610  2016
25095  22.2090  -42.7710  -5.1960  2018    8677  5.7730  -43.0230  23.2050  2018
25097  7.0580  -45.9140  -6.9730  2020    12952  64.4730  14.8740  -0.4170  2020
25105  21.8640  -43.0960  -7.1110  2024    12122  2.7950  73.5580  0.8180  2024
25107  21.7830  -43.1360  -6.2280  2026    13957  8.2340  51.7400  -25.3000  2026
25116  21.6910  -43.0840  -8.1460  2028    13259  47.0800  -59.8050  -35.7020  2028
25117  21.6140  -43.1300  -7.6590  2029    14903  57.2790  0.5170  -41.9290  2029
26107  17.5480  -43.5070  -0.5280  2041    5061  29.4470  -6.4650  -29.8010  2041
26126  22.6200  -42.9510  -1.4190  2045    4037  38.3140  16.8580  -3.6840  2045
26131  14.2950  -43.3570  -1.7720  2050    5060  28.5680  -6.5400  -29.0260  2050
26180  10.5620  -44.0330  -5.1510  2072    10703  62.3270  16.4610  -49.1560  2072
26199  20.0730  -42.9780  -7.7840  2084    10854  15.4820  -87.2130  -10.1770  2084
26208  21.8000  -43.0830  -8.7350  2085    14771  24.3920  53.5300  14.0370  2085
26211  20.4720  -43.2730  -8.7660  2088    13440  26.9390  79.4470  -22.0160  2088
26226  20.8060  -43.6870  -9.8150  2093    16433  9.1550  -46.4940  39.6190  2093
26229  17.9870  -43.7140  -10.3840  2096    10856  41.2610  6.8790  -59.3570  2096
26252  21.8960  -43.9300  -11.1780  2097    18544  6.8420  10.3530  53.0360  2097
27244  20.2460  -42.5080  -0.7210  2099    4124  40.0170  46.1990  2.9520  2099
27246  18.1970  -42.7670  -0.6590  2101    5062  47.7210  0.4300  40.6770  2101
27291  14.2810  -42.3580  -3.5240  2117    4085  10.3050  -34.4190  -15.1800  2117
27313  20.0490  -41.6050  -3.5800  2122    27311  13.1880  -64.7740  24.6690  2122
27327  20.1280  -42.2370  -5.3170  2129    13981  29.7500  79.3520  -11.7520  2129
27339  17.5950  -41.7910  -6.5820  2137    3938  28.9100  -72.1290  14.8880  2137
27340  12.5600  -43.0140  -7.7820  2138    15581  28.0900  68.1330  7.6860  2138
27341  11.8800  -43.1650  -7.4220  2139    15582  49.9460  1.0100  -5.3320  2139
27350  14.9590  -42.8990  -8.5460  2146    3936  69.5730  -11.5540  -19.4030  2146
28404  16.8460  -41.3280  -3.8120  2165    3937  7.1020  -72.7920  11.4190  2165
150023  10.1640  -80.0570  0.1060  2188    15585  32.4360  -46.6920  17.3290  2188
150028  10.6600  -79.7230  -4.7870  2193    17015  46.0690  -43.0460  12.7200  2193
150032  11.3860  -78.8790  -3.2660  2196    19346  7.3470  41.8760  14.4350  2196
150033  8.5720  -80.7280  -4.9300  2197    17040  51.5230  38.0000  -35.4030  2197
150047  11.7380  -80.2850  -7.7570  2210    20838  15.8390  87.0560  -9.3280  2210
150048  11.2870  -79.7880  -6.3170  2211    17016  44.9450  -41.9750  11.8720  2211
150057  11.5360  -80.7890  -9.7580  2219    19315  14.0180  -23.4290  40.6780  2219
150061  11.6120  -80.5750  -9.1010  2223    21991  36.8930  -69.3670  6.7020  2223
150062  9.8790  -80.0890  -2.3730  2224    16297  13.7840  52.1950  7.2580  2224
150069  12.8120  -80.0520  -10.4590  2231    19317  52.2580  -44.7340  -10.1190  2231
150081  9.1700  -81.5680  -6.6720  2242    18496  33.6460  -62.8420  -34.4510  2242
150087  10.7150  -80.7360  -6.0980  2248    23453  35.5010  -1.6440  52.8230  2248
150088  12.0250  -79.8470  -6.9660  2249    19347  5.2440  39.6330  16.1210  2249
150092  12.5960  -80.1380  -9.5770  2252    24243  36.4910  -60.6250  27.5510  2252
