45057  47.9520  -26.1040  -0.9710  1    23902  9.7650  73.5710  -5.9410  1
45077  48.4830  -26.2230  -1.6910  3    25455  64.5630  -36.4440  -24.8830  3
45085  47.8890  -26.0380  -2.7210  7    25805  53.4900  2.6580  39.1090  7
45089  48.9860  -26.3240  -3.2110  8    26296  40.8810  61.6280  12.5050  8
45091  47.9210  -25.7930  -3.3530  10    26314  47.5200  42.8530  -14.5090  10
45095  49.6090  -26.4790  -3.9550  11    8892  46.4330  69.4430  -23.6770  11
45107  49.2780  -26.1570  -4.8930  16    26553  27.7750  6.1890  -59.3800  16
45115  53.1830  -26.6940  -5.4810  19    5443  42.3140  7.5770  -7.9860  19
45116  51.9780  -26.3680  -5.6410  20    1914  10.7260  74.0640  -16.6150  20
45117  50.8380  -26.2740  -5.4470  21    26965  16.9460  -56.1620  32.1380  21
45122  59.4460  -27.8100  -5.8180  24    8575  51.7750  -39.9340  -14.4720  24
45126  54.9000  -26.5350  -6.0790  25    26771  42.4370  4.7680  -60.6140  25
45127  53.7530  -26.2990  -6.1210  26    1720  37.8260  0.8460  27.5860  26
45135  61.1360  -27.9660  -6.3280  29    8513  7.9380  -47.7770  -23.3630  29
45137  58.8090  -26.6820  -6.6990  31    27602  9.2130  79.3310  -16.2520  31
45138  57.7800  -26.8020  -6.3110  32    27611  50.4210  14.0820  -53.2180  32
45149  61.6170  -27.2140  -7.0650  34    6590  11.7830  15.5200  24.0880  34
45150  60.5560  -26.8440  -7.0690  35    27973  14.2790  36.5080  -38.3370  35
46173  47.5330  -25.6660  0.7950  37    23916  13.4930  -60.2360  -8.2910  37
46192  47.2110  -25.8460  -0.0550  39    7828  38.6410  25.6230  5.9980  39
46205  47.0710  -25.9070  -0.8290  43    10420  49.7180  -24.6580  30.8080  43
46221  47.3990  -25.6150  -3.2210  51    12073  58.6750  -8.4120  -0.8560  51
46235  47.8240  -25.2870  -4.8510  59    13309  45.6520  28.0410  -49.8560  59
46242  50.3140  -25.7920  -6.1290  63    2854  61.4610  11.1930  1.1090  63
46245  48.4280  -25.3930  -5.7110  66    3359  15.3290  -39.9720  -11.4440  66
46251  55.9670  -26.0820  -6.7950  68    1719  40.1390  1.1260  30.4280  68
46258  49.8720  -25.1890  -6.8980  75    3358  52.0300  38.4050  -20.1670  75
46265  58.3090  -25.8010  -7.3950  79    4693  21.7760  30.7530  -56.3300  79
46269  54.5950  -24.9700  -7.6610  83    1718  38.2880  -0.4790  27.5340  83
46270  53.5360  -25.0040  -7.4670  84    1758  53.8790  -26.3160  13.8610  84
46272  51.7230  -24.9360  -7.2790  86    2810  50.7050  9.7470  -36.6550  86
46292  62.5190  -25.9160  -8.3340  97    6591  59.1260  15.0580  7.1540  97
46293  61.3740  -25.5450  -8.3610  98    6592  26.7840  -56.5490  34.3470  98
46294  60.3610  -25.2320  -8.3620  99    6709  47.4850  -3.9310  -43.8210  99
47237  47.1270  -25.7900  -2.0840  107    10459  25.9900  57.0840  32.3550  107
47256  47.3950  -24.9150  -4.9950  114    13308  39.0780  2.9860  -39.5030  114
47262  47.5530  -24.5950  -5.7350  116    3421  3.4560  -28.3220  41.3790  116
47271  48.6990  -24.6760  -6.9430  120    3357  25.9380  10.8280  -56.3690  120
47280  54.2870  -24.2280  -8.2090  123    5446  41.7370  39.3160  34.9170  123
47284  51.1930  -24.2190  -7.6640  127    5818  28.4530  -37.2140  -14.8030  127
47294  57.9930  -24.5140  -8.4440  132    7544  46.5830  -57.5460  -30.4160  132
47296  56.3470  -24.2680  -8.3930  134    19102  3.1510  -24.6650  5.0210  134
47301  52.4190  -23.4530  -8.3780  139    17741  51.2960  33.1370  -49.8850  139
47304  49.8500  -23.4700  -7.8660  142    17889  6.8520  67.8580  -18.2350  142
47309  62.8970  -25.3300  -8.8410  144    8542  12.7670  34.2530  49.7360  144
47326  63.8510  -25.0100  -9.1830  154    8448  43.8940  10.9700  -9.1570  154
47328  61.0530  -24.0250  -9.7940  156    20455  2.9990  33.3140  8.7670  156
47330  59.0290  -23.5700  -9.6020  158    20845  52.7850  -56.3260  -28.0710  158
47339  64.3220  -24.3400  -10.0410  160    21588  68.8180  9.0480  -15.4320  160
47340  62.9010  -24.1590  -10.1880  161    21634  27.3270  47.0260  -35.8360  161
48304  47.4450  -25.7140  1.3930  163    7829  49.7890  -51.6710  26.2020  163
48320  47.0120  -25.8200  -1.0880  168    10421  28.2120  -0.7280  55.5810  168
48337  47.1470  -25.4600  -3.6160  171    12072  60.2560  -6.0580  -2.4480  171
48352  47.5460  -24.2430  -6.2640  174    15404  49.1130  -12.3700  1.1210  174
48366  48.7530  -23.2680  -7.8190  179    15474  33.8110  9.5880  -45.7580  179
48380  50.9680  -22.4210  -8.7930  186    19757  2.3910  -2.8980  -28.0320  186
48394  56.9070  -22.9560  -9.9760  191    20935  54.5580  32.8140  9.7550  191
48396  55.8030  -23.0390  -9.5670  193    20996  13.0810  31.2390  -42.0930  193
48399  53.6680  -22.7070  -9.5330  196    23752  53.4250  -22.2350  -15.7660  196
48402  51.1490  -21.8570  -10.1850  199    21589  67.9000  10.2220  -14.6860  199
48404  49.4220  -21.9110  -9.2680  201    28919  34.5910  -22.7530  20.8310  201
48420  50.5430  -21.6400  -11.5140  211    21590  26.2750  35.5380  35.5530  211
48429  66.3640  -23.6480  -10.4320  215    22611  43.4040  44.1770  -21.5190  215
48431  63.2860  -23.6940  -10.9640  217    22975  38.9110  21.6530  14.1610  217
48433  60.7820  -23.1240  -10.7790  219    22162  3.0130  -55.4000  -3.0380  219
48434  59.5790  -22.6760  -10.9810  220    29401  30.7470  -40.2830  49.0010  220
48436  57.5810  -22.2610  -11.2000  222    29414  33.4980  -59.1760  29.7550  222
48438  55.4000  -21.9810  -11.3580  224    24630  66.9890  -31.6330  -3.7690  224
48440  53.2600  -21.5700  -12.3530  226    29711  11.4510  -24.0330  58.2070  226
48443  50.8650  -21.9070  -12.8070  229    29509  41.8790  41.5720  -18.6340  229
48447  48.7060  -21.9100  -11.3870  233    24943  13.1310  30.1100  18.3710  233
48455  65.2250  -23.1800  -11.6840  235    25977  28.9200  53.7760  23.6610  235
48456  63.6390  -23.1870  -11.7380  236    29638  2.6740  -24.3910  6.4520  236
48463  55.7650  -21.7190  -12.4130  243    29705  6.3140  52.7430  -48.6990  243
48467  51.7970  -21.8290  -13.4450  247    30002  67.9250  -18.0520  -38.5810  247
48471  48.9340  -22.3990  -12.6360  251    29838  37.5170  31.2030  -42.0030  251
48482  61.4460  -22.1570  -12.3530  256    29971  38.0600  30.2910  -35.9910  256
48484  59.0250  -21.6850  -12.5750  258    29974  37.7020  54.7030  22.0910  258
48485  58.0110  -21.5960  -12.7610  259    29977  58.7410  -5.2100  -23.0450  259
48487  56.0140  -21.6070  -13.3030  261    29983  4.0090  26.2050  -34.0950  261
48489  54.0460  -21.7120  -13.7440  263    104  49.3480  -56.0240  8.8760  263
48493  50.3360  -22.6560  -14.0550  267    402  54.0130  51.2790  -31.5710  267
48506  55.2510  -21.6570  -14.2630  275    3639  29.5460  66.9000  3.4220  275
48509  52.4780  -22.2060  -14.7060  278    105  50.0370  -56.2430  8.9940  278
48513  48.7510  -23.2140  -14.3740  282    1652  50.6610  -57.3120  -30.5820  282
48525  53.7270  -22.0820  -15.1700  286    103  50.6420  -58.2650  11.4600  286
48528  50.9620  -22.6090  -15.3410  289    401  14.7740  -30.1540  20.7050  289
49511  47.8960  -25.6410  1.1530  292    12681  51.6770  32.1820  14.1380  292
49517  66.2220  -26.6390  0.2340  294    17307  66.5020  -33.8140  -28.1120  294
49530  47.2780  -25.6580  -0.6730  302    17939  2.6900  -32.9560  6.2690  302
49537  67.2560  -26.8750  -1.4660  304    17306  67.6230  -33.8560  -26.2270  304
49547  68.1200  -26.5990  -2.6110  310    19128  44.0510  -0.5920  -17.5230  310
49552  47.3730  -25.6630  -2.5980  315    17920  3.2770  68.5290  -13.4500  315
49560  65.1940  -26.5980  -2.7440  320    17308  16.1820  -58.8550  40.6130  320
49561  64.3680  -26.5210  -3.0560  321    586  24.2750  -44.5790  -26.5680  321
49567  68.4060  -26.2560  -3.7590  324    20299  2.2370  -9.6500  -1.0390  324
49576  66.7370  -26.5680  -4.3600  332    585  7.3990  -42.8650  46.3990  332
49579  47.4050  -24.8410  -4.9790  335    3817  13.2180  -13.6250  -22.3040  335
49587  47.4690  -24.1590  -6.2580  341    3816  59.7660  -39.6340  24.0860  341
49593  47.7210  -22.8390  -8.0570  345    7199  34.3080  -49.1220  14.0870  345
49595  48.2540  -22.5400  -8.2500  346    22892  2.4700  24.4010  18.1590  346
49608  48.3240  -22.1550  -8.8360  354    22992  67.9800  -30.4550  -0.1900  354
49610  47.8080  -21.9100  -9.7120  356    8069  49.9920  18.4640  -57.4580  356
49624  52.3830  -21.6870  -11.2290  361    23751  55.1100  -21.6910  -14.9480  361
49628  48.0920  -21.6540  -10.8630  365    8900  38.2090  40.3470  -40.5870  365
49646  47.8480  -21.9800  -11.8810  375    24955  40.0550  -64.6190  -16.7010  375
49647  47.4850  -21.9270  -12.2590  376    9272  17.5640  18.4440  -48.6880  376
49656  47.2920  -22.3010  -13.0790  380    25456  63.9780  -34.9700  -26.1570  380
49666  63.5970  -22.2190  -13.1230  385    15153  6.7250  -47.0930  41.8250  385
49667  62.7890  -22.0890  -13.0210  386    27321  38.4860  -1.5730  0.1930  386
49672  46.9570  -22.5870  -14.1540  391    12473  65.9360  -28.0060  -28.8980  391
49682  66.3050  -22.1340  -12.9270  392    13366  10.3810  51.9470  9.1910  392
49689  58.5170  -21.1820  -14.0430  399    27477  37.3880  -61.7810  20.4670  399
49691  56.7450  -21.4700  -14.5310  401    3638  59.8250  29.5390  15.5110  401
49705  61.3780  -21.1450  -14.1750  409    17467  47.9000  64.8810  -9.1360  409
49707  58.8270  -20.9860  -14.7460  411    17940  57.3420  -6.4520  -37.6100  411
49714  52.2490  -22.3740  -15.8270  418    4700  1.3250  38.9180  -2.9050  418
49719  48.1520  -23.0510  -15.7080  423    17993  46.3260  -47.7090  1.5520  423
49728  57.0830  -21.2100  -15.5750  427    19835  18.7450  87.8320  -13.3310  427
49730  55.1790  -21.4350  -16.0120  429    3640  3.0550  -16.2480  -9.0760  429
49735  50.7220  -22.3920  -16.3900  434    20053  69.0510  -17.9890  16.7100  434
49738  48.6090  -22.8550  -16.2250  437    17994  2.8370  29.9100  40.2720  437
49750  52.9380  -21.9410  -16.5810  441    21761  38.9460  -52.8830  34.3520  441
50652  55.6920  -24.3370  5.9860  444    19805  60.9110  -46.9270  1.1440  444
50667  64.7440  -27.3670  3.8540  445    7726  56.0910  -44.6070  -16.2020  445
50668  63.7410  -26.2230  4.0270  446    20483  54.9410  -25.3310  -0.6960  446
50670  52.6540  -24.2290  5.2890  447    19976  10.0430  42.2610  -39.4770  447
50679  66.7390  -27.4600  3.1670  449    11629  21.7440  -17.9840  57.5070  449
50683  50.7260  -24.9610  4.3150  453    29279  42.9250  39.2370  5.9910  453
50689  68.2090  -26.5930  2.8930  454    21616  9.3530  -40.6860  25.3410  454
50691  65.8280  -26.7630  2.4280  456    21729  34.9250  -9.1480  -2.9720  456
50693  51.0420  -24.8730  3.7840  458    21189  57.7380  -5.7430  -38.8170  458
50696  49.4550  -25.4910  2.9840  461    12301  54.3920  -41.1520  -40.4660  461
50703  68.6570  -25.6330  1.9150  464    21645  4.3220  -32.4100  24.5820  464
50705  66.8160  -27.0010  1.6930  466    29547  8.3080  -10.3080  58.1210  466
50707  64.5250  -26.2460  1.0310  468    23394  45.2050  -9.9200  -45.1560  468
50712  48.7580  -25.4620  1.9110  473    12708  2.6980  59.3920  -18.9380  473
50724  50.1490  -25.4230  2.2420  480    25222  57.9490  28.4000  -14.7290  480
50734  68.3390  -26.0700  0.4550  486    24338  15.7520  -84.7400  -2.9090  486
50739  63.3580  -25.8350  -0.6900  491    23780  17.0100  -64.5730  27.3240  491
50741  49.0290  -25.5210  0.7770  493    26220  59.2320  -44.7680  -33.3780  493
50742  48.4600  -25.4950  0.4140  494    29778  31.5610  -0.5950  -30.5350  494
50748  68.3430  -26.1690  -0.5780  497    16689  40.8750  23.7320  -32.2810  497
50765  61.5440  -25.2660  -3.0820  512    27610  31.2970  7.0500  -64.1280  512
50766  48.8170  -25.4530  -0.6040  513    27493  4.3490  28.2710  -35.7200  513
50768  48.0010  -25.4970  -1.6490  515    17921  2.5240  32.9260  -24.2160  515
50778  48.0730  -25.3830  -2.5890  524    2185  15.4000  -52.0020  -30.5320  524
50790  47.4950  -24.9580  -4.6050  535    2184  16.4730  -53.5990  -31.7100  535
50792  69.4690  -24.8930  -4.7850  536    4365  16.0000  35.1050  42.5880  536
50796  62.6430  -25.0140  -4.5540  540    584  6.0990  -43.9880  45.1820  540
50801  69.2510  -25.1430  -5.8780  544    4363  22.2960  -44.2430  -15.1780  544
50810  69.2790  -24.9390  -6.5930  552    4364  55.1260  -16.5720  -47.1200  552
50833  47.7200  -21.5590  -11.5560  568    8901  36.8360  42.0460  -41.1440  568
50853  46.8200  -21.9700  -13.4570  571    10943  21.0820  -86.0850  -10.4250  571
50861  46.4540  -22.0070  -14.3230  573    12472  62.5120  -27.5300  -28.0510  573
50875  46.7820  -22.5040  -15.4160  577    13438  68.3860  -12.3600  -17.6530  577
50889  67.9040  -21.0430  -13.6000  580    14761  37.7480  40.5160  -59.4660  580
50890  65.5890  -21.1700  -14.4240  581    15138  11.4290  -51.1350  9.6940  581
50910  62.4580  -20.7640  -15.1920  592    17381  34.6240  -20.7170  -23.9770  592
50922  47.2850  -22.2040  -16.4290  604    1159  55.4390  40.2600  -7.1270  604
50931  59.2550  -20.0900  -16.2050  606    5274  42.0110  78.1780  -20.9650  606
50933  57.5910  -20.6550  -16.3580  608    5498  60.0710  -45.1210  8.9110  608
50936  55.0560  -21.1960  -16.7010  611    19954  30.8050  -67.3800  -7.5740  611
50941  50.3480  -21.9570  -17.0450  616    20052  55.6910  21.8960  -56.5620  616
50954  53.6660  -21.2250  -17.1870  622    9441  43.2270  -11.2370  24.2610  622
50957  51.0400  -21.5040  -17.3560  625    9599  47.3360  5.9220  -15.7430  625
51843  54.9710  -24.0920  5.3920  629    19877  28.3470  53.7570  -28.8560  629
51852  62.2930  -24.6630  4.5690  633    7872  18.4260  22.9890  52.5410  633
51856  57.4680  -23.6100  4.7030  634    19760  3.2380  31.1830  -26.6110  634
51857  56.4600  -23.7750  4.5910  635    19821  9.6460  -22.6140  -14.7090  635
51859  54.4690  -23.9210  4.5130  637    19902  4.3260  74.6770  -26.5230  637
51869  61.8030  -24.0730  3.8230  643    20484  8.9570  -45.9620  -9.7330  643
51870  60.4950  -23.5400  3.8540  644    20511  6.6340  -36.4810  4.5580  644
51871  59.2270  -23.3270  3.8640  645    20540  25.7540  -60.1770  33.9610  645
51873  56.9440  -23.6740  3.7850  647    20965  69.9610  -28.9550  -23.3980  647
51876  53.9800  -24.0500  3.7010  650    21067  27.2390  -58.5920  -34.4860  650
51877  53.0920  -24.2250  3.7400  651    21102  31.2360  5.9600  -33.0270  651
51884  69.1840  -24.1540  3.0010  654    13978  23.8950  9.9090  -40.5150  654
51891  58.5520  -23.6070  2.9330  661    22164  63.2490  -24.7820  -40.9230  661
51894  55.3770  -24.3000  2.9230  664    22249  38.5560  5.5960  0.1270  664
51897  52.6320  -24.7270  3.0310  667    22560  45.1030  -32.7900  -29.0770  667
51910  62.7790  -24.8930  1.8520  674    23385  4.3820  62.8170  -47.7850  674
51912  60.1780  -23.9310  1.9690  676    23449  47.4320  -8.6240  18.5200  676
51915  56.8090  -24.7140  2.0770  679    23520  54.7100  54.0280  -2.3690  679
51918  53.8750  -25.0750  2.0970  682    23651  36.9890  -63.7120  -16.7290  682
51930  62.8640  -25.3770  0.8010  689    24364  14.8140  -6.4810  18.0910  689
51932  60.4460  -24.6010  0.9770  691    24614  37.4860  -76.8630  -29.1340  691
51934  58.1530  -24.7130  1.0770  693    24654  11.5110  -78.2220  -27.3520  693
51937  55.1150  -24.8490  1.1330  696    24866  46.4950  -26.2240  42.8210  696
51941  51.3270  -25.0890  1.4380  700    24971  27.5610  32.2060  30.7440  700
51952  60.6590  -24.8820  -0.0870  707    25482  44.7780  -67.5940  -36.1650  707
51953  59.4940  -24.7230  -0.0180  708    25637  50.4420  -13.8040  41.0550  708
51955  57.3410  -24.8160  0.0720  710    25695  7.7330  29.2940  -41.2090  710
51956  56.3900  -24.9440  0.1070  711    25708  54.5590  -38.5940  -42.6600  711
51958  54.4480  -25.0520  0.1900  713    25809  45.4340  31.5980  11.0880  713
51959  53.5420  -25.2380  0.2640  714    25824  40.3710  -4.0060  26.2990  714
51981  50.9690  -25.2520  -0.4580  733    26811  34.1950  33.2760  -8.2230  733
51985  69.3880  -24.8980  -2.1510  736    17288  27.0700  14.0550  30.8370  736
51987  61.0970  -25.3230  -2.3590  738    27019  38.3730  -60.9880  22.9600  738
51989  58.7820  -25.0390  -1.8920  740    27062  46.2890  67.2290  -23.4710  740
51991  56.8410  -24.9170  -1.5950  742    27270  18.2910  -73.0850  -27.2660  742
51992  55.9180  -24.9580  -1.4910  743    27280  15.4240  28.8020  -39.6860  743
51994  54.0700  -24.9930  -1.4900  745    27309  5.7130  83.6080  3.2820  745
51995  53.1550  -25.0840  -1.4850  746    27322  17.1900  -74.5940  -33.6410  746
51997  51.2630  -24.9940  -1.4370  748    27465  6.3680  -21.8700  57.2890  748
52005  59.9920  -24.6650  -3.3190  755    27539  2.8340  57.6470  0.3560  755
52010  55.1700  -24.4090  -2.4130  760    27752  13.0360  -7.0010  59.0800  760
52015  50.6310  -24.7440  -2.4130  765    27902  50.8860  25.2250  -22.0070  765
52016  49.6780  -24.9140  -2.4700  766    27907  2.6220  42.2500  -4.8070  766
52025  59.0930  -23.9470  -4.2720  774    28080  41.8400  23.3990  -64.0100  774
52027  57.1360  -23.8670  -3.6310  776    28108  64.0090  -31.3690  21.1550  776
52031  53.5380  -24.0870  -3.3480  780    28256  15.3150  -43.3450  -11.1480  780
52033  51.8900  -24.3110  -3.2670  782    28366  62.1110  -13.2230  -46.9820  782
52036  49.2260  -24.7540  -3.6030  785    28394  3.3070  23.4040  6.7330  785
52038  48.0740  -24.7570  -4.5910  787    2186  23.4620  -53.4440  -33.9500  787
52044  59.6170  -23.6920  -5.2120  792    28529  60.0860  -31.6930  -44.8220  792
52049  50.4570  -24.0760  -4.2540  797    28799  25.0570  34.3640  -51.9700  797
52059  61.8180  -23.7810  -6.1640  806    1936  15.8630  -30.3330  -16.8780  806
52061  48.0540  -24.1580  -5.5640  808    29096  41.5490  -61.5950  -16.0960  808
52062  47.8780  -23.9750  -5.9880  809    3818  12.9630  -16.2710  -19.7980  809
52070  62.9670  -23.8490  -6.8290  816    1937  31.2390  21.6310  -68.4900  816
52073  47.6660  -23.5260  -7.0820  819    6035  13.7360  26.2260  -39.5600  819
52083  68.8450  -24.2780  -8.4210  827    7456  45.7760  64.6560  -36.4710  827
52086  47.6650  -22.5100  -8.6270  830    7203  39.5200  28.4840  10.8770  830
52097  47.4090  -21.3870  -12.3130  834    9273  13.7610  -56.6440  -31.4640  834
52149  46.4130  -21.5270  -15.7230  841    1160  10.6180  -12.7340  55.4140  841
52167  68.6710  -19.9580  -14.3860  843    17710  67.4440  -5.2220  -39.1570  843
52168  67.0530  -19.9380  -15.3140  844    17711  52.6010  52.7890  0.4650  844
52171  62.7650  -20.4150  -15.7650  847    5162  30.0620  66.2490  1.8770  847
52191  64.4010  -20.0880  -16.1700  854    5161  30.3480  68.2040  3.7670  854
52202  48.7730  -21.5830  -17.4580  865    6494  3.4460  -70.1430  -4.1150  865
52215  59.5570  -19.4790  -17.0170  869    5163  30.6960  68.3680  2.8250  869
52217  58.0160  -19.8840  -17.1820  871    5378  69.0050  -12.1920  -32.9920  871
52219  56.2280  -20.4390  -17.3900  873    5530  2.2090  57.2700  -30.6220  873
53060  69.5500  -22.8760  2.2970  883    15183  45.7760  7.8890  -7.5020  883
53068  69.6620  -23.3790  0.3390  885    16531  40.8160  -41.5260  38.2490  885
53076  69.9590  -23.5010  -2.5420  889    17442  43.5140  -1.5550  -4.6880  889
53083  54.6150  -23.5520  -4.1790  895    28674  23.5950  -30.6730  43.6740  895
53092  56.5420  -23.0330  -5.2980  903    3320  17.2240  0.0150  59.4080  903
53097  51.7630  -23.4280  -4.8770  908    4525  25.6820  7.3460  43.6960  908
53098  50.8090  -23.5300  -5.0070  909    4596  62.2760  19.0590  19.7120  909
53100  49.2130  -23.8660  -5.2430  911    4784  6.0560  -39.6050  40.0260  911
53107  59.4000  -22.7740  -6.5920  917    1935  15.8240  -32.8300  -15.3590  917
53108  58.4480  -22.5760  -6.5280  918    3321  13.7170  0.8190  59.5260  918
53113  54.1350  -22.6300  -5.6990  923    3484  17.6320  66.2750  16.7080  923
53130  48.6950  -23.1320  -6.5950  939    21335  37.9600  -50.2120  -35.6690  939
53132  47.9700  -23.0770  -7.4190  941    7204  40.1590  30.3330  9.0150  941
53137  66.4380  -24.0880  -8.7070  945    8190  66.4480  6.6920  -27.1750  945
53141  61.8230  -22.1250  -8.2440  949    8189  22.8950  -47.4750  -0.7900  949
53151  47.8570  -22.0250  -9.3220  957    8456  64.9840  20.5560  -21.1870  957
53154  67.8400  -22.7950  -10.1820  959    5424  46.8680  49.8120  -21.3690  959
53158  47.8760  -21.3200  -11.0240  962    11079  19.5390  16.9590  -54.2580  962
53162  47.0330  -21.0100  -12.9980  964    11173  3.9390  49.8780  23.8380  964
53189  46.2040  -20.9920  -14.6570  966    11342  5.1380  -71.2190  -32.8890  966
53219  46.7100  -20.7810  -16.3990  971    1158  55.0430  41.2610  -6.1640  971
53220  46.6320  -20.2950  -16.4220  972    17359  31.0740  -43.7720  -14.6290  972
53238  47.9830  -20.7060  -17.6580  980    6493  30.7900  -73.9540  9.0150  980
53251  64.7610  -19.1360  -16.9560  983    19619  28.2970  37.0270  -50.0160  983
53254  61.3690  -18.8860  -17.3180  986    20027  44.0540  -20.1980  22.5810  986
53262  53.6190  -20.2510  -17.8790  994    9440  56.5430  12.2660  -11.1600  994
53264  51.7950  -20.3240  -17.8380  996    9549  39.7620  -72.2770  -4.8940  996
53266  50.1050  -20.2110  -18.0590  998    10187  43.2490  64.2530  -36.9760  998
53282  59.3880  -18.7760  -17.7480  1004    21554  65.0180  15.0000  4.3420  1004
53285  56.8000  -19.3360  -18.3260  1007    21912  58.9140  -14.6620  -34.0430  1007
53287  54.9440  -19.5350  -18.2970  1009    22222  51.0060  -24.6350  -2.5490  1009
53289  53.0570  -19.5890  -18.2260  1011    22273  4.8940  31.8720  5.7170  1011
54130  70.3680  -21.8570  -3.5160  1018    18143  31.7040  -62.6170  -33.7350  1018
54139  56.2050  -21.9030  -6.5500  1023    3322  38.2560  28.9840  -41.0580  1023
54143  52.5700  -22.2470  -6.4010  1027    4526  24.2300  6.6410  41.7020  1027
54145  50.6160  -22.4210  -6.6040  1029    4756  18.0920  15.1690  -48.1830  1029
54151  61.1010  -22.0480  -8.0340  1032    20154  7.4230  -6.9460  -6.0030  1032
54155  57.9800  -21.5650  -7.3580  1036    18877  23.4610  -25.6730  -34.5880  1036
54160  53.9000  -21.5390  -7.0310  1041    19398  8.8450  42.8310  45.3730  1041
54163  51.0920  -21.7670  -7.2680  1044    19511  54.7690  59.7610  -22.1750  1044
54181  49.7060  -21.1510  -8.2180  1059    21336  30.4210  -22.0280  48.8600  1059
54183  48.5270  -21.5460  -8.6740  1061    21732  8.9500  42.6330  -45.4860  1061
54194  48.3080  -21.0660  -9.4110  1068    23023  21.0510  -3.2520  57.8910  1068
54195  48.0190  -21.3560  -9.6380  1069    9747  6.0470  -22.4250  36.9970  1069
54203  47.9780  -20.8400  -11.0400  1074    11080  41.8930  -4.6240  33.9110  1074
54206  68.8240  -21.5810  -11.1630  1076    7492  33.5550  -2.0650  -45.0370  1076
54208  47.9150  -20.6250  -11.7320  1078    24342  1.6060  -0.8010  -11.0070  1078
54211  47.3240  -20.6180  -12.8160  1080    11107  43.1810  41.2480  32.4660  1080
54213  46.8180  -20.4400  -13.7340  1081    11197  6.3190  -22.6540  24.9800  1081
54243  46.2950  -20.4430  -15.1450  1083    15902  13.1600  39.1020  45.9790  1083
54264  67.9380  -18.6830  -15.9320  1088    26847  6.1800  20.5900  40.5960  1088
54267  47.2710  -19.6420  -17.6170  1091    20177  66.6470  -4.7870  -0.5970  1091
54268  46.8980  -18.9480  -17.8310  1092    26775  45.3680  35.8480  -57.7880  1092
54278  65.5220  -18.6780  -17.1040  1095    19618  18.5770  -43.9440  52.2850  1095
54313  49.1750  -19.0620  -18.8110  1120    27654  23.4090  2.2400  -31.6880  1120
54315  47.7510  -18.6550  -19.1620  1122    27683  57.2170  1.9320  -25.6750  1122
54327  56.6590  -18.3810  -19.0170  1123    28135  9.0200  -62.1800  25.1850  1123
54329  52.8080  -18.3950  -18.9400  1125    28375  27.3460  73.3400  -15.0650  1125
55156  56.4910  -20.9900  -7.5800  1128    20734  31.2450  -62.1710  -35.5690  1128
55161  52.5140  -21.0610  -7.6610  1133    26706  5.4910  -24.9310  2.8640  1133
55174  54.8160  -20.3300  -8.3860  1144    26593  3.9240  30.1840  33.4070  1144
55178  51.1650  -20.4740  -8.3880  1148    1090  29.6550  -39.7960  -24.4870  1148
55185  64.8950  -21.3860  -10.0090  1152    1558  50.4290  -38.0620  -28.4910  1152
55189  61.1070  -20.6540  -9.2950  1156    1559  3.5890  -65.5130  -29.3070  1156
55191  59.3990  -20.2590  -9.0340  1158    1618  70.1910  -20.2910  -0.4290  1158
55193  57.5280  -20.2050  -8.7920  1160    26988  20.5860  -46.7050  -24.8620  1160
55195  55.6640  -20.0550  -8.8610  1162    3147  33.0580  66.1780  18.4090  1162
55198  49.9630  -20.1300  -8.9850  1165    1088  27.8270  -42.0120  -24.3170  1165
55199  49.2120  -20.2120  -9.3280  1166    4490  24.3390  -44.8710  -28.5590  1166
55218  68.0770  -21.1660  -11.4730  1177    9509  27.6940  12.0440  -39.6330  1177
55220  48.3740  -20.3110  -11.2310  1179    8525  39.1610  -0.3220  18.0150  1179
55226  47.7030  -19.9820  -12.9830  1184    13073  39.0020  67.7640  10.9360  1184
55242  46.7500  -19.6740  -14.5610  1188    24712  54.7650  -31.8680  -45.7180  1188
55268  46.5720  -19.2300  -16.3020  1190    10888  63.6230  4.7220  -50.4210  1190
55286  46.8770  -18.2880  -19.1230  1199    22372  62.1310  2.8500  -4.6480  1199
55292  65.5190  -17.5500  -17.7090  1201    23255  5.7620  31.3770  -23.6630  1201
55295  61.9250  -17.4170  -18.2460  1204    28066  56.9740  24.8800  -39.1330  1204
55297  59.8840  -17.7000  -18.4150  1206    28090  37.7850  -75.7740  -31.8840  1206
55302  55.5490  -18.2020  -19.1360  1211    28361  59.1450  -47.7470  -28.7330  1211
55306  50.5520  -18.2980  -19.2160  1215    28500  40.9960  4.1030  29.1190  1215
55310  47.3890  -18.2040  -19.8770  1219    24095  56.9320  17.9350  -54.6600  1219
55330  53.9250  -17.4720  -19.8200  1230    25495  23.3210  -43.6640  -2.3380  1230
55333  50.8420  -17.7750  -19.9480  1233    25811  34.8890  -68.7740  -5.1740  1233
55335  49.0510  -18.0410  -20.2460  1235    25852  8.9520  48.6390  -29.5670  1235
55351  53.0730  -17.1300  -20.3550  1239    25620  9.7430  58.3670  -6.4600  1239
56291  52.7330  -19.8800  -8.6570  1247    1089  28.8200  -42.4910  -24.5340  1247
56302  57.2550  -19.7060  -9.4280  1256    1665  5.0590  61.9760  0.1250  1256
56318  61.9090  -19.8510  -10.4240  1270    1557  50.9820  -38.0970  -30.7310  1270
56325  55.1460  -19.2240  -9.9680  1277    3146  31.5280  68.4140  17.8500  1277
56327  53.2510  -19.0490  -9.9190  1279    4083  8.7410  -34.2100  -14.9030  1279
56329  51.5160  -19.2910  -10.1690  1281    4270  36.0150  -53.4310  14.4960  1281
56331  49.9240  -19.7390  -10.7920  1283    4459  0.5350  40.7220  -7.4980  1283
56340  65.3160  -19.9940  -11.5510  1288    5425  42.5480  48.3600  -18.6270  1288
56341  64.0250  -19.7720  -11.2880  1289    5457  11.8760  -56.3690  -30.6150  1289
56346  49.6430  -19.7930  -11.4700  1294    7673  3.2420  53.2530  -1.7290  1294
56349  48.2520  -19.9730  -12.4150  1297    10574  34.2890  -13.4690  -47.9870  1297
56378  47.4140  -18.8360  -14.3930  1307    13197  19.0140  -3.6770  -33.9630  1307
56398  46.7610  -18.7260  -15.4280  1309    14955  34.7870  0.7880  -57.4880  1309
56415  46.6300  -18.4980  -16.2620  1310    10889  22.0300  7.2210  48.7270  1310
56443  46.5070  -18.0380  -17.7630  1312    20118  2.8180  -1.3210  10.6090  1312
56457  46.4710  -17.8400  -18.4440  1313    22371  38.1160  -20.4400  20.7540  1313
56481  64.0450  -17.0110  -18.2450  1319    23731  47.9490  -4.7070  -25.4640  1319
56491  60.4910  -16.4690  -19.0410  1327    24455  8.5650  -22.3430  18.5440  1327
56493  58.7070  -16.8070  -19.4990  1329    24728  2.5990  61.0900  -26.5890  1329
56495  57.0640  -17.1320  -19.8840  1331    24729  42.6020  -18.6250  25.8430  1331
56520  47.9640  -17.4510  -21.3320  1350    25059  2.4060  -30.0630  10.0080  1350
56532  55.2530  -16.1390  -21.0930  1352    25494  23.5590  -0.4320  -49.6900  1352
56534  53.8280  -16.2550  -21.4490  1354    25546  7.6620  -61.8930  20.5790  1354
56536  52.1170  -16.3730  -22.0170  1356    25632  47.9320  -61.4700  -9.9420  1356
57740  58.6970  -18.9650  -10.7680  1361    5741  21.5420  -31.5700  41.5460  1361
57741  57.7820  -18.8960  -10.7630  1362    6606  24.8240  26.5330  -66.3040  1362
57756  61.6710  -19.0610  -11.8610  1375    10330  23.9750  81.1180  -25.6080  1375
57762  55.6540  -18.3470  -11.2740  1381    17872  56.3100  6.0680  -25.5470  1381
57765  53.0570  -18.4910  -11.4450  1384    18004  17.6210  -40.0600  -5.7330  1384
57768  50.6400  -19.2410  -12.0670  1387    20273  13.9770  -3.1000  22.1790  1387
57774  68.7890  -19.7730  -12.8020  1390    11568  40.4000  -72.8220  -6.7580  1390
57778  63.8800  -18.7790  -12.8490  1394    18767  4.1520  -23.9260  4.2550  1394
57784  57.5600  -18.2140  -12.2110  1400    19375  17.3330  -33.6800  42.7970  1400
57789  49.7970  -19.1440  -13.1510  1405    12282  26.7210  25.1080  41.2180  1405
57801  67.8040  -18.9750  -13.5890  1408    10231  8.6650  50.1250  42.0060  1408
57803  65.2420  -18.4140  -13.5780  1410    10232  36.9620  15.0730  36.5360  1410
57807  48.2960  -18.7650  -13.9450  1414    12400  34.4680  -1.4320  -35.1950  1414
57821  47.0160  -18.0300  -15.4460  1418    14956  40.4560  -70.2910  -20.7830  1418
57826  46.8400  -17.6250  -16.3490  1419    10890  40.0750  -44.6200  38.2400  1419
57858  46.3250  -17.0930  -19.1020  1423    22373  2.6280  -45.6590  11.4080  1423
57877  46.5230  -17.1860  -20.1640  1425    24096  54.1840  20.1990  -36.7470  1425
57897  60.8780  -15.8480  -19.3040  1427    24415  2.9440  -24.2290  -8.0490  1427
57907  58.8850  -15.6530  -20.3170  1433    24727  26.1900  -52.2090  -11.1900  1433
57923  56.9440  -15.5510  -21.0930  1440    27694  11.9030  -61.7730  -12.8610  1440
59202  60.2880  -18.2400  -13.2280  1456    21711  45.3220  -68.4970  -16.9770  1456
59207  55.5470  -17.8770  -12.6980  1461    23204  48.0240  6.9680  31.6460  1461
59209  53.8300  -18.1790  -12.9600  1463    23279  3.6340  62.3770  -47.7180  1463
59211  52.0910  -18.5570  -13.1460  1465    22103  20.7800  20.3740  -56.7770  1465
59229  62.2770  -17.8530  -14.0220  1473    21872  21.0660  11.3470  -29.2370  1473
59234  57.3160  -17.5300  -13.4940  1478    22348  3.6040  -28.6550  -1.7390  1478
59243  49.5850  -18.3480  -14.3500  1487    22250  3.4330  -16.8420  41.9220  1487
59253  66.5040  -17.3620  -14.7520  1492    10233  54.7800  54.8810  -3.4950  1492
59266  47.4230  -17.1640  -15.7500  1501    24800  5.8510  63.8260  16.0130  1501
59270  47.0470  -16.7320  -16.9270  1503    24120  51.9060  -33.5520  -43.6780  1503
59276  46.6840  -16.6460  -17.9360  1505    24598  33.8100  -18.7300  -25.5630  1505
59279  46.4640  -16.4720  -18.5050  1506    24896  70.0360  -16.0260  11.2920  1506
59294  46.2050  -16.2650  -19.6940  1508    23797  61.4290  -4.9510  31.2010  1508
59316  46.5440  -16.0300  -20.8670  1509    21526  11.4900  -41.4280  25.3530  1509
60553  64.2780  -17.2710  -14.6520  1512    21873  21.2070  10.4810  -29.3640  1512
60557  60.0330  -17.1870  -14.5040  1516    6293  55.2760  29.6970  -10.8460  1516
60562  55.4180  -17.4100  -14.3650  1521    22396  53.1360  21.8120  -43.4540  1521
60565  52.6810  -17.8300  -14.7210  1524    7968  29.1130  -27.5440  25.0940  1524
60578  63.0830  -16.5780  -15.1540  1533    5750  8.6020  -49.5000  -25.0820  1533
60583  58.0720  -16.5600  -14.8150  1538    7115  30.3650  31.3280  -42.1330  1538
60585  56.2290  -16.6760  -15.0200  1540    7174  44.0800  74.6730  -21.2710  1540
60602  55.1490  -16.4840  -15.7060  1552    10146  50.2830  -25.1840  3.7060  1552
60605  50.9070  -17.0090  -15.8730  1555    7966  27.7720  -30.3690  30.3970  1555
60607  49.5190  -16.8080  -16.0520  1557    24769  23.6470  -51.0820  45.9130  1557
60611  47.3010  -16.6220  -16.8290  1561    11816  37.4420  -40.7540  42.6030  1561
60621  46.9640  -15.9230  -18.1920  1565    13725  44.3620  8.9110  -7.7110  1565
60628  46.3610  -15.4790  -19.0500  1567    26222  35.4740  13.6400  35.0680  1567
61809  67.2730  -16.3370  -15.4310  1570    8158  43.7310  35.6170  -26.8020  1570
61811  65.2510  -15.9540  -15.4710  1572    5749  65.6990  25.8480  -2.3120  1572
61816  59.7740  -16.0210  -15.5070  1573    6232  17.3110  16.0480  -43.0900  1573
61843  52.0840  -16.1890  -16.7300  1581    7967  28.6070  -28.9880  27.0320  1581
61847  48.7450  -16.2780  -17.0560  1585    11210  18.9270  -72.8940  -32.1130  1585
61861  48.1130  -15.6550  -17.9340  1588    11209  37.8720  -71.8130  -4.4740  1588
61862  47.6480  -15.6480  -17.9650  1589    11856  39.7760  -4.8810  -33.5570  1589
61872  46.4460  -14.5950  -18.9580  1594    13792  46.1910  59.4360  -8.9300  1594
61875  46.2630  -14.3970  -19.4270  1595    26232  63.5090  -29.5250  -5.2880  1595
