#!ascii label  , from subject FreeSurferMNI152_0.2 vox2ras=TkReg
1352
10819  -3.447  38.783  14.283 1.0000000000
10818  -2.150  37.890  14.952 3.0000000000
10738  -33.354  -68.826  -8.836 4.0000000000
12862  -0.744  23.026  49.213 8.0000000000
13398  -29.837  16.088  44.418 10.0000000000
3168  -25.668  83.802  -11.436 12.0000000000
10354  -1.210  23.544  21.394 19.0000000000
10428  -18.683  6.701  44.554 23.0000000000
9583  -40.823  21.589  -56.791 26.0000000000
3169  -11.889  9.435  -44.167 27.0000000000
3167  -24.512  84.931  -13.232 29.0000000000
9582  -50.717  -24.681  -43.177 31.0000000000
11826  -58.100  15.316  22.150 37.0000000000
9581  -35.801  62.634  -18.199 43.0000000000
10964  -40.466  19.905  -17.026 47.0000000000
23880  -32.050  80.907  -27.314 53.0000000000
18675  -52.179  -1.312  -6.719 56.0000000000
20591  -65.362  -32.117  0.861 58.0000000000
21583  -31.719  -34.766  21.048 59.0000000000
186  -28.207  -8.608  45.199 60.0000000000
6890  -54.632  -22.225  2.068 63.0000000000
540  -40.727  36.203  -56.345 67.0000000000
758  -64.239  -4.443  20.431 74.0000000000
28326  -1.562  -37.214  16.412 77.0000000000
8313  -32.479  -18.944  -27.520 78.0000000000
241  -43.771  -32.524  -40.779 89.0000000000
629  1.165  -24.527  -2.300 91.0000000000
240  -44.078  -32.929  -39.097 93.0000000000
185  -30.569  -9.124  45.544 101.0000000000
4878  -12.471  -12.027  56.220 104.0000000000
6889  -54.836  -20.432  1.174 106.0000000000
239  -43.835  -32.046  -39.475 113.0000000000
2301  2.465  -1.502  -28.390 117.0000000000
3531  -26.329  67.377  -10.356 118.0000000000
9518  -2.509  -43.753  -13.412 121.0000000000
9517  -3.666  -41.602  -16.036 122.0000000000
7676  -12.227  -19.092  -19.024 123.0000000000
9621  -44.887  -3.249  43.895 126.0000000000
9687  -17.922  -32.251  52.831 127.0000000000
11238  -12.792  35.586  -44.627 129.0000000000
184  -30.418  -9.176  46.176 134.0000000000
8790  -9.080  4.549  22.615 139.0000000000
13506  -6.716  25.415  17.671 152.0000000000
9519  -2.131  -43.653  -14.778 157.0000000000
22471  -1.611  6.056  -33.335 159.0000000000
11237  -54.162  -20.135  -32.468 160.0000000000
11810  -46.397  -20.815  39.904 165.0000000000
23076  -7.911  84.417  -31.766 167.0000000000
20581  -18.992  -1.572  -48.046 175.0000000000
22533  -3.584  20.327  32.331 180.0000000000
27227  -2.961  -56.718  -10.226 187.0000000000
27349  -51.091  30.634  -48.715 190.0000000000
27406  -5.802  -32.848  16.378 194.0000000000
23882  -14.704  -70.273  5.559 198.0000000000
23897  -55.430  10.064  -51.612 199.0000000000
27591  -4.507  -39.550  49.415 201.0000000000
24147  -40.547  -52.908  27.556 205.0000000000
25849  -9.253  -73.147  -17.629 207.0000000000
8383  -44.815  -32.965  -5.137 212.0000000000
17547  -14.152  84.878  -29.534 219.0000000000
19418  -34.692  56.703  -7.269 221.0000000000
19996  -52.980  46.453  -23.704 229.0000000000
20204  -20.324  46.470  25.939 235.0000000000
21567  0.527  -52.980  25.900 239.0000000000
5503  -23.155  51.886  32.522 241.0000000000
1193  -29.058  -29.906  -23.516 243.0000000000
1194  -52.854  17.175  -32.179 247.0000000000
17428  -1.902  66.446  -46.975 249.0000000000
18818  -34.959  38.393  -28.720 254.0000000000
19417  -61.307  19.840  10.721 258.0000000000
20050  -17.642  62.446  27.832 262.0000000000
20203  -36.317  13.950  -4.617 264.0000000000
20611  -44.281  63.158  -23.475 269.0000000000
5504  -25.124  -60.377  2.270 273.0000000000
2357  -15.444  4.885  58.637 283.0000000000
3861  0.686  38.916  -12.843 288.0000000000
6050  -39.809  35.098  -25.747 291.0000000000
19997  -33.401  15.306  33.166 297.0000000000
8903  -23.403  -78.985  -2.819 302.0000000000
9156  -20.139  -54.403  -32.524 305.0000000000
10877  -25.292  -9.662  55.402 307.0000000000
1192  -28.704  -33.915  -24.200 312.0000000000
21899  -40.494  -61.042  -3.260 314.0000000000
1011  -16.535  -49.551  5.382 317.0000000000
2135  -66.149  -15.592  -39.717 318.0000000000
2134  -11.466  77.186  15.281 321.0000000000
2420  -47.113  15.305  -51.443 323.0000000000
3955  -52.005  30.981  19.304 326.0000000000
3860  0.507  38.515  -15.833 329.0000000000
6106  -41.158  16.324  28.922 334.0000000000
24899  -23.561  39.185  32.096 336.0000000000
24964  -5.848  -17.503  -14.576 339.0000000000
8902  0.112  -39.210  10.982 341.0000000000
10237  -19.984  -9.736  55.247 348.0000000000
12687  -1.483  24.515  -29.221 353.0000000000
16555  -40.106  -28.009  34.403 355.0000000000
1009  -42.601  -2.036  -42.965 358.0000000000
23104  -66.286  -17.756  -27.944 360.0000000000
23883  -12.862  -70.485  5.611 367.0000000000
3788  -39.418  -1.216  -43.337 368.0000000000
6011  -40.060  -46.853  17.845 373.0000000000
24557  -21.957  -50.813  -14.421 382.0000000000
24569  -29.743  2.680  -51.817 383.0000000000
24898  -35.087  34.175  -40.306 389.0000000000
8901  -27.247  36.289  -26.064 391.0000000000
5207  -63.274  -27.706  -12.353 397.0000000000
13445  -19.033  -77.862  -8.817 401.0000000000
14343  -2.541  15.676  24.626 403.0000000000
23508  -0.883  -3.420  44.389 408.0000000000
29576  -48.883  -53.699  -19.108 412.0000000000
29657  -47.142  -58.032  10.961 415.0000000000
23876  -30.536  73.246  6.087 417.0000000000
24949  -35.654  -72.026  -16.348 425.0000000000
27321  -51.880  -51.172  20.755 433.0000000000
2600  -47.897  37.352  -36.961 438.0000000000
25544  -20.516  -54.229  -12.084 440.0000000000
25710  -41.139  -66.191  -40.195 444.0000000000
2599  -30.993  32.668  -34.102 445.0000000000
26090  -41.269  -48.377  -17.112 453.0000000000
5352  -0.659  52.423  -19.720 460.0000000000
5787  -56.591  -49.544  -31.383 461.0000000000
9190  -45.475  -22.137  -47.243 463.0000000000
26631  -1.807  70.872  -32.452 465.0000000000
27123  -50.696  26.162  -13.577 466.0000000000
23547  -32.356  -12.711  -24.986 473.0000000000
26067  -56.301  30.667  -11.555 475.0000000000
26436  -22.354  83.412  -3.694 476.0000000000
26448  -19.621  -53.740  -14.631 477.0000000000
27124  -6.792  -53.506  17.524 481.0000000000
27287  -34.203  -7.408  -8.309 483.0000000000
23941  -65.809  -5.474  -42.744 496.0000000000
26874  -7.875  -17.636  -18.147 497.0000000000
27095  -43.267  -59.933  -36.370 502.0000000000
24903  -33.562  22.477  -36.100 503.0000000000
24940  -2.524  20.249  39.429 507.0000000000
25209  0.238  -5.840  14.864 510.0000000000
2598  -35.758  -14.841  -3.851 512.0000000000
2760  -33.993  -1.893  19.498 515.0000000000
25863  -21.138  -87.256  -20.212 521.0000000000
25886  -1.073  58.562  -11.370 524.0000000000
25887  -28.429  -5.291  53.412 525.0000000000
26942  -58.148  27.747  0.027 537.0000000000
5208  -63.041  -2.634  -22.658 541.0000000000
5206  -22.980  51.821  8.688 544.0000000000
9232  -5.924  -8.906  -20.219 547.0000000000
5786  -6.639  26.788  -40.010 548.0000000000
24241  -55.940  -2.476  -23.481 551.0000000000
21325  -30.063  78.316  -15.926 554.0000000000
24904  -59.145  23.046  -21.754 560.0000000000
22791  1.051  15.670  -11.778 564.0000000000
21324  -29.045  76.853  -14.960 570.0000000000
21326  -7.685  3.275  23.488 572.0000000000
21698  -35.969  18.146  38.100 574.0000000000
24470  -16.272  -4.519  -33.479 575.0000000000
25888  -47.342  -8.987  -48.510 579.0000000000
24902  -46.169  53.075  3.816 580.0000000000
22679  -58.668  -45.888  -19.745 582.0000000000
22726  -1.329  24.041  23.986 583.0000000000
26251  -40.499  2.482  31.294 588.0000000000
26496  -19.853  -46.794  -15.320 591.0000000000
25273  -25.983  33.838  38.414 593.0000000000
22328  -3.947  81.465  -39.508 598.0000000000
25637  -12.205  -25.879  47.616 599.0000000000
26952  -3.538  -46.666  36.147 604.0000000000
22678  -21.585  32.526  27.794 607.0000000000
23736  -30.372  -10.712  -1.804 610.0000000000
7436  -54.697  6.346  -43.599 618.0000000000
26782  -16.529  -56.910  -12.364 624.0000000000
26939  -41.766  -56.393  28.070 625.0000000000
26980  -47.912  38.060  -10.400 628.0000000000
23370  -31.481  -24.966  24.388 629.0000000000
25974  -54.109  -11.152  -3.771 635.0000000000
24781  -39.870  -56.004  29.707 637.0000000000
25650  -60.746  1.971  -44.326 640.0000000000
28113  -22.894  -52.607  -23.910 642.0000000000
6566  -1.952  -12.068  7.816 649.0000000000
6425  -5.272  -49.094  -24.706 662.0000000000
7919  -56.389  -20.912  14.534 668.0000000000
22743  -40.298  -2.375  46.141 670.0000000000
23979  -68.027  -15.462  -26.930 674.0000000000
24049  0.162  35.722  18.844 675.0000000000
24050  -0.277  36.421  17.491 677.0000000000
24402  -21.942  5.892  35.308 678.0000000000
6568  -35.399  -70.078  -16.457 682.0000000000
8426  -67.748  -2.026  -14.617 684.0000000000
23290  -66.953  -12.868  -39.288 685.0000000000
23371  -4.109  -55.794  -6.459 689.0000000000
23735  -31.730  -9.386  -1.743 695.0000000000
7753  -56.653  10.333  19.813 706.0000000000
11821  -46.997  -19.861  -44.238 707.0000000000
25921  -21.412  -13.433  -27.653 709.0000000000
25949  -34.620  60.405  7.937 710.0000000000
11902  0.214  -37.791  28.851 715.0000000000
16568  -11.512  -42.482  -0.713 723.0000000000
14864  -50.249  24.512  18.931 724.0000000000
14888  -47.861  53.145  -36.662 726.0000000000
11903  0.038  -38.364  30.481 727.0000000000
26275  -39.348  -61.362  24.469 729.0000000000
14405  -4.532  56.466  0.961 730.0000000000
26773  -2.346  -5.267  45.676 734.0000000000
17322  -26.687  9.967  -41.943 735.0000000000
27137  -42.389  32.161  34.920 736.0000000000
6567  -27.846  -73.218  9.078 738.0000000000
7304  -49.880  -45.170  -39.144 746.0000000000
7437  -20.942  41.026  -35.382 750.0000000000
7358  -37.735  -4.253  -11.940 752.0000000000
2160  -0.336  52.707  -43.863 756.0000000000
13268  -19.961  -3.947  -47.474 760.0000000000
13418  -21.601  -15.986  54.658 763.0000000000
13486  -54.039  39.030  -5.398 765.0000000000
8608  -21.142  24.242  51.606 766.0000000000
10921  -1.300  50.175  23.541 769.0000000000
9381  -10.716  52.392  1.441 770.0000000000
9554  -0.742  -39.082  10.029 775.0000000000
2162  -8.004  18.978  19.531 777.0000000000
2161  -8.230  22.107  18.213 779.0000000000
14277  -39.613  22.911  -31.101 790.0000000000
11901  -27.612  82.940  -25.363 798.0000000000
12634  -29.845  -78.046  -1.172 803.0000000000
11552  -47.993  -55.118  4.794 804.0000000000
16509  -38.578  -11.498  49.921 808.0000000000
14865  -52.429  26.661  17.652 810.0000000000
14863  -48.026  22.092  18.100 811.0000000000
14963  -8.341  32.022  -35.981 813.0000000000
15788  -8.600  29.746  14.343 815.0000000000
17903  -24.175  -2.873  56.440 821.0000000000
17029  -35.508  53.001  21.197 828.0000000000
9452  -41.943  -34.525  -30.022 829.0000000000
17715  -0.373  -26.342  3.130 833.0000000000
17714  -23.785  57.903  26.446 842.0000000000
4681  -1.381  77.579  10.825 843.0000000000
9487  -58.885  -6.500  8.281 845.0000000000
13267  -39.476  -1.254  30.254 849.0000000000
13335  -9.213  -3.521  59.710 851.0000000000
13453  -7.872  -39.798  -13.779 853.0000000000
18706  -20.645  -44.354  46.238 856.0000000000
11790  -27.767  -16.514  -38.849 860.0000000000
15570  -54.736  10.490  2.300 864.0000000000
15659  -9.005  40.233  -45.003 866.0000000000
20337  -35.796  -11.310  -28.844 872.0000000000
15787  -23.376  -2.565  -50.387 875.0000000000
16352  -47.750  23.001  17.372 877.0000000000
16351  -40.156  -5.322  -44.110 878.0000000000
21133  -2.208  -81.120  -28.103 885.0000000000
21594  -65.983  -31.101  -2.717 890.0000000000
15822  -30.069  45.295  -17.548 891.0000000000
17478  -0.931  -2.070  9.432 895.0000000000
17534  -39.230  9.572  -30.819 896.0000000000
28987  -1.150  63.883  1.881 898.0000000000
17211  -13.513  -72.038  -38.754 899.0000000000
19242  1.161  8.504  -4.054 908.0000000000
9735  0.333  17.727  44.993 911.0000000000
17654  -52.938  29.909  -39.491 916.0000000000
4683  -22.837  61.600  -34.847 920.0000000000
28263  -38.577  -16.986  49.831 923.0000000000
11441  -0.618  -32.267  44.889 930.0000000000
18643  -49.146  9.294  -12.670 933.0000000000
20338  -6.377  -30.625  41.345 936.0000000000
13048  1.215  -3.015  -25.010 942.0000000000
16052  -60.278  -17.422  27.037 946.0000000000
21262  -6.022  -15.288  56.945 951.0000000000
14101  -17.291  37.969  -44.034 958.0000000000
17842  -0.285  13.009  -33.348 962.0000000000
19868  -21.333  46.878  27.447 963.0000000000
22630  -59.710  -44.680  -31.454 966.0000000000
22663  -32.253  -74.025  -6.950 967.0000000000
21132  -1.604  -80.575  -29.568 970.0000000000
16146  -33.802  55.287  -32.033 974.0000000000
19161  0.556  -76.788  -20.799 977.0000000000
23688  -29.201  -11.557  -42.589 981.0000000000
22629  -60.091  -44.429  -29.914 982.0000000000
20340  -19.672  -29.763  53.190 983.0000000000
20352  -20.442  -47.416  45.098 985.0000000000
5980  0.321  -45.885  -3.143 994.0000000000
24630  -44.457  62.632  -4.879 995.0000000000
10609  -0.774  23.457  34.021 1001.0000000000
4682  -21.869  64.607  -35.281 1005.0000000000
12318  -0.586  -84.164  -8.421 1007.0000000000
12490  -63.995  7.941  -10.170 1016.0000000000
13245  0.199  33.215  0.088 1023.0000000000
16148  -62.176  -26.917  4.827 1028.0000000000
14211  -10.473  61.506  -14.131 1033.0000000000
18494  -49.144  21.408  22.973 1037.0000000000
18493  -45.827  -31.203  -9.709 1040.0000000000
16147  -63.686  -28.470  4.361 1045.0000000000
6946  -46.150  20.177  17.805 1049.0000000000
18495  -8.020  -60.298  37.417 1057.0000000000
19867  -23.560  48.205  30.932 1062.0000000000
7756  -41.301  37.203  -17.048 1064.0000000000
5915  -0.096  12.087  29.095 1067.0000000000
10320  -31.493  9.711  -68.120 1077.0000000000
11440  -36.996  -34.774  33.787 1082.0000000000
13047  -48.718  17.160  -38.714 1085.0000000000
12317  -0.509  -84.471  -10.101 1089.0000000000
13167  -31.878  -6.023  -45.058 1091.0000000000
12418  -18.615  -81.498  -9.976 1092.0000000000
14102  -19.595  39.418  -43.124 1095.0000000000
16051  -18.483  -44.692  46.367 1101.0000000000
16388  -38.202  29.291  -32.807 1105.0000000000
29556  -19.924  -8.109  48.995 1108.0000000000
14163  -12.125  33.386  -33.842 1110.0000000000
6733  -20.890  14.801  -41.439 1113.0000000000
29660  -6.209  59.031  -10.059 1119.0000000000
17817  -13.184  -44.940  -9.984 1121.0000000000
5772  -62.131  19.308  6.316 1125.0000000000
5979  -9.715  -17.412  45.949 1133.0000000000
5773  -61.083  21.330  10.513 1138.0000000000
4950  -29.020  -22.194  -24.878 1141.0000000000
6947  -12.574  -57.095  -32.892 1143.0000000000
7755  -21.919  -71.405  6.834 1144.0000000000
7757  -34.956  14.246  28.593 1146.0000000000
6548  -26.851  -6.687  -30.276 1155.0000000000
29350  -58.808  -14.407  -36.313 1162.0000000000
29351  -40.802  39.388  -12.715 1164.0000000000
29475  -55.146  4.437  28.892 1168.0000000000
29359  -50.193  -6.690  19.397 1171.0000000000
3369  -45.717  -46.096  -30.786 1179.0000000000
1707  -4.262  -15.667  -7.318 1180.0000000000
6799  -32.471  7.195  -61.013 1183.0000000000
24304  -43.156  19.161  34.215 1187.0000000000
5771  -62.266  20.315  4.857 1193.0000000000
6732  0.815  -63.991  -18.463 1194.0000000000
3370  -1.520  30.319  -36.549 1200.0000000000
7580  -35.591  63.901  10.631 1210.0000000000
5916  -1.402  12.284  27.464 1213.0000000000
520  -12.407  -20.273  24.748 1217.0000000000
798  -62.271  -18.476  4.289 1219.0000000000
12345  -58.541  -35.057  13.053 1229.0000000000
3890  0.369  -19.340  15.038 1231.0000000000
23802  -15.636  84.273  -32.261 1239.0000000000
3368  -7.888  -46.144  -6.719 1248.0000000000
1708  -5.135  -16.200  -10.552 1256.0000000000
6731  0.634  -66.838  -17.603 1261.0000000000
7958  -11.880  -27.232  -21.562 1270.0000000000
8783  -0.160  68.553  -28.576 1278.0000000000
458  -52.046  4.849  14.541 1280.0000000000
3889  -56.891  -16.044  34.012 1293.0000000000
5154  -50.331  6.708  25.163 1298.0000000000
5153  -57.432  -51.537  -16.911 1299.0000000000
3891  -16.152  -86.703  -8.034 1301.0000000000
23801  -13.372  83.857  -33.891 1307.0000000000
23817  -37.327  4.814  -54.967 1311.0000000000
2731  -52.638  -43.107  -20.238 1318.0000000000
5036  -45.359  -18.961  -45.692 1319.0000000000
5037  -58.751  -16.623  -47.061 1323.0000000000
6266  -33.622  24.854  10.773 1325.0000000000
6509  -20.807  -31.089  -30.503 1330.0000000000
25118  -20.023  -28.083  -32.923 1334.0000000000
457  -20.878  5.544  56.467 1345.0000000000
980  -20.928  -67.686  27.460 1346.0000000000
459  -52.957  5.485  16.627 1351.0000000000
610  -28.233  -67.670  -33.711 1352.0000000000
747  -53.321  -8.584  21.249 1353.0000000000
2798  -43.030  16.613  36.315 1363.0000000000
5155  -49.880  7.562  23.161 1367.0000000000
5368  -21.792  -20.635  -20.379 1369.0000000000
15294  -57.462  -44.807  -9.129 1371.0000000000
7137  -17.423  -66.469  -37.759 1376.0000000000
7138  -18.578  -64.776  -37.156 1377.0000000000
8148  -13.323  22.326  51.885 1381.0000000000
8147  -7.829  58.651  35.632 1383.0000000000
8887  -8.932  52.010  -29.728 1387.0000000000
9742  -53.153  32.756  -35.110 1391.0000000000
23800  -46.926  -17.119  29.591 1398.0000000000
1716  -33.933  -35.138  -39.994 1406.0000000000
6268  -34.431  22.826  11.356 1416.0000000000
5195  -62.641  -40.805  -25.054 1422.0000000000
8948  -7.744  -77.965  -21.477 1423.0000000000
6267  -32.125  24.648  10.058 1426.0000000000
9111  -2.032  -6.435  8.781 1432.0000000000
11167  -53.067  -30.449  26.923 1440.0000000000
12945  -50.293  -2.620  -9.614 1443.0000000000
13370  -2.965  59.969  -16.903 1444.0000000000
12088  -44.268  -47.300  -23.497 1446.0000000000
13435  -40.991  -26.260  -45.502 1447.0000000000
13436  -64.025  -18.923  8.776 1454.0000000000
14175  -6.918  -62.156  27.775 1459.0000000000
14943  0.214  36.765  -42.865 1466.0000000000
18082  -46.026  27.916  15.028 1472.0000000000
18692  -14.817  -30.749  58.129 1477.0000000000
18236  -30.844  79.847  -9.082 1481.0000000000
5035  -59.136  9.365  22.110 1495.0000000000
1717  -37.681  -32.377  -42.585 1499.0000000000
2732  -52.919  -42.052  -19.577 1500.0000000000
6706  -21.810  66.838  14.740 1504.0000000000
7374  -49.108  30.887  25.806 1515.0000000000
13590  -52.193  -29.596  24.788 1518.0000000000
9076  -35.121  -4.829  -7.123 1520.0000000000
10101  0.394  36.272  -15.826 1525.0000000000
16794  -27.956  35.744  -49.844 1529.0000000000
12909  -42.513  -69.859  -3.788 1532.0000000000
15160  -39.396  -18.055  23.650 1543.0000000000
15274  -41.127  8.517  -12.849 1545.0000000000
15496  -8.943  11.208  51.245 1547.0000000000
15003  -52.133  -4.671  37.952 1551.0000000000
16575  -48.522  -31.779  -12.439 1559.0000000000
18081  -19.224  -46.733  27.733 1565.0000000000
5888  -20.521  -8.459  44.033 1570.0000000000
18740  -58.617  -5.097  -39.779 1574.0000000000
20373  -39.752  35.662  32.714 1579.0000000000
6041  -11.053  63.822  -7.811 1588.0000000000
1715  -43.590  -37.995  -31.602 1591.0000000000
6708  -11.209  -49.861  14.977 1601.0000000000
9147  -61.181  16.571  -18.036 1602.0000000000
9146  -63.196  -36.307  -6.241 1606.0000000000
13589  -1.152  -0.463  28.176 1616.0000000000
13765  -0.491  65.293  -37.065 1617.0000000000
15544  -45.500  -61.322  -32.815 1623.0000000000
18742  -55.158  -26.564  34.586 1625.0000000000
18783  -65.607  -20.395  4.203 1626.0000000000
16793  -27.903  -51.731  36.853 1627.0000000000
18191  -18.714  4.624  -40.620 1642.0000000000
822  -48.878  41.045  20.211 1644.0000000000
20066  -59.669  -2.919  5.673 1645.0000000000
18877  -12.681  -63.225  24.395 1648.0000000000
19071  -7.381  62.473  -24.380 1651.0000000000
18190  -19.620  24.842  -43.941 1653.0000000000
3644  -26.569  -36.217  -36.554 1656.0000000000
821  -45.481  44.997  21.497 1666.0000000000
3645  -28.773  -38.386  -37.013 1670.0000000000
9544  0.354  -50.668  35.200 1678.0000000000
23595  -40.079  -2.622  -51.511 1680.0000000000
6040  -11.221  62.804  -8.636 1685.0000000000
9329  -6.448  33.579  -43.284 1692.0000000000
9995  -9.548  -13.115  58.470 1694.0000000000
10107  -56.476  7.682  -26.912 1704.0000000000
12094  -41.794  36.836  -26.303 1706.0000000000
13793  -55.396  20.044  -19.746 1711.0000000000
28410  0.307  -58.779  17.664 1721.0000000000
17623  -8.127  -34.909  30.186 1725.0000000000
18767  -24.027  -47.101  47.609 1727.0000000000
26897  -10.996  -36.577  48.814 1729.0000000000
20065  -63.206  -1.923  -44.289 1732.0000000000
20462  -18.093  17.746  -39.574 1734.0000000000
820  -34.429  14.291  30.272 1742.0000000000
27771  -32.643  31.134  -15.703 1748.0000000000
27856  -42.107  -22.193  -46.621 1750.0000000000
29254  -38.091  19.271  36.090 1752.0000000000
27590  -37.037  40.377  -40.732 1753.0000000000
3702  -23.538  35.778  -56.165 1764.0000000000
5889  -50.722  46.707  -30.187 1766.0000000000
6644  -26.986  -0.257  -31.025 1769.0000000000
9545  -37.354  -23.936  44.732 1770.0000000000
9767  -40.756  -28.553  -33.718 1776.0000000000
9853  -40.142  35.828  -39.829 1778.0000000000
23318  -1.762  -34.436  29.670 1780.0000000000
27110  -1.509  -5.803  25.255 1782.0000000000
24395  -15.895  -58.810  -10.879 1791.0000000000
24793  -22.336  3.473  39.842 1793.0000000000
24833  -20.916  32.737  -58.595 1795.0000000000
16160  -49.506  34.759  9.759 1797.0000000000
24423  -18.907  11.165  -40.271 1803.0000000000
24794  -22.880  -48.656  20.333 1805.0000000000
20488  -11.228  83.412  -35.179 1806.0000000000
26765  -35.808  7.960  -67.210 1810.0000000000
29188  -9.959  -46.262  49.328 1820.0000000000
4800  -57.102  -41.472  22.458 1826.0000000000
27723  -43.714  -18.443  23.718 1836.0000000000
4663  -3.370  -27.468  1.105 1839.0000000000
28575  -3.010  -75.832  -18.401 1844.0000000000
9546  -44.089  -50.593  25.430 1861.0000000000
9822  -24.561  74.347  0.064 1866.0000000000
14564  -0.552  -24.911  16.884 1869.0000000000
14563  -0.203  -26.938  16.545 1876.0000000000
17778  -65.574  -20.026  9.400 1890.0000000000
19229  -54.029  7.530  -10.430 1893.0000000000
26062  -54.888  40.332  -9.026 1895.0000000000
27374  -65.064  -17.450  -18.037 1904.0000000000
26898  -56.223  21.310  -35.625 1905.0000000000
22168  -24.200  -14.441  -25.568 1906.0000000000
27422  -45.667  -49.883  20.105 1909.0000000000
24927  -36.365  27.219  -40.887 1918.0000000000
5825  -65.026  2.574  -11.621 1920.0000000000
10156  -50.508  26.204  9.204 1923.0000000000
24648  -39.365  -22.123  -0.908 1925.0000000000
24649  -59.374  -20.281  30.657 1928.0000000000
24851  -0.309  49.552  32.572 1930.0000000000
24588  -46.181  -39.669  14.017 1939.0000000000
25604  -55.028  -52.419  -7.839 1941.0000000000
26160  -6.119  -46.839  47.586 1945.0000000000
25436  -20.433  62.585  -31.574 1946.0000000000
25605  -43.283  32.940  -54.428 1950.0000000000
29167  -44.236  -52.798  -29.899 1953.0000000000
27292  -20.863  83.232  -5.367 1958.0000000000
29266  -52.778  -56.378  -25.242 1959.0000000000
1401  -1.489  10.692  50.386 1967.0000000000
16161  -35.868  6.737  -53.779 1972.0000000000
14565  -1.207  -25.944  17.220 1978.0000000000
17780  -46.322  2.139  14.524 1981.0000000000
1597  -53.732  -36.034  -3.808 1986.0000000000
17779  -45.770  30.518  -28.755 1988.0000000000
20445  -49.967  -31.039  -44.122 1995.0000000000
1598  -4.543  46.880  43.134 2001.0000000000
7290  -32.551  -27.148  16.840 2002.0000000000
7532  -61.996  -0.070  -50.234 2006.0000000000
10471  -35.097  -38.434  28.683 2023.0000000000
11214  -8.297  46.392  -46.187 2028.0000000000
12953  -51.467  -12.018  35.060 2032.0000000000
11315  -52.431  -27.799  37.022 2034.0000000000
25620  -14.973  -59.635  -11.142 2045.0000000000
26159  -47.828  -53.398  -14.367 2048.0000000000
14722  -38.366  -43.158  -24.428 2049.0000000000
27066  -50.010  -45.940  24.287 2052.0000000000
14879  0.370  48.731  3.566 2056.0000000000
27293  -0.417  -14.531  5.354 2059.0000000000
16980  -33.149  39.533  -27.919 2063.0000000000
7221  -36.022  -46.010  38.364 2066.0000000000
19050  -4.546  -59.244  36.880 2068.0000000000
19843  -24.480  -38.480  31.220 2069.0000000000
20361  -26.893  34.455  -35.726 2071.0000000000
16185  -37.382  27.913  -40.103 2074.0000000000
17858  -54.481  31.241  -30.617 2081.0000000000
19230  -55.906  8.943  -11.254 2088.0000000000
7530  -10.763  0.273  23.892 2103.0000000000
1839  -49.871  -30.609  24.854 2129.0000000000
14723  -46.775  -44.446  -31.983 2137.0000000000
1840  -1.398  -5.061  -9.697 2141.0000000000
16942  -7.394  -17.984  48.925 2145.0000000000
14721  -23.647  -24.080  41.971 2148.0000000000
6963  -4.185  35.493  48.711 2160.0000000000
7767  -21.843  26.599  50.123 2163.0000000000
26361  -42.486  -36.430  9.071 2180.0000000000
26560  -29.334  -29.040  50.087 2184.0000000000
26760  -1.012  65.591  -34.970 2188.0000000000
1596  -53.817  -37.298  -2.937 2199.0000000000
12401  -9.777  66.683  -19.757 2201.0000000000
4411  -66.703  -12.825  13.234 2205.0000000000
8650  -25.116  -56.220  -34.658 2211.0000000000
7531  -61.096  2.551  -50.934 2213.0000000000
9409  -39.583  -65.433  -40.748 2214.0000000000
20671  -10.201  -18.924  -26.705 2219.0000000000
3048  -49.583  -55.645  -34.896 2223.0000000000
2884  -4.902  -37.057  15.493 2234.0000000000
4777  -43.916  25.548  22.495 2241.0000000000
1838  -50.094  -31.369  26.677 2244.0000000000
6477  -4.148  -29.099  16.444 2246.0000000000
6964  -4.825  33.190  49.812 2253.0000000000
6418  -27.197  -27.039  46.736 2258.0000000000
9661  -46.436  -3.752  43.744 2261.0000000000
6965  -3.307  -79.345  6.696 2264.0000000000
11451  -32.726  -6.490  -43.509 2267.0000000000
11450  -32.794  -3.657  25.378 2270.0000000000
10477  0.179  -35.304  40.546 2274.0000000000
12399  -7.634  65.062  -22.322 2280.0000000000
10476  -39.101  -67.528  -4.456 2283.0000000000
16417  0.203  -49.402  -10.149 2295.0000000000
16523  -39.055  -4.168  -51.920 2301.0000000000
3049  -58.675  -1.876  7.782 2312.0000000000
21011  -50.307  31.232  -50.176 2315.0000000000
23081  -49.825  -13.897  -1.305 2330.0000000000
22084  -31.460  35.807  -45.171 2336.0000000000
7745  -25.260  4.692  54.155 2340.0000000000
23082  -51.817  -13.003  -1.950 2344.0000000000
8800  -60.734  19.193  13.190 2346.0000000000
23899  -32.822  33.225  -38.381 2352.0000000000
5866  -52.223  -46.318  17.171 2353.0000000000
25211  -52.613  -46.251  13.667 2354.0000000000
24853  -25.935  -5.054  54.512 2358.0000000000
25434  -31.314  -8.778  -49.277 2361.0000000000
11452  -44.553  -54.907  4.781 2363.0000000000
11514  -36.306  7.872  -7.779 2366.0000000000
10542  -36.357  37.694  -41.621 2370.0000000000
13186  -47.517  -44.998  22.060 2380.0000000000
12400  -8.519  62.257  -23.924 2384.0000000000
14952  -35.269  18.114  -66.838 2387.0000000000
14829  -2.953  48.952  -34.512 2389.0000000000
17785  -1.225  -44.360  21.848 2397.0000000000
27967  -24.247  4.739  -38.610 2401.0000000000
18635  -43.259  -21.858  5.394 2402.0000000000
21956  -48.111  14.909  -37.393 2406.0000000000
21012  -50.458  30.681  -52.610 2410.0000000000
21957  -54.318  -56.629  -4.746 2417.0000000000
22291  -62.195  3.840  18.430 2425.0000000000
24129  -11.131  -5.110  -32.372 2436.0000000000
23828  -11.271  -20.097  -14.531 2441.0000000000
25187  -29.263  -7.606  -48.540 2447.0000000000
25210  -57.508  -22.861  -33.353 2454.0000000000
3719  -7.912  -63.948  -34.626 2462.0000000000
10478  -0.142  -35.733  38.507 2464.0000000000
10513  -25.561  16.212  -30.907 2468.0000000000
13301  -39.006  -1.115  -17.864 2476.0000000000
16418  -0.754  -46.721  -10.597 2484.0000000000
22055  -32.321  12.775  39.362 2507.0000000000
12763  -47.230  -8.232  -24.973 2508.0000000000
23080  -19.005  44.681  41.755 2514.0000000000
23900  -34.581  -12.329  51.575 2524.0000000000
23120  -14.551  -34.081  -21.483 2532.0000000000
24854  -1.113  60.264  -9.644 2537.0000000000
23909  -46.020  -19.832  -3.012 2539.0000000000
27637  -52.669  -54.491  -16.170 2542.0000000000
25435  -7.927  -24.743  32.423 2543.0000000000
17865  -42.666  -43.734  -27.952 2548.0000000000
29689  -24.932  -67.973  -38.041 2552.0000000000
20473  -45.614  3.400  -60.938 2553.0000000000
25869  -34.857  -19.805  51.409 2555.0000000000
26039  -7.510  -56.170  23.325 2558.0000000000
3717  -53.053  -36.474  32.932 2559.0000000000
3718  -55.566  -36.126  29.168 2561.0000000000
22478  -5.704  20.415  -32.724 2571.0000000000
4182  -7.803  -57.933  -31.653 2573.0000000000
2832  -57.598  11.236  -27.868 2577.0000000000
2831  -52.654  -12.285  24.663 2582.0000000000
18663  -20.804  -70.011  5.012 2584.0000000000
5626  -56.021  40.402  3.578 2588.0000000000
9165  -37.596  -50.885  -14.941 2592.0000000000
25839  -56.392  -0.083  1.820 2594.0000000000
8105  -21.194  46.440  39.014 2599.0000000000
11003  -0.300  -39.525  41.059 2605.0000000000
27467  -2.278  -53.342  -20.703 2610.0000000000
15760  -4.642  -54.515  41.347 2615.0000000000
15889  -41.727  4.066  -9.893 2617.0000000000
27784  -16.734  -7.641  53.899 2621.0000000000
27808  -41.335  23.780  -17.803 2623.0000000000
17919  -0.680  39.318  -33.926 2638.0000000000
19885  -23.157  58.144  24.256 2643.0000000000
20472  -46.252  2.846  -7.220 2645.0000000000
21571  -5.974  69.105  -45.760 2654.0000000000
4040  -39.811  -11.477  -4.789 2659.0000000000
4041  -37.011  -67.799  -16.555 2669.0000000000
2830  -46.432  10.233  -18.887 2672.0000000000
4183  -32.273  -10.393  -31.039 2674.0000000000
8006  -40.323  17.254  30.137 2676.0000000000
9166  -39.072  -49.534  -15.869 2681.0000000000
13602  -1.259  36.347  29.558 2695.0000000000
1317  -37.679  -3.224  17.216 2696.0000000000
15946  -58.836  -48.930  -9.179 2704.0000000000
4275  -54.185  -32.936  -10.911 2706.0000000000
4312  -14.693  10.944  49.840 2709.0000000000
4497  -47.475  -51.459  -38.280 2711.0000000000
1911  -36.195  -4.356  -2.314 2714.0000000000
7052  -37.514  14.992  32.028 2722.0000000000
7615  -43.511  -35.644  -26.581 2733.0000000000
20316  -31.818  -68.563  -12.351 2734.0000000000
20471  -32.248  80.262  -14.330 2736.0000000000
10484  -35.970  -62.585  -6.036 2739.0000000000
21772  1.354  -5.162  -28.320 2742.0000000000
24190  -36.575  34.715  -38.993 2744.0000000000
3865  -64.123  -10.296  16.778 2747.0000000000
3866  -23.322  -3.914  -35.899 2749.0000000000
29424  -43.218  1.889  28.072 2756.0000000000
5627  -42.626  -18.680  -38.664 2760.0000000000
9193  -22.568  -48.413  44.611 2763.0000000000
8104  -38.786  11.604  -2.255 2766.0000000000
13355  -10.276  5.205  24.316 2768.0000000000
4318  -9.683  9.422  49.610 2773.0000000000
1912  -38.302  -1.831  -3.017 2781.0000000000
1491  -23.561  20.567  -67.048 2784.0000000000
4276  -52.303  -32.750  -9.648 2786.0000000000
1319  -34.387  -2.750  19.082 2794.0000000000
6108  -13.651  -32.386  57.477 2799.0000000000
5836  -21.442  -83.390  -5.950 2802.0000000000
3831  -31.068  -24.526  -19.504 2811.0000000000
11091  -54.302  26.420  2.517 2816.0000000000
7014  -42.538  -60.393  -27.372 2819.0000000000
7440  -12.514  43.512  -38.956 2826.0000000000
9703  -14.783  -41.853  37.158 2829.0000000000
12516  -17.635  5.722  -33.526 2831.0000000000
16168  -15.805  39.104  -44.516 2832.0000000000
26254  -26.462  -15.902  52.719 2839.0000000000
29484  -58.866  -0.945  -5.518 2842.0000000000
29526  -38.087  24.972  7.518 2844.0000000000
26253  -34.549  38.706  -58.855 2846.0000000000
26276  -56.876  27.588  1.292 2848.0000000000
29555  -25.282  -12.091  38.271 2852.0000000000
1318  -34.797  -3.407  19.131 2860.0000000000
4274  -48.741  11.922  -15.424 2864.0000000000
4498  -43.195  -55.218  -38.181 2879.0000000000
1913  -5.953  58.403  -31.182 2884.0000000000
1492  -43.922  -57.254  12.809 2886.0000000000
1490  -48.427  55.354  1.332 2888.0000000000
3832  -32.327  -24.732  -21.303 2893.0000000000
7439  -11.793  46.672  -39.998 2899.0000000000
6831  -28.727  9.179  29.788 2907.0000000000
7131  -7.730  -35.033  13.117 2909.0000000000
7438  -22.544  44.173  -33.718 2912.0000000000
6830  -9.107  -40.001  17.960 2914.0000000000
8715  -23.373  6.926  52.260 2915.0000000000
8776  2.349  -20.947  -2.167 2916.0000000000
16139  -37.407  -73.755  -7.248 2923.0000000000
26190  -8.339  -56.680  27.383 2924.0000000000
26191  -6.510  56.995  -45.987 2928.0000000000
29524  -15.945  64.334  26.908 2929.0000000000
26744  -36.753  24.730  21.089 2930.0000000000
133  -21.433  -23.954  -35.575 2934.0000000000
134  -21.684  -23.105  -37.038 2936.0000000000
2438  -16.685  56.723  -41.777 2937.0000000000
5589  -55.244  42.315  3.837 2945.0000000000
27780  -7.953  42.367  7.784 2949.0000000000
6541  -48.094  -11.215  30.371 2952.0000000000
8364  -0.780  70.230  -8.086 2954.0000000000
9269  -46.258  -39.148  -40.124 2961.0000000000
7908  -59.578  10.540  20.096 2971.0000000000
10884  -9.567  -25.625  -23.573 2975.0000000000
3833  -26.590  -52.947  5.837 2980.0000000000
7015  -41.172  -59.542  -26.709 2984.0000000000
15072  -61.876  0.090  -45.380 2992.0000000000
10414  -37.985  -37.789  38.925 2993.0000000000
17244  -54.279  26.379  -42.040 3001.0000000000
10671  -41.437  0.356  32.027 3002.0000000000
14234  -1.962  -48.963  -19.268 3004.0000000000
18425  -1.599  -32.833  18.271 3007.0000000000
26745  -11.290  -32.836  23.353 3015.0000000000
132  -0.106  25.145  -18.038 3020.0000000000
3878  -60.017  0.095  18.990 3024.0000000000
4462  -30.040  7.837  -63.887 3029.0000000000
8365  -0.655  70.192  -9.547 3033.0000000000
8509  -46.854  -67.474  -12.064 3037.0000000000
9133  -56.498  -19.026  19.514 3039.0000000000
8366  -61.132  6.932  -25.847 3049.0000000000
10883  -0.100  -0.825  29.296 3054.0000000000
12109  -47.900  -45.013  -20.615 3059.0000000000
12963  -52.324  -60.703  -11.657 3062.0000000000
8581  -47.482  -42.295  -38.509 3067.0000000000
14014  -4.835  50.757  6.671 3069.0000000000
14966  -34.768  -77.427  -10.503 3070.0000000000
16613  -19.475  -49.310  31.798 3074.0000000000
14992  -8.188  33.467  -37.445 3078.0000000000
17350  -4.120  -77.295  -19.112 3087.0000000000
4228  -17.318  19.325  -52.104 3092.0000000000
15423  -12.257  -44.111  44.472 3093.0000000000
16149  -2.995  -4.531  -37.635 3095.0000000000
26281  -2.843  -38.428  17.614 3096.0000000000
17619  -39.619  42.564  -21.251 3098.0000000000
2546  -45.156  36.830  -36.062 3102.0000000000
2545  -31.699  33.108  -32.528 3103.0000000000
4381  -39.864  -50.708  -14.152 3105.0000000000
6168  -50.386  30.913  14.935 3108.0000000000
2851  -25.904  21.198  -67.454 3112.0000000000
8538  -44.048  -62.079  -0.297 3116.0000000000
9170  -55.565  -21.045  -31.956 3119.0000000000
9385  -7.015  44.237  -31.089 3121.0000000000
8473  -35.499  -2.529  -4.091 3126.0000000000
6204  -29.045  -66.736  2.233 3129.0000000000
12142  -4.358  16.888  -37.323 3132.0000000000
12013  -52.314  -23.018  12.346 3134.0000000000
14905  -35.293  -74.786  -14.238 3143.0000000000
15083  -7.425  73.603  21.818 3150.0000000000
17243  -53.462  24.957  -41.817 3153.0000000000
19182  -51.996  28.466  -20.736 3157.0000000000
19219  -19.994  22.925  -47.649 3158.0000000000
25524  -58.176  25.773  -24.657 3161.0000000000
26894  -38.010  75.986  -26.393 3164.0000000000
26333  -14.132  -61.373  16.585 3166.0000000000
19758  -43.921  58.139  -3.707 3168.0000000000
21555  -42.727  -36.032  -32.929 3171.0000000000
22845  -51.689  -32.706  17.009 3172.0000000000
16752  -62.817  -3.916  -1.564 3179.0000000000
17792  -64.401  -39.015  -14.475 3189.0000000000
2852  -48.952  -2.980  16.803 3196.0000000000
6545  -25.198  7.858  -65.205 3200.0000000000
2850  -49.558  -57.669  -31.828 3205.0000000000
7650  -56.685  39.245  -5.987 3217.0000000000
23502  -40.777  -10.855  -37.909 3219.0000000000
24503  -23.048  58.696  -32.740 3231.0000000000
13820  -6.826  -66.133  -30.403 3237.0000000000
15401  -0.412  20.473  45.298 3244.0000000000
17866  -42.595  -42.599  -27.744 3253.0000000000
20252  -7.660  -15.250  24.067 3257.0000000000
23925  -48.182  -18.512  -0.518 3259.0000000000
15343  -0.493  -37.103  14.565 3261.0000000000
15292  -30.575  -49.654  36.921 3262.0000000000
15424  -2.557  -37.525  15.815 3264.0000000000
16720  -23.421  -66.725  -27.538 3266.0000000000
17620  -36.156  48.962  -36.287 3271.0000000000
18757  -39.412  16.886  -35.850 3275.0000000000
19616  -29.078  2.145  -48.375 3276.0000000000
20723  -28.745  77.746  -13.860 3281.0000000000
6396  -46.184  25.611  12.134 3286.0000000000
6546  -22.699  -35.086  -27.118 3288.0000000000
6625  -63.360  1.631  11.796 3290.0000000000
6395  -40.448  -2.348  15.998 3296.0000000000
5594  -65.485  7.883  -37.910 3305.0000000000
7669  -36.030  -3.740  -32.896 3308.0000000000
8913  0.840  -6.585  5.894 3310.0000000000
5103  -46.001  24.562  22.343 3313.0000000000
5596  -15.748  -40.294  -14.486 3317.0000000000
7276  -28.742  -68.835  21.819 3320.0000000000
5189  -19.687  -17.786  48.973 3323.0000000000
13644  -30.089  47.346  33.544 3324.0000000000
13645  -29.827  45.490  35.130 3329.0000000000
15376  -16.317  23.731  -40.892 3333.0000000000
17867  -41.966  -11.131  48.156 3334.0000000000
15845  -47.249  17.937  18.921 3337.0000000000
17656  -24.405  82.590  -16.667 3339.0000000000
18282  -67.793  -18.203  -7.388 3347.0000000000
21487  -15.707  12.001  -36.857 3355.0000000000
21488  -32.348  -11.436  -0.374 3356.0000000000
21781  -54.378  -34.790  -5.956 3357.0000000000
21793  -35.973  78.501  -13.135 3359.0000000000
21489  -45.753  14.404  -51.301 3361.0000000000
22126  -40.494  16.768  39.516 3365.0000000000
1941  -44.423  -17.357  -41.989 3367.0000000000
23945  -42.701  8.760  -19.326 3369.0000000000
3484  -39.674  0.491  -20.534 3372.0000000000
6634  -9.554  -61.817  10.617 3379.0000000000
2908  -35.988  -28.406  28.807 3389.0000000000
6397  -2.411  -52.509  40.089 3391.0000000000
6547  -5.439  -62.674  -12.195 3394.0000000000
1103  -30.799  -40.584  -37.088 3396.0000000000
6226  -14.818  78.337  6.525 3398.0000000000
8912  -0.061  -6.464  6.281 3400.0000000000
4063  -24.892  -39.454  -35.399 3411.0000000000
13819  0.428  46.613  17.605 3422.0000000000
10091  -24.526  -50.715  -27.407 3424.0000000000
12238  -53.613  -25.994  7.180 3426.0000000000
13786  -61.194  -3.511  3.454 3428.0000000000
19637  -10.149  54.598  2.639 3432.0000000000
18433  -12.608  25.443  49.911 3438.0000000000
15246  -4.487  -73.129  -0.926 3440.0000000000
18283  -67.708  -19.655  -9.418 3442.0000000000
18310  -40.544  19.833  -13.476 3444.0000000000
18849  -50.952  -61.098  -2.235 3450.0000000000
20742  -11.173  -18.886  60.361 3452.0000000000
22401  -30.765  -49.009  30.261 3455.0000000000
21780  -10.835  -69.625  -38.427 3458.0000000000
22781  -25.785  -55.725  32.516 3460.0000000000
22849  -28.573  -50.725  38.375 3467.0000000000
22666  -0.259  20.728  21.910 3468.0000000000
4433  -25.376  67.373  2.439 3475.0000000000
1940  -44.617  -18.571  -42.259 3477.0000000000
24443  -27.099  0.031  55.167 3478.0000000000
25614  -14.428  -83.008  -37.074 3490.0000000000
26419  -64.423  -32.949  -24.434 3494.0000000000
2622  -52.416  18.324  30.223 3500.0000000000
1104  -30.654  -42.452  -36.692 3504.0000000000
2623  -6.873  -65.097  -31.730 3509.0000000000
10145  -44.590  46.249  21.369 3512.0000000000
5102  -27.511  -44.796  -27.642 3518.0000000000
5190  -10.005  -88.043  -26.605 3524.0000000000
10090  -63.728  -23.329  -40.897 3530.0000000000
12237  -52.916  -25.012  7.842 3531.0000000000
12061  -35.528  -66.801  -6.307 3533.0000000000
12236  -31.241  17.289  45.654 3539.0000000000
13787  -60.572  -4.231  4.651 3541.0000000000
18281  -43.765  -20.586  34.768 3555.0000000000
20769  -2.828  61.096  -27.287 3562.0000000000
29308  -44.745  -49.401  -24.864 3564.0000000000
25  -31.955  57.071  20.908 3566.0000000000
26  -34.276  55.391  21.924 3568.0000000000
524  -10.716  -51.584  5.702 3577.0000000000
3021  -22.251  -38.367  28.999 3585.0000000000
25171  -65.434  -30.386  2.105 3590.0000000000
3483  -38.621  -0.767  -20.847 3592.0000000000
6636  -27.094  53.903  13.674 3597.0000000000
1102  -31.413  -43.084  -36.434 3603.0000000000
2621  -53.728  15.092  30.150 3607.0000000000
8585  -44.608  14.362  -26.971 3613.0000000000
4064  -23.389  -40.833  -34.654 3622.0000000000
7277  -2.317  -62.977  1.071 3632.0000000000
12972  -12.945  -55.840  43.902 3636.0000000000
10092  -25.319  -49.364  -27.302 3642.0000000000
14657  -26.057  -49.561  11.165 3649.0000000000
17748  -38.337  -72.545  -16.108 3654.0000000000
18358  -9.090  43.439  44.404 3655.0000000000
20578  -28.071  -7.608  -33.984 3659.0000000000
19736  -33.348  -71.588  -11.044 3662.0000000000
18848  -54.388  23.614  -39.661 3665.0000000000
20691  -20.435  -59.279  34.549 3666.0000000000
23636  1.583  19.690  -8.611 3667.0000000000
23676  -26.837  -11.846  -45.240 3669.0000000000
2181  -53.723  8.581  -31.917 3673.0000000000
21462  -41.199  -29.328  -36.710 3675.0000000000
23021  -12.681  -23.829  27.142 3677.0000000000
1942  -59.052  16.272  -31.168 3681.0000000000
3485  -39.594  2.656  -22.579 3693.0000000000
3022  -40.999  10.087  -14.540 3697.0000000000
6635  -29.839  -32.695  -25.981 3703.0000000000
7097  -38.717  -60.607  -30.248 3706.0000000000
9112  -3.137  -8.218  8.388 3713.0000000000
9323  -60.891  -20.517  -31.172 3715.0000000000
8405  -41.376  1.476  14.032 3717.0000000000
5104  -43.520  24.386  21.152 3726.0000000000
11232  -8.720  -23.781  14.364 3734.0000000000
14689  -1.883  -27.675  -4.294 3746.0000000000
16515  -48.490  -32.749  0.185 3747.0000000000
18854  -42.465  27.954  30.102 3751.0000000000
20645  -0.692  23.987  24.731 3756.0000000000
20648  -22.587  -44.721  32.469 3758.0000000000
22382  -30.529  -25.995  -31.420 3762.0000000000
21846  -49.375  -7.675  -49.772 3763.0000000000
23635  -6.147  -56.548  -5.746 3766.0000000000
23263  0.013  -30.203  38.460 3771.0000000000
22836  -1.226  75.839  -27.944 3772.0000000000
2182  -13.572  6.917  58.196 3777.0000000000
25987  -65.210  -21.990  -38.506 3780.0000000000
2004  -15.916  -73.662  12.736 3781.0000000000
10502  -22.866  41.315  22.904 3782.0000000000
24  -33.298  54.269  21.478 3786.0000000000
94  -34.679  -70.000  -16.040 3788.0000000000
4434  -25.707  65.887  2.214 3798.0000000000
5961  -28.307  -59.687  2.074 3804.0000000000
7096  -59.529  15.278  9.148 3809.0000000000
8586  -43.635  -4.596  44.781 3814.0000000000
9113  -27.899  55.490  28.545 3821.0000000000
10144  -43.409  47.505  21.500 3824.0000000000
2636  -64.720  -33.054  -31.285 3832.0000000000
13648  -8.818  -10.004  57.881 3840.0000000000
14718  -3.038  -24.982  16.720 3843.0000000000
14626  -24.641  -49.597  10.545 3844.0000000000
16831  -26.417  2.374  -32.093 3848.0000000000
20310  -32.808  80.131  -12.708 3852.0000000000
809  -27.939  50.374  13.112 3863.0000000000
24820  -43.357  33.611  -56.664 3868.0000000000
941  -67.009  4.690  -31.273 3872.0000000000
808  0.028  -12.970  31.753 3878.0000000000
25061  -30.984  48.247  19.848 3882.0000000000
10501  -23.286  41.730  22.028 3883.0000000000
11534  -46.328  -27.042  -47.146 3887.0000000000
6000  -23.624  71.649  -13.836 3889.0000000000
26465  -43.100  35.823  -28.186 3891.0000000000
6269  -56.627  -23.160  -16.623 3892.0000000000
6734  -22.322  63.946  11.815 3903.0000000000
8589  -18.060  -56.149  -32.603 3911.0000000000
9403  -42.021  34.859  11.128 3913.0000000000
10652  -49.865  -46.175  -3.683 3916.0000000000
11625  -2.545  -63.092  0.257 3920.0000000000
11697  -9.051  14.920  22.090 3922.0000000000
11698  -9.504  14.064  22.830 3928.0000000000
1123  -48.818  -10.120  24.828 3931.0000000000
13170  -58.959  -6.254  -37.976 3934.0000000000
13921  -64.624  -4.447  0.368 3938.0000000000
2637  -27.498  -24.971  40.514 3940.0000000000
6043  -29.667  -21.756  21.643 3943.0000000000
5930  -59.433  -33.811  22.294 3949.0000000000
17595  -25.091  -61.912  10.153 3951.0000000000
6045  -14.004  -48.330  5.632 3952.0000000000
20649  -21.382  -45.025  31.310 3962.0000000000
23314  -23.439  -71.901  17.017 3965.0000000000
810  -27.572  47.082  12.340 3967.0000000000
25767  -42.222  4.995  -12.809 3978.0000000000
5238  -62.284  -39.882  5.245 3981.0000000000
2183  -9.911  4.631  58.958 3982.0000000000
24832  -23.790  68.646  -9.231 3983.0000000000
5239  -63.040  -36.572  9.917 3988.0000000000
10500  -31.477  76.505  -3.068 3992.0000000000
5962  -3.125  52.036  -48.500 4003.0000000000
26464  -28.930  9.548  43.585 4005.0000000000
7606  -39.111  38.472  -39.366 4008.0000000000
6270  1.191  27.218  -3.366 4013.0000000000
8590  0.463  -31.546  11.974 4015.0000000000
8698  -19.654  18.384  -59.194 4016.0000000000
27539  -3.179  38.622  46.859 4023.0000000000
8826  -42.583  37.233  -17.541 4024.0000000000
10653  -4.374  85.656  -14.947 4027.0000000000
1124  -15.253  -10.263  46.416 4030.0000000000
1343  -28.324  8.613  -41.412 4032.0000000000
13122  -53.934  -45.563  -7.402 4035.0000000000
2638  -26.970  63.286  18.332 4038.0000000000
7855  -8.637  52.285  -28.909 4051.0000000000
14784  -11.576  -14.557  -23.640 4055.0000000000
17702  -2.921  65.538  4.658 4058.0000000000
14783  -29.746  37.561  -45.140 4059.0000000000
9854  -39.046  32.872  11.442 4063.0000000000
20627  -55.674  22.963  -50.958 4064.0000000000
17031  -40.833  54.842  -8.967 4067.0000000000
1129  -53.668  -33.248  15.276 4068.0000000000
21784  -5.728  52.874  3.909 4072.0000000000
23264  -7.767  -61.982  30.787 4073.0000000000
20286  -9.875  -19.617  -25.730 4074.0000000000
4959  0.323  41.574  16.550 4076.0000000000
23397  -25.515  -42.408  -17.086 4077.0000000000
23440  -67.823  -17.085  -27.553 4084.0000000000
20141  -27.455  -8.736  -32.909 4086.0000000000
4961  -7.456  -66.944  23.275 4088.0000000000
4960  -0.153  41.874  15.020 4094.0000000000
25702  -20.617  36.358  31.392 4097.0000000000
11663  0.266  44.171  3.369 4099.0000000000
13319  -4.723  -73.469  16.416 4105.0000000000
19273  -12.827  -83.136  2.809 4112.0000000000
19275  0.146  -11.926  42.779 4114.0000000000
19622  -66.242  -32.859  -12.228 4120.0000000000
27365  -7.093  -42.817  -10.393 4126.0000000000
12981  -15.345  -39.791  37.477 4130.0000000000
1344  -27.527  9.520  -41.970 4140.0000000000
23682  -41.318  -67.109  -15.177 4144.0000000000
6044  -42.788  29.359  -21.065 4150.0000000000
19028  -56.101  12.910  26.713 4178.0000000000
5121  -11.092  -67.372  23.751 4186.0000000000
21500  -9.251  -16.004  23.122 4188.0000000000
5237  -12.545  -69.067  24.754 4196.0000000000
26246  -4.521  86.969  -27.744 4210.0000000000
18697  -5.862  -27.688  52.120 4211.0000000000
19323  -28.822  -16.487  -21.328 4217.0000000000
19274  -44.426  -43.736  17.572 4226.0000000000
20652  -33.732  -14.497  -25.407 4232.0000000000
12980  -25.112  9.568  39.915 4235.0000000000
21354  -21.427  4.934  43.880 4238.0000000000
1125  -13.860  -10.461  49.100 4240.0000000000
1342  -48.396  8.009  -34.226 4243.0000000000
1186  -3.680  -33.091  51.106 4245.0000000000
5929  -29.044  -61.223  -38.258 4260.0000000000
7997  -16.153  70.778  -38.107 4266.0000000000
9787  -18.339  25.880  32.013 4270.0000000000
14785  -10.922  -13.213  -24.656 4272.0000000000
14850  -59.740  -39.588  -2.292 4278.0000000000
1130  -57.235  -34.259  14.961 4283.0000000000
23134  0.152  -38.378  7.664 4290.0000000000
1294  -56.937  -18.004  -47.376 4297.0000000000
11424  -6.963  69.772  -17.425 4301.0000000000
1295  -11.128  -74.529  17.150 4303.0000000000
25043  -0.926  74.074  -20.209 4305.0000000000
26017  -10.490  86.202  -2.449 4309.0000000000
13598  -26.156  -22.698  37.022 4310.0000000000
10936  0.407  -57.134  5.179 4311.0000000000
10969  -42.776  -26.419  -43.938 4330.0000000000
10968  -63.407  0.084  15.050 4332.0000000000
13478  -53.433  -49.318  -7.047 4334.0000000000
12982  -54.893  -37.167  -44.330 4341.0000000000
21353  -27.442  -53.066  30.812 4343.0000000000
10441  -32.668  11.645  -68.477 4352.0000000000
10443  -28.756  51.704  -33.450 4355.0000000000
16764  -11.577  63.874  -24.754 4357.0000000000
24010  -19.401  -46.621  22.844 4358.0000000000
6603  -31.708  -73.296  10.653 4370.0000000000
1131  -55.315  -33.814  14.940 4378.0000000000
24791  -15.468  -54.117  -13.835 4383.0000000000
25503  -59.397  23.354  -23.445 4389.0000000000
26476  -12.855  -15.516  -27.754 4397.0000000000
11422  -56.543  -47.583  10.469 4399.0000000000
13832  -30.768  -47.190  32.484 4409.0000000000
11423  -55.852  -49.670  11.975 4411.0000000000
12099  -38.511  45.504  28.332 4412.0000000000
7342  -51.952  6.404  -45.410 4413.0000000000
13833  -65.467  4.587  -27.042 4422.0000000000
15041  -57.283  22.172  -30.960 4423.0000000000
18658  -48.465  -44.617  -19.634 4430.0000000000
10993  -48.526  -22.633  -47.018 4433.0000000000
12035  -50.886  -2.891  14.978 4435.0000000000
4132  -44.069  41.022  -35.835 4437.0000000000
12163  -7.087  11.928  20.577 4443.0000000000
14471  -66.270  -31.378  -22.090 4445.0000000000
3915  -0.050  23.806  -25.317 4448.0000000000
9512  -50.460  -25.172  -44.426 4457.0000000000
6309  0.416  43.231  38.816 4460.0000000000
17092  -3.378  -27.127  -9.662 4462.0000000000
10442  -8.966  -10.266  -22.047 4464.0000000000
20447  -22.997  20.930  33.819 4465.0000000000
11710  -18.095  21.271  -64.739 4466.0000000000
22950  -9.387  -73.248  16.055 4467.0000000000
20446  -50.407  -30.817  -45.331 4473.0000000000
22951  -1.298  -12.031  36.772 4478.0000000000
5122  0.802  -69.197  -18.574 4492.0000000000
1354  -27.600  39.892  -11.759 4495.0000000000
24612  -46.385  -32.437  -0.977 4501.0000000000
9366  -42.865  34.042  11.775 4505.0000000000
3990  -55.503  4.926  -28.514 4507.0000000000
12122  -66.724  -18.163  -14.308 4509.0000000000
7341  -53.566  5.940  -43.382 4512.0000000000
7422  -21.174  -20.284  -16.768 4514.0000000000
10299  -17.044  -65.631  31.824 4522.0000000000
12191  -23.939  34.841  26.524 4527.0000000000
3916  -19.173  -53.054  -31.116 4536.0000000000
6192  -9.468  -45.662  -7.267 4542.0000000000
9511  -56.383  -24.660  2.703 4550.0000000000
11842  -3.678  -80.795  -31.569 4562.0000000000
17402  -36.110  36.446  37.600 4567.0000000000
21759  -52.869  -18.922  35.822 4573.0000000000
19465  -34.421  -63.477  26.199 4577.0000000000
24836  -37.575  -71.158  -16.177 4582.0000000000
24610  -51.612  -10.009  -5.046 4584.0000000000
3913  -45.990  -29.883  -7.215 4598.0000000000
7421  -19.453  -85.479  -8.882 4599.0000000000
26753  -9.024  -60.198  -12.382 4601.0000000000
7191  -64.964  7.144  -20.717 4605.0000000000
7423  -16.649  6.655  -50.945 4608.0000000000
6523  -10.508  30.565  -42.196 4610.0000000000
8384  -52.731  -9.048  -20.664 4612.0000000000
27565  -51.458  3.544  35.399 4613.0000000000
6372  -2.937  5.354  -35.752 4617.0000000000
7666  -58.288  -31.883  -25.171 4618.0000000000
8288  -60.072  -43.556  -0.732 4619.0000000000
8358  -3.253  22.660  34.807 4620.0000000000
15527  -22.787  43.530  20.130 4631.0000000000
4032  -40.061  -20.830  3.815 4634.0000000000
4133  -45.419  -69.789  -16.677 4639.0000000000
9225  -45.356  -36.522  -39.742 4648.0000000000
14422  -16.244  -39.689  -16.808 4660.0000000000
26690  -13.334  -14.478  -30.087 4661.0000000000
6604  -30.848  -74.114  8.747 4672.0000000000
22136  1.116  -19.926  -12.168 4674.0000000000
28560  -5.113  -19.014  51.888 4676.0000000000
1296  -13.191  -74.942  15.951 4691.0000000000
26664  -11.652  -60.528  -34.100 4698.0000000000
9152  -52.866  14.314  -9.041 4704.0000000000
7343  -51.992  7.059  -46.103 4705.0000000000
6371  -24.800  -46.032  39.834 4708.0000000000
7665  -56.813  -33.675  -25.946 4709.0000000000
9481  -38.972  -10.160  36.166 4710.0000000000
10158  -55.379  -19.076  -19.769 4711.0000000000
10334  -36.855  -28.901  25.339 4714.0000000000
27396  -33.239  -36.533  23.649 4716.0000000000
28000  -22.546  35.091  36.199 4718.0000000000
11175  -22.747  6.902  50.293 4719.0000000000
13834  -66.747  2.624  -27.461 4723.0000000000
3917  -54.294  -5.318  35.651 4728.0000000000
4031  -40.483  -19.975  4.521 4730.0000000000
3950  -42.662  24.112  21.166 4733.0000000000
836  -36.990  23.765  -62.328 4740.0000000000
9510  -42.894  -4.156  42.382 4743.0000000000
11711  -64.335  -19.058  16.375 4747.0000000000
11843  -61.328  -15.517  27.336 4753.0000000000
17403  -37.023  35.448  37.312 4759.0000000000
6605  -20.659  44.986  -34.054 4765.0000000000
24611  -60.440  -34.018  -25.307 4771.0000000000
24623  -30.334  37.472  -12.743 4778.0000000000
2361  -2.317  76.962  14.667 4779.0000000000
2362  -51.063  36.709  9.436 4783.0000000000
25283  -12.000  83.579  -28.968 4784.0000000000
26322  -55.892  -27.495  7.033 4791.0000000000
27452  -28.838  -72.769  13.295 4805.0000000000
7870  -37.452  -17.779  -47.608 4806.0000000000
27424  -42.992  32.878  33.285 4811.0000000000
29122  -27.327  -32.244  26.115 4812.0000000000
29126  -45.293  32.246  -53.044 4813.0000000000
6821  -43.826  -44.876  -5.391 4815.0000000000
27749  -3.311  -9.951  -11.017 4816.0000000000
28453  -5.043  -40.058  20.572 4821.0000000000
837  -46.125  -25.335  -16.679 4829.0000000000
6792  -58.557  -15.088  -15.957 4831.0000000000
835  -36.580  23.288  -61.023 4838.0000000000
11349  -23.657  14.356  -57.909 4844.0000000000
11348  -23.921  49.906  33.860 4849.0000000000
26384  -0.461  -25.644  3.295 4850.0000000000
13773  -29.934  81.920  -26.747 4856.0000000000
27592  -25.121  -66.963  -28.164 4857.0000000000
28300  -67.273  -16.419  -18.487 4860.0000000000
28540  -14.540  15.445  -42.581 4866.0000000000
19778  -34.063  52.242  -29.537 4869.0000000000
3614  -42.468  -3.509  22.106 4874.0000000000
4923  -5.671  -78.855  10.547 4880.0000000000
5830  -56.542  -18.752  -19.657 4884.0000000000
23064  -58.012  -16.380  13.238 4888.0000000000
29193  -53.007  -45.152  24.522 4892.0000000000
29275  -32.967  -22.075  50.632 4898.0000000000
29286  -53.620  27.107  -12.011 4899.0000000000
9801  -31.458  13.024  -68.385 4903.0000000000
8075  -17.653  -61.783  34.935 4907.0000000000
8931  -44.700  41.870  3.124 4911.0000000000
9800  -37.463  50.551  22.340 4915.0000000000
10878  -68.384  -11.621  -29.012 4918.0000000000
28775  -21.249  -81.672  -6.187 4921.0000000000
21516  -23.667  22.726  31.803 4928.0000000000
21789  -65.726  -23.486  -32.516 4931.0000000000
10308  -52.263  24.861  -4.988 4939.0000000000
11467  -51.733  6.615  -62.054 4943.0000000000
19777  -61.879  -34.333  -25.201 4956.0000000000
19824  -37.711  -27.086  37.745 4965.0000000000
21514  -29.883  47.722  -41.030 4972.0000000000
6820  -46.640  4.867  18.259 4977.0000000000
6969  -20.972  -42.306  -14.665 4987.0000000000
6971  -67.545  -10.219  -7.075 4988.0000000000
6862  -20.839  -78.346  -4.778 4989.0000000000
7868  -6.833  37.227  48.464 4992.0000000000
24278  -46.943  54.704  5.980 4996.0000000000
24175  -47.529  -41.888  -36.767 4997.0000000000
8932  -32.483  -70.745  -10.687 5002.0000000000
8904  -1.141  37.331  -21.549 5003.0000000000
10723  -36.203  65.211  -5.390 5010.0000000000
8930  -1.964  40.039  -23.878 5012.0000000000
10722  -46.236  61.637  -6.146 5016.0000000000
12627  0.130  -20.475  15.609 5020.0000000000
6823  -14.211  -75.512  11.584 5021.0000000000
6791  -53.179  8.773  23.885 5024.0000000000
10307  -35.581  -28.298  27.427 5041.0000000000
13772  -44.691  34.069  -50.879 5046.0000000000
23252  -38.832  13.528  -7.088 5047.0000000000
18459  -0.402  44.264  -6.406 5050.0000000000
19825  -62.229  -30.724  -39.536 5051.0000000000
2363  -51.692  38.930  8.172 5058.0000000000
2424  -42.857  -71.818  -25.991 5061.0000000000
4709  -21.538  56.265  9.659 5069.0000000000
5829  -56.624  -21.196  -18.261 5072.0000000000
6822  -42.299  -42.837  -6.397 5079.0000000000
7869  -6.992  33.373  49.874 5086.0000000000
8038  1.390  19.428  -16.379 5094.0000000000
24176  -17.024  -68.310  3.928 5097.0000000000
9757  -22.863  11.912  30.541 5102.0000000000
24819  -59.338  -44.211  5.054 5105.0000000000
10634  -35.210  -26.619  32.353 5107.0000000000
25092  0.471  27.814  11.333 5110.0000000000
25918  -54.902  38.864  -8.683 5119.0000000000
21608  -53.452  -48.210  -4.003 5127.0000000000
10309  -34.921  -2.654  -11.162 5132.0000000000
11292  -57.090  -49.243  7.437 5135.0000000000
3353  -42.962  -11.125  -40.319 5137.0000000000
21607  -57.484  -20.044  -14.188 5139.0000000000
19826  -0.906  59.153  16.648 5156.0000000000
12817  -58.902  0.186  14.662 5158.0000000000
22503  -34.010  8.259  -58.893 5163.0000000000
22504  -12.303  -14.250  42.287 5169.0000000000
19293  -29.472  26.192  -66.268 5172.0000000000
23065  -56.565  -16.750  13.032 5178.0000000000
6970  -0.947  -13.135  54.128 5183.0000000000
24177  -19.899  -66.037  -32.687 5191.0000000000
24279  -19.448  -6.276  55.013 5195.0000000000
22027  -1.193  26.211  23.088 5206.0000000000
28196  -22.519  -81.149  -3.359 5219.0000000000
27055  -24.440  -2.867  -30.186 5221.0000000000
6790  0.397  -79.346  -4.548 5225.0000000000
2770  -26.587  70.148  3.660 5232.0000000000
14374  -50.951  -7.688  -8.912 5241.0000000000
16776  -0.458  43.947  -37.149 5243.0000000000
15948  -27.020  74.604  -2.795 5248.0000000000
18806  -19.519  23.614  36.268 5256.0000000000
15024  -17.855  84.158  -5.745 5258.0000000000
21591  -32.918  12.770  31.673 5262.0000000000
23160  -40.219  -54.911  29.690 5273.0000000000
23478  -45.636  -52.443  -17.508 5278.0000000000
21057  -24.848  24.099  -39.319 5280.0000000000
21573  -52.022  -17.556  -20.585 5283.0000000000
23848  -51.707  -11.157  21.113 5285.0000000000
24329  -57.665  -30.971  -44.641 5293.0000000000
22612  -38.805  2.997  -61.605 5300.0000000000
18580  -26.216  51.565  -30.079 5306.0000000000
18581  -51.092  25.636  -42.613 5307.0000000000
22028  -27.031  5.107  -33.852 5309.0000000000
22924  -33.365  27.041  8.804 5314.0000000000
23351  -46.492  32.123  -51.329 5317.0000000000
28912  -41.481  2.066  -9.670 5318.0000000000
11900  -22.894  33.778  39.656 5326.0000000000
2771  -27.835  70.112  5.122 5330.0000000000
4111  -4.320  20.054  54.378 5333.0000000000
3412  -39.963  45.771  -35.963 5336.0000000000
15947  -49.577  28.023  22.070 5341.0000000000
6199  -20.977  37.765  22.359 5343.0000000000
3876  -18.218  -57.282  -27.758 5345.0000000000
10122  -7.656  53.938  -5.545 5349.0000000000
7555  -12.772  -51.126  46.741 5358.0000000000
12820  -40.216  -2.436  -10.799 5364.0000000000
18729  -27.019  -40.269  34.035 5367.0000000000
18564  -37.399  -19.826  -47.046 5369.0000000000
19759  -4.525  -50.610  -9.969 5378.0000000000
20451  -54.617  26.925  -36.425 5388.0000000000
20681  -37.341  23.140  12.036 5397.0000000000
21402  -57.656  -33.791  -35.204 5403.0000000000
21085  -62.062  -40.157  -28.810 5409.0000000000
24581  -30.955  59.984  -32.524 5415.0000000000
2769  -26.901  67.788  3.808 5421.0000000000
4110  -3.841  21.962  53.517 5429.0000000000
3873  -54.115  51.150  -14.021 5431.0000000000
8245  -40.300  70.586  -32.653 5440.0000000000
3877  -58.930  -0.817  19.601 5442.0000000000
11681  -12.090  -51.999  -0.243 5446.0000000000
9842  -18.792  -49.443  2.089 5451.0000000000
14097  -56.348  9.442  16.845 5453.0000000000
15591  -53.078  33.472  -19.330 5460.0000000000
13242  -54.119  31.549  -32.694 5464.0000000000
19265  -0.071  20.786  -17.628 5467.0000000000
16353  -2.284  -27.053  -7.846 5474.0000000000
15049  -16.611  -43.570  -6.800 5475.0000000000
20279  -47.970  28.495  9.160 5485.0000000000
20680  -54.592  19.960  -55.134 5496.0000000000
19218  -21.429  53.718  -40.577 5498.0000000000
22364  -52.356  5.785  -31.900 5504.0000000000
3352  -42.891  -9.829  -41.644 5505.0000000000
5460  -25.201  -14.520  -28.787 5514.0000000000
7084  -27.740  73.728  -0.309 5517.0000000000
6091  -15.154  -44.100  52.019 5532.0000000000
11726  -57.933  -6.527  7.527 5542.0000000000
9608  -0.976  -36.721  31.280 5553.0000000000
10698  -42.892  -60.893  17.008 5563.0000000000
17762  -17.265  4.412  -41.014 5567.0000000000
17137  -24.399  64.840  8.827 5568.0000000000
11728  -5.212  -63.286  30.583 5576.0000000000
12410  -14.435  -88.591  -23.681 5579.0000000000
13166  1.295  18.865  0.833 5584.0000000000
3874  -16.137  -57.358  4.409 5588.0000000000
6200  -21.503  39.467  21.510 5596.0000000000
29520  -30.383  -23.275  52.011 5597.0000000000
8244  0.324  -50.961  3.987 5598.0000000000
3934  -7.300  -17.407  29.214 5600.0000000000
4893  -4.164  50.385  -47.777 5605.0000000000
3875  -16.241  -57.079  3.010 5608.0000000000
6110  -18.300  -5.972  -30.444 5613.0000000000
1218  -43.441  -45.736  18.277 5615.0000000000
10004  -6.338  -8.972  22.325 5620.0000000000
12881  -9.360  -10.131  -24.603 5626.0000000000
13243  -54.131  31.192  -33.917 5629.0000000000
9607  -48.981  5.852  18.937 5631.0000000000
9635  -49.197  -2.845  -0.538 5637.0000000000
9671  -2.909  28.137  -41.030 5646.0000000000
10608  -42.749  -22.016  -45.598 5655.0000000000
10762  -0.556  -17.207  41.219 5657.0000000000
11437  -16.751  -14.076  58.333 5658.0000000000
11554  -52.099  -1.224  17.668 5660.0000000000
4894  -36.834  47.593  -32.623 5676.0000000000
29569  -30.312  -68.236  -36.158 5682.0000000000
1261  -43.260  0.729  35.868 5688.0000000000
6090  -11.915  -43.776  52.016 5690.0000000000
5142  -33.059  -2.867  23.158 5698.0000000000
1263  -32.752  23.305  9.810 5700.0000000000
12821  -56.402  27.510  -1.483 5702.0000000000
11757  -1.710  83.278  -4.840 5703.0000000000
14282  -40.716  -3.176  -49.179 5708.0000000000
9734  0.454  16.358  42.523 5721.0000000000
14775  0.221  23.378  31.319 5749.0000000000
28340  -51.995  10.799  -48.146 5753.0000000000
1262  -31.991  24.493  9.071 5756.0000000000
1216  -45.060  -44.899  17.789 5758.0000000000
28341  -0.626  34.849  13.113 5760.0000000000
26401  -9.504  62.376  -27.959 5764.0000000000
1217  -43.959  -43.898  17.173 5768.0000000000
27581  -11.253  79.311  -39.457 5780.0000000000
9634  -52.289  -1.998  0.250 5782.0000000000
9606  -49.445  5.617  17.859 5788.0000000000
21884  -8.873  -56.854  31.752 5791.0000000000
9636  -48.781  -2.663  -1.651 5794.0000000000
10699  0.996  18.484  -17.110 5799.0000000000
11436  -4.023  86.628  -16.059 5803.0000000000
11553  -50.473  -27.342  -46.719 5810.0000000000
11727  -6.512  -63.211  30.249 5811.0000000000
12411  -12.628  -88.694  -23.914 5813.0000000000
12487  -15.508  24.932  -39.896 5816.0000000000
14807  -47.671  -44.759  -33.628 5823.0000000000
26418  -4.343  -35.011  22.797 5827.0000000000
21575  -1.036  81.443  -26.164 5833.0000000000
21872  -12.421  -35.588  -27.436 5834.0000000000
22416  -9.813  -73.974  17.974 5844.0000000000
10097  -0.451  71.875  -10.066 5846.0000000000
10095  -23.817  69.729  -2.409 5850.0000000000
21574  -23.413  76.034  -16.401 5852.0000000000
10061  -38.687  10.438  -29.606 5860.0000000000
23480  -41.556  28.723  -35.655 5870.0000000000
24044  -22.470  -46.455  -15.117 5876.0000000000
12744  -22.263  21.003  41.805 5878.0000000000
21576  -40.062  10.139  -31.764 5886.0000000000
21929  -42.719  -35.844  -34.502 5889.0000000000
10060  -65.132  -13.821  19.976 5899.0000000000
22417  -1.569  -11.748  38.308 5906.0000000000
12556  -19.987  14.861  -63.146 5915.0000000000
23096  -59.309  14.189  17.525 5916.0000000000
14242  -43.144  -60.111  -32.428 5921.0000000000
13642  -20.003  -65.875  -28.151 5925.0000000000
24096  -38.244  31.852  -62.795 5926.0000000000
24135  -7.913  30.985  -39.472 5932.0000000000
14860  -61.437  -30.513  -24.471 5935.0000000000
10062  -57.050  8.064  -48.396 5937.0000000000
10096  -22.287  -18.458  -34.892 5944.0000000000
10928  -14.658  -44.790  -2.103 5949.0000000000
11013  -31.698  61.266  -33.120 5951.0000000000
12555  -43.722  17.607  19.228 5959.0000000000
14244  -67.486  -29.091  -18.909 5962.0000000000
12793  1.526  17.017  -9.343 5964.0000000000
14166  -1.659  83.383  -10.588 5969.0000000000
14243  -67.047  -30.924  -19.533 5971.0000000000
14379  -51.941  19.784  29.744 5973.0000000000
15790  -64.291  -19.130  12.504 5976.0000000000
11858  -63.252  -30.842  -8.923 5981.0000000000
14285  -43.536  24.206  16.292 5996.0000000000
29496  -22.408  -67.067  -29.939 5998.0000000000
14861  -1.231  50.050  -23.478 6004.0000000000
29570  -6.839  58.125  -7.223 6006.0000000000
