#!ascii label  , from subject FreeSurferMNI152_0.2 vox2ras=TkReg
1125
25515  49.913  16.752  34.393 1.0000000000
25609  55.267  34.261  -28.225 2.0000000000
10673  53.003  20.490  -38.135 9.0000000000
25200  43.734  11.424  -31.598 11.0000000000
25198  18.528  -72.575  -25.915 14.0000000000
10672  57.940  16.184  -9.492 22.0000000000
25199  9.489  64.088  -39.724 32.0000000000
27135  53.965  -1.617  20.623 34.0000000000
27055  10.422  -57.087  -20.831 35.0000000000
26897  44.824  -65.656  -15.528 47.0000000000
27574  9.749  -22.879  16.368 48.0000000000
27575  55.419  -14.770  4.129 49.0000000000
26898  33.912  -31.055  36.625 50.0000000000
27021  36.128  -59.495  29.139 67.0000000000
218  38.857  54.696  -31.120 69.0000000000
28668  60.586  28.466  -23.707 71.0000000000
28865  58.644  -46.449  -29.831 85.0000000000
28950  7.097  -34.034  9.816 88.0000000000
19352  44.584  -10.310  -2.761 98.0000000000
17954  21.837  -79.907  -36.355 101.0000000000
17956  23.525  -81.328  -35.109 106.0000000000
19936  65.289  25.104  -8.553 113.0000000000
27992  14.749  -76.652  -31.215 114.0000000000
9516  42.484  12.716  -11.592 128.0000000000
10674  53.074  17.936  -36.642 135.0000000000
21558  40.555  21.387  16.182 140.0000000000
30006  44.533  38.462  6.486 147.0000000000
22549  36.823  -25.048  -42.858 152.0000000000
23834  48.059  -59.579  15.563 165.0000000000
24328  51.470  -62.817  -13.622 166.0000000000
220  2.781  27.715  19.523 178.0000000000
24995  51.918  -5.156  -7.383 184.0000000000
219  50.810  -57.855  10.433 193.0000000000
4319  15.902  32.562  43.113 206.0000000000
9393  3.501  -62.585  13.748 208.0000000000
27031  12.240  -22.541  60.168 214.0000000000
26557  64.932  24.011  8.161 224.0000000000
27552  44.289  -17.220  40.990 229.0000000000
18517  7.975  10.938  53.800 237.0000000000
17955  21.630  -82.675  -34.179 240.0000000000
7023  22.441  -84.286  -5.574 245.0000000000
18089  20.204  -27.467  -23.996 246.0000000000
8046  33.702  79.623  -21.227 262.0000000000
9514  55.901  45.577  9.767 268.0000000000
9079  3.468  84.879  -25.265 274.0000000000
11285  39.266  27.754  -63.632 285.0000000000
13825  2.529  69.341  13.651 295.0000000000
15442  42.118  -46.532  31.983 303.0000000000
14707  2.601  80.248  -10.299 319.0000000000
16337  57.061  13.498  -36.832 323.0000000000
24608  68.415  -25.114  -29.845 329.0000000000
6406  13.893  46.929  -46.061 339.0000000000
6404  62.855  -9.307  7.148 344.0000000000
8595  52.921  56.608  -0.682 350.0000000000
26055  31.172  -17.587  40.700 360.0000000000
12189  47.201  -38.276  -26.084 364.0000000000
13264  26.453  -5.891  -48.042 375.0000000000
12190  18.822  -12.750  50.254 382.0000000000
13338  5.103  42.552  -3.072 393.0000000000
14843  43.416  2.774  -4.365 395.0000000000
17119  28.099  36.738  31.453 403.0000000000
18088  34.483  -6.058  -6.961 406.0000000000
19353  25.377  10.957  -59.816 419.0000000000
7024  28.292  -41.852  48.011 420.0000000000
7025  26.917  -42.780  48.394 430.0000000000
9515  54.978  -36.235  33.736 451.0000000000
10230  7.781  52.843  40.116 464.0000000000
11284  25.970  5.621  39.419 465.0000000000
11405  34.845  -77.738  -6.999 470.0000000000
13824  21.676  -17.471  54.991 476.0000000000
11406  34.434  -77.550  -6.045 477.0000000000
14282  48.043  67.094  -23.379 496.0000000000
24310  42.887  24.438  -62.000 510.0000000000
7674  58.054  25.126  21.260 514.0000000000
7675  58.739  24.029  22.455 521.0000000000
25747  63.211  30.023  -1.524 524.0000000000
6405  12.844  18.185  26.105 531.0000000000
8624  68.126  -28.659  -32.821 539.0000000000
10333  65.088  -36.366  10.350 551.0000000000
10472  51.519  6.479  -11.492 553.0000000000
13265  21.571  -50.527  -33.021 573.0000000000
15293  14.601  -48.193  -27.204 583.0000000000
14844  37.746  -22.017  -42.751 585.0000000000
14957  40.125  -70.939  -21.267 586.0000000000
13535  36.608  10.446  -61.694 595.0000000000
13534  6.466  -8.619  -18.644 597.0000000000
15586  33.058  -46.837  16.860 598.0000000000
18090  6.389  19.558  -29.482 599.0000000000
18310  48.068  -54.186  -1.620 606.0000000000
19137  53.999  28.854  -14.023 607.0000000000
19334  51.059  -25.357  -0.071 615.0000000000
19092  39.081  -69.571  -3.319 633.0000000000
21621  18.167  -25.519  -32.320 635.0000000000
14283  39.232  37.245  -61.978 657.0000000000
23895  61.680  21.879  -35.075 676.0000000000
16930  25.860  31.634  -64.143 691.0000000000
25008  29.591  38.658  -30.192 693.0000000000
7676  60.091  23.185  21.116 714.0000000000
9394  3.503  -64.694  14.328 725.0000000000
10535  55.918  15.258  -32.883 729.0000000000
27353  47.034  25.020  -20.616 744.0000000000
27469  47.324  -20.279  30.055 748.0000000000
27773  27.758  -45.220  28.424 755.0000000000
16294  48.720  16.615  -16.549 767.0000000000
5102  10.937  -82.526  -22.549 774.0000000000
13536  37.021  10.155  -61.088 776.0000000000
15585  32.436  -46.692  17.329 781.0000000000
20924  33.565  -30.777  -26.643 831.0000000000
1884  30.947  -65.878  -38.388 833.0000000000
22627  30.431  -23.439  -40.707 840.0000000000
1885  4.113  -8.643  28.917 841.0000000000
2500  20.885  66.039  25.568 860.0000000000
23894  10.952  -63.351  27.528 864.0000000000
24192  2.662  -2.065  48.269 867.0000000000
28805  51.246  35.522  12.582 880.0000000000
25433  58.819  -20.917  16.966 890.0000000000
28936  47.798  41.292  -44.211 892.0000000000
25748  3.520  28.832  34.809 893.0000000000
25641  26.857  9.210  38.585 897.0000000000
26056  44.993  2.730  20.613 920.0000000000
28937  45.267  42.070  -42.576 922.0000000000
27096  4.688  43.466  16.897 933.0000000000
29415  61.324  32.384  -7.849 945.0000000000
23816  31.523  75.708  -5.161 950.0000000000
24133  39.136  40.117  -21.758 955.0000000000
29528  5.292  25.484  -26.874 956.0000000000
27736  5.728  54.733  6.058 958.0000000000
29684  8.639  -23.064  37.866 964.0000000000
24635  3.894  69.903  -29.009 970.0000000000
28116  61.634  -32.325  20.107 979.0000000000
25611  53.199  34.765  -28.277 987.0000000000
3002  19.844  61.864  16.593 992.0000000000
3062  16.888  24.851  51.047 993.0000000000
27632  68.507  -3.936  -43.162 1004.0000000000
6498  51.132  -7.008  -27.515 1005.0000000000
5069  16.850  26.500  -38.106 1006.0000000000
15587  32.448  -45.534  15.218 1013.0000000000
8236  60.299  -8.238  -19.248 1026.0000000000
16297  13.784  52.195  7.258 1034.0000000000
9245  31.908  -33.444  52.368 1036.0000000000
2499  4.343  -0.722  9.279 1057.0000000000
6776  9.712  12.867  -33.382 1082.0000000000
24456  3.402  71.385  -8.940 1083.0000000000
24625  44.299  3.703  -59.682 1084.0000000000
11451  15.618  27.189  48.511 1086.0000000000
5613  32.663  36.604  -27.457 1087.0000000000
12366  31.435  -49.192  12.679 1096.0000000000
13118  27.579  36.137  34.698 1100.0000000000
19190  42.248  -60.646  23.165 1103.0000000000
19019  14.107  -39.777  -26.042 1111.0000000000
20739  3.708  53.120  -18.285 1116.0000000000
21446  13.497  -56.153  -3.915 1117.0000000000
20985  25.658  -1.039  56.314 1122.0000000000
7642  4.539  70.458  22.404 1140.0000000000
22068  6.252  -40.136  45.343 1144.0000000000
23452  40.057  -6.187  32.447 1153.0000000000
7641  4.840  70.038  24.114 1156.0000000000
24063  40.637  44.276  22.293 1163.0000000000
9139  49.431  -19.015  -13.618 1176.0000000000
24616  47.486  -64.029  -13.849 1187.0000000000
9990  30.532  73.081  -7.691 1189.0000000000
25673  47.303  36.904  -17.733 1193.0000000000
12486  45.220  69.771  -3.956 1204.0000000000
3000  20.069  62.409  16.600 1208.0000000000
3001  20.912  60.771  16.731 1209.0000000000
5068  16.031  26.155  -38.482 1210.0000000000
5035  69.304  -22.743  7.914 1215.0000000000
5033  68.981  -22.698  10.452 1227.0000000000
8235  65.629  -14.104  -36.076 1236.0000000000
11129  10.476  7.589  21.029 1252.0000000000
11314  65.183  -17.517  -14.447 1264.0000000000
12829  3.445  -10.350  26.546 1268.0000000000
16730  50.856  -31.489  -38.315 1289.0000000000
19189  60.257  -7.922  -21.832 1310.0000000000
5791  57.995  -46.103  12.035 1328.0000000000
5790  58.370  -47.480  11.976 1334.0000000000
7849  38.484  38.973  -10.822 1342.0000000000
7848  12.305  -80.680  1.211 1354.0000000000
23106  11.396  72.223  -19.333 1366.0000000000
11349  21.257  -30.560  48.877 1376.0000000000
25697  44.379  4.488  -61.702 1379.0000000000
12666  30.806  -44.225  -13.592 1380.0000000000
14172  23.332  -58.551  -31.917 1394.0000000000
14203  35.405  -46.335  34.018 1396.0000000000
15005  39.249  57.769  -37.385 1398.0000000000
5034  69.057  -24.885  6.133 1405.0000000000
18711  26.447  -53.618  -13.324 1424.0000000000
9244  46.226  72.116  -28.013 1435.0000000000
11313  44.800  35.005  8.025 1456.0000000000
1883  47.477  -11.895  31.086 1467.0000000000
19060  54.425  -56.560  -25.455 1475.0000000000
6777  67.323  15.926  -6.900 1482.0000000000
10609  57.152  49.769  0.178 1486.0000000000
11450  10.725  57.413  -43.370 1497.0000000000
11673  42.399  -69.806  -36.403 1498.0000000000
13119  41.717  9.411  -6.089 1511.0000000000
16750  56.124  -37.209  3.702 1514.0000000000
17873  17.639  -12.587  20.295 1525.0000000000
7888  12.641  -16.341  60.726 1543.0000000000
7742  12.060  53.019  -0.019 1544.0000000000
9138  58.113  7.868  -49.479 1550.0000000000
12895  22.816  84.232  -10.496 1554.0000000000
9991  42.005  -16.469  26.858 1558.0000000000
12665  30.206  -43.479  -12.826 1574.0000000000
12487  24.080  -18.975  54.694 1582.0000000000
14173  46.031  -56.511  -2.595 1590.0000000000
4660  29.827  -40.367  -16.637 1591.0000000000
7215  11.160  -80.327  2.791 1595.0000000000
7216  37.005  -12.567  0.560 1602.0000000000
6685  48.119  -50.463  -19.646 1607.0000000000
7925  42.133  40.857  1.252 1613.0000000000
21128  48.541  14.331  -66.546 1624.0000000000
22275  26.938  -39.632  -14.870 1633.0000000000
24469  9.037  -74.060  -17.312 1648.0000000000
1674  5.923  68.535  -45.988 1653.0000000000
1673  27.379  67.333  21.399 1670.0000000000
6775  11.453  10.938  -33.276 1689.0000000000
8727  26.064  -56.743  -25.032 1690.0000000000
9449  14.685  57.419  -1.264 1692.0000000000
10777  40.581  71.002  -33.828 1702.0000000000
12364  67.430  -1.441  -42.559 1708.0000000000
10639  1.695  15.100  2.207 1712.0000000000
12365  68.233  -2.367  -43.151 1715.0000000000
5792  41.219  -19.338  -47.242 1736.0000000000
7850  27.375  -73.484  -37.357 1743.0000000000
12664  20.297  66.921  -38.748 1760.0000000000
13380  9.943  64.474  -39.731 1765.0000000000
14826  59.479  -31.849  10.938 1770.0000000000
24092  51.813  19.711  -61.746 1775.0000000000
15721  8.200  37.530  47.876 1788.0000000000
9612  29.228  -34.725  -36.667 1802.0000000000
10612  61.154  -1.642  -42.435 1814.0000000000
11574  10.636  -44.457  38.102 1821.0000000000
13482  13.624  62.133  -8.707 1827.0000000000
24468  53.620  -15.453  7.101 1836.0000000000
14174  41.523  -60.191  -15.308 1840.0000000000
15565  40.693  48.984  -18.203 1848.0000000000
1672  12.707  -23.768  48.747 1875.0000000000
19259  25.221  18.432  -32.575 1893.0000000000
8726  39.434  -29.581  34.352 1894.0000000000
8728  15.349  -24.530  29.885 1901.0000000000
24695  15.030  47.047  40.166 1922.0000000000
17874  51.662  10.036  -49.180 1942.0000000000
21734  38.235  -30.536  29.202 1949.0000000000
28050  10.421  89.413  -14.148 1968.0000000000
22963  42.741  -72.182  -20.958 1971.0000000000
6617  54.168  34.951  23.908 1973.0000000000
24392  50.470  -39.977  5.008 1987.0000000000
24701  43.327  52.835  -3.316 1992.0000000000
1783  31.050  -38.146  -10.725 1995.0000000000
3193  46.428  2.756  -48.833 2008.0000000000
6684  40.859  -0.431  -16.781 2014.0000000000
4661  33.692  -80.696  -16.791 2018.0000000000
9613  31.635  -7.908  30.773 2024.0000000000
9614  23.536  -33.689  51.242 2025.0000000000
7926  24.450  -37.624  -33.195 2028.0000000000
18392  36.939  -50.948  -33.284 2069.0000000000
21070  40.644  21.480  -9.865 2078.0000000000
21648  15.816  -52.727  32.134 2084.0000000000
21071  25.174  59.479  22.783 2086.0000000000
23745  32.524  -56.915  18.356 2091.0000000000
23860  3.862  -11.370  36.418 2105.0000000000
27528  32.183  76.332  -4.070 2127.0000000000
25816  53.598  1.538  -4.933 2136.0000000000
28831  3.038  -34.822  25.750 2144.0000000000
28842  17.279  11.697  -46.663 2152.0000000000
29416  8.304  -6.290  23.730 2158.0000000000
24005  63.364  11.402  -14.122 2162.0000000000
26690  3.967  71.884  -17.109 2163.0000000000
29518  61.383  32.784  -9.681 2166.0000000000
23451  67.088  -33.690  -0.336 2169.0000000000
29603  21.136  26.134  -43.434 2178.0000000000
2947  49.963  -47.176  -4.668 2193.0000000000
1782  29.206  -37.469  -14.926 2196.0000000000
1784  29.629  -37.109  -13.298 2202.0000000000
2885  52.066  0.875  -29.645 2204.0000000000
975  46.257  -20.917  -14.404 2205.0000000000
13879  55.846  -46.475  -37.751 2208.0000000000
5134  58.239  24.788  -20.742 2211.0000000000
4659  28.768  -43.822  -16.065 2213.0000000000
13295  57.342  -25.242  -0.917 2215.0000000000
9668  24.645  -43.867  2.220 2227.0000000000
14077  45.068  18.615  16.798 2229.0000000000
7927  25.474  -38.038  -34.297 2231.0000000000
12989  7.925  -56.516  -23.995 2235.0000000000
9754  9.243  32.103  -40.796 2243.0000000000
11575  4.893  -9.841  8.598 2249.0000000000
13481  17.542  -50.581  11.605 2262.0000000000
13990  2.653  18.870  15.736 2266.0000000000
14199  30.251  -7.381  -46.159 2268.0000000000
15824  8.103  -56.839  12.507 2279.0000000000
18393  4.135  1.633  -4.693 2287.0000000000
19059  1.541  47.838  -11.590 2292.0000000000
24682  56.544  -31.628  -46.052 2298.0000000000
21085  67.632  14.304  -0.287 2300.0000000000
21072  23.803  60.523  21.741 2307.0000000000
21649  26.855  4.266  -33.650 2318.0000000000
18155  46.966  -24.258  41.617 2328.0000000000
24258  32.079  57.118  7.652 2329.0000000000
25421  46.127  -61.638  -14.240 2336.0000000000
27324  55.699  -12.884  -1.133 2342.0000000000
27527  33.814  77.153  -2.007 2344.0000000000
2699  38.145  11.296  -24.526 2354.0000000000
28832  34.692  -57.589  24.957 2359.0000000000
28833  8.529  -55.371  -20.868 2361.0000000000
6615  41.937  30.190  -15.293 2364.0000000000
29324  27.299  83.841  -27.876 2367.0000000000
28959  6.228  -63.700  -11.968 2373.0000000000
5582  28.204  46.734  14.613 2375.0000000000
29735  66.097  3.355  -6.435 2391.0000000000
24006  39.909  -64.753  -37.624 2394.0000000000
3893  2.650  -41.094  -3.886 2403.0000000000
16150  3.781  37.327  16.842 2405.0000000000
5999  56.592  -3.672  36.569 2408.0000000000
2948  50.819  -47.871  -3.987 2410.0000000000
29856  53.572  -58.257  -26.279 2414.0000000000
11855  4.977  -32.644  50.762 2436.0000000000
13085  57.382  -45.815  -7.892 2441.0000000000
14779  67.404  -0.915  -45.024 2458.0000000000
15631  60.427  -30.007  17.858 2466.0000000000
21600  36.511  -63.172  -37.430 2497.0000000000
2020  9.873  76.152  -16.334 2517.0000000000
22252  16.883  -16.382  20.729 2523.0000000000
11926  4.089  49.669  -26.876 2526.0000000000
14145  9.115  15.008  -35.983 2530.0000000000
13513  36.692  -35.656  47.756 2531.0000000000
12597  18.043  -38.713  52.257 2537.0000000000
25856  27.654  22.678  -67.997 2543.0000000000
13568  56.354  15.292  -51.745 2547.0000000000
28979  60.541  -45.814  -29.634 2573.0000000000
28631  54.664  31.968  -25.182 2575.0000000000
58  4.681  33.808  -33.738 2591.0000000000
28141  8.072  -62.121  25.311 2594.0000000000
2698  12.795  -79.044  8.247 2595.0000000000
7678  3.618  56.944  11.441 2612.0000000000
9728  21.187  -31.894  52.825 2622.0000000000
24735  2.852  78.097  -39.351 2625.0000000000
14847  34.243  -45.212  32.638 2634.0000000000
14980  10.105  61.940  -16.701 2653.0000000000
6000  18.787  -51.095  4.317 2654.0000000000
2949  11.072  -0.804  22.167 2663.0000000000
3782  51.237  -62.081  -29.013 2664.0000000000
13206  62.283  -12.258  17.536 2701.0000000000
18565  30.512  73.082  -14.218 2717.0000000000
23552  35.842  -7.314  -6.204 2723.0000000000
19428  57.155  -7.356  -22.046 2729.0000000000
26605  26.297  -81.866  -3.900 2751.0000000000
19603  13.848  9.796  -33.023 2756.0000000000
21876  37.168  37.111  -32.958 2766.0000000000
2019  13.161  75.444  18.421 2769.0000000000
23861  3.978  -34.809  1.016 2784.0000000000
11897  4.854  -27.581  0.004 2789.0000000000
14146  26.365  50.799  34.404 2819.0000000000
25317  15.961  62.518  30.609 2822.0000000000
18156  58.704  26.521  -48.501 2824.0000000000
19141  19.565  75.899  12.287 2829.0000000000
20011  49.155  -48.022  -0.187 2837.0000000000
59  4.202  32.683  -35.745 2851.0000000000
6616  52.482  37.409  24.559 2855.0000000000
22111  8.242  77.858  16.495 2856.0000000000
150  28.398  -59.894  -28.481 2860.0000000000
57  3.881  34.691  -35.507 2867.0000000000
1509  54.617  -26.474  14.858 2873.0000000000
5581  3.024  11.667  -32.890 2876.0000000000
4329  65.199  -12.813  -19.835 2883.0000000000
9959  36.590  -77.467  -13.012 2898.0000000000
9961  34.585  39.993  -7.864 2899.0000000000
12194  55.956  -26.423  -43.931 2904.0000000000
9998  22.867  43.608  21.796 2907.0000000000
9960  37.460  -77.374  -14.016 2915.0000000000
12193  26.342  51.661  -40.238 2921.0000000000
13936  46.353  -25.275  -33.610 2923.0000000000
14827  48.066  15.546  -49.802 2927.0000000000
3006  39.902  -47.985  -32.139 2941.0000000000
3783  52.238  -60.866  -27.571 2944.0000000000
5998  55.177  -4.703  38.837 2954.0000000000
8557  48.226  16.552  -50.054 2962.0000000000
7856  2.758  44.514  5.294 2966.0000000000
8885  58.888  2.175  -3.118 2980.0000000000
17091  3.503  32.212  -28.197 2986.0000000000
6176  58.671  -42.575  22.157 2989.0000000000
12934  16.266  -38.697  -16.406 2995.0000000000
13208  5.649  -17.268  54.402 3016.0000000000
14610  2.936  55.688  -23.196 3022.0000000000
12933  1.848  5.647  -1.514 3025.0000000000
16098  37.145  20.664  14.038 3029.0000000000
27144  48.864  -21.217  -36.706 3043.0000000000
17780  3.813  80.572  5.564 3053.0000000000
20065  24.683  -51.144  32.902 3069.0000000000
3338  20.297  7.344  55.461 3077.0000000000
21898  36.577  8.714  -65.162 3092.0000000000
3337  49.736  -19.015  -42.562 3096.0000000000
2018  13.590  74.773  19.765 3098.0000000000
3339  20.917  7.470  53.116 3101.0000000000
3662  5.284  56.763  -29.241 3108.0000000000
26091  31.061  -59.728  30.170 3110.0000000000
20330  49.401  -60.376  -6.041 3115.0000000000
11895  2.927  52.585  -24.067 3116.0000000000
11927  2.661  -31.480  34.208 3129.0000000000
18154  17.910  20.617  -33.545 3149.0000000000
21017  8.567  29.986  -40.824 3167.0000000000
6177  3.777  85.509  -21.201 3173.0000000000
13048  61.598  -23.393  31.301 3176.0000000000
22260  2.848  -28.262  1.428 3178.0000000000
1508  41.251  -5.113  43.518 3187.0000000000
2700  43.309  -71.989  -29.822 3190.0000000000
13049  20.507  -49.727  -13.508 3195.0000000000
23701  41.441  24.630  -14.008 3201.0000000000
2738  5.028  30.584  5.727 3202.0000000000
9251  62.501  25.343  -24.813 3205.0000000000
12195  23.911  21.827  -39.371 3227.0000000000
26027  57.097  -14.189  37.338 3228.0000000000
9729  22.358  -30.063  52.207 3242.0000000000
1838  62.203  36.127  -0.123 3261.0000000000
8556  9.795  -34.344  11.929 3264.0000000000
5353  63.243  1.208  7.652 3276.0000000000
22526  37.606  26.958  -7.243 3283.0000000000
8767  47.032  -20.178  -35.462 3286.0000000000
2884  51.869  1.793  -30.713 3302.0000000000
11351  27.356  -57.008  29.997 3307.0000000000
10299  7.475  -63.743  -33.251 3322.0000000000
13084  14.591  34.017  -33.439 3327.0000000000
13207  61.393  -12.507  18.109 3330.0000000000
14609  4.197  57.586  -22.480 3337.0000000000
6818  42.260  -12.396  -5.238 3373.0000000000
8403  0.768  32.096  -2.887 3376.0000000000
7748  10.358  59.032  35.463 3382.0000000000
22035  59.214  9.383  -13.387 3384.0000000000
8769  48.362  -18.671  -37.339 3389.0000000000
22832  45.616  68.067  -9.626 3393.0000000000
18073  9.179  8.090  54.310 3404.0000000000
18666  2.760  -13.762  42.896 3412.0000000000
12596  14.637  -38.559  40.111 3449.0000000000
11896  3.591  -56.744  28.635 3462.0000000000
19140  17.666  74.288  1.005 3471.0000000000
20012  21.086  -86.485  -24.588 3475.0000000000
6178  28.680  42.075  40.426 3478.0000000000
9326  45.875  -38.933  -24.986 3488.0000000000
7367  54.047  -48.757  21.337 3494.0000000000
11158  2.634  79.077  -36.638 3496.0000000000
13666  69.078  -24.258  -30.931 3516.0000000000
25464  3.338  60.762  -32.088 3517.0000000000
13667  53.500  4.274  38.143 3518.0000000000
25465  21.284  -45.378  7.680 3529.0000000000
14642  2.368  -0.223  43.839 3534.0000000000
14355  40.683  -75.348  -17.698 3540.0000000000
13755  12.038  -5.132  -34.935 3541.0000000000
15413  29.686  -51.970  -25.654 3551.0000000000
21195  7.908  -22.759  26.662 3554.0000000000
18231  2.334  10.698  -16.179 3558.0000000000
21194  26.536  -54.485  33.828 3560.0000000000
16865  21.762  26.267  -52.122 3561.0000000000
1839  61.455  38.393  2.260 3563.0000000000
21220  54.106  59.604  -10.718 3565.0000000000
18915  41.327  29.692  40.247 3567.0000000000
17126  33.135  41.229  -8.653 3571.0000000000
3395  4.941  74.355  18.565 3580.0000000000
8555  49.093  -39.294  -13.235 3595.0000000000
7857  2.930  47.867  4.260 3598.0000000000
12935  57.792  42.146  7.024 3632.0000000000
11350  27.838  -58.369  29.336 3640.0000000000
12955  14.268  -28.570  -20.628 3645.0000000000
16219  35.544  2.567  -37.163 3650.0000000000
16097  38.473  -57.646  28.018 3659.0000000000
1843  19.877  12.999  -29.892 3665.0000000000
2025  15.077  -75.463  -33.176 3667.0000000000
19602  61.268  -43.376  11.294 3672.0000000000
5803  65.228  -16.539  27.111 3678.0000000000
6816  11.231  -78.805  -3.187 3681.0000000000
873  12.263  40.687  -35.070 3694.0000000000
27705  59.342  -21.736  -12.462 3712.0000000000
18072  3.689  68.711  -11.843 3727.0000000000
18715  28.772  -24.633  -31.166 3739.0000000000
11925  7.110  47.728  -28.029 3743.0000000000
20263  26.011  81.974  2.722 3751.0000000000
20677  65.351  -7.723  -1.542 3770.0000000000
7334  38.742  -76.738  -24.993 3781.0000000000
7335  55.802  37.977  9.607 3783.0000000000
13047  62.086  -25.295  30.017 3793.0000000000
10374  37.731  -34.247  30.208 3800.0000000000
8239  30.302  -60.961  -36.603 3803.0000000000
14643  2.515  -0.090  40.747 3831.0000000000
6621  59.956  12.109  -14.145 3834.0000000000
16864  44.069  -1.120  36.380 3843.0000000000
19669  36.698  -57.293  24.089 3850.0000000000
1840  38.554  40.822  21.308 3865.0000000000
16786  22.845  -44.979  -26.301 3869.0000000000
5320  14.794  32.046  -43.273 3874.0000000000
16445  32.106  -52.005  -36.216 3876.0000000000
3396  13.297  33.227  -39.712 3880.0000000000
17876  60.476  -12.793  34.700 3887.0000000000
8768  47.794  -20.873  -35.388 3891.0000000000
8886  61.256  3.987  14.978 3893.0000000000
22527  44.793  73.291  -29.031 3904.0000000000
21772  33.862  -8.673  -3.676 3916.0000000000
9486  4.509  22.130  43.735 3928.0000000000
2026  14.081  -74.222  -34.557 3939.0000000000
20649  52.657  41.314  9.036 3941.0000000000
2024  12.678  -75.510  -33.037 3954.0000000000
4671  16.139  -38.870  -2.547 3964.0000000000
6947  13.590  -57.520  -11.216 3975.0000000000
8404  7.039  32.685  49.764 3985.0000000000
8020  2.300  10.721  35.533 3988.0000000000
8733  47.292  27.455  13.014 3991.0000000000
5474  44.992  6.508  -10.161 3998.0000000000
14150  44.975  -58.206  -4.316 4008.0000000000
5475  26.338  81.825  -23.914 4009.0000000000
14986  22.999  -45.611  4.427 4015.0000000000
14985  55.826  -50.978  -1.775 4021.0000000000
20693  44.928  61.026  -23.062 4036.0000000000
7333  39.146  80.181  -22.465 4051.0000000000
6179  28.946  42.848  38.961 4058.0000000000
9252  63.218  22.819  -25.402 4063.0000000000
11182  60.038  -11.706  -22.077 4073.0000000000
24535  7.607  -72.534  -16.433 4078.0000000000
13668  55.092  5.662  35.953 4083.0000000000
23822  9.525  45.566  44.206 4085.0000000000
773  65.026  -22.337  13.541 4087.0000000000
14322  66.818  -28.976  -16.449 4091.0000000000
16892  6.710  68.756  -9.945 4093.0000000000
6622  57.842  9.835  -13.450 4094.0000000000
16863  12.024  -20.574  29.942 4096.0000000000
7749  32.031  54.169  -33.654 4114.0000000000
21196  7.215  -22.855  26.632 4130.0000000000
28794  3.712  68.403  21.190 4131.0000000000
12227  30.047  57.304  28.297 4133.0000000000
17204  7.506  -55.120  -21.365 4141.0000000000
16446  51.439  -21.857  -10.331 4149.0000000000
27831  10.298  2.116  25.343 4153.0000000000
14033  55.995  -42.027  -39.985 4161.0000000000
3068  51.215  -23.677  -43.311 4180.0000000000
18468  12.946  -77.153  11.130 4185.0000000000
1842  29.504  -68.081  -38.316 4195.0000000000
22732  21.908  8.969  -35.723 4202.0000000000
20650  35.234  -68.337  -5.623 4206.0000000000
1841  20.044  -70.485  4.005 4223.0000000000
3663  9.786  -55.495  10.640 4230.0000000000
5804  11.031  -40.892  49.788 4237.0000000000
6817  40.761  -13.067  -4.485 4240.0000000000
7679  3.009  57.787  13.499 4248.0000000000
25561  60.425  5.785  -47.929 4253.0000000000
4294  2.017  39.108  -35.592 4268.0000000000
11860  54.449  16.691  -60.819 4276.0000000000
14151  46.624  55.908  14.198 4283.0000000000
28620  15.272  -8.013  23.469 4292.0000000000
20678  64.600  -34.647  -37.219 4308.0000000000
18689  35.270  -67.661  -5.622 4314.0000000000
29493  59.343  27.072  -33.405 4320.0000000000
23414  43.002  -54.765  29.674 4338.0000000000
22337  17.957  30.501  -36.679 4347.0000000000
23839  3.483  -50.440  28.825 4356.0000000000
23838  66.191  -25.194  -29.119 4358.0000000000
30122  22.400  8.878  -35.229 4363.0000000000
774  67.386  -22.291  14.286 4369.0000000000
772  52.362  -1.609  -8.230 4370.0000000000
25370  52.127  -13.951  10.978 4371.0000000000
6623  10.314  46.519  5.129 4382.0000000000
9577  66.145  9.601  -44.382 4391.0000000000
18425  58.865  -4.417  -19.727 4409.0000000000
18641  27.459  -17.601  -41.846 4411.0000000000
16542  28.323  -31.761  29.618 4418.0000000000
2894  14.486  -23.342  -25.500 4420.0000000000
17127  33.970  41.112  -8.147 4422.0000000000
18446  3.305  38.059  -44.905 4434.0000000000
20917  46.720  -41.734  8.965 4459.0000000000
20854  51.482  9.670  18.682 4469.0000000000
24604  41.447  -5.277  30.617 4476.0000000000
26409  40.616  30.943  9.824 4495.0000000000
5476  27.260  83.128  -24.729 4500.0000000000
28448  68.584  -9.494  8.289 4519.0000000000
25974  64.633  -38.784  1.715 4536.0000000000
3015  25.526  75.319  -18.394 4542.0000000000
18690  10.220  -36.548  35.827 4543.0000000000
8830  45.266  18.579  -7.790 4551.0000000000
19454  8.290  3.360  57.760 4552.0000000000
22664  38.318  -4.932  -9.386 4556.0000000000
8829  45.420  17.329  -7.300 4557.0000000000
21716  26.766  -60.512  32.742 4566.0000000000
11733  68.392  11.454  -34.199 4572.0000000000
22662  66.764  -28.671  -4.380 4581.0000000000
23840  20.447  22.778  -57.729 4595.0000000000
9456  64.273  1.041  -27.201 4607.0000000000
19648  66.684  -33.031  5.308 4610.0000000000
2374  33.915  77.899  -22.202 4618.0000000000
22777  2.189  18.398  -21.038 4622.0000000000
13995  3.335  -23.460  -10.372 4625.0000000000
7473  17.113  -39.689  -14.902 4633.0000000000
16447  60.446  -24.601  0.977 4637.0000000000
2893  16.069  -23.582  -24.513 4641.0000000000
24021  20.351  14.530  -42.759 4645.0000000000
5297  41.592  -12.835  19.624 4651.0000000000
7558  14.793  26.495  51.536 4663.0000000000
18467  3.000  3.896  -20.299 4668.0000000000
7474  16.378  42.502  40.806 4670.0000000000
8627  42.580  19.193  -31.976 4676.0000000000
20855  2.579  29.410  -27.675 4678.0000000000
12163  35.519  38.661  -42.437 4684.0000000000
20853  53.084  10.383  18.463 4686.0000000000
24420  5.512  -20.066  19.295 4699.0000000000
24883  53.176  -40.946  -31.270 4705.0000000000
874  12.779  39.208  -33.398 4712.0000000000
25560  64.465  -27.253  3.852 4716.0000000000
872  42.587  -71.288  -20.717 4721.0000000000
1581  3.990  53.554  20.245 4738.0000000000
3202  3.402  13.082  -28.188 4756.0000000000
5713  58.066  -2.101  -40.676 4763.0000000000
22663  66.929  -27.940  -3.665 4777.0000000000
10904  50.380  19.759  -59.109 4782.0000000000
11553  35.114  53.734  21.211 4787.0000000000
13017  27.931  -34.663  37.232 4793.0000000000
14644  54.834  2.679  -11.056 4805.0000000000
18471  63.546  -30.611  7.759 4811.0000000000
18470  37.838  -35.059  26.426 4814.0000000000
23266  25.685  73.421  -12.087 4826.0000000000
30044  40.071  36.547  -34.902 4833.0000000000
24137  37.503  -64.953  -37.996 4838.0000000000
2373  3.170  32.531  42.497 4842.0000000000
3901  35.305  -26.906  22.701 4845.0000000000
24020  18.707  15.066  -43.293 4849.0000000000
5298  14.833  -73.855  10.282 4856.0000000000
5296  49.823  5.433  24.216 4859.0000000000
11298  12.858  52.721  -38.005 4880.0000000000
14207  32.329  39.562  -60.341 4882.0000000000
23737  15.485  85.998  -11.812 4883.0000000000
24603  8.674  -61.704  32.749 4891.0000000000
22567  27.075  -48.156  -28.343 4897.0000000000
24859  31.773  -15.490  -27.883 4908.0000000000
1969  59.609  15.784  -10.080 4921.0000000000
1968  61.466  15.408  -11.352 4924.0000000000
25703  38.403  52.503  -30.298 4925.0000000000
29134  58.255  31.442  -32.639 4935.0000000000
10003  2.183  45.460  -44.218 4942.0000000000
11552  35.058  52.791  19.563 4949.0000000000
11554  4.935  58.039  -33.527 4950.0000000000
11681  64.962  -29.232  21.704 4952.0000000000
15802  65.383  26.330  -5.514 4973.0000000000
18777  36.243  -20.064  -24.826 4976.0000000000
18860  67.389  8.001  -27.489 4978.0000000000
18888  19.263  87.076  -6.648 4982.0000000000
19242  1.399  26.401  4.689 4985.0000000000
20713  49.546  24.151  34.377 4987.0000000000
19647  63.502  11.857  -27.009 4989.0000000000
19670  57.001  55.339  -15.477 4991.0000000000
20715  64.274  -24.006  -40.990 4994.0000000000
21951  8.039  69.804  -44.588 4997.0000000000
21924  3.484  58.439  6.702 4998.0000000000
29781  26.495  -76.326  7.244 4999.0000000000
21880  39.936  -4.937  -17.246 5006.0000000000
24019  61.493  11.238  -27.109 5013.0000000000
2422  52.744  -56.275  -31.610 5019.0000000000
23303  4.329  -25.474  -4.471 5020.0000000000
23590  3.032  6.029  30.506 5024.0000000000
26879  28.929  -52.440  22.938 5030.0000000000
25730  66.620  -2.488  -41.353 5031.0000000000
25731  65.174  -2.406  -41.234 5033.0000000000
25819  28.364  26.828  43.465 5035.0000000000
2375  34.148  78.486  -22.386 5043.0000000000
24874  36.011  -56.196  13.886 5046.0000000000
25155  5.918  -66.855  -33.629 5051.0000000000
1124  25.507  -21.698  -14.403 5053.0000000000
26873  11.636  58.016  -8.616 5055.0000000000
25729  33.338  46.565  -19.746 5056.0000000000
2895  26.831  66.669  -36.032 5058.0000000000
987  60.244  4.031  -7.280 5072.0000000000
16299  20.754  -59.054  25.152 5094.0000000000
29139  48.237  31.878  -29.302 5096.0000000000
27047  13.106  -24.321  59.772 5100.0000000000
23304  68.400  0.601  9.377 5101.0000000000
24860  31.180  -17.057  -26.330 5104.0000000000
23018  22.338  -62.893  31.795 5112.0000000000
1582  3.973  52.206  20.550 5122.0000000000
25986  46.090  35.866  -53.950 5133.0000000000
3016  30.978  82.162  -22.615 5136.0000000000
3014  48.433  -14.855  -46.012 5139.0000000000
10980  18.474  -44.968  -12.418 5144.0000000000
5714  57.586  -2.829  -39.689 5149.0000000000
10905  53.365  18.119  -58.951 5152.0000000000
8831  53.345  -56.593  -0.366 5157.0000000000
13018  57.617  -8.347  -36.634 5165.0000000000
688  44.268  -55.898  -26.339 5167.0000000000
14673  44.891  0.731  -19.476 5169.0000000000
18862  9.917  -76.226  -17.915 5177.0000000000
20418  11.138  45.298  14.749 5178.0000000000
18861  18.020  37.216  43.109 5184.0000000000
18472  11.289  49.305  5.297 5187.0000000000
22042  13.252  61.170  -45.667 5188.0000000000
20714  12.174  62.589  -9.492 5191.0000000000
21429  46.428  30.281  -20.799 5192.0000000000
24210  41.488  -49.142  -0.271 5193.0000000000
24817  15.664  36.724  41.359 5199.0000000000
29730  24.341  -18.018  -35.408 5206.0000000000
29777  6.247  -28.959  48.555 5207.0000000000
24195  48.962  24.393  -62.851 5208.0000000000
29588  34.480  -59.230  28.683 5212.0000000000
29909  9.962  -74.838  12.102 5237.0000000000
29946  4.338  24.554  -28.147 5242.0000000000
25818  56.318  34.038  -29.853 5243.0000000000
25412  68.624  -31.757  -25.349 5244.0000000000
24051  63.418  19.938  -27.852 5250.0000000000
24462  47.553  -42.769  -9.924 5252.0000000000
988  35.740  -44.296  31.758 5260.0000000000
989  38.030  -42.083  29.809 5262.0000000000
1583  3.109  50.612  17.543 5315.0000000000
25973  21.216  -42.010  -31.657 5323.0000000000
11289  14.991  39.360  -37.989 5330.0000000000
12696  22.584  77.481  -25.587 5342.0000000000
12726  44.395  41.241  19.141 5345.0000000000
12839  2.526  -24.962  29.561 5347.0000000000
12863  53.546  10.154  -11.411 5348.0000000000
13702  62.694  -34.731  19.987 5353.0000000000
689  43.497  -58.190  -29.325 5355.0000000000
9806  31.953  54.225  -35.648 5361.0000000000
7563  2.645  30.112  11.389 5363.0000000000
14878  37.207  -39.660  -39.088 5366.0000000000
15226  10.740  -70.062  -36.622 5368.0000000000
19714  12.174  9.711  -33.416 5369.0000000000
17208  33.784  -51.768  6.982 5380.0000000000
22507  57.069  -15.556  10.530 5384.0000000000
21004  68.740  -12.811  -33.189 5391.0000000000
21430  47.604  30.157  -21.956 5397.0000000000
22606  19.961  -85.874  -28.195 5403.0000000000
21431  62.719  -21.196  19.722 5409.0000000000
19916  41.110  22.257  13.626 5413.0000000000
25411  16.020  -62.247  35.118 5426.0000000000
22946  57.965  -19.407  -9.879 5433.0000000000
24100  57.618  26.695  18.798 5436.0000000000
15313  47.163  -39.813  -11.942 5438.0000000000
21454  22.066  80.349  -22.347 5439.0000000000
24464  44.516  31.651  -29.894 5451.0000000000
25777  9.953  -42.563  40.344 5457.0000000000
28922  50.275  -63.800  -13.562 5465.0000000000
28508  30.913  76.733  -8.804 5467.0000000000
1970  3.406  58.264  24.827 5476.0000000000
3159  68.349  -16.788  -37.415 5477.0000000000
30012  57.490  -34.523  26.250 5488.0000000000
10981  53.078  6.216  20.472 5494.0000000000
10982  56.666  29.314  -15.866 5495.0000000000
11734  67.610  13.272  -33.312 5501.0000000000
12840  60.462  22.013  -31.464 5506.0000000000
12841  42.402  56.621  -9.151 5507.0000000000
29969  30.047  2.337  -41.477 5508.0000000000
12574  7.731  75.742  -24.974 5511.0000000000
690  44.282  -56.988  -28.737 5519.0000000000
2965  27.135  -15.042  -41.830 5521.0000000000
7538  50.177  49.762  -22.016 5525.0000000000
4848  51.102  -26.616  13.821 5529.0000000000
8539  7.063  -43.754  -19.569 5530.0000000000
14034  62.908  -41.072  8.626 5536.0000000000
12457  3.752  -14.541  54.423 5541.0000000000
8737  51.799  -49.412  1.448 5542.0000000000
9906  50.541  12.137  -35.109 5546.0000000000
15378  38.645  58.905  -35.068 5564.0000000000
14816  4.676  66.214  -6.000 5566.0000000000
8173  60.473  -10.713  -18.568 5569.0000000000
20383  50.348  7.619  -35.092 5575.0000000000
21500  31.830  -27.235  -28.888 5576.0000000000
21453  44.829  5.859  -16.173 5577.0000000000
17459  34.659  55.122  -27.078 5579.0000000000
8171  2.618  44.400  -41.064 5583.0000000000
383  26.389  -10.110  55.277 5587.0000000000
17207  59.216  -25.181  -1.262 5589.0000000000
16373  6.694  82.256  7.318 5599.0000000000
21476  11.660  -51.127  -6.782 5608.0000000000
22968  22.537  -64.227  31.564 5611.0000000000
19917  42.309  3.101  -45.191 5614.0000000000
19796  31.117  47.887  33.930 5621.0000000000
12699  56.706  10.113  24.904 5623.0000000000
22969  67.179  -33.155  1.655 5629.0000000000
22157  66.241  -35.450  -1.390 5658.0000000000
22746  3.524  6.973  -33.837 5660.0000000000
25820  31.827  76.550  -14.179 5665.0000000000
24485  7.570  -73.237  -17.041 5677.0000000000
12698  66.032  10.645  16.571 5680.0000000000
19894  34.978  11.885  -43.684 5689.0000000000
25139  24.727  83.507  -31.699 5698.0000000000
15343  20.221  -10.315  39.383 5702.0000000000
26256  49.701  -52.500  24.988 5713.0000000000
943  57.041  -38.763  -0.320 5716.0000000000
4388  54.653  -27.130  11.416 5719.0000000000
4799  40.939  22.851  20.424 5722.0000000000
28460  4.661  -33.707  27.141 5728.0000000000
23460  29.117  -64.057  29.234 5736.0000000000
30110  5.837  -61.690  19.857 5746.0000000000
30123  7.129  0.089  25.775 5747.0000000000
4061  9.100  67.559  -14.130 5766.0000000000
8571  27.545  69.334  -18.217 5773.0000000000
8641  8.637  58.333  -32.852 5774.0000000000
8696  25.837  55.173  21.007 5775.0000000000
7540  50.378  50.861  -22.423 5779.0000000000
2166  4.318  42.416  42.308 5788.0000000000
11304  10.229  -49.537  -9.782 5792.0000000000
9934  10.296  86.282  -29.988 5795.0000000000
384  3.395  -65.793  -10.242 5797.0000000000
14211  2.763  -11.610  43.641 5816.0000000000
16230  23.450  -41.481  2.579 5829.0000000000
16255  2.987  11.552  -9.392 5836.0000000000
12697  11.651  -79.753  -24.878 5837.0000000000
19283  55.224  -44.790  -10.858 5839.0000000000
17984  7.075  -3.765  27.021 5848.0000000000
21686  9.954  56.030  38.293 5866.0000000000
8172  60.424  -9.402  -19.077 5868.0000000000
14420  60.220  24.402  -47.473 5880.0000000000
21607  30.408  -53.017  35.000 5885.0000000000
22139  14.928  -81.135  3.831 5895.0000000000
14421  21.250  -57.682  38.973 5920.0000000000
10969  27.023  20.016  30.825 5933.0000000000
16023  42.908  -27.962  -44.864 5966.0000000000
3896  55.716  -10.207  34.539 5968.0000000000
26453  29.196  -51.539  31.438 5969.0000000000
16317  20.185  -57.987  24.115 5972.0000000000
28325  3.748  -7.793  55.021 5979.0000000000
13935  47.547  -23.319  -34.015 5981.0000000000
944  54.555  -37.101  -1.080 5982.0000000000
8951  23.831  68.391  21.087 5987.0000000000
22474  11.710  -79.889  -15.120 5988.0000000000
28679  3.363  47.628  34.353 5992.0000000000
29005  6.079  -53.504  -21.210 6005.0000000000
24293  51.713  -24.430  -45.049 6021.0000000000
4062  9.877  67.951  -11.875 6027.0000000000
6475  21.187  23.986  -66.310 6028.0000000000
9223  3.678  -17.773  -11.595 6032.0000000000
12102  35.009  49.815  -40.443 6034.0000000000
12103  47.206  50.349  -24.047 6035.0000000000
1113  4.479  -52.934  -19.930 6037.0000000000
13919  30.868  33.341  31.699 6043.0000000000
1112  5.102  -52.932  -20.902 6045.0000000000
14558  13.498  37.703  -39.838 6054.0000000000
4974  7.972  -47.652  26.970 6057.0000000000
15198  54.787  47.341  -27.250 6062.0000000000
16273  1.978  2.419  -17.166 6068.0000000000
7163  27.941  63.526  1.171 6071.0000000000
17757  4.748  50.369  7.960 6078.0000000000
7164  67.843  0.234  -42.941 6082.0000000000
20355  32.290  -41.430  -14.885 6092.0000000000
22670  49.039  4.222  -10.482 6118.0000000000
14262  36.769  -13.241  22.605 6127.0000000000
16022  47.432  -27.987  -46.315 6129.0000000000
25099  15.714  -35.323  55.515 6133.0000000000
15311  10.029  6.260  21.842 6136.0000000000
6567  37.641  53.605  26.361 6145.0000000000
4981  56.129  1.892  13.673 6155.0000000000
9705  58.788  -44.834  -33.230 6159.0000000000
9726  50.722  22.316  -23.507 6160.0000000000
28307  26.785  -52.626  20.098 6161.0000000000
1266  23.977  60.431  15.065 6166.0000000000
6877  15.864  -44.017  -11.150 6170.0000000000
22074  10.937  -67.596  -10.942 6178.0000000000
28754  61.352  -29.004  10.109 6187.0000000000
28763  12.910  44.932  12.360 6188.0000000000
22588  20.718  -86.105  -27.033 6190.0000000000
9648  8.651  13.803  -34.011 6205.0000000000
3517  46.085  -2.027  40.943 6213.0000000000
9153  45.494  -69.086  -17.890 6220.0000000000
27821  11.948  -29.719  20.257 6222.0000000000
26911  38.534  -35.512  30.215 6223.0000000000
30031  44.073  -11.560  -43.515 6226.0000000000
12165  52.001  39.566  -24.001 6228.0000000000
23142  59.191  41.942  -12.510 6232.0000000000
385  3.880  -66.302  -12.631 6246.0000000000
1114  5.181  -55.129  -24.432 6256.0000000000
4973  5.319  -47.976  26.902 6262.0000000000
9911  25.298  -32.567  -28.550 6268.0000000000
15312  3.819  33.872  -43.403 6287.0000000000
12973  9.778  38.551  -39.360 6293.0000000000
9355  13.683  -49.925  -24.573 6298.0000000000
1062  45.662  27.703  14.945 6299.0000000000
1006  50.520  8.547  -11.427 6303.0000000000
858  33.549  74.920  -34.676 6317.0000000000
9727  51.673  24.195  -23.841 6319.0000000000
21608  10.605  61.868  -44.092 6325.0000000000
12064  14.333  -36.374  -25.912 6327.0000000000
22652  58.037  -3.465  23.480 6328.0000000000
7233  29.128  -56.438  -36.234 6332.0000000000
3633  20.759  -1.039  -46.744 6353.0000000000
6186  19.875  14.014  -39.348 6356.0000000000
6752  8.891  22.584  53.943 6359.0000000000
6754  10.255  23.854  53.888 6360.0000000000
11710  27.645  -59.572  -32.277 6364.0000000000
20934  66.146  5.550  13.010 6368.0000000000
6753  10.612  19.047  55.443 6370.0000000000
7604  10.757  -80.392  -22.109 6386.0000000000
13739  10.295  -45.081  -9.912 6403.0000000000
13738  11.447  -48.147  -12.187 6410.0000000000
8430  4.705  48.234  -48.267 6434.0000000000
1004  3.843  -12.697  36.697 6440.0000000000
4980  20.028  -45.970  8.453 6443.0000000000
9647  56.419  40.695  12.809 6458.0000000000
3515  37.287  -59.430  7.936 6460.0000000000
16179  71.077  -15.670  -31.925 6468.0000000000
7097  48.169  -64.446  -4.156 6470.0000000000
7098  49.878  -63.652  -5.319 6472.0000000000
16280  44.459  -46.316  -3.670 6478.0000000000
7096  50.488  -61.913  -4.407 6479.0000000000
17000  54.431  -9.196  -22.667 6482.0000000000
8839  43.542  -39.884  9.691 6484.0000000000
8702  49.014  1.544  41.047 6505.0000000000
18010  39.631  -59.481  -38.256 6506.0000000000
18011  58.568  -28.121  -45.999 6511.0000000000
21326  52.555  -36.819  -34.992 6513.0000000000
26017  57.368  -48.937  -4.994 6520.0000000000
19014  11.069  -19.240  27.867 6523.0000000000
21064  27.036  10.289  42.424 6534.0000000000
21145  5.540  21.616  9.936 6536.0000000000
19769  46.067  -7.363  -3.583 6541.0000000000
25309  18.412  -62.535  33.127 6542.0000000000
26967  39.333  32.675  -34.496 6544.0000000000
25307  14.835  -18.212  -31.239 6545.0000000000
27307  37.823  -6.045  -11.895 6548.0000000000
8630  27.822  -55.271  -25.327 6560.0000000000
10475  28.503  -73.968  -37.427 6565.0000000000
7264  14.812  -25.137  47.519 6574.0000000000
6187  16.668  56.447  28.692 6589.0000000000
16178  55.412  -44.326  -26.932 6590.0000000000
7906  49.835  -59.180  -33.806 6602.0000000000
3920  37.117  -50.978  25.490 6618.0000000000
10881  40.664  -61.766  -33.118 6624.0000000000
12499  11.434  -38.605  33.600 6627.0000000000
19178  46.456  6.168  36.941 6628.0000000000
13186  53.003  -10.290  -22.628 6634.0000000000
18580  5.928  23.457  37.251 6646.0000000000
19234  10.996  15.888  56.153 6656.0000000000
20435  1.867  38.321  -29.765 6661.0000000000
24171  3.002  9.956  40.774 6667.0000000000
26481  19.374  -2.841  -42.198 6679.0000000000
1005  3.193  -13.369  35.389 6687.0000000000
28807  3.991  -22.939  24.910 6697.0000000000
28955  34.953  15.832  41.403 6701.0000000000
29394  20.790  -76.557  8.819 6706.0000000000
3516  46.311  -1.975  38.699 6709.0000000000
7166  53.236  -21.676  -6.987 6717.0000000000
7714  3.820  -24.785  -2.385 6719.0000000000
8095  58.296  -10.681  4.682 6721.0000000000
4750  45.576  -43.272  29.460 6733.0000000000
2105  17.655  -28.653  -19.105 6734.0000000000
2107  13.944  -26.480  -19.110 6737.0000000000
5936  10.812  -85.753  -8.782 6740.0000000000
12501  11.912  -66.148  25.278 6749.0000000000
7718  46.643  -48.115  -18.660 6752.0000000000
12500  32.943  -71.848  -37.345 6757.0000000000
18780  35.032  76.389  -7.867 6777.0000000000
21258  60.864  -9.858  17.632 6787.0000000000
24170  32.102  -17.278  -25.209 6798.0000000000
26469  42.183  76.768  -10.632 6799.0000000000
26968  44.884  -71.349  -24.498 6804.0000000000
27613  68.432  -6.899  -19.957 6812.0000000000
28524  48.400  63.174  -24.351 6814.0000000000
29344  29.198  8.893  -65.709 6818.0000000000
29390  47.304  28.559  15.658 6821.0000000000
29395  6.622  -14.219  55.631 6822.0000000000
29458  6.772  27.533  -25.179 6823.0000000000
25990  40.191  -12.209  19.315 6825.0000000000
29472  46.697  30.041  8.156 6829.0000000000
29667  7.778  88.233  -24.284 6843.0000000000
29965  69.369  -5.491  14.620 6847.0000000000
30020  34.506  79.624  -11.123 6855.0000000000
30080  50.059  26.325  21.842 6856.0000000000
30104  52.300  27.564  21.767 6866.0000000000
30108  68.749  -6.948  15.407 6868.0000000000
2106  14.989  -27.884  -18.422 6875.0000000000
3919  43.924  59.036  -9.965 6877.0000000000
5935  9.631  -83.248  -5.168 6881.0000000000
7717  53.909  -43.477  -29.888 6886.0000000000
13187  52.850  -8.845  -22.890 6903.0000000000
15049  10.716  -40.239  19.774 6906.0000000000
19856  44.022  7.362  -50.653 6916.0000000000
20436  1.820  38.107  -32.865 6918.0000000000
25308  11.485  -61.807  20.010 6924.0000000000
24433  60.363  -4.540  -40.085 6926.0000000000
28134  7.047  -6.454  58.415 6934.0000000000
22321  32.998  -11.317  -31.122 6936.0000000000
7800  51.959  31.221  -56.803 6939.0000000000
22912  9.530  -5.043  59.509 6941.0000000000
22913  5.926  61.478  -47.653 6943.0000000000
7572  18.357  -11.667  54.203 6945.0000000000
5526  58.122  -27.050  5.065 6954.0000000000
5527  61.021  -27.529  3.730 6957.0000000000
30023  43.093  34.230  -17.926 6962.0000000000
4751  26.954  10.147  -41.006 6991.0000000000
14039  10.245  15.602  -36.442 6999.0000000000
15430  25.444  7.263  -34.007 7004.0000000000
16980  28.172  63.089  2.929 7009.0000000000
18991  39.049  -40.800  25.495 7022.0000000000
17051  13.790  57.495  -3.342 7032.0000000000
24267  51.952  -43.917  9.690 7036.0000000000
19235  53.875  -8.292  35.424 7038.0000000000
14494  9.764  88.536  -9.115 7049.0000000000
20760  34.116  -65.282  -6.754 7058.0000000000
8451  47.047  16.255  37.974 7063.0000000000
7571  37.190  -17.245  -47.230 7065.0000000000
8452  47.399  15.334  39.034 7070.0000000000
9341  43.979  50.288  -38.097 7076.0000000000
5528  58.411  -26.191  3.053 7088.0000000000
5564  2.865  28.278  13.303 7090.0000000000
7690  46.271  -16.704  -46.883 7093.0000000000
7993  55.217  -28.895  33.462 7097.0000000000
10226  3.893  -70.932  -19.631 7101.0000000000
12075  37.299  -32.738  -40.613 7108.0000000000
4752  42.318  40.547  -41.023 7109.0000000000
7568  52.702  -46.731  18.344 7115.0000000000
12300  64.856  8.769  -46.410 7117.0000000000
21437  16.259  41.355  40.809 7121.0000000000
22741  28.208  65.628  -34.053 7126.0000000000
17029  3.206  -33.428  10.896 7132.0000000000
19052  10.882  41.898  45.853 7142.0000000000
22283  3.955  -59.356  -8.622 7145.0000000000
14493  37.787  37.840  -11.295 7167.0000000000
18059  35.010  24.767  -7.755 7174.0000000000
9340  64.391  -5.084  -1.541 7184.0000000000
8345  45.369  26.232  -35.667 7190.0000000000
9411  49.018  6.781  -6.042 7198.0000000000
12151  31.446  2.913  -32.222 7208.0000000000
15480  53.018  50.614  -25.195 7214.0000000000
11392  7.358  -47.393  -8.216 7217.0000000000
19393  17.113  69.895  9.385 7221.0000000000
19394  16.902  69.105  9.644 7223.0000000000
21789  53.116  48.338  -23.927 7227.0000000000
19395  42.646  37.871  -29.119 7229.0000000000
15431  16.675  -75.674  -33.773 7239.0000000000
23321  37.236  11.270  -67.944 7241.0000000000
23569  23.916  -38.959  -30.501 7242.0000000000
24029  17.749  15.513  -42.205 7245.0000000000
26101  40.979  77.392  -15.397 7250.0000000000
25427  2.533  -29.320  8.199 7253.0000000000
25888  7.700  29.670  22.605 7258.0000000000
26891  7.100  -52.915  -17.273 7266.0000000000
1874  26.215  7.705  -42.246 7278.0000000000
25521  29.393  4.983  -32.345 7282.0000000000
3534  39.456  -19.093  -42.857 7290.0000000000
4449  43.542  31.585  -18.309 7295.0000000000
12742  47.957  28.548  -49.633 7296.0000000000
16234  16.155  15.467  -31.774 7305.0000000000
18060  69.012  -24.718  -33.948 7309.0000000000
20761  34.116  -66.459  -6.396 7314.0000000000
9342  20.116  -32.991  54.635 7321.0000000000
7570  36.749  -19.496  -45.864 7325.0000000000
8453  45.392  15.345  39.756 7329.0000000000
210  45.020  15.898  -6.828 7348.0000000000
27887  52.472  25.224  -21.524 7350.0000000000
18106  67.968  -10.053  -40.066 7352.0000000000
18139  27.749  -35.822  -15.446 7360.0000000000
11991  63.074  -20.231  -10.384 7403.0000000000
24015  20.658  -45.012  5.284 7415.0000000000
20759  4.954  37.273  19.471 7416.0000000000
24992  26.532  -9.311  33.913 7422.0000000000
25459  45.001  48.026  -19.573 7430.0000000000
8351  43.965  3.613  -11.895 7432.0000000000
25121  16.657  -60.345  -9.832 7438.0000000000
25418  2.539  37.234  -38.906 7442.0000000000
8350  23.949  -43.948  40.040 7449.0000000000
10767  52.025  25.611  26.931 7451.0000000000
27300  6.717  -61.339  -10.916 7456.0000000000
27702  44.479  -58.973  -10.053 7460.0000000000
211  25.464  14.478  -57.555 7467.0000000000
25792  39.529  -50.385  35.005 7474.0000000000
28356  42.660  30.020  10.706 7478.0000000000
28645  15.719  -50.385  -10.686 7481.0000000000
22331  7.380  58.139  -43.397 7486.0000000000
4265  8.422  -52.353  3.646 7490.0000000000
2938  17.131  -51.898  6.636 7499.0000000000
28270  69.276  5.203  -5.597 7514.0000000000
28783  28.192  77.313  -3.205 7518.0000000000
209  45.549  16.433  -7.403 7523.0000000000
23599  38.382  4.949  -0.503 7527.0000000000
2940  18.133  -50.730  4.664 7536.0000000000
2939  16.149  -52.807  7.799 7543.0000000000
3929  46.659  -19.336  31.936 7545.0000000000
4082  2.667  14.519  44.441 7547.0000000000
21620  18.244  -28.270  -31.433 7567.0000000000
29264  24.368  -5.425  54.818 7580.0000000000
3928  46.037  -17.778  32.149 7591.0000000000
4120  2.985  48.225  -21.456 7592.0000000000
4306  48.270  18.300  -56.045 7594.0000000000
4455  3.490  84.577  -28.926 7596.0000000000
10768  37.776  25.998  -11.949 7604.0000000000
10795  2.528  -4.280  35.277 7606.0000000000
29179  4.142  4.801  35.448 7620.0000000000
29318  28.213  83.781  -26.562 7625.0000000000
29329  28.435  -53.433  -25.431 7627.0000000000
12625  59.403  -11.568  -1.744 7636.0000000000
12188  2.588  -41.060  16.465 7638.0000000000
21360  36.509  -62.938  -37.648 7646.0000000000
21513  51.469  18.158  32.442 7649.0000000000
5205  27.907  -35.214  -26.792 7651.0000000000
5995  48.588  18.667  -57.070 7655.0000000000
6230  3.645  44.719  25.300 7656.0000000000
4835  52.259  44.881  18.518 7661.0000000000
18250  48.739  60.777  -18.199 7667.0000000000
5169  13.039  -35.837  55.428 7672.0000000000
5994  1.618  15.711  -8.138 7673.0000000000
2609  60.278  -44.371  10.835 7683.0000000000
3749  25.469  44.931  -41.049 7685.0000000000
754  2.038  19.647  -17.123 7691.0000000000
2464  56.791  39.659  -18.797 7697.0000000000
3888  10.800  -38.773  -14.928 7700.0000000000
26870  32.172  44.796  -17.187 7701.0000000000
2257  47.638  70.836  -12.687 7702.0000000000
3748  26.840  46.859  -39.830 7704.0000000000
756  1.911  19.555  -11.061 7731.0000000000
6119  50.153  29.633  -43.446 7733.0000000000
22551  12.054  -40.837  21.456 7736.0000000000
6152  7.085  47.884  -47.578 7742.0000000000
2465  55.980  39.524  -18.168 7745.0000000000
15379  7.244  18.961  -25.746 7756.0000000000
1188  55.950  -54.946  -22.382 7765.0000000000
27922  56.402  33.669  -36.477 7767.0000000000
2466  55.996  -34.692  26.175 7771.0000000000
15361  8.824  71.727  -19.738 7780.0000000000
27906  3.398  42.325  -4.606 7797.0000000000
20264  28.522  85.105  -9.401 7799.0000000000
20331  47.929  -60.674  -7.873 7803.0000000000
12346  60.497  9.396  -48.725 7812.0000000000
19945  45.622  -37.961  1.410 7817.0000000000
8798  21.244  -26.953  -22.917 7823.0000000000
8799  33.221  -2.671  -46.747 7844.0000000000
27679  45.268  61.923  -22.451 7869.0000000000
27720  9.658  -62.368  -12.841 7877.0000000000
28836  54.799  31.552  -41.458 7893.0000000000
28847  41.386  4.801  -47.644 7951.0000000000
9761  2.042  -6.485  5.657 7969.0000000000
9704  58.979  -46.045  -33.574 7970.0000000000
859  36.361  73.652  -35.183 7972.0000000000
860  34.477  72.710  -35.329 7979.0000000000
6568  71.679  -6.922  -33.487 7989.0000000000
11180  23.036  76.712  -23.183 7999.0000000000
9760  7.584  13.447  -33.942 8001.0000000000
