#!ascii label  , from subject FreeSurferMNI152 vox2ras=TkReg
1595
45057  47.952  -26.104  -0.971 0.0000000000
45058  47.576  -26.110  -1.214 0.0000000000
45077  48.483  -26.223  -1.691 0.0000000000
45078  47.786  -26.118  -1.850 0.0000000000
45079  47.458  -26.101  -1.476 0.0000000000
45084  48.405  -26.186  -2.521 0.0000000000
45085  47.889  -26.038  -2.721 0.0000000000
45089  48.986  -26.324  -3.211 0.0000000000
45090  48.335  -26.073  -3.294 0.0000000000
45091  47.921  -25.793  -3.353 0.0000000000
45095  49.609  -26.479  -3.955 0.0000000000
45096  48.790  -26.171  -4.001 0.0000000000
45097  48.180  -25.782  -4.004 0.0000000000
45098  47.899  -25.629  -3.730 0.0000000000
45106  50.280  -26.480  -4.694 0.0000000000
45107  49.278  -26.157  -4.893 0.0000000000
45108  48.535  -25.915  -4.629 0.0000000000
45109  48.246  -25.675  -4.518 0.0000000000
45115  53.183  -26.694  -5.481 0.0000000000
45116  51.978  -26.368  -5.641 0.0000000000
45117  50.838  -26.274  -5.447 0.0000000000
45118  49.930  -26.090  -5.445 0.0000000000
45119  49.434  -26.020  -5.492 0.0000000000
45122  59.446  -27.810  -5.818 0.0000000000
45126  54.900  -26.535  -6.079 0.0000000000
45127  53.753  -26.299  -6.121 0.0000000000
45128  52.741  -26.121  -6.155 0.0000000000
45129  52.173  -26.023  -6.206 0.0000000000
45135  61.136  -27.966  -6.328 0.0000000000
45136  60.020  -27.516  -6.330 0.0000000000
45137  58.809  -26.682  -6.699 0.0000000000
45138  57.780  -26.802  -6.311 0.0000000000
45139  57.097  -26.821  -6.152 0.0000000000
45149  61.617  -27.214  -7.065 0.0000000000
45150  60.556  -26.844  -7.069 0.0000000000
45151  59.639  -26.455  -7.147 0.0000000000
46173  47.533  -25.666  0.795 0.0000000000
46191  47.699  -25.895  -0.125 0.0000000000
46192  47.211  -25.846  -0.055 0.0000000000
46193  47.041  -25.820  -0.402 0.0000000000
46203  47.596  -26.052  -0.821 0.0000000000
46204  47.333  -26.024  -0.989 0.0000000000
46205  47.071  -25.907  -0.829 0.0000000000
46208  47.540  -26.019  -2.391 0.0000000000
46209  47.339  -26.036  -1.877 0.0000000000
46210  47.121  -25.948  -1.566 0.0000000000
46214  47.614  -25.786  -2.945 0.0000000000
46215  47.339  -25.879  -2.583 0.0000000000
46216  47.192  -25.853  -2.317 0.0000000000
46220  47.691  -25.586  -3.529 0.0000000000
46221  47.399  -25.615  -3.221 0.0000000000
46222  47.268  -25.683  -2.770 0.0000000000
46226  48.046  -25.532  -4.484 0.0000000000
46227  47.827  -25.482  -4.113 0.0000000000
46228  47.560  -25.399  -3.925 0.0000000000
46232  49.129  -25.912  -5.549 0.0000000000
46233  48.722  -25.786  -5.296 0.0000000000
46234  48.246  -25.542  -5.011 0.0000000000
46235  47.824  -25.287  -4.851 0.0000000000
46236  47.669  -25.308  -4.380 0.0000000000
46240  51.779  -25.893  -6.297 0.0000000000
46241  51.157  -25.882  -6.163 0.0000000000
46242  50.314  -25.792  -6.129 0.0000000000
46243  49.492  -25.742  -6.037 0.0000000000
46244  48.863  -25.585  -5.949 0.0000000000
46245  48.428  -25.393  -5.711 0.0000000000
46246  48.066  -25.164  -5.625 0.0000000000
46251  55.967  -26.082  -6.795 0.0000000000
46252  55.256  -25.986  -6.828 0.0000000000
46253  54.192  -25.793  -6.864 0.0000000000
46254  53.168  -25.649  -6.786 0.0000000000
46255  52.220  -25.594  -6.694 0.0000000000
46256  51.403  -25.468  -6.743 0.0000000000
46257  50.671  -25.398  -6.718 0.0000000000
46258  49.872  -25.189  -6.898 0.0000000000
46259  49.078  -25.239  -6.623 0.0000000000
46260  48.531  -25.139  -6.338 0.0000000000
46261  48.260  -25.080  -6.055 0.0000000000
46265  58.309  -25.801  -7.395 0.0000000000
46266  57.734  -25.942  -7.186 0.0000000000
46267  56.697  -26.010  -6.940 0.0000000000
46268  55.655  -25.479  -7.351 0.0000000000
46269  54.595  -24.970  -7.661 0.0000000000
46270  53.536  -25.004  -7.467 0.0000000000
46271  52.598  -24.973  -7.358 0.0000000000
46272  51.723  -24.936  -7.279 0.0000000000
46273  50.931  -24.938  -7.195 0.0000000000
46274  50.411  -25.040  -7.134 0.0000000000
46278  62.033  -26.509  -7.723 0.0000000000
46279  60.972  -26.173  -7.731 0.0000000000
46280  59.972  -25.840  -7.757 0.0000000000
46281  58.841  -25.448  -7.823 0.0000000000
46282  57.841  -25.185  -7.859 0.0000000000
46283  56.984  -25.112  -7.785 0.0000000000
46284  56.091  -24.995  -7.842 0.0000000000
46285  55.331  -24.754  -7.941 0.0000000000
46292  62.519  -25.916  -8.334 0.0000000000
46293  61.374  -25.545  -8.361 0.0000000000
46294  60.361  -25.232  -8.362 0.0000000000
46295  59.503  -25.006  -8.361 0.0000000000
47215  47.277  -25.698  0.834 0.0000000000
47216  47.048  -25.779  0.534 0.0000000000
47223  47.114  -25.738  0.300 0.0000000000
47224  46.975  -25.777  -0.077 0.0000000000
47228  46.984  -25.764  -0.663 0.0000000000
47232  47.018  -25.855  -1.331 0.0000000000
47237  47.127  -25.790  -2.084 0.0000000000
47242  47.235  -25.560  -3.400 0.0000000000
47243  47.167  -25.642  -3.078 0.0000000000
47248  47.365  -25.392  -3.711 0.0000000000
47249  47.333  -25.264  -4.093 0.0000000000
47254  47.661  -25.146  -5.030 0.0000000000
47255  47.538  -25.130  -4.686 0.0000000000
47256  47.395  -24.915  -4.995 0.0000000000
47261  47.734  -24.964  -5.537 0.0000000000
47262  47.553  -24.595  -5.735 0.0000000000
47263  47.441  -24.609  -5.544 0.0000000000
47269  49.709  -24.655  -7.343 0.0000000000
47270  49.277  -24.681  -7.198 0.0000000000
47271  48.699  -24.676  -6.943 0.0000000000
47272  48.104  -24.596  -6.547 0.0000000000
47273  47.754  -24.562  -6.127 0.0000000000
47280  54.287  -24.228  -8.209 0.0000000000
47281  53.762  -24.276  -8.095 0.0000000000
47282  52.926  -24.271  -7.961 0.0000000000
47283  52.062  -24.227  -7.827 0.0000000000
47284  51.193  -24.219  -7.664 0.0000000000
47285  50.258  -24.394  -7.464 0.0000000000
47286  49.551  -24.146  -7.547 0.0000000000
47287  48.957  -23.882  -7.479 0.0000000000
47288  48.483  -24.240  -7.164 0.0000000000
47294  57.993  -24.514  -8.444 0.0000000000
47295  57.188  -24.320  -8.437 0.0000000000
47296  56.347  -24.268  -8.393 0.0000000000
47297  55.553  -24.181  -8.383 0.0000000000
47298  54.767  -24.102  -8.372 0.0000000000
47299  54.026  -23.574  -8.691 0.0000000000
47300  53.212  -23.593  -8.556 0.0000000000
47301  52.419  -23.453  -8.378 0.0000000000
47302  51.565  -23.314  -8.171 0.0000000000
47303  50.661  -23.354  -7.996 0.0000000000
47304  49.850  -23.470  -7.866 0.0000000000
47305  49.392  -23.583  -7.727 0.0000000000
47309  62.897  -25.330  -8.841 0.0000000000
47310  61.792  -24.969  -8.975 0.0000000000
47311  60.698  -24.620  -9.003 0.0000000000
47312  59.703  -24.373  -8.961 0.0000000000
47313  58.668  -24.220  -8.859 0.0000000000
47314  57.416  -23.529  -9.270 0.0000000000
47315  56.499  -23.584  -9.037 0.0000000000
47316  55.737  -23.568  -8.919 0.0000000000
47317  55.024  -23.514  -8.846 0.0000000000
47318  54.545  -23.497  -8.789 0.0000000000
47326  63.851  -25.010  -9.183 0.0000000000
47327  62.344  -24.595  -9.590 0.0000000000
47328  61.053  -24.025  -9.794 0.0000000000
47329  59.975  -23.804  -9.649 0.0000000000
47330  59.029  -23.570  -9.602 0.0000000000
47331  58.171  -23.337  -9.643 0.0000000000
47339  64.322  -24.340  -10.041 0.0000000000
47340  62.901  -24.159  -10.188 0.0000000000
47341  61.788  -23.853  -10.267 0.0000000000
48304  47.445  -25.714  1.393 0.0000000000
48308  47.271  -25.669  0.591 0.0000000000
48309  47.036  -25.746  0.179 0.0000000000
48313  47.213  -25.728  0.021 0.0000000000
48314  47.067  -25.797  -0.437 0.0000000000
48320  47.012  -25.820  -1.088 0.0000000000
48326  47.081  -25.801  -1.779 0.0000000000
48331  47.131  -25.684  -2.647 0.0000000000
48337  47.147  -25.460  -3.616 0.0000000000
48342  47.380  -25.084  -4.521 0.0000000000
48347  47.401  -24.659  -5.323 0.0000000000
48352  47.546  -24.243  -6.264 0.0000000000
48353  47.446  -24.300  -6.067 0.0000000000
48358  47.998  -23.941  -7.053 0.0000000000
48359  47.713  -24.075  -6.690 0.0000000000
48360  47.512  -23.995  -6.569 0.0000000000
48366  48.753  -23.268  -7.819 0.0000000000
48367  48.350  -23.610  -7.446 0.0000000000
48368  47.991  -23.349  -7.395 0.0000000000
48376  53.862  -23.064  -9.177 0.0000000000
48377  53.425  -23.039  -9.105 0.0000000000
48378  52.732  -22.852  -9.043 0.0000000000
48379  51.901  -22.568  -8.971 0.0000000000
48380  50.968  -22.421  -8.793 0.0000000000
48381  50.072  -22.493  -8.486 0.0000000000
48382  49.223  -22.848  -8.149 0.0000000000
48383  48.551  -22.716  -8.159 0.0000000000
48384  48.214  -22.964  -7.908 0.0000000000
48394  56.907  -22.956  -9.976 0.0000000000
48395  56.454  -23.026  -9.789 0.0000000000
48396  55.803  -23.039  -9.567 0.0000000000
48397  55.157  -23.020  -9.409 0.0000000000
48398  54.340  -22.935  -9.364 0.0000000000
48399  53.668  -22.707  -9.533 0.0000000000
48400  53.046  -22.488  -9.650 0.0000000000
48401  52.258  -22.205  -9.807 0.0000000000
48402  51.149  -21.857  -10.185 0.0000000000
48403  50.183  -21.828  -9.661 0.0000000000
48404  49.422  -21.911  -9.268 0.0000000000
48405  48.791  -22.026  -9.014 0.0000000000
48412  60.126  -23.322  -10.292 0.0000000000
48413  59.277  -23.071  -10.302 0.0000000000
48414  58.342  -22.852  -10.330 0.0000000000
48415  57.350  -22.754  -10.301 0.0000000000
48416  56.400  -22.541  -10.512 0.0000000000
48417  55.680  -22.533  -10.318 0.0000000000
48418  55.252  -22.637  -9.975 0.0000000000
48419  54.747  -22.604  -9.878 0.0000000000
48420  50.543  -21.640  -11.514 0.0000000000
48421  49.997  -21.658  -10.981 0.0000000000
48422  49.368  -21.657  -10.551 0.0000000000
48423  48.833  -21.681  -10.206 0.0000000000
48429  66.364  -23.648  -10.432 0.0000000000
48430  64.761  -23.783  -10.829 0.0000000000
48431  63.286  -23.694  -10.964 0.0000000000
48432  61.993  -23.402  -10.945 0.0000000000
48433  60.782  -23.124  -10.779 0.0000000000
48434  59.579  -22.676  -10.981 0.0000000000
48435  58.573  -22.412  -11.087 0.0000000000
48436  57.581  -22.261  -11.200 0.0000000000
48437  56.560  -22.155  -11.341 0.0000000000
48438  55.400  -21.981  -11.358 0.0000000000
48439  54.233  -21.702  -11.973 0.0000000000
48440  53.260  -21.570  -12.353 0.0000000000
48441  52.351  -21.560  -12.647 0.0000000000
48442  51.529  -21.686  -12.821 0.0000000000
48443  50.865  -21.907  -12.807 0.0000000000
48444  50.355  -21.926  -12.475 0.0000000000
48445  49.697  -21.918  -12.121 0.0000000000
48446  49.168  -21.901  -11.705 0.0000000000
48447  48.706  -21.910  -11.387 0.0000000000
48454  67.040  -23.204  -10.977 0.0000000000
48455  65.225  -23.180  -11.684 0.0000000000
48456  63.639  -23.187  -11.738 0.0000000000
48457  62.306  -22.939  -11.704 0.0000000000
48458  61.086  -22.580  -11.653 0.0000000000
48459  59.896  -22.305  -11.724 0.0000000000
48460  58.813  -22.029  -11.831 0.0000000000
48461  57.799  -21.889  -12.012 0.0000000000
48462  56.796  -21.843  -12.235 0.0000000000
48463  55.765  -21.719  -12.413 0.0000000000
48464  54.704  -21.611  -12.682 0.0000000000
48465  53.679  -21.594  -13.023 0.0000000000
48466  52.711  -21.662  -13.287 0.0000000000
48467  51.797  -21.829  -13.445 0.0000000000
48468  50.976  -22.116  -13.451 0.0000000000
48469  50.233  -22.369  -13.292 0.0000000000
48470  49.510  -22.464  -13.021 0.0000000000
48471  48.934  -22.399  -12.636 0.0000000000
48472  48.602  -22.237  -12.243 0.0000000000
48479  64.700  -22.810  -12.375 0.0000000000
48480  63.843  -22.668  -12.494 0.0000000000
48481  62.602  -22.483  -12.398 0.0000000000
48482  61.446  -22.157  -12.353 0.0000000000
48483  60.158  -21.792  -12.561 0.0000000000
48484  59.025  -21.685  -12.575 0.0000000000
48485  58.011  -21.596  -12.761 0.0000000000
48486  57.011  -21.652  -13.064 0.0000000000
48487  56.014  -21.607  -13.303 0.0000000000
48488  55.028  -21.634  -13.510 0.0000000000
48489  54.046  -21.712  -13.744 0.0000000000
48490  53.077  -21.854  -13.951 0.0000000000
48491  52.122  -22.016  -14.092 0.0000000000
48492  51.201  -22.266  -14.134 0.0000000000
48493  50.336  -22.656  -14.055 0.0000000000
48494  49.474  -22.901  -13.858 0.0000000000
48495  48.602  -22.982  -13.599 0.0000000000
48496  48.345  -22.674  -12.899 0.0000000000
48502  59.123  -21.434  -13.256 0.0000000000
48503  58.225  -21.363  -13.438 0.0000000000
48504  57.272  -21.456  -13.729 0.0000000000
48505  56.211  -21.554  -14.169 0.0000000000
48506  55.251  -21.657  -14.263 0.0000000000
48507  54.342  -21.811  -14.438 0.0000000000
48508  53.417  -22.008  -14.595 0.0000000000
48509  52.478  -22.206  -14.706 0.0000000000
48510  51.536  -22.414  -14.760 0.0000000000
48511  50.601  -22.685  -14.760 0.0000000000
48512  49.594  -23.076  -14.791 0.0000000000
48513  48.751  -23.214  -14.374 0.0000000000
48514  48.327  -23.242  -14.189 0.0000000000
48523  55.349  -21.643  -14.862 0.0000000000
48524  54.585  -21.836  -15.024 0.0000000000
48525  53.727  -22.082  -15.170 0.0000000000
48526  52.823  -22.278  -15.273 0.0000000000
48527  51.895  -22.449  -15.332 0.0000000000
48528  50.962  -22.609  -15.341 0.0000000000
48529  50.117  -22.886  -15.320 0.0000000000
48530  49.633  -23.074  -15.322 0.0000000000
49511  47.896  -25.641  1.153 0.0000000000
49512  47.638  -25.668  1.259 0.0000000000
49517  66.222  -26.639  0.234 0.0000000000
49518  65.823  -26.490  0.492 0.0000000000
49519  47.787  -25.566  0.662 0.0000000000
49520  47.529  -25.622  0.387 0.0000000000
49526  67.130  -26.832  -0.735 0.0000000000
49527  66.445  -26.709  -0.302 0.0000000000
49528  65.380  -26.362  0.026 0.0000000000
49529  64.646  -26.167  -0.058 0.0000000000
49530  47.278  -25.658  -0.673 0.0000000000
49531  47.077  -25.743  -0.859 0.0000000000
49537  67.256  -26.875  -1.466 0.0000000000
49538  66.338  -26.831  -1.183 0.0000000000
49539  65.465  -26.480  -0.820 0.0000000000
49540  64.643  -26.247  -0.512 0.0000000000
49541  47.316  -25.645  -1.691 0.0000000000
49542  47.113  -25.737  -1.373 0.0000000000
49547  68.120  -26.599  -2.611 0.0000000000
49548  67.552  -27.022  -2.188 0.0000000000
49549  66.409  -26.914  -2.047 0.0000000000
49550  65.278  -26.568  -1.763 0.0000000000
49551  64.676  -26.263  -1.194 0.0000000000
49552  47.373  -25.663  -2.598 0.0000000000
49553  47.162  -25.715  -2.201 0.0000000000
49557  68.306  -26.377  -3.290 0.0000000000
49558  67.678  -26.928  -3.045 0.0000000000
49559  66.711  -26.867  -2.879 0.0000000000
49560  65.194  -26.598  -2.744 0.0000000000
49561  64.368  -26.521  -3.056 0.0000000000
49562  47.393  -25.575  -3.172 0.0000000000
49563  47.151  -25.591  -3.150 0.0000000000
49567  68.406  -26.256  -3.759 0.0000000000
49568  67.943  -26.659  -3.686 0.0000000000
49569  67.147  -26.846  -3.621 0.0000000000
49570  66.002  -26.827  -3.633 0.0000000000
49571  64.735  -26.422  -3.678 0.0000000000
49572  47.344  -25.248  -4.109 0.0000000000
49574  68.334  -26.182  -4.203 0.0000000000
49575  67.641  -26.526  -4.261 0.0000000000
49576  66.737  -26.568  -4.360 0.0000000000
49577  65.550  -26.156  -4.586 0.0000000000
49578  64.676  -25.976  -4.348 0.0000000000
49579  47.405  -24.841  -4.979 0.0000000000
49581  68.092  -26.082  -4.787 0.0000000000
49582  67.431  -26.213  -5.015 0.0000000000
49583  66.511  -26.072  -5.130 0.0000000000
49584  65.877  -25.887  -5.245 0.0000000000
49585  47.438  -24.457  -5.747 0.0000000000
49587  47.469  -24.159  -6.258 0.0000000000
49589  47.609  -23.763  -6.872 0.0000000000
49590  47.562  -23.638  -7.072 0.0000000000
49592  47.737  -23.329  -7.360 0.0000000000
49593  47.721  -22.839  -8.057 0.0000000000
49595  48.254  -22.540  -8.250 0.0000000000
49596  47.989  -22.582  -8.267 0.0000000000
49597  47.804  -22.229  -9.022 0.0000000000
49603  53.892  -22.510  -9.816 0.0000000000
49604  53.442  -22.272  -10.082 0.0000000000
49605  52.712  -22.015  -10.385 0.0000000000
49606  51.897  -21.811  -10.741 0.0000000000
49607  51.236  -21.657  -11.204 0.0000000000
49608  48.324  -22.155  -8.836 0.0000000000
49609  48.028  -21.851  -9.687 0.0000000000
49610  47.808  -21.910  -9.712 0.0000000000
49620  55.239  -22.426  -10.344 0.0000000000
49621  54.852  -22.334  -10.369 0.0000000000
49622  54.106  -22.222  -10.319 0.0000000000
49623  53.204  -21.872  -10.847 0.0000000000
49624  52.383  -21.687  -11.229 0.0000000000
49625  51.631  -21.603  -11.586 0.0000000000
49626  50.975  -21.629  -11.932 0.0000000000
49627  48.396  -21.705  -9.919 0.0000000000
49628  48.092  -21.654  -10.863 0.0000000000
49629  47.899  -21.719  -11.568 0.0000000000
49638  55.159  -22.221  -10.679 0.0000000000
49639  54.584  -22.007  -11.014 0.0000000000
49640  53.714  -21.741  -11.366 0.0000000000
49641  52.825  -21.587  -11.753 0.0000000000
49642  52.000  -21.541  -12.068 0.0000000000
49643  51.296  -21.609  -12.294 0.0000000000
49644  50.866  -21.763  -12.393 0.0000000000
49645  48.335  -21.801  -11.121 0.0000000000
49646  47.848  -21.980  -11.881 0.0000000000
49647  47.485  -21.927  -12.259 0.0000000000
49653  66.357  -22.837  -11.839 0.0000000000
49654  65.287  -22.825  -12.329 0.0000000000
49655  48.081  -22.306  -12.347 0.0000000000
49656  47.292  -22.301  -13.079 0.0000000000
49657  47.143  -22.042  -12.852 0.0000000000
49663  67.162  -22.293  -11.981 0.0000000000
49664  65.740  -22.512  -12.593 0.0000000000
49665  64.562  -22.511  -12.880 0.0000000000
49666  63.597  -22.219  -13.123 0.0000000000
49667  62.789  -22.089  -13.021 0.0000000000
49668  61.778  -21.814  -12.955 0.0000000000
49669  60.828  -21.585  -12.972 0.0000000000
49670  48.126  -23.186  -14.062 0.0000000000
49671  47.754  -22.848  -13.720 0.0000000000
49672  46.957  -22.587  -14.154 0.0000000000
49682  66.305  -22.134  -12.927 0.0000000000
49683  65.032  -22.239  -13.332 0.0000000000
49684  63.921  -22.013  -13.598 0.0000000000
49685  63.011  -21.810  -13.536 0.0000000000
49686  62.076  -21.538  -13.525 0.0000000000
49687  60.994  -21.322  -13.576 0.0000000000
49688  59.777  -21.283  -13.643 0.0000000000
49689  58.517  -21.182  -14.043 0.0000000000
49690  57.537  -21.293  -14.300 0.0000000000
49691  56.745  -21.470  -14.531 0.0000000000
49692  49.284  -23.144  -15.363 0.0000000000
49693  48.756  -23.244  -15.121 0.0000000000
49694  47.995  -23.188  -14.681 0.0000000000
49695  47.064  -22.806  -14.888 0.0000000000
49696  46.725  -22.552  -14.698 0.0000000000
49703  63.263  -21.709  -13.909 0.0000000000
49704  62.533  -21.476  -14.054 0.0000000000
49705  61.378  -21.145  -14.175 0.0000000000
49706  60.144  -20.989  -14.349 0.0000000000
49707  58.827  -20.986  -14.746 0.0000000000
49708  57.770  -21.162  -14.879 0.0000000000
49709  56.856  -21.372  -15.074 0.0000000000
49710  55.889  -21.476  -15.154 0.0000000000
49711  54.862  -21.668  -15.491 0.0000000000
49712  54.012  -21.986  -15.652 0.0000000000
49713  53.150  -22.223  -15.758 0.0000000000
49714  52.249  -22.374  -15.827 0.0000000000
49715  51.321  -22.509  -15.869 0.0000000000
49716  50.425  -22.666  -15.838 0.0000000000
49717  49.619  -22.898  -15.738 0.0000000000
49718  48.923  -23.071  -15.761 0.0000000000
49719  48.152  -23.051  -15.708 0.0000000000
49720  47.512  -22.919  -15.412 0.0000000000
49726  58.477  -20.879  -15.264 0.0000000000
49727  57.964  -20.981  -15.371 0.0000000000
49728  57.083  -21.210  -15.575 0.0000000000
49729  56.167  -21.322  -15.742 0.0000000000
49730  55.179  -21.435  -16.012 0.0000000000
49731  54.306  -21.781  -16.081 0.0000000000
49732  53.464  -22.034  -16.167 0.0000000000
49733  52.597  -22.199  -16.233 0.0000000000
49734  51.702  -22.315  -16.291 0.0000000000
49735  50.722  -22.392  -16.390 0.0000000000
49736  49.927  -22.580  -16.257 0.0000000000
49737  49.227  -22.753  -16.246 0.0000000000
49738  48.609  -22.855  -16.225 0.0000000000
49747  54.966  -21.351  -16.396 0.0000000000
49748  54.550  -21.480  -16.428 0.0000000000
49749  53.770  -21.732  -16.507 0.0000000000
49750  52.938  -21.941  -16.581 0.0000000000
49751  52.072  -22.063  -16.629 0.0000000000
49752  51.261  -22.121  -16.664 0.0000000000
50652  55.692  -24.337  5.986 0.0000000000
50667  64.744  -27.367  3.854 0.0000000000
50668  63.741  -26.223  4.027 0.0000000000
50670  52.654  -24.229  5.289 0.0000000000
50671  51.894  -24.424  5.070 0.0000000000
50679  66.739  -27.460  3.167 0.0000000000
50680  64.951  -26.989  3.211 0.0000000000
50681  63.899  -26.017  3.590 0.0000000000
50682  51.360  -24.617  4.397 0.0000000000
50683  50.726  -24.961  4.315 0.0000000000
50689  68.209  -26.593  2.893 0.0000000000
50690  67.394  -27.423  2.510 0.0000000000
50691  65.828  -26.763  2.428 0.0000000000
50692  64.818  -26.587  2.611 0.0000000000
50693  51.042  -24.873  3.784 0.0000000000
50694  50.516  -25.190  3.600 0.0000000000
50695  49.990  -25.484  3.305 0.0000000000
50696  49.455  -25.491  2.984 0.0000000000
50697  48.907  -25.429  2.673 0.0000000000
50698  48.502  -25.468  2.215 0.0000000000
50703  68.657  -25.633  1.915 0.0000000000
50704  68.104  -26.572  2.015 0.0000000000
50705  66.816  -27.001  1.693 0.0000000000
50706  65.480  -26.456  1.475 0.0000000000
50707  64.525  -26.246  1.031 0.0000000000
50708  50.900  -25.279  3.233 0.0000000000
50709  50.389  -25.256  2.827 0.0000000000
50710  49.826  -25.456  2.581 0.0000000000
50711  49.269  -25.403  2.257 0.0000000000
50712  48.758  -25.462  1.911 0.0000000000
50713  48.307  -25.535  1.581 0.0000000000
50719  68.509  -25.842  1.381 0.0000000000
50720  67.647  -26.950  1.036 0.0000000000
50721  66.459  -26.803  0.755 0.0000000000
50722  65.222  -26.347  0.716 0.0000000000
50723  64.299  -26.049  0.535 0.0000000000
50724  50.149  -25.423  2.242 0.0000000000
50725  49.706  -25.436  1.826 0.0000000000
50726  49.118  -25.459  1.531 0.0000000000
50727  48.601  -25.502  1.169 0.0000000000
50728  48.087  -25.527  0.766 0.0000000000
50729  47.782  -25.533  0.313 0.0000000000
50734  68.339  -26.070  0.455 0.0000000000
50735  67.429  -27.013  0.024 0.0000000000
50736  66.721  -26.824  0.171 0.0000000000
50737  64.670  -26.194  0.271 0.0000000000
50738  64.015  -25.989  -0.139 0.0000000000
50739  63.358  -25.835  -0.690 0.0000000000
50740  49.465  -25.503  1.224 0.0000000000
50741  49.029  -25.521  0.777 0.0000000000
50742  48.460  -25.495  0.414 0.0000000000
50743  48.027  -25.491  0.018 0.0000000000
50744  47.666  -25.553  -0.312 0.0000000000
50748  68.343  -26.169  -0.578 0.0000000000
50749  67.760  -26.860  -1.005 0.0000000000
50750  63.963  -26.011  -0.963 0.0000000000
50751  63.106  -25.773  -1.387 0.0000000000
50752  62.398  -25.735  -1.832 0.0000000000
50753  48.834  -25.492  0.065 0.0000000000
50754  48.398  -25.463  -0.344 0.0000000000
50755  47.993  -25.488  -0.776 0.0000000000
50756  47.612  -25.575  -1.201 0.0000000000
50759  68.337  -26.284  -1.749 0.0000000000
50760  67.781  -26.875  -1.594 0.0000000000
50761  64.764  -26.453  -2.251 0.0000000000
50762  64.128  -26.200  -1.892 0.0000000000
50763  63.051  -26.008  -2.179 0.0000000000
50764  62.126  -25.577  -2.490 0.0000000000
50765  61.544  -25.266  -3.082 0.0000000000
50766  48.817  -25.453  -0.604 0.0000000000
50767  48.467  -25.408  -1.207 0.0000000000
50768  48.001  -25.497  -1.649 0.0000000000
50769  47.643  -25.571  -2.145 0.0000000000
50771  68.836  -25.830  -2.801 0.0000000000
50772  64.494  -26.334  -2.454 0.0000000000
50773  63.935  -26.376  -2.652 0.0000000000
50774  62.946  -25.874  -2.924 0.0000000000
50775  62.156  -25.367  -3.299 0.0000000000
50776  61.605  -25.034  -3.612 0.0000000000
50777  48.362  -25.365  -1.970 0.0000000000
50778  48.073  -25.383  -2.589 0.0000000000
50779  47.662  -25.471  -3.142 0.0000000000
50780  47.454  -25.350  -3.742 0.0000000000
50782  69.435  -24.980  -4.294 0.0000000000
50783  69.091  -25.477  -3.908 0.0000000000
50784  63.760  -26.109  -3.350 0.0000000000
50785  62.855  -25.518  -3.743 0.0000000000
50786  62.036  -25.019  -4.031 0.0000000000
50787  61.462  -24.803  -4.046 0.0000000000
50788  48.023  -25.246  -3.417 0.0000000000
50789  47.803  -25.018  -4.215 0.0000000000
50790  47.495  -24.958  -4.605 0.0000000000
50792  69.469  -24.893  -4.785 0.0000000000
50793  68.780  -25.664  -4.890 0.0000000000
50794  64.653  -25.715  -4.828 0.0000000000
50795  63.813  -25.615  -4.352 0.0000000000
50796  62.643  -25.014  -4.554 0.0000000000
50797  62.063  -24.773  -4.518 0.0000000000
50798  47.661  -24.719  -5.042 0.0000000000
50799  47.512  -24.532  -5.522 0.0000000000
50801  69.251  -25.143  -5.878 0.0000000000
50802  68.238  -25.833  -5.761 0.0000000000
50803  67.164  -25.984  -5.905 0.0000000000
50804  66.164  -25.861  -5.864 0.0000000000
50805  65.217  -25.624  -5.486 0.0000000000
50806  64.079  -25.260  -5.401 0.0000000000
50807  63.241  -25.059  -5.065 0.0000000000
50808  47.493  -23.989  -6.413 0.0000000000
50810  69.279  -24.939  -6.593 0.0000000000
50811  68.748  -25.265  -6.902 0.0000000000
50812  67.758  -25.705  -6.766 0.0000000000
50813  66.732  -25.688  -6.784 0.0000000000
50814  65.556  -25.398  -6.433 0.0000000000
50815  64.650  -25.193  -6.083 0.0000000000
50816  47.486  -23.576  -7.249 0.0000000000
50818  68.602  -25.082  -7.587 0.0000000000
50819  68.073  -25.408  -7.560 0.0000000000
50820  67.372  -25.522  -7.373 0.0000000000
50821  47.585  -23.003  -7.915 0.0000000000
50823  47.679  -22.414  -8.804 0.0000000000
50825  47.576  -21.988  -9.737 0.0000000000
50827  47.918  -21.607  -10.704 0.0000000000
50828  47.884  -21.615  -10.454 0.0000000000
50832  47.936  -21.593  -11.172 0.0000000000
50833  47.720  -21.559  -11.556 0.0000000000
50843  47.221  -21.773  -12.628 0.0000000000
50852  46.754  -22.301  -13.927 0.0000000000
50853  46.820  -21.970  -13.457 0.0000000000
50860  46.571  -22.344  -14.535 0.0000000000
50861  46.454  -22.007  -14.323 0.0000000000
50872  67.000  -21.622  -13.223 0.0000000000
50873  65.321  -21.840  -13.741 0.0000000000
50874  64.467  -21.930  -13.797 0.0000000000
50875  46.782  -22.504  -15.416 0.0000000000
50876  46.502  -22.313  -15.161 0.0000000000
50877  46.320  -22.074  -14.847 0.0000000000
50889  67.904  -21.043  -13.600 0.0000000000
50890  65.589  -21.170  -14.424 0.0000000000
50891  63.687  -21.490  -14.350 0.0000000000
50892  61.950  -21.019  -14.675 0.0000000000
50893  60.613  -20.749  -14.873 0.0000000000
50894  59.397  -20.736  -15.088 0.0000000000
50895  58.763  -20.824  -15.207 0.0000000000
50896  47.556  -22.710  -15.994 0.0000000000
50897  47.046  -22.569  -15.753 0.0000000000
50898  46.695  -22.173  -15.787 0.0000000000
50908  64.783  -20.820  -15.195 0.0000000000
50909  63.871  -20.915  -15.163 0.0000000000
50910  62.458  -20.764  -15.192 0.0000000000
50911  61.125  -20.526  -15.327 0.0000000000
50912  59.739  -20.367  -15.685 0.0000000000
50913  58.449  -20.707  -15.653 0.0000000000
50914  57.352  -20.969  -15.975 0.0000000000
50915  56.464  -21.167  -16.166 0.0000000000
50916  55.640  -21.225  -16.281 0.0000000000
50917  55.206  -21.304  -16.368 0.0000000000
50918  50.131  -22.360  -16.612 0.0000000000
50919  49.588  -22.381  -16.665 0.0000000000
50920  48.826  -22.492  -16.683 0.0000000000
50921  48.030  -22.552  -16.507 0.0000000000
50922  47.285  -22.204  -16.429 0.0000000000
50923  46.934  -22.190  -16.113 0.0000000000
50931  59.255  -20.090  -16.205 0.0000000000
50932  58.559  -20.337  -16.206 0.0000000000
50933  57.591  -20.655  -16.358 0.0000000000
50934  56.703  -20.932  -16.540 0.0000000000
50935  55.898  -21.049  -16.605 0.0000000000
50936  55.056  -21.196  -16.701 0.0000000000
50937  54.116  -21.400  -16.798 0.0000000000
50938  53.284  -21.588  -16.878 0.0000000000
50939  52.424  -21.730  -16.935 0.0000000000
50940  51.504  -21.810  -16.969 0.0000000000
50941  50.348  -21.957  -17.045 0.0000000000
50942  49.219  -22.040  -17.097 0.0000000000
50943  48.411  -22.029  -17.068 0.0000000000
50944  47.743  -21.916  -16.873 0.0000000000
50945  47.392  -21.848  -16.725 0.0000000000
50953  54.425  -21.074  -17.078 0.0000000000
50954  53.666  -21.225  -17.187 0.0000000000
50955  52.811  -21.339  -17.246 0.0000000000
50956  51.925  -21.426  -17.293 0.0000000000
50957  51.040  -21.504  -17.356 0.0000000000
50958  50.512  -21.567  -17.461 0.0000000000
51841  56.923  -23.899  5.377 0.0000000000
51842  56.011  -23.979  5.325 0.0000000000
51843  54.971  -24.092  5.392 0.0000000000
51844  53.945  -24.080  5.209 0.0000000000
51845  53.200  -24.053  5.079 0.0000000000
51851  63.021  -25.253  4.317 0.0000000000
51852  62.293  -24.663  4.569 0.0000000000
51856  57.468  -23.610  4.703 0.0000000000
51857  56.460  -23.775  4.591 0.0000000000
51858  55.460  -23.862  4.555 0.0000000000
51859  54.469  -23.921  4.513 0.0000000000
51860  53.549  -23.998  4.470 0.0000000000
51861  52.641  -24.126  4.542 0.0000000000
51862  51.961  -24.403  4.314 0.0000000000
51867  63.910  -25.914  3.353 0.0000000000
51868  63.181  -25.120  3.744 0.0000000000
51869  61.803  -24.073  3.823 0.0000000000
51870  60.495  -23.540  3.854 0.0000000000
51871  59.227  -23.327  3.864 0.0000000000
51872  58.028  -23.434  3.835 0.0000000000
51873  56.944  -23.674  3.785 0.0000000000
51874  55.922  -23.855  3.743 0.0000000000
51875  54.932  -23.960  3.712 0.0000000000
51876  53.980  -24.050  3.701 0.0000000000
51877  53.092  -24.225  3.740 0.0000000000
51878  52.303  -24.459  3.767 0.0000000000
51879  51.638  -24.675  3.796 0.0000000000
51884  69.184  -24.154  3.001 0.0000000000
51885  68.669  -25.646  2.734 0.0000000000
51886  64.686  -26.391  2.258 0.0000000000
51887  63.870  -25.672  2.755 0.0000000000
51888  62.380  -24.471  2.886 0.0000000000
51889  61.054  -23.731  2.911 0.0000000000
51890  59.761  -23.452  2.907 0.0000000000
51891  58.552  -23.607  2.933 0.0000000000
51892  57.436  -23.900  2.950 0.0000000000
51893  56.384  -24.146  2.941 0.0000000000
51894  55.377  -24.300  2.923 0.0000000000
51895  54.416  -24.432  2.930 0.0000000000
51896  53.498  -24.571  2.966 0.0000000000
51897  52.632  -24.727  3.031 0.0000000000
51898  51.847  -24.883  3.136 0.0000000000
51899  51.319  -25.010  3.321 0.0000000000
51906  69.131  -24.567  1.898 0.0000000000
51907  68.797  -25.358  2.328 0.0000000000
51908  65.068  -26.299  2.013 0.0000000000
51909  64.082  -25.985  1.649 0.0000000000
51910  62.779  -24.893  1.852 0.0000000000
51911  61.464  -24.200  1.920 0.0000000000
51912  60.178  -23.931  1.969 0.0000000000
51913  58.972  -24.006  2.010 0.0000000000
51914  57.858  -24.478  2.068 0.0000000000
51915  56.809  -24.714  2.077 0.0000000000
51916  55.800  -24.851  2.069 0.0000000000
51917  54.821  -24.973  2.074 0.0000000000
51918  53.875  -25.075  2.097 0.0000000000
51919  52.963  -25.105  2.150 0.0000000000
51920  52.041  -25.088  2.261 0.0000000000
51921  51.081  -25.248  2.530 0.0000000000
51922  50.489  -25.368  2.314 0.0000000000
51928  69.156  -24.741  0.909 0.0000000000
51929  63.721  -25.940  0.713 0.0000000000
51930  62.864  -25.377  0.801 0.0000000000
51931  61.684  -24.785  0.884 0.0000000000
51932  60.446  -24.601  0.977 0.0000000000
51933  59.261  -24.698  1.062 0.0000000000
51934  58.153  -24.713  1.077 0.0000000000
51935  57.107  -24.716  1.083 0.0000000000
51936  56.115  -24.800  1.107 0.0000000000
51937  55.115  -24.849  1.133 0.0000000000
51938  54.160  -25.035  1.173 0.0000000000
51939  53.272  -25.141  1.223 0.0000000000
51940  52.335  -24.940  1.278 0.0000000000
51941  51.327  -25.089  1.438 0.0000000000
51942  50.343  -25.345  1.618 0.0000000000
51943  49.797  -25.481  1.327 0.0000000000
51948  69.204  -24.965  -0.084 0.0000000000
51949  63.739  -25.907  0.274 0.0000000000
51950  63.034  -25.609  -0.151 0.0000000000
51951  61.869  -25.067  -0.178 0.0000000000
51952  60.659  -24.882  -0.087 0.0000000000
51953  59.494  -24.723  -0.018 0.0000000000
51954  58.367  -24.685  0.040 0.0000000000
51955  57.341  -24.816  0.072 0.0000000000
51956  56.390  -24.944  0.107 0.0000000000
51957  55.426  -24.987  0.146 0.0000000000
51958  54.448  -25.052  0.190 0.0000000000
51959  53.542  -25.238  0.264 0.0000000000
51960  52.624  -25.161  0.323 0.0000000000
51961  51.664  -25.279  0.433 0.0000000000
51962  50.675  -25.391  0.563 0.0000000000
51963  49.723  -25.540  0.666 0.0000000000
51964  49.202  -25.561  0.331 0.0000000000
51968  69.236  -25.038  -1.124 0.0000000000
51969  62.841  -25.654  -0.862 0.0000000000
51970  62.083  -25.487  -1.230 0.0000000000
51971  60.860  -25.086  -1.159 0.0000000000
51972  59.685  -25.009  -0.999 0.0000000000
51973  58.597  -24.972  -0.876 0.0000000000
51974  57.572  -25.073  -0.795 0.0000000000
51975  56.636  -25.140  -0.725 0.0000000000
51976  55.712  -25.263  -0.673 0.0000000000
51977  54.770  -25.308  -0.639 0.0000000000
51978  53.837  -25.378  -0.607 0.0000000000
51979  52.905  -25.433  -0.573 0.0000000000
51980  51.954  -25.389  -0.518 0.0000000000
51981  50.969  -25.252  -0.458 0.0000000000
51982  50.021  -25.388  -0.354 0.0000000000
51983  49.285  -25.467  -0.198 0.0000000000
51985  69.388  -24.898  -2.151 0.0000000000
51986  61.873  -25.601  -1.957 0.0000000000
51987  61.097  -25.323  -2.359 0.0000000000
51988  59.837  -25.137  -2.124 0.0000000000
51989  58.782  -25.039  -1.892 0.0000000000
51990  57.791  -25.018  -1.713 0.0000000000
51991  56.841  -24.917  -1.595 0.0000000000
51992  55.918  -24.958  -1.491 0.0000000000
51993  54.990  -24.929  -1.472 0.0000000000
51994  54.070  -24.993  -1.490 0.0000000000
51995  53.155  -25.084  -1.485 0.0000000000
51996  52.225  -25.087  -1.460 0.0000000000
51997  51.263  -24.994  -1.437 0.0000000000
51998  50.284  -25.059  -1.410 0.0000000000
51999  49.218  -25.246  -1.327 0.0000000000
52000  48.662  -25.279  -1.777 0.0000000000
52002  69.858  -24.056  -3.702 0.0000000000
52003  69.580  -24.564  -3.151 0.0000000000
52004  60.977  -24.832  -3.623 0.0000000000
52005  59.992  -24.665  -3.319 0.0000000000
52006  58.929  -24.509  -3.063 0.0000000000
52007  57.939  -24.441  -2.805 0.0000000000
52008  56.996  -24.388  -2.618 0.0000000000
52009  56.080  -24.364  -2.487 0.0000000000
52010  55.170  -24.409  -2.413 0.0000000000
52011  54.262  -24.476  -2.404 0.0000000000
52012  53.375  -24.595  -2.402 0.0000000000
52013  52.488  -24.665  -2.381 0.0000000000
52014  51.572  -24.689  -2.387 0.0000000000
52015  50.631  -24.744  -2.413 0.0000000000
52016  49.678  -24.914  -2.470 0.0000000000
52017  48.710  -25.128  -2.602 0.0000000000
52018  48.276  -25.193  -3.141 0.0000000000
52020  69.691  -24.498  -4.191 0.0000000000
52021  69.574  -24.661  -3.731 0.0000000000
52022  61.711  -24.684  -4.430 0.0000000000
52023  61.155  -24.486  -4.498 0.0000000000
52024  60.236  -24.251  -4.396 0.0000000000
52025  59.093  -23.947  -4.272 0.0000000000
52026  58.062  -23.923  -3.883 0.0000000000
52027  57.136  -23.867  -3.631 0.0000000000
52028  56.231  -23.845  -3.461 0.0000000000
52029  55.334  -23.887  -3.352 0.0000000000
52030  54.442  -23.982  -3.302 0.0000000000
52031  53.538  -24.087  -3.348 0.0000000000
52032  52.741  -24.239  -3.233 0.0000000000
52033  51.890  -24.311  -3.267 0.0000000000
52034  50.985  -24.380  -3.323 0.0000000000
52035  50.090  -24.536  -3.423 0.0000000000
52036  49.226  -24.754  -3.603 0.0000000000
52037  48.394  -24.913  -3.919 0.0000000000
52038  48.074  -24.757  -4.591 0.0000000000
52040  69.955  -24.032  -4.768 0.0000000000
52041  62.719  -24.770  -5.131 0.0000000000
52042  61.980  -24.465  -5.055 0.0000000000
52043  60.760  -23.912  -5.377 0.0000000000
52044  59.617  -23.692  -5.212 0.0000000000
52045  58.787  -23.490  -5.216 0.0000000000
52046  52.938  -23.914  -3.885 0.0000000000
52047  52.256  -23.906  -4.037 0.0000000000
52048  51.349  -23.959  -4.149 0.0000000000
52049  50.457  -24.076  -4.254 0.0000000000
52050  49.630  -24.261  -4.403 0.0000000000
52051  48.891  -24.445  -4.638 0.0000000000
52052  48.301  -24.464  -5.006 0.0000000000
52053  47.908  -24.539  -5.170 0.0000000000
52054  47.694  -24.379  -5.600 0.0000000000
52056  69.873  -24.218  -5.538 0.0000000000
52057  64.068  -24.902  -6.059 0.0000000000
52058  63.147  -24.568  -5.824 0.0000000000
52059  61.818  -23.781  -6.164 0.0000000000
52060  60.773  -23.403  -6.229 0.0000000000
52061  48.054  -24.158  -5.564 0.0000000000
52062  47.878  -23.975  -5.988 0.0000000000
52063  47.628  -23.996  -6.206 0.0000000000
52065  69.698  -24.391  -6.477 0.0000000000
52066  69.336  -24.746  -7.001 0.0000000000
52067  66.905  -25.382  -7.408 0.0000000000
52068  66.123  -25.106  -7.282 0.0000000000
52069  64.477  -24.575  -6.893 0.0000000000
52070  62.967  -23.849  -6.829 0.0000000000
52071  62.059  -23.324  -7.015 0.0000000000
52072  47.814  -23.631  -6.677 0.0000000000
52073  47.666  -23.526  -7.082 0.0000000000
52075  69.635  -24.242  -7.171 0.0000000000
52076  69.152  -24.580  -7.695 0.0000000000
52077  68.397  -24.896  -8.107 0.0000000000
52078  67.206  -24.906  -8.074 0.0000000000
52079  65.667  -24.404  -7.984 0.0000000000
52080  64.543  -23.854  -7.893 0.0000000000
52081  47.564  -23.120  -7.708 0.0000000000
52083  68.845  -24.278  -8.421 0.0000000000
52084  68.199  -24.357  -8.809 0.0000000000
52085  67.336  -24.123  -8.985 0.0000000000
52086  47.665  -22.510  -8.627 0.0000000000
52088  47.725  -22.009  -9.532 0.0000000000
52090  47.867  -21.660  -10.281 0.0000000000
52092  47.815  -21.416  -11.290 0.0000000000
52097  47.409  -21.387  -12.313 0.0000000000
52108  46.856  -21.474  -13.237 0.0000000000
52121  46.427  -21.532  -14.091 0.0000000000
52132  46.308  -21.898  -15.182 0.0000000000
52133  46.170  -21.562  -14.968 0.0000000000
52147  67.537  -20.434  -14.401 0.0000000000
52148  66.651  -20.810  -14.457 0.0000000000
52149  46.413  -21.527  -15.723 0.0000000000
52150  46.212  -21.222  -15.507 0.0000000000
52167  68.671  -19.958  -14.386 0.0000000000
52168  67.053  -19.938  -15.314 0.0000000000
52169  65.698  -20.518  -15.283 0.0000000000
52170  64.077  -20.526  -15.709 0.0000000000
52171  62.765  -20.415  -15.765 0.0000000000
52172  61.457  -20.248  -15.791 0.0000000000
52173  60.593  -20.226  -15.803 0.0000000000
52174  47.181  -21.745  -16.638 0.0000000000
52175  46.940  -21.647  -16.336 0.0000000000
52189  66.422  -19.701  -15.983 0.0000000000
52190  65.649  -19.936  -16.059 0.0000000000
52191  64.401  -20.088  -16.170 0.0000000000
52192  63.089  -20.012  -16.250 0.0000000000
52193  61.776  -19.882  -16.281 0.0000000000
52194  60.107  -19.820  -16.419 0.0000000000
52195  58.737  -19.964  -16.599 0.0000000000
52196  57.790  -20.291  -16.772 0.0000000000
52197  56.912  -20.625  -16.932 0.0000000000
52198  56.081  -20.843  -16.969 0.0000000000
52199  55.555  -20.980  -16.904 0.0000000000
52200  50.128  -21.507  -17.566 0.0000000000
52201  49.520  -21.603  -17.522 0.0000000000
52202  48.773  -21.583  -17.458 0.0000000000
52203  48.101  -21.257  -17.372 0.0000000000
52204  47.506  -21.390  -16.902 0.0000000000
52205  47.217  -21.466  -16.672 0.0000000000
52215  59.557  -19.479  -17.017 0.0000000000
52216  58.939  -19.632  -17.023 0.0000000000
52217  58.016  -19.884  -17.182 0.0000000000
52218  57.130  -20.180  -17.332 0.0000000000
52219  56.228  -20.439  -17.390 0.0000000000
52220  55.201  -20.730  -17.286 0.0000000000
52221  54.124  -20.779  -17.492 0.0000000000
52222  53.215  -20.852  -17.550 0.0000000000
52223  52.320  -20.916  -17.570 0.0000000000
52224  51.434  -20.988  -17.628 0.0000000000
52225  50.553  -21.077  -17.705 0.0000000000
52226  49.746  -21.043  -17.808 0.0000000000
52227  49.013  -21.122  -17.758 0.0000000000
52228  48.545  -21.182  -17.619 0.0000000000
53060  69.550  -22.876  2.297 0.0000000000
53065  69.566  -23.149  1.320 0.0000000000
53068  69.662  -23.379  0.339 0.0000000000
53071  69.745  -23.534  -0.654 0.0000000000
53073  69.863  -23.563  -1.637 0.0000000000
53075  70.089  -23.290  -3.312 0.0000000000
53076  69.959  -23.501  -2.542 0.0000000000
53078  70.161  -23.274  -4.179 0.0000000000
53079  58.110  -23.489  -4.880 0.0000000000
53080  57.253  -23.461  -4.614 0.0000000000
53081  56.379  -23.441  -4.420 0.0000000000
53082  55.497  -23.474  -4.284 0.0000000000
53083  54.615  -23.552  -4.179 0.0000000000
53084  53.770  -23.675  -4.085 0.0000000000
53085  53.282  -23.800  -4.022 0.0000000000
53087  70.235  -23.198  -5.166 0.0000000000
53088  59.953  -23.315  -6.010 0.0000000000
53089  59.038  -23.188  -5.905 0.0000000000
53090  58.197  -23.085  -5.732 0.0000000000
53091  57.383  -23.040  -5.485 0.0000000000
53092  56.542  -23.033  -5.298 0.0000000000
53093  55.682  -23.044  -5.148 0.0000000000
53094  54.800  -23.079  -5.016 0.0000000000
53095  53.894  -23.245  -4.927 0.0000000000
53096  52.898  -23.446  -4.652 0.0000000000
53097  51.763  -23.428  -4.877 0.0000000000
53098  50.809  -23.530  -5.007 0.0000000000
53099  49.949  -23.669  -5.103 0.0000000000
53100  49.213  -23.866  -5.243 0.0000000000
53101  48.609  -24.005  -5.415 0.0000000000
53102  48.279  -24.075  -5.520 0.0000000000
53104  70.185  -23.431  -6.125 0.0000000000
53105  61.189  -23.120  -6.869 0.0000000000
53106  60.278  -22.925  -6.725 0.0000000000
53107  59.400  -22.774  -6.592 0.0000000000
53108  58.448  -22.576  -6.528 0.0000000000
53109  57.570  -22.539  -6.234 0.0000000000
53110  56.753  -22.492  -6.033 0.0000000000
53111  55.915  -22.474  -5.876 0.0000000000
53112  55.041  -22.534  -5.776 0.0000000000
53113  54.135  -22.630  -5.699 0.0000000000
53114  53.187  -22.763  -5.631 0.0000000000
53115  52.187  -22.879  -5.658 0.0000000000
53116  51.183  -22.941  -5.749 0.0000000000
53117  50.260  -23.063  -5.823 0.0000000000
53118  49.482  -23.271  -5.870 0.0000000000
53119  48.860  -23.473  -5.943 0.0000000000
53120  48.303  -23.661  -6.078 0.0000000000
53121  48.031  -23.482  -6.633 0.0000000000
53123  70.012  -23.705  -6.889 0.0000000000
53124  63.671  -23.712  -7.503 0.0000000000
53125  62.762  -23.175  -7.566 0.0000000000
53126  61.715  -22.679  -7.612 0.0000000000
53127  60.702  -22.507  -7.377 0.0000000000
53128  59.832  -22.336  -7.195 0.0000000000
53129  59.005  -22.203  -7.107 0.0000000000
53130  48.695  -23.132  -6.595 0.0000000000
53131  48.364  -23.064  -7.009 0.0000000000
53132  47.970  -23.077  -7.419 0.0000000000
53133  47.754  -22.998  -7.769 0.0000000000
53135  69.888  -23.597  -7.685 0.0000000000
53136  69.369  -23.865  -8.316 0.0000000000
53137  66.438  -24.088  -8.707 0.0000000000
53138  65.250  -23.415  -8.720 0.0000000000
53139  63.749  -23.034  -8.252 0.0000000000
53140  62.573  -22.495  -8.187 0.0000000000
53141  61.823  -22.125  -8.244 0.0000000000
53142  47.910  -22.643  -8.217 0.0000000000
53143  47.767  -22.592  -8.424 0.0000000000
53146  69.085  -23.466  -9.114 0.0000000000
53147  68.005  -23.630  -9.540 0.0000000000
53148  66.643  -23.234  -9.524 0.0000000000
53149  65.422  -22.616  -9.399 0.0000000000
53150  47.947  -22.217  -8.864 0.0000000000
53151  47.857  -22.025  -9.322 0.0000000000
53153  68.677  -22.951  -9.813 0.0000000000
53154  67.840  -22.795  -10.182 0.0000000000
53155  66.880  -22.376  -10.174 0.0000000000
53156  47.891  -21.677  -10.144 0.0000000000
53158  47.876  -21.320  -11.024 0.0000000000
53160  47.573  -21.093  -12.045 0.0000000000
53162  47.033  -21.010  -12.998 0.0000000000
53169  46.529  -20.994  -13.874 0.0000000000
53189  46.204  -20.992  -14.657 0.0000000000
53202  46.200  -20.898  -15.335 0.0000000000
53209  46.439  -21.066  -16.038 0.0000000000
53210  46.395  -20.768  -15.948 0.0000000000
53218  68.283  -19.492  -14.942 0.0000000000
53219  46.710  -20.781  -16.399 0.0000000000
53220  46.632  -20.295  -16.422 0.0000000000
53231  68.797  -19.001  -15.124 0.0000000000
53232  67.267  -19.344  -15.806 0.0000000000
53233  65.822  -19.384  -16.495 0.0000000000
53234  64.608  -19.577  -16.610 0.0000000000
53235  63.435  -19.574  -16.676 0.0000000000
53236  62.224  -19.479  -16.744 0.0000000000
53237  61.105  -19.436  -16.781 0.0000000000
53238  47.983  -20.706  -17.658 0.0000000000
53239  47.680  -20.459  -17.485 0.0000000000
53240  47.167  -20.844  -16.911 0.0000000000
53251  64.761  -19.136  -16.956 0.0000000000
53252  63.788  -19.138  -17.031 0.0000000000
53253  62.686  -19.054  -17.106 0.0000000000
53254  61.369  -18.886  -17.318 0.0000000000
53255  60.127  -19.202  -17.212 0.0000000000
53256  59.109  -19.242  -17.407 0.0000000000
53257  58.246  -19.428  -17.574 0.0000000000
53258  57.385  -19.673  -17.750 0.0000000000
53259  56.502  -19.916  -17.870 0.0000000000
53260  55.561  -20.094  -17.866 0.0000000000
53261  54.580  -20.209  -17.873 0.0000000000
53262  53.619  -20.251  -17.879 0.0000000000
53263  52.698  -20.283  -17.856 0.0000000000
53264  51.795  -20.324  -17.838 0.0000000000
53265  50.955  -20.389  -17.905 0.0000000000
53266  50.105  -20.211  -18.059 0.0000000000
53267  49.248  -20.415  -18.015 0.0000000000
53268  48.409  -20.536  -17.770 0.0000000000
53269  47.976  -20.316  -17.697 0.0000000000
53280  60.903  -18.492  -17.726 0.0000000000
53281  60.310  -18.640  -17.686 0.0000000000
53282  59.388  -18.776  -17.748 0.0000000000
53283  58.490  -18.928  -17.923 0.0000000000
53284  57.654  -19.148  -18.161 0.0000000000
53285  56.800  -19.336  -18.326 0.0000000000
53286  55.887  -19.454  -18.339 0.0000000000
53287  54.944  -19.535  -18.297 0.0000000000
53288  53.992  -19.584  -18.290 0.0000000000
53289  53.057  -19.589  -18.226 0.0000000000
53290  52.122  -19.600  -18.172 0.0000000000
53291  51.201  -19.705  -18.144 0.0000000000
53292  50.626  -19.907  -18.136 0.0000000000
54124  70.111  -22.098  -1.239 0.0000000000
54127  70.221  -22.498  -2.873 0.0000000000
54128  70.228  -22.132  -2.226 0.0000000000
54130  70.368  -21.857  -3.516 0.0000000000
54131  70.311  -21.812  -2.833 0.0000000000
54136  58.348  -22.035  -7.104 0.0000000000
54137  57.752  -22.049  -6.878 0.0000000000
54138  57.013  -21.944  -6.681 0.0000000000
54139  56.205  -21.903  -6.550 0.0000000000
54140  55.341  -21.948  -6.448 0.0000000000
54141  54.445  -22.049  -6.412 0.0000000000
54142  53.522  -22.150  -6.387 0.0000000000
54143  52.570  -22.247  -6.401 0.0000000000
54144  51.598  -22.342  -6.488 0.0000000000
54145  50.616  -22.421  -6.604 0.0000000000
54146  49.716  -22.659  -6.644 0.0000000000
54147  49.113  -22.992  -6.496 0.0000000000
54151  61.101  -22.048  -8.034 0.0000000000
54152  60.266  -21.911  -7.806 0.0000000000
54153  59.455  -21.766  -7.630 0.0000000000
54154  58.689  -21.644  -7.505 0.0000000000
54155  57.980  -21.565  -7.358 0.0000000000
54156  57.307  -21.501  -7.208 0.0000000000
54157  56.577  -21.300  -7.247 0.0000000000
54158  55.701  -21.401  -7.083 0.0000000000
54159  54.812  -21.457  -7.042 0.0000000000
54160  53.900  -21.539  -7.031 0.0000000000
54161  52.978  -21.631  -7.054 0.0000000000
54162  52.046  -21.721  -7.139 0.0000000000
54163  51.092  -21.767  -7.268 0.0000000000
54164  50.017  -21.742  -7.605 0.0000000000
54165  48.975  -22.394  -7.400 0.0000000000
54166  48.357  -22.548  -7.894 0.0000000000
54167  48.093  -22.660  -8.053 0.0000000000
54171  64.374  -22.444  -9.072 0.0000000000
54172  63.230  -22.160  -8.802 0.0000000000
54173  62.316  -21.871  -8.674 0.0000000000
54174  61.565  -21.556  -8.705 0.0000000000
54175  60.723  -21.494  -8.413 0.0000000000
54176  59.922  -21.347  -8.201 0.0000000000
54177  59.130  -21.190  -7.998 0.0000000000
54178  58.336  -21.103  -7.826 0.0000000000
54179  57.561  -21.086  -7.643 0.0000000000
54180  57.058  -21.134  -7.484 0.0000000000
54181  49.706  -21.151  -8.218 0.0000000000
54182  49.256  -21.416  -8.254 0.0000000000
54183  48.527  -21.546  -8.674 0.0000000000
54184  48.127  -22.193  -8.571 0.0000000000
54189  65.970  -22.222  -9.879 0.0000000000
54190  64.966  -21.782  -9.757 0.0000000000
54191  63.813  -21.649  -9.420 0.0000000000
54192  62.755  -21.509  -9.176 0.0000000000
54193  62.122  -21.476  -8.959 0.0000000000
54194  48.308  -21.066  -9.411 0.0000000000
54195  48.019  -21.356  -9.638 0.0000000000
54196  47.985  -21.618  -9.927 0.0000000000
54200  67.604  -21.873  -10.839 0.0000000000
54201  66.347  -21.763  -10.414 0.0000000000
54202  65.644  -21.711  -10.084 0.0000000000
54203  47.978  -20.840  -11.040 0.0000000000
54204  47.887  -21.235  -10.557 0.0000000000
54206  68.824  -21.581  -11.163 0.0000000000
54207  68.428  -21.699  -11.023 0.0000000000
54208  47.915  -20.625  -11.732 0.0000000000
54209  47.772  -20.832  -11.772 0.0000000000
54211  47.324  -20.618  -12.816 0.0000000000
54213  46.818  -20.440  -13.734 0.0000000000
54219  46.435  -20.381  -14.564 0.0000000000
54243  46.295  -20.443  -15.145 0.0000000000
54254  46.399  -20.166  -15.750 0.0000000000
54257  46.605  -19.862  -16.390 0.0000000000
54258  46.983  -20.251  -16.973 0.0000000000
54259  46.851  -19.658  -17.013 0.0000000000
54264  67.938  -18.683  -15.932 0.0000000000
54265  66.700  -18.947  -16.483 0.0000000000
54266  47.592  -19.868  -17.742 0.0000000000
54267  47.271  -19.642  -17.617 0.0000000000
54268  46.898  -18.948  -17.831 0.0000000000
54276  68.566  -17.981  -16.065 0.0000000000
54277  67.041  -18.360  -16.707 0.0000000000
54278  65.522  -18.678  -17.104 0.0000000000
54279  64.242  -18.731  -17.313 0.0000000000
54280  63.191  -18.649  -17.390 0.0000000000
54281  62.248  -18.598  -17.494 0.0000000000
54282  49.974  -19.742  -18.283 0.0000000000
54283  49.570  -19.712  -18.301 0.0000000000
54284  48.741  -19.652  -18.276 0.0000000000
54285  47.823  -19.505  -18.183 0.0000000000
54286  47.237  -18.890  -18.474 0.0000000000
54297  64.639  -18.335  -17.476 0.0000000000
54298  63.742  -18.203  -17.622 0.0000000000
54299  62.616  -18.114  -17.762 0.0000000000
54300  61.472  -18.208  -17.851 0.0000000000
54301  60.498  -18.169  -18.016 0.0000000000
54302  59.627  -18.253  -18.100 0.0000000000
54303  58.742  -18.379  -18.232 0.0000000000
54304  57.916  -18.576  -18.466 0.0000000000
54305  57.098  -18.721  -18.725 0.0000000000
54306  56.220  -18.764  -18.798 0.0000000000
54307  55.272  -18.834  -18.700 0.0000000000
54308  54.335  -18.859  -18.660 0.0000000000
54309  53.378  -18.840  -18.677 0.0000000000
54310  52.493  -18.916  -18.603 0.0000000000
54311  51.441  -18.850  -18.668 0.0000000000
54312  50.240  -19.267  -18.471 0.0000000000
54313  49.175  -19.062  -18.811 0.0000000000
54314  48.332  -18.932  -18.964 0.0000000000
54315  47.751  -18.655  -19.162 0.0000000000
54327  56.659  -18.381  -19.017 0.0000000000
54328  56.219  -18.183  -19.165 0.0000000000
54329  52.808  -18.395  -18.940 0.0000000000
54330  52.115  -18.280  -19.112 0.0000000000
54331  51.339  -18.119  -19.291 0.0000000000
55156  56.491  -20.990  -7.580 0.0000000000
55157  56.106  -20.947  -7.588 0.0000000000
55158  55.255  -20.902  -7.633 0.0000000000
55159  54.326  -20.927  -7.627 0.0000000000
55160  53.415  -21.010  -7.614 0.0000000000
55161  52.514  -21.061  -7.661 0.0000000000
55162  51.609  -21.145  -7.800 0.0000000000
55163  50.798  -21.208  -7.916 0.0000000000
55166  61.545  -21.242  -8.984 0.0000000000
55167  61.197  -21.151  -8.919 0.0000000000
55168  60.454  -20.961  -8.764 0.0000000000
55169  59.644  -20.796  -8.593 0.0000000000
55170  58.806  -20.677  -8.410 0.0000000000
55171  57.912  -20.660  -8.239 0.0000000000
55172  56.836  -20.768  -7.939 0.0000000000
55173  55.859  -20.503  -8.178 0.0000000000
55174  54.816  -20.330  -8.386 0.0000000000
55175  53.868  -20.441  -8.136 0.0000000000
55176  53.018  -20.422  -8.108 0.0000000000
55177  52.126  -20.452  -8.215 0.0000000000
55178  51.165  -20.474  -8.388 0.0000000000
55179  50.209  -20.779  -8.370 0.0000000000
55180  49.498  -20.719  -8.638 0.0000000000
55181  48.973  -20.886  -8.862 0.0000000000
55185  64.895  -21.386  -10.009 0.0000000000
55186  64.424  -21.252  -9.945 0.0000000000
55187  63.288  -20.927  -9.860 0.0000000000
55188  61.969  -21.043  -9.294 0.0000000000
55189  61.107  -20.654  -9.295 0.0000000000
55190  60.274  -20.398  -9.163 0.0000000000
55191  59.399  -20.259  -9.034 0.0000000000
55192  58.486  -20.209  -8.913 0.0000000000
55193  57.528  -20.205  -8.792 0.0000000000
55194  56.562  -20.159  -8.776 0.0000000000
55195  55.664  -20.055  -8.861 0.0000000000
55196  55.079  -19.953  -8.951 0.0000000000
55197  50.597  -20.110  -8.758 0.0000000000
55198  49.963  -20.130  -8.985 0.0000000000
55199  49.212  -20.212  -9.328 0.0000000000
55200  48.608  -20.673  -9.491 0.0000000000
55201  48.254  -20.763  -9.888 0.0000000000
55206  67.498  -21.380  -11.096 0.0000000000
55207  66.820  -21.194  -11.004 0.0000000000
55208  65.382  -21.230  -10.375 0.0000000000
55209  64.364  -20.759  -10.354 0.0000000000
55210  63.703  -20.522  -10.362 0.0000000000
55211  48.857  -20.124  -9.975 0.0000000000
55212  48.459  -20.264  -10.405 0.0000000000
55213  48.167  -20.624  -10.655 0.0000000000
55218  68.077  -21.166  -11.473 0.0000000000
55219  67.235  -20.884  -11.387 0.0000000000
55220  48.374  -20.311  -11.231 0.0000000000
55221  48.083  -20.326  -11.911 0.0000000000
55222  47.796  -20.440  -12.215 0.0000000000
55224  68.885  -20.687  -11.918 0.0000000000
55225  68.343  -20.720  -11.827 0.0000000000
55226  47.703  -19.982  -12.983 0.0000000000
55227  47.548  -20.365  -12.682 0.0000000000
55229  47.501  -19.617  -13.621 0.0000000000
55230  47.236  -19.886  -13.632 0.0000000000
55242  46.750  -19.674  -14.561 0.0000000000
55262  46.500  -19.604  -15.425 0.0000000000
55268  46.572  -19.230  -16.302 0.0000000000
55272  46.679  -18.936  -17.027 0.0000000000
55275  46.708  -18.600  -17.744 0.0000000000
55277  46.935  -18.673  -18.393 0.0000000000
55278  46.657  -18.326  -18.417 0.0000000000
55282  67.622  -17.667  -16.879 0.0000000000
55283  66.014  -17.926  -17.419 0.0000000000
55284  65.182  -18.201  -17.472 0.0000000000
55285  47.330  -18.563  -19.077 0.0000000000
55286  46.877  -18.288  -19.123 0.0000000000
55287  46.680  -18.176  -18.886 0.0000000000
55292  65.519  -17.550  -17.709 0.0000000000
55293  64.711  -17.744  -17.758 0.0000000000
55294  63.260  -17.549  -18.005 0.0000000000
55295  61.925  -17.417  -18.246 0.0000000000
55296  60.828  -17.621  -18.302 0.0000000000
55297  59.884  -17.700  -18.415 0.0000000000
55298  59.002  -17.819  -18.570 0.0000000000
55299  58.174  -18.000  -18.778 0.0000000000
55300  57.419  -18.195  -18.961 0.0000000000
55301  56.977  -18.298  -19.011 0.0000000000
55302  55.549  -18.202  -19.136 0.0000000000
55303  54.646  -18.164  -19.112 0.0000000000
55304  53.726  -18.207  -19.084 0.0000000000
55305  53.194  -18.287  -19.017 0.0000000000
55306  50.552  -18.298  -19.216 0.0000000000
55307  49.575  -18.402  -19.318 0.0000000000
55308  48.690  -18.497  -19.623 0.0000000000
55309  47.978  -18.395  -19.774 0.0000000000
55310  47.389  -18.204  -19.877 0.0000000000
55311  47.022  -18.113  -19.646 0.0000000000
55321  61.617  -16.965  -18.486 0.0000000000
55322  61.081  -17.004  -18.548 0.0000000000
55323  60.164  -17.103  -18.727 0.0000000000
55324  59.270  -17.234  -18.919 0.0000000000
55325  58.434  -17.397  -19.152 0.0000000000
55326  57.622  -17.596  -19.343 0.0000000000
55327  56.762  -17.845  -19.373 0.0000000000
55328  55.874  -17.693  -19.567 0.0000000000
55329  55.005  -17.607  -19.643 0.0000000000
55330  53.925  -17.472  -19.820 0.0000000000
55331  52.843  -17.814  -19.550 0.0000000000
55332  51.752  -17.744  -19.825 0.0000000000
55333  50.842  -17.775  -19.948 0.0000000000
55334  49.935  -17.879  -20.038 0.0000000000
55335  49.051  -18.041  -20.246 0.0000000000
55336  48.218  -18.081  -20.496 0.0000000000
55337  47.670  -18.087  -20.374 0.0000000000
55350  53.587  -17.041  -20.362 0.0000000000
55351  53.073  -17.130  -20.355 0.0000000000
55352  52.160  -17.226  -20.463 0.0000000000
55353  51.216  -17.355  -20.652 0.0000000000
55354  50.308  -17.538  -20.796 0.0000000000
55355  49.437  -17.723  -20.914 0.0000000000
55356  48.698  -17.823  -20.966 0.0000000000
56289  54.162  -20.106  -8.554 0.0000000000
56290  53.590  -19.978  -8.608 0.0000000000
56291  52.733  -19.880  -8.657 0.0000000000
56292  51.866  -19.880  -8.773 0.0000000000
56293  51.164  -19.855  -8.898 0.0000000000
56296  62.518  -20.619  -9.856 0.0000000000
56297  61.906  -20.368  -9.823 0.0000000000
56298  61.024  -20.069  -9.752 0.0000000000
56299  60.106  -19.849  -9.658 0.0000000000
56300  59.150  -19.766  -9.572 0.0000000000
56301  58.198  -19.734  -9.476 0.0000000000
56302  57.255  -19.706  -9.428 0.0000000000
56303  56.326  -19.686  -9.436 0.0000000000
56304  55.444  -19.668  -9.412 0.0000000000
56305  54.461  -19.735  -9.125 0.0000000000
56306  53.432  -19.502  -9.230 0.0000000000
56307  52.526  -19.432  -9.299 0.0000000000
56308  51.670  -19.511  -9.407 0.0000000000
56309  50.753  -19.712  -9.455 0.0000000000
56310  49.927  -19.819  -9.802 0.0000000000
56311  49.345  -19.930  -10.101 0.0000000000
56314  65.990  -20.863  -10.932 0.0000000000
56315  65.283  -20.593  -10.915 0.0000000000
56316  64.259  -20.276  -10.804 0.0000000000
56317  63.040  -20.201  -10.426 0.0000000000
56318  61.909  -19.851  -10.424 0.0000000000
56319  60.917  -19.582  -10.353 0.0000000000
56320  59.905  -19.343  -10.322 0.0000000000
56321  58.877  -19.337  -10.144 0.0000000000
56322  57.962  -19.283  -10.085 0.0000000000
56323  57.029  -19.258  -10.073 0.0000000000
56324  56.096  -19.231  -10.043 0.0000000000
56325  55.146  -19.224  -9.968 0.0000000000
56326  54.181  -19.154  -9.910 0.0000000000
56327  53.251  -19.049  -9.919 0.0000000000
56328  52.372  -19.099  -10.012 0.0000000000
56329  51.516  -19.291  -10.169 0.0000000000
56330  50.684  -19.494  -10.407 0.0000000000
56331  49.924  -19.739  -10.792 0.0000000000
56332  49.110  -19.990  -10.815 0.0000000000
56333  48.690  -20.114  -11.251 0.0000000000
56338  67.477  -20.725  -11.613 0.0000000000
56339  66.576  -20.570  -11.490 0.0000000000
56340  65.316  -19.994  -11.551 0.0000000000
56341  64.025  -19.772  -11.288 0.0000000000
56342  62.895  -19.595  -11.176 0.0000000000
56343  61.815  -19.392  -11.107 0.0000000000
56344  60.830  -19.188  -11.041 0.0000000000
56345  60.076  -19.025  -11.042 0.0000000000
56346  49.643  -19.793  -11.470 0.0000000000
56347  49.146  -19.874  -11.853 0.0000000000
56348  48.538  -20.055  -12.009 0.0000000000
56349  48.252  -19.973  -12.415 0.0000000000
56354  68.014  -20.402  -12.142 0.0000000000
56355  66.673  -19.902  -12.220 0.0000000000
56356  65.730  -19.522  -12.252 0.0000000000
56357  48.890  -19.742  -12.512 0.0000000000
56358  48.474  -19.662  -12.849 0.0000000000
56359  48.057  -19.782  -12.908 0.0000000000
56363  48.199  -19.337  -13.401 0.0000000000
56364  47.771  -19.201  -13.810 0.0000000000
56365  47.365  -19.304  -14.012 0.0000000000
56378  47.414  -18.836  -14.393 0.0000000000
56379  47.096  -18.964  -14.630 0.0000000000
56398  46.761  -18.726  -15.428 0.0000000000
56415  46.630  -18.498  -16.262 0.0000000000
56429  46.600  -18.268  -17.039 0.0000000000
56443  46.507  -18.038  -17.763 0.0000000000
56457  46.471  -17.840  -18.444 0.0000000000
56472  66.778  -17.318  -17.516 0.0000000000
56473  65.937  -17.471  -17.669 0.0000000000
56474  46.590  -17.912  -19.326 0.0000000000
56475  46.474  -17.739  -19.086 0.0000000000
56480  65.605  -16.991  -17.939 0.0000000000
56481  64.045  -17.011  -18.245 0.0000000000
56482  62.705  -16.742  -18.446 0.0000000000
56483  61.940  -16.913  -18.466 0.0000000000
56484  46.979  -17.896  -20.147 0.0000000000
56485  46.675  -17.655  -19.884 0.0000000000
56486  46.510  -17.615  -19.528 0.0000000000
56489  62.315  -16.210  -18.739 0.0000000000
56490  61.588  -16.479  -18.719 0.0000000000
56491  60.491  -16.469  -19.041 0.0000000000
56492  59.539  -16.614  -19.309 0.0000000000
56493  58.707  -16.807  -19.499 0.0000000000
56494  57.890  -16.855  -19.804 0.0000000000
56495  57.064  -17.132  -19.884 0.0000000000
56496  56.254  -17.141  -19.972 0.0000000000
56497  55.418  -17.104  -20.117 0.0000000000
56498  54.578  -17.064  -20.252 0.0000000000
56499  53.942  -16.962  -20.421 0.0000000000
56500  47.734  -17.858  -20.763 0.0000000000
56501  47.238  -17.690  -20.718 0.0000000000
56502  46.862  -17.585  -20.379 0.0000000000
56509  57.244  -16.547  -20.274 0.0000000000
56510  56.580  -16.609  -20.374 0.0000000000
56511  55.809  -16.471  -20.599 0.0000000000
56512  54.970  -16.599  -20.687 0.0000000000
56513  54.209  -16.611  -20.817 0.0000000000
56514  53.448  -16.723  -20.901 0.0000000000
56515  52.557  -16.759  -21.142 0.0000000000
56516  51.624  -16.871  -21.342 0.0000000000
56517  50.693  -17.080  -21.474 0.0000000000
56518  49.804  -17.318  -21.555 0.0000000000
56519  48.939  -17.451  -21.538 0.0000000000
56520  47.964  -17.451  -21.332 0.0000000000
56521  47.377  -17.304  -21.213 0.0000000000
56532  55.253  -16.139  -21.093 0.0000000000
56533  54.577  -16.186  -21.241 0.0000000000
56534  53.828  -16.255  -21.449 0.0000000000
56535  53.024  -16.339  -21.681 0.0000000000
56536  52.117  -16.373  -22.017 0.0000000000
56537  51.115  -16.520  -22.164 0.0000000000
56540  48.540  -16.996  -21.933 0.0000000000
56541  48.094  -17.012  -21.806 0.0000000000
57739  59.424  -19.049  -10.728 0.0000000000
57740  58.697  -18.965  -10.768 0.0000000000
57741  57.782  -18.896  -10.763 0.0000000000
57742  56.837  -18.812  -10.730 0.0000000000
57743  55.874  -18.760  -10.666 0.0000000000
57744  54.922  -18.717  -10.598 0.0000000000
57745  54.009  -18.684  -10.588 0.0000000000
57746  53.130  -18.722  -10.653 0.0000000000
57747  52.272  -18.878  -10.816 0.0000000000
57748  51.442  -19.140  -11.037 0.0000000000
57749  50.694  -19.396  -11.294 0.0000000000
57750  50.159  -19.581  -11.584 0.0000000000
57753  64.832  -19.494  -11.937 0.0000000000
57754  63.929  -19.282  -11.963 0.0000000000
57755  62.781  -19.130  -11.919 0.0000000000
57756  61.671  -19.061  -11.861 0.0000000000
57757  60.666  -18.937  -11.763 0.0000000000
57758  59.605  -18.818  -11.516 0.0000000000
57759  58.592  -18.665  -11.523 0.0000000000
57760  57.639  -18.543  -11.489 0.0000000000
57761  56.656  -18.383  -11.474 0.0000000000
57762  55.654  -18.347  -11.274 0.0000000000
57763  54.777  -18.313  -11.244 0.0000000000
57764  53.911  -18.370  -11.301 0.0000000000
57765  53.057  -18.491  -11.445 0.0000000000
57766  52.195  -18.726  -11.740 0.0000000000
57767  51.333  -18.995  -11.837 0.0000000000
57768  50.640  -19.241  -12.067 0.0000000000
57769  49.886  -19.486  -12.230 0.0000000000
57770  49.338  -19.550  -12.593 0.0000000000
57774  68.789  -19.773  -12.802 0.0000000000
57775  67.844  -19.605  -12.877 0.0000000000
57776  66.641  -19.290  -12.885 0.0000000000
57777  65.248  -19.040  -12.704 0.0000000000
57778  63.880  -18.779  -12.849 0.0000000000
57779  62.568  -18.760  -12.665 0.0000000000
57780  61.493  -18.721  -12.600 0.0000000000
57781  60.450  -18.618  -12.480 0.0000000000
57782  59.434  -18.483  -12.361 0.0000000000
57783  58.466  -18.346  -12.279 0.0000000000
57784  57.560  -18.214  -12.211 0.0000000000
57785  56.861  -18.075  -12.194 0.0000000000
57786  51.861  -18.754  -12.361 0.0000000000
57787  51.279  -18.880  -12.611 0.0000000000
57788  50.546  -19.033  -12.852 0.0000000000
57789  49.797  -19.144  -13.151 0.0000000000
57790  49.034  -19.312  -13.161 0.0000000000
57791  48.549  -19.184  -13.441 0.0000000000
57801  67.804  -18.975  -13.589 0.0000000000
57802  66.525  -18.678  -13.554 0.0000000000
57803  65.242  -18.414  -13.578 0.0000000000
57804  64.209  -18.254  -13.653 0.0000000000
57805  49.433  -18.912  -13.685 0.0000000000
57806  48.911  -18.781  -13.821 0.0000000000
57807  48.296  -18.765  -13.945 0.0000000000
57808  47.930  -18.532  -14.306 0.0000000000
57815  47.629  -18.415  -14.546 0.0000000000
57816  47.306  -18.235  -14.923 0.0000000000
57821  47.016  -18.030  -15.446 0.0000000000
57826  46.840  -17.625  -16.349 0.0000000000
57831  46.659  -17.532  -17.113 0.0000000000
57836  46.510  -17.375  -17.806 0.0000000000
57842  46.400  -17.202  -18.461 0.0000000000
57858  46.325  -17.093  -19.102 0.0000000000
57876  63.589  -16.480  -18.481 0.0000000000
57877  46.523  -17.186  -20.164 0.0000000000
57878  46.408  -17.109  -19.770 0.0000000000
57897  60.878  -15.848  -19.304 0.0000000000
57899  58.854  -16.229  -19.904 0.0000000000
57900  58.327  -16.475  -19.941 0.0000000000
57901  47.078  -17.161  -21.123 0.0000000000
57902  46.698  -16.988  -20.660 0.0000000000
57903  46.475  -16.909  -20.246 0.0000000000
57907  58.885  -15.653  -20.317 0.0000000000
57908  57.876  -15.938  -20.502 0.0000000000
57909  56.804  -16.070  -20.712 0.0000000000
57910  56.278  -16.175  -20.733 0.0000000000
57911  47.833  -16.922  -21.761 0.0000000000
57912  47.362  -16.797  -21.573 0.0000000000
57913  46.990  -16.808  -21.184 0.0000000000
57923  56.944  -15.551  -21.093 0.0000000000
57924  55.953  -15.633  -21.358 0.0000000000
57925  54.997  -15.800  -21.545 0.0000000000
57926  54.299  -15.792  -21.849 0.0000000000
57927  53.505  -15.889  -22.110 0.0000000000
57928  52.795  -16.007  -22.288 0.0000000000
57934  47.745  -16.638  -21.857 0.0000000000
59186  56.226  -18.097  -11.870 0.0000000000
59187  55.552  -18.059  -11.918 0.0000000000
59188  54.710  -18.086  -11.972 0.0000000000
59189  53.863  -18.201  -12.091 0.0000000000
59190  53.057  -18.411  -12.294 0.0000000000
59191  52.433  -18.558  -12.518 0.0000000000
59199  63.298  -18.436  -13.334 0.0000000000
59200  62.396  -18.369  -13.358 0.0000000000
59201  61.327  -18.331  -13.324 0.0000000000
59202  60.288  -18.240  -13.228 0.0000000000
59203  59.295  -18.118  -13.105 0.0000000000
59204  58.350  -18.000  -12.985 0.0000000000
59205  57.454  -17.879  -12.850 0.0000000000
59206  56.468  -17.873  -12.628 0.0000000000
59207  55.547  -17.877  -12.698 0.0000000000
59208  54.677  -17.982  -12.801 0.0000000000
59209  53.830  -18.179  -12.960 0.0000000000
59210  53.001  -18.350  -13.106 0.0000000000
59211  52.091  -18.557  -13.146 0.0000000000
59212  51.251  -18.671  -13.436 0.0000000000
59213  50.502  -18.763  -13.653 0.0000000000
59214  49.932  -18.781  -13.856 0.0000000000
59225  67.708  -18.284  -14.211 0.0000000000
59226  66.465  -18.003  -14.214 0.0000000000
59227  65.171  -17.647  -14.351 0.0000000000
59228  63.533  -17.878  -14.011 0.0000000000
59229  62.277  -17.853  -14.022 0.0000000000
59230  61.183  -17.833  -14.000 0.0000000000
59231  60.152  -17.768  -13.911 0.0000000000
59232  59.174  -17.675  -13.774 0.0000000000
59233  58.239  -17.581  -13.626 0.0000000000
59234  57.316  -17.530  -13.494 0.0000000000
59235  56.401  -17.578  -13.465 0.0000000000
59236  55.506  -17.710  -13.551 0.0000000000
59237  54.623  -17.885  -13.676 0.0000000000
59238  53.742  -18.028  -13.801 0.0000000000
59239  52.852  -18.176  -13.919 0.0000000000
59240  51.974  -18.316  -14.067 0.0000000000
59241  51.156  -18.387  -14.286 0.0000000000
59242  50.399  -18.454  -14.323 0.0000000000
59243  49.585  -18.348  -14.350 0.0000000000
59244  48.760  -18.191  -14.412 0.0000000000
59245  48.220  -18.159  -14.495 0.0000000000
59246  47.870  -18.048  -14.658 0.0000000000
59252  67.603  -17.561  -14.708 0.0000000000
59253  66.504  -17.362  -14.752 0.0000000000
59254  65.863  -17.176  -14.847 0.0000000000
59255  50.898  -18.122  -14.749 0.0000000000
59256  50.381  -17.980  -14.877 0.0000000000
59257  49.817  -17.786  -14.979 0.0000000000
59258  48.517  -17.782  -14.737 0.0000000000
59259  48.155  -17.614  -14.911 0.0000000000
59260  47.633  -17.601  -15.142 0.0000000000
59261  47.260  -17.615  -15.442 0.0000000000
59266  47.423  -17.164  -15.750 0.0000000000
59267  47.158  -17.172  -16.127 0.0000000000
59270  47.047  -16.732  -16.927 0.0000000000
59273  46.856  -16.762  -17.353 0.0000000000
59276  46.684  -16.646  -17.936 0.0000000000
59279  46.464  -16.472  -18.505 0.0000000000
59284  46.279  -16.325  -19.086 0.0000000000
59294  46.205  -16.265  -19.694 0.0000000000
59316  46.544  -16.030  -20.867 0.0000000000
59317  46.341  -16.293  -20.333 0.0000000000
59336  46.910  -16.203  -21.282 0.0000000000
60553  64.278  -17.271  -14.652 0.0000000000
60554  63.227  -17.278  -14.634 0.0000000000
60555  62.117  -17.260  -14.647 0.0000000000
60556  61.051  -17.236  -14.618 0.0000000000
60557  60.033  -17.187  -14.504 0.0000000000
60558  59.069  -17.129  -14.351 0.0000000000
60559  58.144  -17.083  -14.221 0.0000000000
60560  57.239  -17.104  -14.180 0.0000000000
60561  56.333  -17.218  -14.251 0.0000000000
60562  55.418  -17.410  -14.365 0.0000000000
60563  54.510  -17.572  -14.473 0.0000000000
60564  53.604  -17.695  -14.609 0.0000000000
60565  52.681  -17.830  -14.721 0.0000000000
60566  51.801  -17.968  -14.798 0.0000000000
60567  51.285  -18.050  -14.819 0.0000000000
60568  49.211  -17.781  -14.847 0.0000000000
60569  48.798  -17.743  -14.779 0.0000000000
60574  67.464  -16.908  -15.136 0.0000000000
60575  66.470  -16.794  -15.123 0.0000000000
60576  65.358  -16.825  -15.042 0.0000000000
60577  64.195  -16.645  -15.112 0.0000000000
60578  63.083  -16.578  -15.154 0.0000000000
60579  61.994  -16.535  -15.202 0.0000000000
60580  60.926  -16.548  -15.181 0.0000000000
60581  59.913  -16.570  -15.028 0.0000000000
60582  58.974  -16.577  -14.895 0.0000000000
60583  58.072  -16.560  -14.815 0.0000000000
60584  57.173  -16.596  -14.851 0.0000000000
60585  56.229  -16.676  -15.020 0.0000000000
60586  55.257  -16.994  -15.070 0.0000000000
60587  54.381  -17.105  -15.210 0.0000000000
60588  53.425  -17.136  -15.421 0.0000000000
60589  52.401  -17.362  -15.389 0.0000000000
60590  51.304  -17.529  -15.350 0.0000000000
60591  50.373  -17.453  -15.431 0.0000000000
60592  49.648  -17.307  -15.389 0.0000000000
60593  48.816  -17.297  -15.237 0.0000000000
60594  48.161  -17.074  -15.517 0.0000000000
60595  47.735  -16.971  -15.784 0.0000000000
60601  55.825  -16.447  -15.535 0.0000000000
60602  55.149  -16.484  -15.706 0.0000000000
60603  54.313  -16.506  -15.889 0.0000000000
60604  53.616  -16.466  -16.110 0.0000000000
60605  50.907  -17.009  -15.873 0.0000000000
60606  50.288  -16.899  -16.006 0.0000000000
60607  49.519  -16.808  -16.052 0.0000000000
60608  48.776  -16.705  -16.134 0.0000000000
60609  48.152  -16.631  -16.317 0.0000000000
60610  47.605  -16.633  -16.528 0.0000000000
60611  47.301  -16.622  -16.829 0.0000000000
60614  47.527  -16.312  -17.242 0.0000000000
60615  47.337  -16.217  -17.469 0.0000000000
60618  47.174  -16.148  -17.785 0.0000000000
60621  46.964  -15.923  -18.192 0.0000000000
60624  46.623  -15.675  -18.574 0.0000000000
60628  46.361  -15.479  -19.050 0.0000000000
60633  46.195  -15.341  -19.595 0.0000000000
60647  46.248  -15.325  -20.166 0.0000000000
61809  67.273  -16.337  -15.431 0.0000000000
61810  66.401  -16.126  -15.480 0.0000000000
61811  65.251  -15.954  -15.471 0.0000000000
61816  59.774  -16.021  -15.507 0.0000000000
61817  58.901  -16.024  -15.430 0.0000000000
61818  58.020  -16.011  -15.415 0.0000000000
61819  57.151  -16.037  -15.512 0.0000000000
61820  56.454  -16.090  -15.670 0.0000000000
61821  52.963  -16.741  -15.930 0.0000000000
61822  52.236  -16.786  -16.050 0.0000000000
61823  51.521  -16.804  -16.117 0.0000000000
61843  52.084  -16.189  -16.730 0.0000000000
61844  51.109  -16.458  -16.602 0.0000000000
61845  50.268  -16.463  -16.864 0.0000000000
61846  49.473  -16.389  -16.989 0.0000000000
61847  48.745  -16.278  -17.056 0.0000000000
61848  48.152  -16.208  -17.186 0.0000000000
61849  47.784  -16.107  -17.366 0.0000000000
61861  48.113  -15.655  -17.934 0.0000000000
61862  47.648  -15.648  -17.965 0.0000000000
61863  47.377  -15.705  -18.057 0.0000000000
61865  47.409  -15.058  -18.256 0.0000000000
61866  47.159  -15.118  -18.360 0.0000000000
61869  46.777  -14.826  -18.625 0.0000000000
61872  46.446  -14.595  -18.958 0.0000000000
61875  46.263  -14.397  -19.427 0.0000000000
