62887  36.8410  -13.6700  -3.7220  1    25774  33.3160  11.8060  -55.2560  1
62907  38.0640  -13.6690  -4.9860  3    26662  44.4370  -61.1030  -6.5570  3
62929  38.6070  -13.7630  -5.6260  5    28761  38.3480  -7.5190  -40.4130  5
62943  39.3490  -13.4710  -6.5330  6    30961  7.2630  -33.5620  -7.2080  6
62944  38.9460  -13.1400  -6.0580  7    29970  36.3870  -59.8700  -7.7190  7
62956  40.1920  -13.3220  -7.4700  8    32908  23.8210  -57.2820  -22.5580  8
62957  39.7090  -12.9830  -6.8930  9    31005  60.1510  -38.6510  15.0740  9
64145  35.7730  -13.2660  -2.5320  11    24891  23.2050  -37.3970  -28.1790  11
64147  35.1040  -12.5210  -1.8850  13    73278  27.9340  -42.6620  16.3130  13
64155  36.6400  -13.0470  -3.5400  14    25775  37.5900  13.9050  -1.0690  14
64157  35.7600  -12.3280  -2.8520  16    64915  57.2990  -9.9610  -10.1540  16
64173  37.8820  -12.9290  -4.7030  17    28449  41.8390  63.1450  -25.7990  17
64174  37.2600  -12.7590  -4.0740  18    26496  15.3830  -47.0300  -2.8130  18
64190  39.0080  -12.2370  -5.9490  19    30962  5.8760  -60.2760  -7.3140  19
64191  38.6440  -12.5950  -5.5540  20    28762  34.0600  10.3020  -49.0280  20
64207  39.7780  -11.8890  -6.6710  21    66598  9.9920  18.4100  33.8370  21
64233  41.1310  -12.3280  -8.5990  26    32907  25.8970  -70.5790  15.3010  26
65402  34.7620  -11.9470  -2.1370  30    64675  10.9360  -83.9410  -9.5630  30
65413  36.7510  -12.4280  -3.5970  31    65354  25.1150  -37.3650  1.5460  31
65414  36.3970  -11.9170  -3.3870  32    65356  45.2160  -24.4200  1.0490  32
65415  35.6100  -11.7430  -2.9980  33    64916  55.6540  3.5540  -22.4680  33
65416  35.0750  -11.4350  -2.9730  34    31326  11.3340  -33.4410  -8.7800  34
65431  38.0290  -12.0850  -4.6470  35    65802  47.4370  -14.8800  41.9180  35
65432  37.3040  -11.7500  -4.0020  36    65355  21.0560  -25.2300  50.6060  36
65433  36.8200  -11.2930  -3.8640  37    32186  34.9800  9.6900  -47.0680  37
65443  39.1280  -11.7780  -5.9270  38    66127  22.5750  -40.0220  7.1770  38
65444  38.7020  -11.4850  -5.3150  39    65819  43.6660  19.7640  35.6300  39
65462  39.7330  -11.3780  -6.3730  41    34540  56.4700  -49.0460  -24.0470  41
65478  40.9760  -10.9300  -7.6430  42    35587  46.0810  -65.6350  -31.6550  42
65488  41.5440  -10.8550  -8.5380  44    37501  31.1280  12.8640  -62.5580  44
65489  41.2230  -11.3000  -8.3180  45    66947  26.6150  72.9170  10.8480  45
65500  41.8580  -11.2720  -9.1780  47    67234  56.3840  12.1960  -8.5770  47
66667  35.6810  -11.0910  -3.5540  50    32188  55.2930  19.0620  -12.0430  50
66668  34.7570  -10.9890  -3.4450  51    31327  10.5340  -16.9740  14.4630  51
66679  38.0900  -11.2000  -4.6700  52    33101  40.2840  -67.2220  -35.3170  52
66680  37.4240  -10.9360  -4.3620  53    33103  1.3030  43.9420  -20.4870  53
66681  36.5950  -10.7810  -4.2050  54    32187  38.0190  14.1130  -8.3480  54
66682  35.6500  -10.5360  -4.3480  55    32468  14.3860  -48.3940  46.6860  55
66692  39.9590  -10.5200  -6.2660  56    34524  7.0010  -30.5400  10.5450  56
66694  38.7170  -10.6670  -5.3530  58    33427  28.3390  79.9940  -9.0890  58
66695  35.1970  -10.2530  -4.9130  59    33529  23.6260  -46.1400  -9.5010  59
66707  40.9350  -10.1540  -7.0200  60    34525  16.6660  -26.2760  12.2340  60
66728  41.7250  -10.0250  -7.8400  63    35588  8.6490  48.4820  32.2410  63
66758  42.9630  -10.3560  -10.1620  68    39466  56.3470  43.2050  -15.8910  68
66759  42.4200  -10.2350  -9.4450  69    38878  1.5550  22.9000  -1.7710  69
67755  38.0650  -10.5810  -4.9130  70    33102  7.5200  -63.2240  -4.5900  70
67756  37.5070  -10.3300  -4.9360  71    33405  40.6910  -59.9620  -11.6220  71
67757  36.6940  -10.1560  -5.0270  72    33472  50.1550  -37.8810  12.9690  72
67758  35.9290  -10.0730  -5.1640  73    33508  18.2570  -49.0580  43.9260  73
67769  39.9560  -10.2460  -6.2180  74    34523  33.8930  73.5670  -2.6990  74
67770  39.3860  -10.1160  -5.8630  75    34581  67.3290  -18.0340  2.8370  75
67771  38.5200  -9.9680  -5.5510  76    33439  13.9020  -29.2200  39.4350  76
67772  37.7300  -9.6140  -5.7100  77    72770  15.6280  -82.0360  -0.9460  77
67773  36.6830  -9.6310  -5.9400  78    72769  17.1680  -82.1660  -1.4360  78
67782  41.8700  -9.0760  -7.3100  79    60244  49.4330  10.2690  16.5600  79
67783  41.1010  -9.6400  -7.0060  80    34618  41.8510  18.6740  -16.2950  80
67785  36.0490  -9.4790  -6.9650  82    72921  10.8000  60.8070  -30.1680  82
67800  42.7080  -8.8130  -8.2350  83    60899  5.8330  -37.9080  13.4710  83
67801  42.0100  -9.5180  -7.7850  84    35918  13.1270  40.0220  18.3290  84
67826  42.8600  -9.0410  -9.0070  86    61656  16.0380  19.7210  52.5260  86
67827  42.3790  -9.5540  -8.6570  87    37518  36.5170  73.3670  -5.2110  87
67844  43.6540  -8.9750  -10.0350  88    39465  56.3650  43.3230  -16.8290  88
68919  39.9580  -9.7210  -6.2830  92    59775  7.4380  29.7600  -32.5330  92
68920  39.4680  -9.4480  -6.2000  93    59777  30.6520  -71.9430  -26.8750  93
68921  38.7540  -9.2310  -6.2010  94    59797  47.9990  15.7420  18.2430  94
68922  38.2720  -9.1000  -6.3890  95    59813  24.8690  31.5630  -38.9630  95
68923  37.6660  -9.2500  -6.3540  96    59827  14.7040  -40.7510  38.3440  96
68932  42.1840  -8.5510  -7.3510  97    60235  28.0750  -41.1030  37.7510  97
68934  40.5650  -8.9990  -6.7470  99    59776  38.5000  34.4240  -59.2280  99
68935  39.6570  -8.7140  -6.7040  100    59786  18.6960  -50.7360  -9.4260  100
68936  38.9400  -8.6480  -6.7990  101    59805  17.2330  -34.4450  16.6400  101
68937  38.2670  -8.7490  -6.9790  102    59822  4.2040  -8.7050  5.8230  102
68938  37.3060  -9.1350  -6.9160  103    59881  33.6770  27.9930  -12.2670  103
68946  43.5800  -7.5830  -8.1510  104    36585  40.9020  22.9130  2.7350  104
68947  43.1700  -8.0390  -8.0450  105    36584  41.0480  23.7850  2.0910  105
68949  38.0130  -8.6060  -7.6770  107    60478  16.1480  -8.1840  54.2370  107
68950  37.0510  -9.0670  -7.8110  108    60485  23.4270  -70.0280  -32.9080  108
68970  43.8450  -7.7080  -8.4820  109    60900  18.0240  -8.0210  51.8890  109
68972  38.4730  -8.1100  -9.0130  111    61665  8.4230  29.3020  -35.4810  111
68973  37.9110  -8.5390  -8.6070  112    60968  27.1680  76.7380  2.6960  112
68974  36.8290  -9.0950  -8.7710  113    60979  24.5260  69.6560  -7.6030  113
68996  44.7210  -7.6860  -9.6310  114    38944  16.6010  35.7420  -35.4590  114
68999  38.2660  -8.3080  -9.5060  117    61666  9.0790  -54.1520  -14.2460  117
69000  37.4510  -8.8030  -9.5610  118    61670  21.6100  -85.0480  -14.7510  118
69013  44.7830  -8.1170  -10.3990  119    41217  8.6610  -31.6870  2.5450  119
69015  38.0050  -8.5210  -10.3290  121    62766  51.1240  -25.0310  9.1410  121
70323  43.0130  -7.6000  -7.6870  122    36586  32.1130  -58.6430  -25.6060  122
70325  41.5960  -7.9220  -7.2990  124    36913  15.9270  -80.5590  -31.2990  124
70326  40.5380  -8.1040  -7.1880  125    36970  56.0710  -5.6820  18.1150  125
70327  39.7410  -7.9920  -7.2920  126    36988  10.3160  62.5590  -28.8090  126
70328  39.0020  -8.2030  -7.3620  127    37024  37.9170  -10.7020  -4.7500  127
70329  38.5840  -8.3150  -7.5560  128    37381  28.3940  15.9640  26.1860  128
70340  39.4930  -7.7400  -7.7290  132    37023  17.2260  -55.2260  22.5560  132
70341  39.0070  -7.8350  -7.9330  133    37037  8.1450  -38.9260  9.9180  133
70342  38.5360  -8.1790  -7.9430  134    37405  45.2680  68.1180  -28.2540  134
70354  45.1300  -6.7550  -8.8310  135    37783  17.4790  -4.5230  20.1770  135
70356  38.7240  -7.9460  -8.5550  137    38010  50.9760  -9.3820  39.0640  137
70380  45.8520  -6.6830  -9.6040  139    38945  18.9440  47.1260  27.0500  139
70383  39.5940  -7.3590  -9.9190  142    41301  52.1570  -48.8730  -31.6020  142
70384  38.9980  -7.7420  -9.4820  143    39303  13.0910  -42.1440  38.6590  143
70401  45.9440  -6.8860  -10.3960  144    41202  51.3060  -13.4310  -14.3180  144
70403  39.4040  -7.6710  -10.5410  146    41302  51.0550  -48.2660  -31.5140  146
70404  38.6790  -8.1080  -10.1530  147    41315  46.1300  -52.5430  11.0250  147
70415  39.4090  -8.0000  -11.6320  148    42744  42.1810  5.2610  -43.8160  148
70416  38.6600  -8.2820  -10.9840  149    42745  41.5560  4.9060  -43.8450  149
70427  40.1750  -7.6840  -13.2260  150    44451  10.6540  67.9020  -38.8340  150
71612  43.1320  -7.2880  -7.7460  151    36600  61.8380  -21.5100  -1.9200  151
71613  42.5870  -7.1380  -7.5740  152    36615  46.0580  -13.0830  -8.5720  152
71614  41.8900  -7.1320  -7.5220  153    36929  50.9610  30.4970  19.5310  153
71620  45.3610  -6.1120  -8.6830  156    37605  8.7390  -39.2560  7.7670  156
71623  42.3890  -6.5650  -7.8140  159    70366  40.6760  43.9020  -9.4270  159
71624  41.6760  -6.7730  -7.8490  160    74825  26.2440  23.5460  46.5990  160
71636  45.0670  -6.6010  -8.6970  166    39006  36.0620  21.9870  -53.8950  166
71637  39.9720  -7.0960  -8.6710  167    38045  46.3740  17.1850  -61.8610  167
71655  46.9900  -5.8060  -9.4580  169    70727  28.0170  -80.7700  -27.4850  169
71658  39.7510  -7.1670  -9.3680  172    39286  63.6490  -26.6900  8.5420  172
71678  46.9700  -5.9260  -10.0920  174    70935  30.7380  -15.9460  -30.0330  174
71680  40.7310  -6.4280  -10.7290  176    41369  18.4490  67.1700  -32.3550  176
71689  46.9330  -6.2800  -11.3250  178    43513  46.6170  1.0160  -2.3740  178
71690  46.4140  -6.8580  -11.2620  179    42710  48.7590  -13.6140  -14.5210  179
71691  40.7050  -6.6040  -11.2640  180    71219  41.4130  -5.1040  -46.5300  180
71692  40.1630  -7.2910  -11.3810  181    42780  31.8420  -67.3940  10.9870  181
71704  41.4420  -6.1320  -12.6730  182    254  37.8500  44.5830  19.3700  182
71705  40.9230  -6.7990  -12.3760  183    256  43.5310  -63.7020  -33.5370  183
71706  40.0740  -7.6600  -12.2480  184    43591  29.3910  -17.6320  -40.6120  184
71712  41.4820  -6.3770  -13.3420  185    255  42.9320  -63.5230  -33.1720  185
71713  40.9100  -7.1080  -13.7870  186    291  16.2070  -73.3250  10.8700  186
71720  42.2040  -6.1780  -15.0200  187    1932  6.7830  73.0940  -13.8590  187
71721  41.6810  -6.5700  -14.5750  188    1174  6.8070  74.4060  -12.6100  188
71729  41.9870  -6.4390  -15.7820  189    1933  62.0610  -19.6780  13.9210  189
72974  46.1300  -5.3240  -8.7700  192    70502  34.0560  -13.2670  20.9830  192
72976  44.7070  -5.8050  -8.3100  194    70503  22.3260  -12.3390  -29.4120  194
72977  43.7310  -5.9010  -7.9820  195    70365  44.9500  31.7370  28.8420  195
72978  42.9250  -5.8440  -8.0860  196    70372  39.7010  44.0840  -9.3990  196
72979  42.1920  -6.0960  -8.2790  197    70515  39.8700  -29.6900  38.1010  197
72993  41.8830  -5.9280  -8.7350  203    52169  35.8850  -49.4940  5.9410  203
72994  41.2940  -6.3080  -8.8090  204    70523  58.3820  -32.7630  6.6940  204
73010  47.8410  -5.0130  -9.6850  206    54006  53.7450  -43.9230  -4.7290  206
73013  41.6840  -5.6120  -9.2570  209    52208  9.5200  -30.3020  -10.8180  209
73014  41.0990  -6.1730  -9.3920  210    70733  53.8770  -36.2410  -18.0040  210
73036  41.4840  -5.3970  -9.9710  214    70944  6.8370  -0.1600  32.3430  214
73037  40.8860  -6.2050  -10.2020  215    70947  61.3800  -42.4200  -24.7830  215
73048  47.7320  -5.0600  -11.2550  217    71154  21.2910  -82.2350  -32.3140  217
73050  41.5180  -5.2500  -10.9470  219    54921  40.4860  58.9540  5.5670  219
73063  48.0800  -5.5300  -12.5010  221    71351  52.1090  31.5790  23.3030  221
73065  41.5080  -5.6950  -12.0330  222    312  11.2420  -10.3120  -21.7300  222
73071  42.3460  -5.2840  -13.4300  224    71514  4.6850  -60.8460  -17.3460  224
73078  42.4290  -5.7560  -14.3940  226    1985  1.3810  1.5330  -14.4640  226
73079  41.9890  -5.9570  -13.7230  227    1238  38.0960  -58.2150  12.8330  227
73085  43.2660  -5.3670  -15.6820  228    71637  19.0750  82.5270  -5.0390  228
73092  43.3460  -5.2870  -16.7880  230    71638  17.9300  82.8320  -5.2990  230
73093  42.5090  -5.9690  -16.5050  231    2687  35.2670  4.5890  -2.6530  231
74211  46.1610  -4.9190  -8.6670  232    52121  6.5440  28.3560  9.4410  232
74213  44.5080  -5.0340  -8.2180  234    52136  6.0890  27.3010  9.9750  234
74214  43.5160  -4.8260  -8.4060  235    1210  60.2390  -13.6490  -26.2250  235
74225  47.8780  -4.1380  -9.2870  238    52960  34.6700  -51.1820  2.9380  238
74228  43.3440  -4.2200  -8.8190  241    1239  43.8790  -53.4060  -18.8450  241
74246  42.5940  -4.2140  -9.5600  246    3268  38.4410  27.3550  -24.2820  246
74265  41.8470  -4.7550  -10.4260  249    54218  8.6080  -33.9300  23.8510  249
74274  48.1510  -4.4370  -11.7260  250    54897  15.5880  42.9530  -38.3100  250
74286  48.5890  -4.4270  -12.7940  252    55350  8.2380  -19.7440  22.6360  252
74287  42.5980  -4.1770  -12.2750  253    55890  4.8550  -52.5020  -8.7700  253
74288  42.2230  -4.5230  -11.8550  254    55257  7.1710  -46.6220  30.7760  254
74296  43.1590  -4.0700  -13.2750  255    8211  17.1500  -25.8590  35.5930  255
74297  42.7580  -4.3100  -12.9260  256    55891  5.3470  -53.4040  -8.8210  256
74298  42.1170  -5.0810  -12.6440  257    55899  9.5010  59.8720  6.0320  257
74304  43.3220  -4.2730  -13.6720  258    56435  61.2560  27.3040  0.3210  258
74305  42.9260  -4.9420  -13.9720  259    56442  12.9520  -60.5780  33.4540  259
74310  43.6150  -4.6940  -14.7050  260    56760  51.1110  55.2690  -18.3680  260
74318  44.4160  -4.3340  -16.3090  262    9878  7.1670  -33.0170  18.7250  262
74319  44.1040  -4.5990  -16.0220  263    57065  34.7330  29.0390  -18.4490  263
74336  43.8610  -4.7270  -17.2960  265    57525  6.8510  -3.2120  50.6160  265
75374  46.2040  -4.4990  -8.7000  266    1028  14.0110  -10.2960  -23.7120  266
75376  45.1370  -4.3620  -8.4450  268    1030  43.7670  13.7630  32.6370  268
75388  48.0320  -3.5820  -9.3510  270    2747  24.9340  78.1080  -13.4330  270
75391  45.7080  -3.6590  -8.6690  273    1029  13.6460  -10.7400  -23.2480  273
75392  44.7930  -3.6010  -8.7180  274    1175  37.8410  -41.3640  -37.3450  274
75412  48.8100  -3.0400  -10.1190  277    2748  24.6600  77.1990  -13.9270  277
75414  43.4340  -3.4130  -9.3460  279    2889  6.5930  37.1210  10.0860  279
75432  48.5510  -3.7260  -11.0710  283    6115  30.8510  -1.5510  53.0380  283
75433  43.2290  -3.1610  -9.8770  284    5107  23.6620  77.4690  -16.8840  284
75434  42.8460  -3.4640  -10.3710  285    5133  9.6380  -31.2210  45.9730  285
75442  48.9590  -3.1050  -11.7970  287    6116  1.6060  -0.8010  -11.0070  287
75443  48.5450  -3.8490  -11.9840  288    6133  48.1810  54.1990  -25.5680  288
75444  42.6550  -3.6440  -11.1580  289    6517  8.4410  53.0950  -36.6940  289
75454  49.0920  -3.5060  -13.1380  291    7108  34.1090  -2.5970  -11.3010  291
75456  43.2830  -3.2950  -12.5510  293    8210  6.9520  -31.3320  42.8350  293
75466  49.4540  -3.3520  -13.7720  296    8099  8.2510  -7.5580  -22.1410  296
75473  44.4650  -3.3360  -14.4380  299    9268  16.5190  -42.9320  -15.0970  299
75474  43.9440  -3.9300  -14.0580  300    9081  2.0820  20.3820  -18.0390  300
75478  44.7400  -3.5670  -15.3070  301    9269  6.9040  -26.7620  34.0590  301
75479  44.3100  -4.0760  -14.9840  302    9270  7.7120  -26.8770  33.3920  302
75485  45.1710  -3.3440  -16.6990  303    10379  37.1260  -25.1310  32.2560  303
76559  48.4470  -2.3900  -9.7240  306    47241  28.1260  12.4720  42.4490  306
76560  48.0360  -2.9280  -9.4720  307    2749  52.7210  -17.7120  34.4880  307
76562  46.3590  -2.9360  -8.9790  309    2808  38.3880  32.6920  -59.8820  309
76563  45.3190  -2.5830  -9.1100  310    2858  29.9600  -45.0840  18.8980  310
76580  48.8330  -2.5380  -10.1180  313    2770  27.8150  -10.6460  34.3210  313
76582  45.0870  -1.9550  -9.5340  315    47558  5.8310  -0.9540  53.2890  315
76595  49.2670  -2.3700  -10.9400  318    5091  25.5350  70.1890  5.9100  318
76596  44.1530  -2.0270  -10.4200  319    48972  7.2430  41.8500  -27.9220  319
76597  43.5040  -2.5870  -10.6220  320    6495  19.1040  84.1890  -15.6840  320
76606  49.6250  -1.6800  -12.0290  322    6483  65.4270  -17.4110  -2.7960  322
76608  43.4470  -2.6370  -11.6900  324    49857  4.3670  -53.3590  -1.1420  324
76617  49.6440  -1.7910  -13.1450  326    7124  38.5650  9.4590  -20.5640  326
76630  49.5500  -2.7850  -13.5750  330    8100  45.3500  -0.8950  -11.9160  330
76631  44.3520  -2.4090  -13.1420  331    51491  19.2550  45.1900  35.5460  331
76632  43.8830  -2.8230  -12.9660  332    8209  64.3170  -38.1290  -16.7630  332
76639  44.5510  -2.6170  -13.7500  333    9069  66.4530  -23.9920  -24.2500  333
76645  45.5000  -2.3920  -15.3100  335    52947  6.2730  24.2380  -21.0700  335
76646  45.1560  -2.6320  -14.9090  336    9663  35.5780  -77.9160  -20.3210  336
76651  45.5290  -2.6390  -15.8820  337    9854  4.9500  -57.7420  -21.7470  337
77781  46.9570  -2.2200  -9.3910  342    47242  52.2780  20.6680  2.4110  342
77800  48.1380  -1.5400  -9.8460  345    47240  23.4020  0.5750  55.2040  345
77802  46.6730  -1.5210  -9.7350  347    47265  5.9970  -42.3480  29.5800  347
77816  49.6540  -0.9340  -10.9280  350    48641  10.5420  75.7330  -23.3150  350
77818  45.3460  -1.3160  -10.1670  352    48922  1.0890  32.3780  -14.8620  352
77830  49.8330  -1.0460  -11.3370  355    49728  34.8770  49.2580  -14.1240  355
77843  50.0270  -0.8720  -12.4060  359    50772  21.9290  -13.7950  -35.3670  359
77844  44.4610  -1.7960  -12.1500  360    50813  14.7930  52.2900  -40.2880  360
77856  50.7840  -1.3080  -14.6900  362    51946  39.8040  48.3930  3.8170  362
77857  50.1490  -1.0560  -13.6310  363    51947  55.9160  50.3100  -18.8390  363
77870  45.6180  -1.6710  -14.4410  366    975  29.8940  41.6760  -19.1590  366
77871  45.2090  -1.9440  -14.0240  367    976  23.5950  -55.9220  -9.0210  367
77878  46.5010  -1.3500  -15.8590  368    53264  25.3890  -44.7430  -3.8720  368
77887  46.6540  -1.5270  -16.8830  371    53265  44.2530  -41.2040  -33.8000  371
77888  46.0880  -2.0800  -16.3730  372    53266  62.7140  -32.8260  -34.4650  372
78958  47.2720  -0.6610  -10.2320  375    48909  22.4500  -61.7760  -31.8290  375
78973  49.5910  -0.4460  -11.1080  378    48606  41.6720  -11.6380  28.2400  378
78975  47.1930  -0.1600  -10.5880  380    68890  62.2200  6.6380  14.5780  380
78977  45.6810  -0.8120  -10.8420  382    49777  1.7670  9.3550  -3.5700  382
78989  50.4940  0.3880  -12.1120  384    69531  27.0450  -0.9550  54.0670  384
78990  50.1490  -0.2490  -11.7340  385    49769  12.5870  63.7810  -1.3690  385
78991  45.6270  -0.6580  -12.0050  386    29  22.8330  -4.8820  53.2190  386
79000  50.6720  0.2670  -12.7710  388    50790  24.3250  44.7100  36.3920  388
79002  45.7240  -0.7300  -12.9070  390    27  22.3290  -5.8780  52.1740  390
79010  50.6820  -0.1410  -13.8690  392    1232  23.1660  35.8030  26.5330  392
79012  45.8730  -0.8630  -13.6740  394    974  5.8160  -68.8190  1.5190  394
79013  45.3720  -1.3450  -13.3730  395    28  24.5290  -5.6560  51.9260  395
79021  51.1860  -0.4920  -14.9580  396    1233  23.1500  35.5840  25.2950  396
79022  46.5400  -0.3630  -14.6910  397    1176  38.4230  -39.9800  -37.5830  397
79032  46.8370  -0.5450  -15.4780  400    1177  54.2970  -31.5700  -21.1620  400
79033  46.3410  -1.0470  -15.1090  401    1178  54.0650  -30.5150  -21.6400  401
79040  47.5730  -0.2270  -16.7730  402    3659  33.9720  -5.4150  1.5020  402
79041  47.0860  -0.8440  -16.3310  403    3135  20.7100  70.4920  8.6120  403
80174  48.7300  -0.4560  -10.5680  404    68883  32.3620  14.7390  31.4330  404
80194  48.3770  0.2110  -10.7370  409    42577  52.3680  -20.4480  -37.9730  409
80196  47.1010  0.1310  -10.8860  411    42920  8.6070  21.4340  9.6270  411
80208  50.5850  0.8810  -12.0930  413    69205  12.5750  56.7320  -12.9440  413
80211  46.9570  0.5160  -11.4500  416    69536  31.4980  5.5070  48.4190  416
80221  46.7070  0.4780  -12.1570  419    43983  50.1530  -62.0110  -19.0650  419
80230  51.0710  0.8350  -13.2930  421    1274  21.3070  -31.6070  38.4690  421
80231  46.6280  0.4860  -12.9930  422    69740  9.2490  -42.3790  -15.8780  422
80242  51.8620  0.6380  -15.3790  424    2293  5.4690  41.3930  -23.4080  424
80243  51.3610  0.6740  -14.5520  425    1234  7.7240  45.1510  19.9300  425
80244  46.6840  0.3560  -14.0100  426    1603  24.4700  -46.1290  19.9810  426
80255  47.5080  0.7870  -15.5570  429    45961  42.5730  -19.4130  -42.8420  429
80256  47.1800  0.4900  -15.1600  430    3114  42.6820  -61.0190  17.4000  430
80261  47.6850  0.5550  -16.0520  431    3115  43.1460  -60.3140  17.6380  431
80268  48.5240  0.8680  -17.6940  433    47520  24.4080  18.3270  39.8560  433
80269  48.2270  0.5530  -17.3060  434    3745  39.9270  23.1260  34.4160  434
81375  49.4860  0.7290  -11.4050  435    42552  40.8300  53.9140  7.9130  435
81377  48.1840  0.8670  -11.0280  437    42622  18.9490  3.9430  54.3140  437
81391  50.8540  1.5730  -12.2050  439    43866  39.3630  -61.0460  -18.0670  439
81392  50.1260  1.4850  -11.7940  440    42553  11.5900  49.8270  -0.0170  440
81393  49.4310  1.4750  -11.5860  441    42554  7.7670  60.3040  30.7020  441
81394  48.7070  1.4650  -11.4500  442    42603  8.9610  29.3180  14.8270  442
81395  47.7500  1.2750  -11.7480  443    39437  37.0150  -47.2560  -27.8270  443
81406  51.9970  2.1130  -13.1020  445    43892  52.0090  -39.3040  -2.6430  445
81408  47.5650  1.7120  -12.9590  447    39439  42.8590  -43.5670  12.5860  447
81416  51.9950  1.9930  -13.9010  449    44537  60.9450  16.9660  12.9450  449
81418  47.5370  1.7510  -13.9240  451    44564  20.8840  5.5780  -45.2790  451
81419  47.0610  1.1290  -13.4560  452    44565  5.8440  18.0370  44.5120  452
81428  51.9880  1.4690  -14.9490  453    46610  66.0790  -7.9070  -28.6780  453
81430  47.6530  1.6750  -14.7450  455    45343  61.5830  -18.2160  -43.9630  455
81431  47.2110  1.1260  -14.3720  456    45344  44.8640  -14.0220  -22.1400  456
81439  53.0200  1.6840  -16.0340  457    46599  22.1040  -49.7000  13.1810  457
81450  53.6670  1.8750  -16.4200  461    46549  32.9330  -10.0610  29.6150  461
81451  48.6110  1.7450  -16.6860  462    46930  5.1670  3.6310  14.7300  462
82589  51.2090  2.3930  -12.3010  466    43865  6.5250  -4.6040  11.2190  466
82591  50.0910  2.2630  -11.9210  468    43917  56.8250  -31.4310  -3.7740  468
82602  52.2080  2.6190  -12.9480  471    43893  53.9010  -40.4420  -2.2180  471
82604  49.7810  2.6980  -12.1390  473    72199  15.8800  82.0730  -15.1220  473
82605  49.1980  2.6210  -12.3450  474    72331  55.3790  3.0860  -55.2600  474
82606  48.3970  2.2790  -12.7040  475    39438  43.2780  -44.1850  12.1390  475
82614  52.7810  2.9220  -13.5420  476    44500  27.0830  34.7720  -42.3740  476
82616  48.0490  2.3110  -13.6020  478    44828  42.9280  -21.3850  35.4110  478
82624  52.4120  2.3770  -14.3930  480    46609  23.1370  -23.2940  -18.0040  480
82625  48.0130  2.2970  -14.4370  481    45366  7.1950  -34.2190  34.9510  481
82634  48.5550  2.5730  -15.6000  484    45947  53.8950  26.3540  14.2330  484
82643  54.3400  2.8550  -16.8140  486    47398  49.7530  55.5120  2.2750  486
82644  53.5130  2.7610  -16.1550  487    46637  8.5530  -50.4340  14.1820  487
82645  48.7170  2.4470  -16.0810  488    46674  8.3860  -34.2720  34.4140  488
82651  49.7630  2.8040  -17.6130  490    47502  55.9800  16.4080  6.7680  490
82658  49.9000  2.6810  -18.3810  492    308  18.3710  81.9540  -6.6440  492
84055  52.5690  3.3940  -13.1790  497    72315  40.7280  43.8030  -24.3370  497
84057  51.5150  3.1120  -12.5540  499    72198  28.1380  -82.5180  -23.1770  499
84060  49.1330  3.0540  -13.0890  502    72333  53.0960  12.8000  18.6130  502
84072  49.6470  3.7540  -13.4880  506    55031  16.5890  -4.4810  57.5060  506
84073  49.0750  3.3810  -13.9400  507    68944  16.2100  73.3010  0.6250  507
84083  53.5710  4.2590  -14.3170  509    68817  21.8990  73.2050  3.0800  509
84084  53.2190  3.7490  -14.2810  510    72440  43.9330  -58.6580  -27.0770  510
84085  48.8920  3.2360  -14.7170  511    68951  8.1460  69.3490  -34.5540  511
84096  53.3780  3.4980  -15.4020  514    72660  48.9700  -47.1530  -29.5480  514
84107  55.5190  3.7010  -17.3240  517    72775  52.1190  30.8630  2.0700  517
84108  54.5770  3.7720  -16.8220  518    72784  31.1860  -3.1280  -29.1810  518
84111  49.8390  3.7550  -16.6780  521    72663  26.4290  65.7260  -13.6700  521
84123  50.7760  4.2660  -18.8480  525    72852  17.9230  -12.9750  54.3850  525
85582  52.2420  4.0920  -13.0710  528    68548  54.0420  -5.0980  -0.0570  528
85583  51.5320  3.9980  -12.8530  529    68549  62.2050  -0.8800  -0.3610  529
85584  50.7870  4.1810  -13.0680  530    54831  27.2210  42.6840  -36.6800  530
85596  53.4640  4.8570  -14.0900  532    54767  36.8580  28.4730  4.4610  532
85597  53.0400  4.3140  -13.7060  533    68816  20.8890  72.1980  2.2940  533
85600  50.0400  4.4390  -13.8780  536    12960  35.7190  44.0440  3.1290  536
85612  49.8700  4.4560  -14.5340  540    55738  18.6720  45.1360  25.4930  540
85622  54.5600  5.2850  -15.7080  542    69148  8.6570  60.7270  -35.4310  542
85624  49.7580  4.3500  -15.2230  544    56271  8.5470  50.8820  -25.0470  544
85634  55.9060  4.7760  -17.6510  546    69558  28.0170  -15.7280  -22.7850  546
85635  54.7220  4.8930  -16.5830  547    69363  46.4400  14.3170  29.3900  547
85637  49.7340  4.0880  -16.0660  549    69462  28.4530  -21.1010  -28.0730  549
85643  56.7390  5.1620  -17.9810  551    56814  31.1620  13.5170  24.3660  551
85645  50.6290  5.0390  -17.3840  553    69646  9.1370  -31.0200  41.5060  553
85650  50.7740  4.6750  -18.1620  555    69723  10.5110  25.1310  34.6030  555
85658  51.0700  4.6880  -19.3520  557    69777  43.1120  26.0650  -56.5810  557
87002  52.3950  4.4030  -13.3240  558    54811  14.3730  -78.4270  4.4280  558
87034  54.7920  5.9920  -15.1240  567    54781  27.7920  -58.3220  21.4770  567
87046  54.7900  5.8330  -15.6540  571    55701  25.5590  58.6570  5.7970  571
87059  55.2380  5.9300  -16.8660  576    56119  29.2340  -47.4160  27.4590  576
87060  50.6250  5.6170  -15.6840  577    56270  25.1440  43.7410  36.5900  577
87071  50.5720  5.4110  -16.6900  581    56874  52.5830  -54.0110  -6.9970  581
87076  50.9790  5.5840  -17.7480  583    57357  41.9330  -46.4590  26.4900  583
87082  51.7450  5.9950  -19.4280  584    18415  45.9050  -46.6310  3.1080  584
87083  51.4440  5.6730  -18.9880  585    57428  7.1980  -73.1130  -19.0370  585
87088  51.8010  5.8910  -19.9070  586    57669  36.5650  7.0890  -21.9170  586
88282  53.7960  5.8190  -14.4420  587    12676  32.6320  70.3540  -7.0910  587
88283  53.1130  5.7530  -14.2180  588    12467  10.1250  -42.2220  -17.2750  588
88284  52.3110  5.6690  -14.1340  589    12486  36.0780  -2.4300  -18.0570  589
88297  54.9040  6.4650  -15.2110  592    14026  63.9140  5.9940  -15.2540  592
88299  53.6010  6.5680  -14.6220  594    12468  11.9650  -38.1020  -17.3370  594
88300  52.7720  6.4750  -14.6100  595    12469  17.8120  -31.6660  40.0870  595
88301  51.8740  6.3280  -14.7480  596    12498  14.0820  -37.7970  -18.2000  596
88313  55.6260  6.9950  -16.6740  598    14068  41.9460  47.4800  -23.9990  598
88315  51.7500  6.6770  -15.2710  600    14184  17.8350  -22.1640  -29.1580  600
88326  55.7790  6.5480  -17.3860  602    15515  10.0760  -27.5640  -0.4680  602
88328  51.0990  6.3750  -16.3110  604    15812  28.3940  -51.6940  -32.6550  604
88339  56.7820  6.4880  -18.2280  605    17466  45.0860  -17.1660  -13.0530  605
88341  51.1380  6.3020  -17.2500  607    16817  44.5870  -21.0430  -33.5930  607
88347  51.7750  6.8320  -18.5530  608    17847  38.3030  -7.6850  4.3140  608
89427  55.2220  7.6850  -15.7610  612    14027  63.3510  4.9240  -14.8730  612
89429  54.0830  7.2970  -14.9840  614    14048  59.1390  -0.5860  -18.2080  614
89430  53.2330  7.3800  -15.1040  615    14128  8.7460  -49.7700  -21.9150  615
89431  52.3870  7.0090  -15.1230  616    14162  44.2080  -16.5750  -43.8500  616
89441  56.0860  8.0960  -17.1560  618    47208  49.7140  48.2590  12.1600  618
89442  55.5930  7.6660  -16.3940  619    14069  37.2350  -23.2020  -28.7430  619
89444  53.0790  7.9560  -15.5390  621    46353  33.1630  -60.0010  -29.1810  621
89446  51.9240  7.2190  -15.7740  623    15762  58.9510  -34.3050  11.5200  623
89447  51.4320  6.7420  -15.9480  624    15788  28.4720  -52.6260  -32.3740  624
89456  56.4200  7.8200  -17.8270  625    15315  10.2940  -68.6030  -19.8570  625
89458  51.7530  7.6500  -16.7000  627    70951  48.0360  58.1730  -23.9550  627
89473  51.6940  7.7060  -17.5010  631    17816  13.2890  -75.4520  -15.5270  631
89474  51.4130  7.0320  -16.9640  632    16801  7.2620  34.0960  25.2390  632
89483  51.8950  7.5810  -18.2940  633    18382  37.7810  -2.4410  28.4340  633
89490  52.2630  7.3400  -19.1290  635    18400  49.4050  -8.2980  1.5440  635
90547  54.9670  7.9240  -15.6650  636    45448  11.2910  -79.5030  -3.3300  636
90548  54.4530  7.8730  -15.4370  637    45449  11.3040  -79.7830  -2.3650  637
90560  56.1440  8.7640  -16.9410  640    46264  44.3700  -9.6040  -19.9780  640
90565  52.7530  8.2100  -15.8890  645    47617  16.5000  -42.3310  -25.0300  645
90575  57.4600  9.1260  -18.2930  647    47207  50.9080  47.0890  13.1850  647
90579  52.3350  8.2660  -16.4460  651    47618  16.1990  -42.4200  -25.9040  651
90589  57.1770  8.2160  -18.5050  652    47209  9.8310  75.8060  -21.9840  652
90590  52.0440  8.3900  -17.2830  653    47630  9.3770  -43.1860  5.0260  653
90606  52.3710  8.1310  -18.8440  655    48768  65.3190  11.6300  -19.4470  655
91727  56.5740  9.6070  -17.0500  656    46265  9.7710  -6.0940  44.6730  656
91728  55.9600  9.2980  -16.7830  657    46266  19.5810  -0.8190  56.4180  657
91729  55.2610  9.2880  -16.5810  658    46325  15.2560  -47.8530  46.9220  658
91744  57.8430  9.9090  -18.0370  661    47244  33.8080  25.6380  13.6140  661
91746  55.1580  9.8130  -16.8440  663    69159  5.9510  -35.1760  37.7000  663
91749  53.1050  9.3190  -16.8980  666    47616  17.6040  -47.9100  43.8930  666
91766  52.9310  9.5420  -17.6870  668    43009  7.4180  3.6130  55.5360  668
91775  53.0160  9.6380  -18.3120  670    48419  27.9730  -62.4700  -26.9280  670
92947  55.9730  9.8030  -16.8400  676    69154  6.1700  1.2770  55.0470  676
92957  55.0330  10.2300  -17.1750  680    41785  22.5370  -64.1250  29.1170  680
92973  54.6380  10.4310  -17.5330  683    41798  61.1380  -18.7060  -41.1010  683
92974  54.1300  10.2630  -17.5960  684    42816  6.1990  -45.5200  -15.0170  684
92987  53.4510  10.1420  -18.8480  687    69635  15.9990  81.1830  -24.1130  687
94130  57.0460  10.9760  -17.4430  688    41427  9.7800  68.3820  -31.2610  688
94131  56.2840  10.8590  -17.3870  689    41759  3.3410  -22.0960  -11.1170  689
94146  56.0910  11.3290  -17.8720  691    41771  34.6890  67.1270  -32.4520  691
94158  55.6700  11.5450  -18.2420  695    42749  49.3000  28.9010  22.3470  695
94159  55.0940  11.4680  -18.4480  696    42769  37.3660  5.6990  -44.3560  696
94160  54.4360  11.2400  -18.6790  697    42832  66.1020  -4.2180  14.0180  697
