102392  -2.5180  18.6810  8.5780  1    40225  -50.3730  -42.1000  -7.4160  1
103477  -2.4830  19.2790  8.4390  2    59463  -44.3040  -63.6100  -6.4200  2
103478  -2.6710  19.4040  8.4430  3    59473  -18.2270  -51.1940  7.5720  3
103479  -3.1100  19.3980  8.5390  4    59492  -4.7170  78.8310  2.9650  4
103480  -3.7590  19.5690  8.6950  5    59540  -42.0590  33.3590  24.1600  5
103481  -4.4960  19.6660  9.0190  6    58871  -4.1640  14.1010  39.4560  6
103495  -2.5940  19.8270  8.3420  7    59462  -33.8740  -75.8790  -29.9600  7
103496  -2.7070  20.1110  8.3000  8    10077  -38.1020  44.9430  24.1520  8
104553  -5.0410  20.5860  10.3240  9    7894  -5.2890  -32.7530  -8.9510  9
104563  -4.9680  20.0020  9.3820  10    9003  -38.9730  55.9020  6.8670  10
104564  -5.1520  20.7770  9.5940  11    7937  -19.0830  -16.0830  51.5300  11
104574  -3.4330  20.4890  8.3450  13    10075  -9.1920  -58.0120  -4.3730  13
104575  -4.2060  20.5840  8.5880  14    10113  -5.0040  -22.0090  37.7190  14
104576  -4.9070  20.7690  8.9750  15    9004  -8.3730  59.3560  -22.7120  15
104577  -5.1790  21.2340  9.2000  16    8344  -34.6380  -73.2350  -3.9980  16
104597  -2.7950  20.4970  8.2040  17    12104  -33.3780  30.8360  4.8560  17
104599  -3.2850  20.9870  8.1790  19    10076  -0.8460  -55.2420  -1.6090  19
105609  -9.6180  21.3500  16.6990  20    2396  -35.2200  -36.6490  -37.5100  20
105610  -10.2760  21.4230  17.0070  21    2759  -1.4440  -53.2370  -1.9690  21
105611  -10.9140  21.3890  17.5720  22    902  -16.7660  -15.4480  20.9430  22
105627  -8.1860  21.7270  16.4300  23    3447  -41.6020  -15.5150  18.8910  23
105688  -3.9510  21.6900  10.9040  26    7242  -31.7880  42.7880  -29.0760  26
105689  -4.5520  21.4910  10.6120  27    7314  -37.7600  -64.5020  -1.3760  27
105690  -5.1000  21.5770  10.0100  28    7915  -19.6580  48.9270  -37.2440  28
105712  -3.9270  21.4960  8.1560  31    10103  -49.9570  24.1620  11.9620  31
105713  -4.6490  21.5600  8.5070  32    10475  -5.8030  -51.1130  -4.1780  32
105733  -3.1110  21.3140  7.9850  34    12118  -50.3610  12.4740  -5.9160  34
106600  -11.3150  22.4190  17.5200  38    23216  -17.1660  12.6200  45.4240  38
106614  -5.6130  22.6740  17.0120  39    25772  -46.6700  -17.9950  -23.3750  39
106615  -6.4970  22.5770  16.6270  40    26098  -23.1890  11.8970  41.4600  40
106616  -7.5720  22.7060  16.2520  41    26176  -32.7220  -23.9730  -39.3860  41
106617  -8.6320  22.4710  16.1430  42    26177  -53.9700  -5.5950  -49.2890  42
106618  -9.5250  22.6960  16.1490  43    26306  -31.6190  8.4820  -50.0360  43
106619  -10.5370  22.4900  16.6710  44    24824  -47.2280  32.2090  -37.3050  44
106620  -11.1020  22.9760  16.9240  45    23231  -2.3270  60.5910  -41.3810  45
106633  -7.8190  23.3280  15.9360  46    26175  -3.4020  -23.9090  10.2220  46
106665  -2.4640  22.4200  12.0310  49    29225  -63.4170  -16.4070  -25.3510  49
106673  -3.0370  22.4290  11.1390  50    29853  -9.6890  -72.5610  -35.0660  50
106683  -3.3310  22.9860  10.7470  52    30700  -31.8850  2.4620  -53.1990  52
106684  -3.8960  22.4730  10.6840  53    30688  -21.1410  -79.8440  -5.6970  53
106685  -4.7240  22.4000  10.2410  54    31589  -27.5640  -0.7040  52.4630  54
106686  -5.1330  22.4680  9.6690  55    31621  -24.2440  -41.4910  -32.5910  55
106694  -5.2970  22.5440  9.0260  56    31656  -31.1410  -43.6160  -31.1970  56
106707  -4.5270  22.4220  8.0860  58    32188  -0.3790  -79.8640  -9.3410  58
106723  -3.4110  22.4500  7.5990  60    34133  -3.8230  51.6330  36.0030  60
106724  -3.7720  22.5800  7.6420  61    33159  -34.2920  -57.4100  -27.2460  61
106725  -4.2440  22.8410  7.7370  62    33160  -6.7860  83.0990  -7.2550  62
107591  -2.7780  23.0620  16.9050  63    24337  -4.7910  -56.8800  -18.8050  63
107592  -3.2440  23.2150  17.2650  64    24338  -5.9990  -57.9350  -19.4800  64
107600  -2.7000  23.3940  16.1830  66    24473  -42.3780  53.8310  -26.1000  66
107603  -5.1070  23.4460  16.9250  69    25748  -13.6540  82.4550  -18.6780  69
107604  -5.9690  23.4350  16.5140  70    25783  -42.8530  -51.8800  -24.4610  70
107608  -10.9020  23.4900  16.4780  74    26631  -5.9600  70.6840  -38.8010  74
107622  -7.2010  23.6950  15.9390  77    26198  -16.7760  43.0040  30.8860  77
107624  -9.2160  23.5940  15.7020  79    26307  -53.2390  20.1410  17.6170  79
107625  -10.0170  24.0460  15.5590  80    39320  -56.8490  -37.2360  13.9190  80
107635  -2.6340  23.4160  14.7370  81    27306  1.3140  -13.7500  -4.2250  81
107647  -2.5200  23.4430  13.6410  82    28287  -32.4110  4.2480  -50.4840  82
107657  -2.4020  23.4430  12.5820  83    29226  -2.6320  -5.6540  52.3340  83
107664  -2.5340  23.4500  11.6110  84    29854  -36.6500  43.1920  25.6780  84
107673  -3.6160  23.5330  10.4580  86    31356  -50.5340  38.2030  -2.2280  86
107675  -4.8830  23.0950  9.9270  88    31622  -24.1100  -43.4570  -32.2270  88
107686  -5.1240  23.4710  9.3310  91    31657  -30.7720  -42.6850  -31.4760  91
107697  -5.1590  23.4540  8.4810  93    32189  -26.6080  37.4160  23.6400  93
107705  -3.5840  23.5260  7.2190  95    34152  -7.2270  34.9650  20.6530  95
107706  -4.1080  23.5130  7.4430  96    34417  -21.8650  -65.9010  -33.2490  96
107708  -5.1250  23.9560  8.0350  98    45401  -22.5780  64.6090  5.3450  98
107719  -3.4210  23.8720  6.9970  99    34114  -14.8850  55.7360  29.4580  99
108615  -2.9070  24.3260  16.3970  103    38687  -6.8950  5.3410  50.0970  103
108617  -4.2860  24.0720  16.9290  105    38688  -41.6220  22.6000  -53.5780  105
108618  -5.3900  24.3240  16.4080  106    39145  -6.5120  -21.6280  12.5180  106
108621  -11.3190  24.5270  16.4110  109    38727  -49.4120  -4.3260  -47.9350  109
108630  -2.7330  24.2950  15.4710  110    38919  -7.7870  69.7040  -39.8990  110
108632  -6.3160  24.5120  15.9060  112    39189  -9.2480  81.8330  -18.5200  112
108633  -7.4220  24.5720  15.5150  113    40134  -44.5780  -31.4000  -27.9970  113
108634  -8.5230  24.7180  15.2810  114    40429  -24.8480  30.3380  -40.8160  114
108635  -9.5780  24.7110  15.2870  115    39321  -30.7470  -12.6240  30.1820  115
108637  -10.8440  24.8770  15.7420  117    39322  -64.7700  -11.7000  -28.3750  117
108650  -2.6470  24.4540  14.3080  118    40079  -61.3050  -9.2920  18.8400  118
108651  -8.6850  25.2480  15.0180  119    40441  -55.4000  9.9530  -44.4300  119
108665  -2.4910  24.4710  13.1850  121    41530  -8.5150  66.3690  -39.2180  121
108676  -2.3760  24.4510  12.1280  122    42436  -5.1180  62.1280  28.8920  122
108685  -2.5800  24.4600  11.1760  123    43511  -4.1750  -25.9650  53.1530  123
108693  -3.1690  24.5140  10.3420  124    44055  -42.8960  59.8930  2.0310  124
108703  -3.4420  25.0390  9.9270  126    44558  -44.1600  -48.7820  -37.1920  126
108704  -4.0050  24.6040  9.8570  127    44541  -43.6120  -50.5610  -36.8950  127
108705  -4.8310  24.4710  9.4120  128    45349  1.0410  48.9830  -14.1270  128
108706  -5.2090  24.3630  8.8330  129    45390  -8.1830  -17.2950  58.6110  129
108723  -3.9050  24.2260  7.0490  132    46494  -22.2990  71.3690  9.3990  132
108724  -4.4800  24.4380  7.2850  133    46526  -9.3840  -24.9750  -18.1610  133
108735  -3.4580  24.6920  6.6700  135    46478  -43.2380  -34.9710  27.3100  135
108736  -3.7420  24.8310  6.7020  136    46479  -44.1030  -33.6570  28.3160  136
108737  -4.1090  24.8240  6.8700  137    46504  -0.6830  -66.8970  -13.4840  137
109705  -4.5630  25.0320  16.4340  140    39133  -34.7720  35.8780  11.5780  140
109707  -11.7670  25.5500  16.6210  142    38728  -49.0110  -3.1690  -48.6350  142
109711  -3.0520  25.4040  16.0310  143    38920  -7.3900  -33.2060  50.1780  143
109712  -3.9750  25.8140  16.2360  144    72776  -14.2690  -68.3040  3.4390  144
109713  -4.8680  25.7570  15.9820  145    72779  -57.5880  17.9390  6.2970  145
109714  -5.7380  25.4520  15.7490  146    40105  -19.4380  -43.3030  22.0280  146
109716  -7.7080  25.3250  15.1500  148    40120  -44.6460  26.5750  -9.6670  148
109719  -10.5970  25.5080  15.1460  151    40580  -51.4190  48.1900  -7.9250  151
109730  -2.7710  25.4690  14.9310  153    40080  -46.3640  0.1950  -17.1770  153
109734  -9.7480  25.5980  14.7800  157    40555  -8.2670  -14.2860  -21.6700  157
109735  -10.3370  25.9320  14.7030  158    54733  -3.1320  -49.7870  26.6870  158
109749  -2.6280  25.5280  13.8130  159    41531  -2.3220  -45.6290  1.0490  159
109762  -2.4600  25.4680  12.6900  160    42437  -4.6310  63.0770  27.4760  160
109773  -2.4110  25.4240  11.6550  161    43512  -3.9470  -25.0880  53.9200  161
109782  -2.6130  25.4260  10.7270  162    44056  -38.0030  -51.0110  -34.2370  162
109790  -3.7250  25.5580  9.6510  164    45314  -31.1970  -2.6560  51.2900  164
109791  -4.5270  25.4000  9.2900  165    45350  -0.6200  49.3400  -13.6910  165
109799  -4.9360  25.6100  8.8040  167    57486  -13.4090  -51.7470  11.8820  167
109800  -5.2030  25.2430  8.4650  168    45402  -57.5490  -40.7410  -12.0540  168
109807  -4.9130  25.3660  7.3470  169    46546  -42.5350  28.3510  -41.5730  169
109818  -3.3320  25.5680  6.3030  171    47046  -33.1130  49.8090  -15.9030  171
109819  -3.5760  25.6240  6.3460  172    47061  -20.1980  57.4310  -34.1580  172
109832  -3.2770  26.1000  6.0700  175    73611  -42.5000  17.7610  28.0000  175
110707  -11.7360  26.3990  15.9600  177    53829  -38.7660  73.3630  -21.0410  177
110711  -2.9500  26.2580  15.3000  178    54465  -43.7280  -29.3340  -29.3450  178
110712  -3.4770  26.6760  15.6240  179    54449  -29.9270  -49.9470  17.7510  179
110713  -4.4150  26.5250  15.7430  180    54450  -0.0360  3.4700  -20.5670  180
110714  -5.3630  26.4590  15.4030  181    54525  -43.9790  -38.9010  25.0050  181
110717  -11.1960  26.3440  15.0830  184    54109  -47.2330  14.4710  -34.8570  184
110721  -2.7540  26.6950  14.4660  185    54821  -2.8130  17.2080  19.1910  185
110723  -5.7120  26.9040  14.9570  187    54524  -18.4780  72.7590  -25.4480  187
110725  -7.3550  26.6380  14.5150  189    55110  -4.9510  -51.3280  14.9810  189
110726  -8.2830  26.3750  14.3450  190    55739  -23.2960  1.5750  32.1100  190
110727  -9.1890  26.3010  14.2640  191    55389  -5.8270  -12.5710  9.9320  191
110738  -2.5720  26.4960  13.2390  194    54943  -48.4910  -43.4680  1.2810  194
110768  -2.3960  26.3520  11.1770  200    53941  0.8350  10.0600  6.4480  200
110780  -2.6530  26.3560  10.2580  201    53942  -43.7620  34.8610  14.6480  201
110788  -3.2270  26.3180  9.5960  202    57520  -14.1830  -51.8340  11.5650  202
110789  -4.1180  26.3910  9.1340  203    57485  -10.6900  -52.8440  14.0960  203
110797  -4.3460  26.9330  8.6720  205    57504  -10.5820  -30.8360  33.5830  205
110798  -4.9600  26.3410  8.3350  206    57487  -13.0740  -50.8970  12.3070  206
110807  -5.0390  26.4050  7.3460  208    57849  -11.3000  85.1480  -11.3380  208
110817  -4.5480  26.0890  6.7030  212    58213  -9.2460  -75.3230  -30.0800  212
110835  -3.2970  26.4700  5.8870  213    59395  -22.1520  3.7130  -30.7860  213
110836  -3.4890  26.3710  5.9950  214    58520  -44.8020  -47.7460  23.0240  214
110837  -3.8940  26.8410  5.9660  215    58519  -41.7260  -53.1180  14.3260  215
111563  -12.0650  27.3260  16.2590  216    53830  -8.0190  84.8810  -11.6300  216
111568  -3.6410  27.3430  15.3200  217    54448  -16.5890  -61.8090  -27.0000  217
111571  -11.7150  27.2720  15.2950  220    54110  -55.2620  16.6230  20.5220  220
111576  -2.7990  27.6670  14.3250  221    45113  -59.5880  -14.7090  21.2610  221
111579  -4.9960  27.5160  14.8740  224    54535  -15.1260  38.3100  41.0340  224
111582  -10.4900  27.2000  13.9960  227    55370  -57.6340  -37.7700  -29.6040  227
111583  -11.0570  27.2160  14.3730  228    54734  -31.1400  67.7730  4.1490  228
111589  -5.1300  28.0350  14.4380  230    72652  -55.5390  1.8120  2.2460  230
111591  -6.9460  27.4450  14.0890  232    55111  -16.0060  -46.5350  -16.7140  232
111592  -8.0060  27.5150  13.6620  233    55728  -7.7600  32.3560  34.9840  233
111593  -8.9650  27.4620  13.4950  234    55754  -63.7420  -12.5150  6.9000  234
111601  -2.5490  27.3060  12.6520  237    45844  -48.4150  -5.1680  32.0200  237
111609  -2.4300  27.2430  11.7030  238    46963  -3.8320  -57.6340  34.2580  238
111622  -2.9000  27.8380  9.0440  242    48334  -6.7860  -53.1770  29.0060  242
111623  -3.6060  27.4110  8.8400  243    57512  -46.0850  16.5690  12.4070  243
111624  -4.4710  27.4980  8.2830  244    57827  -42.5570  32.4740  4.8990  244
111630  -5.0320  27.4840  7.4750  245    57995  -34.1010  35.1800  -22.4500  245
111631  -5.2040  27.8740  7.1760  246    48753  -5.2140  23.9420  44.3880  246
111637  -4.3260  26.7850  6.2340  247    58525  -35.1630  2.7230  27.2250  247
111638  -4.9120  27.3350  6.6160  248    58214  -9.3070  -76.0850  -28.8320  248
111658  -3.4190  26.9630  5.7030  250    59394  -13.8110  -22.5410  21.6890  250
111659  -3.6950  27.3530  5.6330  251    59502  -39.2810  43.0920  -23.8530  251
111660  -4.3090  27.5690  5.8530  252    58547  -40.7770  33.3780  25.9380  252
111661  -4.8020  28.2020  6.0920  253    73120  -45.7170  27.5280  -55.1010  253
111671  -3.5250  27.7000  5.4230  254    73281  -38.6220  -34.8950  4.5030  254
111672  -3.6800  28.0600  5.3140  255    73286  -47.1280  -62.6930  -12.1530  255
112404  -12.0830  28.2440  15.6880  256    44577  -5.8670  47.8020  29.6460  256
112412  -4.2920  28.3730  14.5270  259    45115  -60.6460  -9.5620  14.2970  259
112414  -11.7010  28.2270  14.6280  261    44932  -30.5010  -29.9760  -33.9890  261
112419  -2.7660  28.3000  13.8930  262    45215  -49.0150  -36.2700  30.2970  262
112421  -4.3780  28.7800  14.2350  264    45114  -55.0970  -12.6400  24.8460  264
112423  -6.0990  28.6290  13.6070  266    45911  -16.5850  -29.5040  -19.1180  266
112424  -7.3090  28.2560  13.3580  267    46175  -6.3600  -2.9280  47.3850  267
112425  -8.3540  28.1470  13.1420  268    46229  -35.2040  -2.6700  48.5230  268
112426  -9.3570  28.1110  13.0950  269    46254  -2.0460  -48.1610  -14.9330  269
112427  -10.3560  28.2730  13.2160  270    46281  -17.8680  -40.9170  -12.4300  270
112428  -11.1370  28.1940  13.7690  271    45456  -40.8470  59.6070  0.3440  271
112435  -6.1860  29.1770  13.2200  273    46142  -37.1420  37.8170  -35.3000  273
112436  -6.7410  29.0540  13.0880  274    46161  -60.4070  -37.0400  3.7210  274
112437  -7.6850  28.8740  12.7940  275    46216  -10.2760  -50.2840  38.7360  275
112438  -8.7220  28.7810  12.6500  276    46241  -1.7790  -48.9460  -14.6550  276
112439  -9.6620  28.7250  12.6740  277    46269  -37.6440  -21.2140  3.1690  277
112455  -2.4240  28.1190  11.4000  279    47908  -3.1120  -59.3750  30.2600  279
112458  -2.4040  28.2310  10.3870  280    48252  -11.8150  -60.1760  30.5510  280
112461  -3.0620  28.3780  8.6610  282    48418  -40.6240  -5.9720  29.4580  282
112462  -3.8870  28.1250  8.3830  283    48417  -23.5320  -32.8900  24.5310  283
112466  -4.4880  28.4700  7.7550  285    48718  -6.8440  -48.9490  32.6650  285
112478  -5.0840  28.5130  6.8090  287    48754  -26.2420  31.5800  -57.4630  287
112496  -3.9680  28.0570  5.4300  289    50752  -24.8720  17.6330  -54.7640  289
112497  -4.4380  28.6060  5.4830  290    50754  -15.8440  31.9140  44.1380  290
112498  -4.9810  29.0650  5.9160  291    49949  -34.0160  11.8320  -56.2370  291
112505  -3.6490  28.4460  5.1250  292    51390  -10.6470  -47.5540  -19.2710  292
112506  -3.9440  28.7660  5.0610  293    50753  -15.0470  31.1420  42.8760  293
112507  -4.3340  29.3060  5.0410  294    50767  -18.6510  64.1960  6.5700  294
113279  -12.1030  29.2640  15.1280  297    44933  -52.0500  -17.8790  -43.1640  297
113287  -5.0840  29.3280  13.5340  301    40259  -42.7360  49.0060  -7.7690  301
113289  -10.9640  28.7410  13.2920  303    46295  -7.1790  -32.6220  40.2900  303
113290  -11.5900  29.3150  13.7560  304    45457  -8.3230  66.5790  22.1490  304
113295  -2.7740  28.9770  13.4170  305    40244  -32.2420  60.3740  6.2330  305
113299  -6.9660  29.6220  12.5660  309    47009  -41.1920  -44.1550  12.7050  309
113300  -8.0020  29.5630  12.2560  310    47028  -22.7450  -19.5830  54.2980  310
113301  -9.1920  29.4390  12.2090  311    47047  -19.9160  58.4270  -33.5540  311
113302  -10.5140  29.2960  12.6450  312    46547  -18.6460  64.3370  20.4150  312
113303  -11.2740  30.0740  12.8840  313    71846  -33.6610  11.1570  -6.6700  313
113314  -2.5340  28.8550  12.2970  314    46964  -8.7760  -53.9030  31.6380  314
113315  -8.4740  29.9900  11.9400  315    71919  -53.4470  5.6760  23.4380  315
113319  -2.4270  29.0620  11.1860  317    47925  -38.5750  -64.0870  14.9070  317
113322  -2.4120  29.2030  10.1540  318    48265  -38.5680  42.2920  -1.2490  318
113324  -2.4970  29.2930  9.0860  319    48351  -30.9260  70.0330  3.9300  319
113325  -3.0120  29.0930  8.4000  320    48419  -24.1900  13.0620  -52.5650  320
113335  -3.4990  29.4740  7.9350  322    48643  -4.1380  50.0170  -17.3440  322
113336  -4.4270  29.5260  7.2820  323    48733  -33.5060  37.3050  -37.8550  323
113352  -4.8670  29.7260  6.4900  324    49005  -28.2090  52.9930  6.8240  324
113366  -4.6880  29.4070  5.3400  325    50777  -32.5750  17.3660  26.0360  325
113367  -4.9560  30.1040  5.6310  326    49960  -49.2750  18.2430  -52.2400  326
113373  -3.7880  29.2770  4.7650  327    51403  -5.3940  -68.6790  18.8910  327
113374  -4.0560  29.7800  4.6260  328    51431  -52.1230  42.6490  -9.0020  328
113375  -4.5960  30.0850  4.8730  329    51020  -48.4960  -62.4140  -18.5060  329
113376  -4.9370  30.6990  5.0650  330    46064  -16.9810  22.7940  49.6780  330
113383  -3.8040  30.1820  4.3490  331    72388  -46.4320  24.0540  -56.2450  331
113384  -3.9390  30.5450  4.2120  332    72408  -37.8990  -11.6240  40.6260  332
114158  -12.0850  30.3950  14.7050  333    39428  -2.2980  47.7440  -45.4350  333
114163  -3.6700  29.5900  13.6560  334    40243  -10.9450  55.0910  32.1270  334
114166  -11.7670  30.6380  13.6140  337    39767  -30.7390  -39.1090  39.8770  337
114176  -4.2150  30.3630  12.9820  340    40242  -29.7460  26.8880  -12.2640  340
114177  -5.1530  30.3130  12.7580  341    40275  -24.9900  36.4920  -25.9330  341
114178  -6.1330  30.3900  12.3510  342    41519  -35.1710  1.6950  -19.5020  342
114179  -7.1210  30.2170  12.0980  343    41555  -3.2650  17.0830  42.3230  343
114181  -9.7880  29.9470  11.9900  345    41850  -11.5210  -60.5290  -31.7330  345
114182  -10.5780  30.4000  12.0890  346    41852  -42.2450  -49.6290  -32.4090  346
114183  -11.4230  30.9290  12.6320  347    40533  -4.2280  62.1820  -41.6930  347
114194  -2.6060  29.8050  11.9540  348    41148  -12.1360  -61.8220  -6.5900  348
114195  -6.5240  30.7540  11.8990  349    41532  -16.5470  76.5800  -6.9450  349
114196  -7.2240  30.7570  11.6710  350    41568  -6.7320  -60.6280  -31.2790  350
114197  -8.2610  30.6130  11.5570  351    41629  -7.6550  69.4790  19.4340  351
114198  -9.4300  30.6570  11.5150  352    41851  -36.3640  39.5460  29.1410  352
114199  -10.2410  31.0570  11.5250  353    41869  -41.4220  -27.1930  23.7300  353
114202  -2.4700  30.0100  10.9810  354    42425  -29.8780  16.6110  39.5230  354
114205  -2.4200  30.1540  9.9630  355    42908  -9.4500  -23.8710  -13.3010  355
114208  -2.4130  30.2920  9.0090  356    43183  -43.6620  -28.4060  -15.9930  356
114219  -2.6600  30.3270  8.1020  357    43277  -14.1860  -54.1650  37.0950  357
114220  -3.5210  30.4280  7.4010  358    44126  -48.3820  -31.8690  -34.5450  358
114221  -4.3700  30.2960  6.9210  359    44184  -27.1370  -37.3830  35.0940  359
114236  -4.6190  30.7870  6.3570  361    45265  -22.9540  -42.5920  -12.3670  361
114248  -4.9640  31.0870  5.6030  362    45292  -44.1070  -2.6150  -16.5530  362
114252  -4.2460  30.5160  4.4210  363    46176  -3.8370  5.0210  41.4030  363
114253  -4.6520  31.0670  4.4790  364    46178  -0.9340  9.5150  -33.9460  364
114260  -3.7430  31.1680  3.7910  366    46632  -40.5660  -61.9180  -13.3350  366
114261  -4.1670  31.1990  3.9800  367    46177  -1.2600  10.5200  -34.0680  367
114262  -4.4810  31.4180  4.1040  368    46192  -29.6220  -17.7450  -42.4090  368
115024  -12.0080  31.5060  14.4350  369    39442  -42.7130  -4.9210  -10.2940  369
115028  -11.8310  31.6750  13.3680  370    39790  -54.0960  -25.5830  -39.5260  370
115041  -2.8940  30.2980  12.5490  371    41149  -29.4240  -59.1150  -33.7390  371
115043  -4.2790  30.9720  12.5110  373    41470  0.1870  2.0760  -19.3340  373
115044  -5.1680  31.0260  12.2460  374    41503  -46.9900  32.1070  -41.3560  374
115046  -10.9540  31.1480  11.8940  376    41885  -64.1430  4.2250  1.9280  376
115047  -11.5120  31.8700  12.2360  377    40556  -7.9620  -13.6330  -21.5540  377
115056  -2.7700  30.7330  11.8360  378    41164  -53.3000  -46.9840  3.8000  378
115058  -4.3090  31.5940  11.9850  380    71214  -57.9620  8.2890  20.7660  380
115059  -5.2250  31.6110  11.7410  381    71218  -63.9290  -7.5300  8.7530  381
115060  -6.2790  31.4160  11.5430  382    42459  -5.9710  62.8950  28.2180  382
115061  -7.3440  31.4360  11.2360  383    42479  -34.8610  1.2960  -21.0080  383
115062  -8.4540  31.2920  11.0910  384    42516  -35.4150  57.6550  -28.9170  384
115063  -9.4910  31.4910  10.9740  385    42794  -16.9400  48.7800  34.2800  385
115064  -10.6430  31.7300  11.2880  386    41936  -52.4550  -16.4870  -37.1260  386
115065  -11.2400  32.3860  11.5150  387    71232  -10.2750  -86.0330  -28.3020  387
115068  -2.5750  30.9150  10.8040  388    42438  -17.2290  -41.0320  -9.1490  388
115069  -7.7470  31.8300  10.8540  389    31681  -28.2420  69.3670  -28.5360  389
115070  -8.4510  31.9280  10.6600  390    71344  -18.6620  -17.6480  42.8730  390
115071  -9.1570  32.1170  10.5480  391    31716  -7.3300  -12.0840  36.5510  391
115073  -2.4720  31.0860  9.8320  392    42916  -3.2210  45.0150  39.0540  392
115075  -2.4070  31.1810  8.8400  393    43200  -15.6560  -31.3270  43.6680  393
115087  -2.5590  31.2190  7.8260  394    43293  -40.0460  39.3600  27.0180  394
115088  -3.1810  31.3300  7.0890  395    44145  -3.4510  -27.3370  21.3260  395
115100  -3.8670  31.5500  6.6340  396    44203  -34.6150  -15.2610  22.2710  396
115101  -4.4900  31.7260  6.0900  397    45273  -23.9910  -41.0890  -13.8340  397
115113  -4.8750  31.9060  5.4120  398    45315  -38.4490  8.9950  -33.6840  398
115117  -4.9330  31.9860  4.5390  400    46077  -35.3340  12.1720  22.8450  400
115122  -3.3700  32.0360  3.1870  401    46621  -9.8280  -50.2970  37.6150  401
115123  -3.7630  32.0100  3.3470  402    38210  -25.0810  77.6530  -2.2440  402
115125  -4.8750  32.4160  4.0320  404    37053  -57.7950  3.5980  13.2410  404
115131  -3.2480  32.4770  2.8690  405    71825  -15.8940  60.1970  23.5880  405
115851  -11.9760  32.5220  14.1770  407    28618  -12.1320  -34.5610  52.4860  407
115856  -11.8870  32.6530  13.1380  408    29110  -12.9520  -34.3230  51.9230  408
115869  -11.6680  32.8710  12.1820  409    29584  -6.7390  -33.2060  49.3300  409
115878  -2.8820  31.4510  11.4700  410    31217  -50.0030  0.7230  -52.2080  410
115880  -4.3450  32.2570  11.4320  412    31498  -32.2510  -3.9370  -41.3100  412
115881  -5.3930  32.2190  11.2540  413    31537  -48.7390  20.8380  -54.1150  413
115882  -6.3760  32.0720  11.0960  414    31624  -4.4150  -24.5340  2.1280  414
115885  -10.5710  32.5760  10.8090  417    31718  -0.4840  13.0730  -35.2980  417
115886  -11.3210  33.1000  11.3060  418    30671  -5.1210  35.0180  24.3870  418
115890  -2.7640  31.8550  10.7280  419    31218  -33.1130  6.9370  -56.6700  419
115891  -3.4010  32.5460  11.0600  420    31216  -48.9880  1.0940  -51.8560  420
115894  -6.4250  32.6230  10.7030  423    31623  -3.6010  -23.7830  2.3980  423
115895  -7.4510  32.5050  10.5460  424    31700  -35.3380  3.7910  -53.1480  424
115896  -8.4290  32.5850  10.3320  425    32644  -42.0460  5.3610  -54.8810  425
115897  -9.4660  32.6970  10.3310  426    31717  1.5970  13.3110  -35.6440  426
115898  -10.1710  33.1230  10.3210  427    31740  -27.9630  -58.5050  -26.3310  427
115901  -2.5730  31.9770  9.6840  428    32535  -31.8140  7.1690  -58.2730  428
115904  -2.4290  32.1140  8.6870  429    33114  -25.6760  -46.6460  8.8760  429
115917  -2.5500  32.2050  7.5850  430    33206  -0.4700  26.8770  4.9980  430
115918  -3.0880  31.9820  6.8080  431    34574  -49.2350  -56.2890  -24.7480  431
115932  -3.5500  32.4590  6.3160  433    35525  -48.7910  -47.6710  7.8630  433
115933  -4.3850  32.3950  5.8420  434    35601  -34.1670  1.9990  -12.8150  434
115949  -4.6380  32.8320  5.2980  436    36684  -40.7790  -13.2050  -14.2330  436
115967  -4.1810  32.5030  3.2650  439    32845  -38.0560  -32.4170  -34.9010  439
115968  -4.6870  32.8410  3.5940  440    37930  -41.1570  4.5450  11.2640  440
115974  -3.0320  33.0190  2.5020  441    35755  -6.1720  27.6970  -28.2360  441
115975  -3.4810  32.8920  2.6730  442    32844  -22.9290  -44.3330  30.9820  442
116651  -11.9260  33.4650  13.9080  445    28639  -45.7620  -9.1160  -15.7980  445
116656  -11.8580  33.5760  12.9440  446    29119  -49.5120  5.3540  -50.7280  446
116664  -11.7420  33.7590  11.9650  447    29608  -36.1470  9.8510  -17.7570  447
116674  -4.6620  32.6730  11.0730  448    31536  -48.0050  21.9200  -54.6300  448
116677  -11.3670  33.9370  10.9020  451    30689  -33.7430  40.2330  -37.9610  451
116681  -2.9150  32.5400  10.3620  452    32211  -12.6200  -50.6920  -20.4980  452
116684  -5.4630  33.1910  10.5740  455    31658  -3.9940  -33.9860  46.7190  455
116685  -6.4920  33.3000  10.2630  456    32592  -5.1880  -63.1010  3.2360  456
116686  -7.5620  33.1770  10.1130  457    32629  -18.5880  35.3050  21.8840  457
116687  -8.5080  33.2220  9.9590  458    32660  -65.4270  -12.9370  -23.9690  458
116688  -9.4420  33.4100  9.8920  459    32692  -23.1850  -31.1910  -22.1290  459
116689  -10.4390  33.8140  10.0320  460    32883  -47.5800  27.9250  -18.8100  460
116690  -11.0580  34.3950  10.2660  461    9268  -43.6800  -53.6190  -0.5860  461
116693  -2.7510  32.9290  9.6370  462    32547  -31.1490  -65.7880  -31.8340  462
116694  -3.2620  33.5840  9.9990  463    10750  -46.9320  -59.0220  4.9550  463
116695  -6.8980  33.6930  9.8640  464    10848  -44.2660  -25.5100  26.6900  464
116696  -7.6270  33.7520  9.6680  465    69139  -43.3260  -66.2750  -5.7430  465
116697  -8.5410  33.8390  9.5160  466    69152  -10.2560  -35.1810  45.7770  466
116698  -9.4410  34.0370  9.4700  467    11975  -10.1820  -65.1570  -7.1250  467
116699  -10.0800  34.3540  9.5120  468    10895  -25.7010  38.8320  24.4650  468
116702  -2.5060  33.0630  8.5640  469    33131  -20.8900  -80.9460  -9.8930  469
116713  -2.5020  33.2460  7.6020  470    33229  -11.5430  -53.4180  -29.2120  470
116725  -2.6660  33.3740  6.6240  471    34596  -35.0870  28.2090  -24.3570  471
116726  -3.3130  33.2200  6.0170  472    35543  -28.9780  -26.8210  -36.8660  472
116738  -3.7330  33.7020  5.5380  474    35618  -52.8330  -16.8170  -31.6040  474
116739  -4.5280  33.5700  5.0320  475    36696  -41.1800  -21.7830  17.0590  475
116755  -4.6640  33.9920  4.5700  477    15042  -4.7340  80.4430  -33.4120  477
116767  -4.8790  33.7520  3.8210  478    37931  -40.6520  3.4400  11.9500  478
116778  -3.2650  33.3820  2.3470  480    34301  -0.1120  44.9850  -7.3770  480
116779  -3.8960  33.6350  2.3810  481    18505  -30.8570  -34.9920  36.6680  481
116780  -4.5490  33.5600  3.0140  482    38415  -33.7460  -1.3380  -8.0860  482
116785  -3.0840  33.5900  2.1560  483    35756  -5.8440  28.9710  -27.9000  483
116786  -3.4940  33.9100  2.0840  484    70278  -37.0570  21.3290  -43.7450  484
117428  -11.8420  34.5060  12.7640  486    8242  -38.2580  -27.9280  -38.4050  486
117434  -11.7450  34.6860  11.7160  487    8736  -29.2130  26.7290  37.1110  487
117452  -4.5740  33.8400  10.3350  490    10752  -37.0310  -48.5330  17.3220  490
117453  -5.4860  33.9020  10.1130  491    10806  -10.7030  69.0870  -2.9070  491
117456  -11.0570  35.0480  9.9510  494    9284  -19.6260  49.6560  -39.1740  494
117461  -2.8770  33.7550  9.3450  495    11416  -8.8860  -61.5960  28.3850  495
117462  -3.6370  34.2160  9.9040  496    10751  -50.3280  -57.3240  -5.5020  496
117463  -4.6360  34.5470  9.9300  497    10767  -26.2730  7.2150  24.3400  497
117464  -5.6200  34.5380  9.7120  498    10822  -2.8940  -64.2880  -6.4140  498
117465  -6.6750  34.3670  9.5260  499    10865  -42.9290  -9.4750  2.6890  499
117466  -7.6720  34.4020  9.2690  500    11692  -46.6290  6.1010  24.2090  500
117467  -8.5880  34.4860  9.1530  501    11938  -26.0320  39.9570  -20.1770  501
117470  -10.7970  35.4660  9.4420  504    10894  -27.6490  34.2990  -13.2250  504
117473  -2.6420  33.9870  8.4710  505    11459  -33.7180  20.8690  37.1690  505
117480  -2.4830  34.2260  7.5310  506    12437  -7.5290  -5.0410  -32.5980  506
117491  -2.5490  34.4140  6.5900  507    12451  -21.8760  76.3900  -15.1250  507
117502  -2.8670  34.5170  5.7650  508    15004  -27.6010  59.6500  -28.2960  508
117503  -3.4740  34.5890  5.1770  509    15005  -28.1000  59.8470  -27.7090  509
117517  -4.6860  34.6590  4.1460  511    16043  -19.5800  -32.7420  -17.2630  511
117529  -4.8250  34.5340  3.3450  512    16077  -36.2760  -19.5990  32.7520  512
117546  -4.5040  34.5670  2.4150  514    16881  -6.7850  -18.0810  32.9570  514
117559  -3.1330  34.0930  1.8260  515    19166  -28.3780  -64.8570  -14.0650  515
117560  -3.3490  34.3210  1.7500  516    19202  -6.5360  76.8320  -24.7490  516
117561  -3.9200  34.5420  1.8150  517    18506  -60.8700  -33.0910  -22.0470  517
117562  -4.4460  35.2200  1.8100  518    18522  -21.5680  -70.7240  -9.2250  518
117566  -3.1840  34.4340  1.6260  519    19185  -40.4040  -55.4610  -11.2850  519
117567  -3.4090  34.8280  1.4280  520    19215  -25.3490  67.6380  -12.9700  520
118253  -11.7250  35.6200  11.3870  521    8754  -3.2980  48.6030  -40.4020  521
118272  -3.0090  34.4910  9.2210  524    11417  -7.1530  59.0990  17.0800  524
118273  -3.6930  35.1650  9.4820  525    11436  -56.6560  -27.7680  24.9210  525
118274  -4.8830  35.2460  9.4960  526    11512  -14.9870  -33.1350  -12.8710  526
118275  -5.9150  35.1560  9.3050  527    11637  -33.1300  -73.1950  -5.4640  527
118276  -6.8900  35.1050  9.0560  528    11672  -41.3730  -6.9080  -37.3180  528
118277  -7.8050  35.0120  8.9020  529    11918  -60.8000  -4.5320  19.0000  529
118278  -8.6570  35.1290  8.8270  530    11958  -10.7060  48.0440  -45.0160  530
118279  -9.5200  35.3290  8.8060  531    12000  -47.0890  -29.6380  24.2650  531
118286  -2.8180  35.0400  8.4950  534    11481  -57.3690  -14.5640  15.6460  534
118287  -3.4120  35.7840  8.8260  535    62664  -14.5480  -78.3540  -0.8540  535
118291  -9.5810  35.9630  8.4150  539    62947  -56.3010  -22.7080  18.5940  539
118314  -2.8430  35.4550  5.3940  543    15006  -27.7050  60.7740  -28.3160  543
118315  -3.4710  35.2080  4.8500  544    15024  -10.3210  68.9370  -8.6400  544
118326  -3.9980  35.5800  4.3120  546    15068  -49.9610  21.9820  -33.7610  546
118327  -4.7010  35.2600  3.7630  547    16064  -39.1030  58.1650  10.0090  547
118337  -4.8670  35.5530  3.0700  549    16087  -12.7630  -54.3410  -8.0400  549
118350  -4.8380  35.6950  2.2130  550    16898  -37.8730  25.1640  2.6360  550
118366  -3.6460  34.9550  1.4330  551    19232  -5.1160  -83.2390  -5.8220  551
118367  -4.0930  35.4980  1.3090  552    19317  -33.6040  72.5460  -26.9430  552
118368  -4.6270  35.9860  1.5440  553    18567  -62.7940  1.1470  5.3980  553
118381  -3.9920  36.1060  0.8490  555    2799  -40.7000  53.8590  12.8980  555
119101  -11.7310  36.5190  10.8800  556    61959  -59.8400  -33.3380  10.4060  556
119114  -4.2400  35.9320  9.1300  558    62673  -6.1050  -45.4500  -14.0790  558
119115  -5.2680  35.8700  9.0530  559    62684  -4.3960  -65.8820  19.1630  559
119116  -6.2360  35.7200  8.8780  560    62724  -4.5790  10.2600  43.4980  560
119119  -11.0750  36.6820  9.0020  563    52109  -35.9380  -62.5460  -24.5090  563
119126  -2.9760  36.0130  8.0930  564    63187  -32.0500  -30.2840  44.2130  564
119127  -3.7100  36.4940  8.5790  565    62707  -11.7960  -32.5480  8.7490  565
119128  -4.6890  36.5630  8.6950  566    74116  -55.7360  13.0120  17.1580  566
119129  -5.7360  36.4220  8.5840  567    74122  -53.5150  -46.3030  -29.6820  567
119130  -6.9150  36.1280  8.4700  568    63304  -1.7750  -50.2740  11.7610  568
119131  -7.9890  36.3020  8.1530  569    53164  -30.3960  -64.7020  10.0850  569
119132  -8.8910  36.3560  8.0760  570    63332  -22.3460  -82.4360  -9.5300  570
119141  -2.7500  36.2680  7.1150  574    63210  -7.1410  -11.1720  35.1800  574
119144  -9.5930  37.1770  7.6940  577    53442  -48.7580  -28.6380  7.3410  577
119148  -2.6450  36.4210  6.0940  578    63395  -34.1810  -0.2240  -53.0940  578
119154  -2.7640  36.4830  5.1400  579    53843  -8.7960  -49.0520  -24.5170  579
119163  -3.2540  36.5010  4.3710  580    64043  -3.6160  46.5500  17.3140  580
119164  -3.8980  36.4650  3.8000  581    64383  -31.1190  6.3130  -53.6110  581
119173  -4.4480  36.4920  3.2990  582    55104  -24.7450  -71.2190  -10.7340  582
119174  -4.8360  36.4840  2.6670  583    750  -30.0590  -53.8060  7.2120  583
119182  -4.9590  36.5930  1.9620  584    751  -6.2160  56.8980  32.6690  584
119197  -4.7550  36.8710  1.1640  586    1528  -43.8940  -14.6630  20.1830  586
119213  -3.6150  36.2270  0.5690  587    4356  -56.7630  -34.8720  -18.8150  587
119214  -3.7760  36.4080  0.5190  588    4400  -16.6940  -17.4210  48.3100  588
119215  -4.2200  36.8040  0.5020  589    2800  -19.5910  -52.3520  3.1450  589
119216  -4.6220  37.3360  0.5610  590    3155  -52.5560  40.5150  -1.4280  590
119224  -3.6360  36.7190  0.2490  591    4377  -55.5700  -35.2490  -18.7560  591
119225  -3.8130  37.0100  0.1070  592    4417  -27.0080  71.1640  -11.4480  592
119226  -4.0030  37.3170  -0.0520  593    4733  -37.8170  -4.2860  26.8840  593
119876  -11.7520  37.4290  10.2680  594    51770  -51.4400  49.3690  -19.0170  594
119891  -3.3030  36.9220  7.7960  596    52898  -34.4220  45.0640  -37.0780  596
119892  -4.1350  37.2460  8.2750  597    52909  -10.4000  -53.2760  23.1590  597
119893  -5.1710  37.1820  8.2440  598    53101  -41.9370  -48.4980  -21.9600  598
119894  -6.2600  37.0300  8.1270  599    53120  -28.7390  -58.4990  24.2620  599
119895  -7.3250  36.8950  8.0010  600    53144  -46.0040  12.6010  -62.1400  600
119898  -10.8620  37.6590  8.0560  603    52551  -22.4340  -39.4370  27.0340  603
119908  -3.0000  37.4840  6.8170  605    30935  -52.9940  38.0960  -0.8850  605
119909  -3.7070  37.7630  7.5940  606    52899  -10.9660  59.0260  -44.1230  606
119910  -4.6240  37.8330  7.8010  607    53093  -49.0770  1.8400  36.1880  607
119911  -5.6630  37.7960  7.7100  608    53110  -53.6250  -4.4550  32.5990  608
119912  -6.8190  37.6420  7.5810  609    53132  -25.1130  -8.8170  -42.2300  609
119913  -8.0710  37.3410  7.5560  610    53155  -31.6350  -1.4380  -30.8120  610
119914  -9.1300  37.5090  7.3890  611    54123  -52.6400  21.3940  15.2460  611
119929  -2.7770  37.3860  4.6890  615    54563  -12.0720  -50.3890  16.2180  615
119935  -3.3480  37.3980  3.6600  616    54822  -35.2110  21.9690  15.8810  616
119944  -3.5530  37.8600  3.1390  618    55114  -6.0900  13.8030  51.4890  618
119945  -4.2310  37.4790  2.8540  619    55105  -26.1760  -73.0400  -9.5920  619
119954  -4.4660  38.0130  2.3590  621    55679  -47.5890  52.2350  -4.8370  621
119955  -4.8540  37.6050  1.9310  622    749  -30.0050  -54.2170  8.1050  622
119964  -4.9910  37.8520  0.9870  623    1562  -42.3600  51.0230  6.4540  623
119993  -3.6550  37.2500  -0.1150  626    5373  -52.3300  13.8770  1.7620  626
119994  -3.8260  37.6620  -0.3080  627    5416  -4.5850  43.2490  30.8490  627
119996  -4.6030  38.3930  -0.1750  629    36184  -42.3290  15.7110  11.3740  629
120001  -3.6160  37.6760  -0.4020  630    57640  -41.1220  -46.6670  -19.5110  630
120002  -3.7590  38.1420  -0.6390  631    57659  -13.4440  18.8360  46.1950  631
120620  -11.8530  38.4040  9.6300  632    52110  -9.6090  -59.3270  24.4720  632
120641  -4.1580  38.3370  7.3420  637    30936  -5.9270  39.0180  -40.8120  637
120642  -5.0090  38.4460  7.3610  638    54059  -47.9280  25.3900  -38.6410  638
120643  -6.1730  38.6180  7.1070  639    54081  -26.0530  18.1280  -62.4490  639
120644  -7.5060  38.2610  7.0970  640    54100  -54.7090  16.8860  20.8570  640
120646  -9.5830  38.0720  7.0680  642    31067  -52.3710  9.1330  -18.1690  642
120647  -10.5030  38.3430  7.3670  643    30457  -37.9500  44.4540  -0.7140  643
120657  -3.0710  38.3440  6.2190  645    30934  -46.7490  28.7430  -16.0780  645
120659  -6.3730  39.3140  6.6730  647    31005  -6.9160  60.5300  17.3910  647
120660  -7.1520  39.0740  6.6820  648    71852  -8.9810  -68.9680  13.3450  648
120661  -8.2210  38.8230  6.6050  649    71856  -5.3480  -37.0130  -3.1440  649
120671  -2.8060  38.2960  5.2460  652    31626  -30.7940  -18.3320  19.0630  652
120677  -2.7600  38.3370  4.2000  653    54823  -49.1530  32.6410  20.5740  653
120693  -3.2050  39.0360  2.6610  656    33949  -4.2710  -65.9160  -33.1000  656
120694  -3.9480  38.6630  2.3810  657    55686  -21.2760  -11.0600  53.6360  657
120706  -4.2550  39.1690  1.7880  659    34386  -47.8440  -60.1630  -22.9250  659
120707  -4.7100  38.6890  1.4560  660    56060  -37.2500  -41.1730  -23.3980  660
120718  -4.8390  38.6450  0.2940  661    56536  -16.5530  -70.3190  9.8500  661
120732  -3.9840  38.3710  -0.6890  662    57671  -43.5840  -21.2910  -15.9920  662
121364  -11.8990  39.0530  9.0150  667    29543  -17.2130  -51.9380  -30.2820  667
121371  -11.8070  39.4620  8.3330  668    30004  -3.1100  11.3970  35.4630  668
121380  -5.1520  39.0900  6.9550  671    30967  -20.8320  -6.9140  49.1140  671
121392  -4.4470  39.4860  6.7080  677    30953  -45.2880  23.0260  -37.7240  677
121393  -5.2210  39.7170  6.5860  678    30986  -47.8740  -61.8130  -6.5070  678
121394  -5.9810  39.8040  6.4350  679    31026  -4.8000  -22.4280  20.5300  679
121396  -7.8240  39.6230  6.1520  681    32051  -20.3930  54.5800  -35.5110  681
121397  -8.9710  39.4070  6.1820  682    32446  -35.1480  -55.0070  -26.8450  682
121399  -10.8660  39.9500  6.6560  684    30471  -9.0800  11.8880  -34.0360  684
121407  -3.5330  39.6630  5.9690  686    31625  -2.7070  -24.2850  1.3760  686
121408  -8.4870  39.9620  5.8590  687    32073  -4.4060  -59.4610  -22.1420  687
121415  -2.8480  39.2030  4.8030  689    33038  -19.7340  76.4320  5.6120  689
121419  -2.7810  39.3500  3.8060  690    33804  -30.8430  -21.1000  18.9920  690
121426  -3.2410  39.5590  2.2980  692    33965  -26.8140  21.1100  -59.9080  692
121436  -4.3740  39.6390  1.3170  694    34405  0.8430  26.2980  4.3310  694
121446  -4.7410  39.5220  0.5720  695    35343  -6.7150  -48.4730  -6.7860  695
121471  -3.5330  39.6530  -1.7560  698    37782  -24.7640  2.0240  51.8400  698
121472  -4.1050  39.5420  -1.3880  699    37226  -4.5610  31.3060  -37.5320  699
121473  -4.5020  40.1490  -1.2670  700    37225  -49.8260  28.5940  -29.7140  700
121479  -3.0040  40.1040  -2.3310  701    38544  -50.6970  -19.1090  7.3450  701
121481  -3.7940  40.3240  -2.0870  703    37781  -59.9030  -20.4840  -36.5660  703
122138  -11.8110  40.1590  7.7470  704    11639  -11.8150  41.5540  -34.7630  704
122154  -7.2090  40.2810  5.8710  710    32038  -24.7800  -15.5030  34.8370  710
122156  -9.6560  39.8810  6.0300  712    32477  -27.5670  -21.3820  52.2310  712
122165  -3.8810  40.4850  5.7960  716    33049  -38.6640  -52.9030  -35.0640  716
122166  -4.8100  40.9680  5.8660  717    68585  -46.1700  11.9900  -40.2830  717
122167  -5.7860  41.0900  5.8070  718    68592  -15.1020  -87.3410  -20.3840  718
122168  -6.7320  40.9740  5.5910  719    68601  -41.1700  -38.9150  -8.6490  719
122178  -2.9270  40.1820  4.3740  724    33805  -37.8290  -13.7030  -9.7520  724
122182  -2.8000  40.3820  3.3830  725    33829  -42.4680  -50.9620  -36.7490  725
122186  -3.2810  40.1640  1.8060  727    34387  -10.6450  55.9150  -38.4630  727
122204  -4.2610  40.7620  0.5350  731    16443  -0.3310  33.8420  -20.1900  731
122205  -4.6710  40.4560  0.0280  732    35342  -20.7900  -51.5990  41.1820  732
122219  -4.7250  40.5910  -0.8370  733    17325  -39.6110  44.2070  16.7770  733
122226  -4.5290  40.9340  -1.6790  735    18484  -57.5090  -3.5070  -35.5670  735
122230  -2.7080  40.4710  -2.6500  736    38248  -2.9510  -40.4740  -6.8610  736
122231  -2.9240  40.5590  -2.6490  737    38557  -26.1230  65.2420  -31.9240  737
122232  -3.3240  40.7780  -2.6450  738    38590  -41.6960  35.7070  14.1390  738
122233  -4.0330  40.9530  -2.3700  739    19013  -30.1960  -23.3290  19.3310  739
122234  -4.3180  41.4410  -2.3040  740    18931  -18.0920  -77.0110  -38.4320  740
122241  -2.7050  40.8700  -2.9590  741    19532  -61.0420  1.2680  4.4660  741
122242  -2.8390  41.0890  -3.0770  742    19568  -4.9450  49.0050  24.7030  742
122243  -3.0940  41.3050  -3.1390  743    19014  -54.2810  -20.5340  31.9030  743
122949  -10.7810  41.0160  5.8610  744    12141  -1.1220  -58.2350  -6.9890  744
122958  -3.4510  40.9130  4.8640  746    13331  -23.8640  73.2530  -21.9340  746
122959  -4.1640  41.4840  5.2820  747    13500  -45.7120  -8.5520  1.5300  747
122960  -5.1870  41.8880  5.2610  748    13370  -47.6910  39.3620  -20.1430  748
122961  -6.2450  41.6570  5.3180  749    13372  -1.6920  -59.6650  -8.2150  749
122962  -7.2350  41.6770  5.0920  750    15114  -13.3070  -20.4250  33.9170  750
122963  -8.2740  41.3070  5.0830  751    14948  -44.8200  -7.8110  -40.1150  751
122964  -9.1800  41.1430  5.1070  752    14347  -10.7330  -19.6900  -14.9630  752
122966  -10.5980  41.5070  5.3130  754    12716  -11.3670  -39.2080  -22.7440  754
122973  -3.0720  41.1990  3.9190  756    13332  -18.0620  80.4930  -30.4790  756
122974  -3.7530  42.0650  4.3100  757    13333  -62.5070  -11.9530  -41.4720  757
122984  -2.9090  41.5110  2.8670  764    14791  -23.4690  -25.9320  -18.1050  764
122985  -3.2370  41.9630  3.4720  765    14792  -21.1300  -25.4650  -18.7450  765
122987  -2.8930  41.5780  1.7830  766    15790  -39.2850  36.0340  -51.0780  766
122994  -3.4020  41.5390  0.7690  767    15850  -40.0390  65.5210  -3.1800  767
123003  -3.6470  41.9470  0.1580  769    16460  -33.9350  20.0270  -35.9700  769
123004  -4.2060  41.5430  -0.0620  770    16444  -22.7910  -69.5310  -7.3880  770
123019  -4.4130  42.0010  -0.7030  772    17326  -12.4980  -56.7750  -6.7140  772
123038  -3.8930  42.2190  -3.3330  781    19012  -40.2810  -31.7500  -3.4410  781
123039  -4.2680  42.6050  -3.2640  782    18951  -3.9490  70.9870  -25.8220  782
123046  -2.5320  42.0680  -3.8930  783    7437  -52.9360  22.0140  -28.7370  783
123047  -2.6010  42.3400  -4.0740  784    6256  -0.9270  1.5580  -34.1870  784
123804  -5.4430  42.4040  4.8070  785    13371  -7.4320  49.8830  36.1500  785
123813  -4.1430  42.9100  3.7080  790    14827  -14.2030  -5.1290  -34.0400  790
123814  -4.8250  42.6630  4.4050  791    13736  -35.6120  65.1020  -0.4400  791
123818  -8.6560  42.3340  4.3210  795    14949  -28.6260  3.4850  35.4730  795
123820  -10.4010  42.0600  4.7860  797    14348  -21.6990  -15.0520  45.4650  797
123828  -3.0090  42.5960  2.1520  801    514  -21.5420  -39.4550  -11.9400  801
123835  -2.9360  42.5240  1.0740  803    15851  -8.9360  70.8730  -24.1410  803
123860  -3.4040  42.9900  -0.5040  806    2459  -49.3460  -28.4940  34.7670  806
123861  -4.0230  42.6370  -0.7390  807    17361  -11.0690  4.3010  -37.1430  807
123873  -4.2220  43.0740  -1.4050  809    3543  -64.8360  -0.2720  -32.5970  809
123874  -4.4910  42.5950  -1.7940  810    18485  -31.3420  14.6050  31.8870  810
123878  -2.9280  42.3260  -3.9530  812    19887  -37.6310  -11.3480  -7.1030  812
123879  -3.4210  42.5100  -3.8440  813    19908  -7.8230  -59.5890  -3.7510  813
123880  -3.9470  42.8930  -3.7950  814    5217  -6.6930  47.0240  0.1420  814
123884  -2.4650  42.8230  -4.4950  816    6228  -29.9170  27.4350  39.7620  816
123885  -2.6940  42.8200  -4.3980  817    6255  -46.6290  -4.7050  -30.1740  817
124621  -11.6930  42.9280  5.4060  820    55080  -6.0120  16.4360  18.7320  820
124628  -5.4930  43.2960  3.6620  823    56205  -34.2990  26.9020  -50.4910  823
124629  -6.4770  43.1760  3.9910  824    65199  -45.7230  -0.5730  -4.0860  824
124630  -7.4310  43.0380  4.0250  825    65210  -28.5090  51.4520  22.8470  825
124631  -8.3660  42.9250  3.9730  826    65220  -6.3860  -75.9790  -25.4720  826
124633  -10.2700  42.9770  4.1160  828    55766  -50.0620  -34.7780  14.8710  828
124641  -6.2380  43.6620  3.3930  833    56260  -26.2760  23.2720  26.8350  833
124642  -7.0770  43.5970  3.5150  834    54158  -41.6610  12.5070  -64.3120  834
124657  -3.0510  43.5050  1.3670  840    1444  -57.1240  7.0810  -21.2060  840
124665  -2.9400  43.4300  0.3830  842    1888  -25.4320  -32.0070  18.1320  842
124701  -4.4700  43.5840  -2.6190  847    5080  -2.2610  -9.4560  54.0670  847
124708  -3.2890  43.3930  -4.5970  852    6367  -29.3820  -14.7710  -34.3960  852
124709  -3.8780  43.6150  -4.4210  853    5360  -1.1070  -57.0930  -1.3470  853
125393  -11.3490  43.6760  4.3210  862    55555  -27.7470  24.6400  -56.1120  862
125404  -8.6580  43.9640  3.0760  869    52066  -38.0600  3.3630  23.6240  869
125405  -10.0960  43.8590  3.3410  870    50133  -10.1990  -68.8620  20.7370  870
125406  -11.1940  44.4740  3.4630  871    48930  -34.4060  37.6160  -37.4510  871
125410  -4.0200  43.8270  2.5360  872    516  -37.9380  -31.8300  17.4110  872
125412  -6.4180  44.4600  2.5980  874    56248  -32.5160  61.1630  -17.2670  874
125413  -7.1000  44.5860  2.5720  875    54824  -43.1640  -64.0330  -26.1190  875
125414  -8.0650  44.5990  2.5710  876    53133  -3.5190  2.5190  35.3070  876
125415  -9.1310  44.5520  2.5830  877    51300  -11.5470  21.6280  22.4780  877
125416  -10.0020  44.7230  2.5700  878    48931  -12.7530  66.2460  16.2350  878
125424  -3.5170  44.1050  1.6120  880    515  -30.6630  51.7600  11.2230  880
125430  -3.0620  44.3180  0.5900  881    1445  -11.3810  25.5130  20.9910  881
125441  -2.9600  44.2670  -0.4250  883    2460  -33.1200  60.4350  -18.5640  883
125457  -2.9440  44.6610  -1.0050  885    57929  -46.2480  -48.9720  24.7490  885
125458  -3.3700  44.3260  -1.3670  886    3544  -53.7420  0.1720  23.2560  886
125470  -3.5350  44.8010  -2.0160  888    5081  -2.3550  -8.3730  54.0110  888
125478  -4.4080  44.4200  -3.3640  890    5218  -7.4580  45.6490  1.6040  890
125487  -1.9930  44.2460  -5.7610  893    6226  -17.5330  16.9910  -31.1570  893
125488  -2.4360  44.2450  -5.6590  894    6303  -22.3060  -60.7540  9.9570  894
125489  -2.9240  44.4410  -5.6380  895    6350  -8.0230  80.6670  -12.1070  895
126173  -4.9410  43.9900  2.5140  901    56204  -32.9410  26.3940  -50.6200  901
126177  -11.4550  45.3820  3.0270  905    48929  -60.8720  -35.6140  1.5330  905
126183  -5.5580  44.8640  2.0150  908    39192  1.1770  -23.8920  -10.4490  908
126187  -9.4550  45.1690  2.0380  912    56681  -42.4630  -14.5550  -35.3580  912
126188  -10.5430  45.4420  2.1870  913    56842  -29.0290  -29.6980  -34.3640  913
126189  -11.2910  45.9720  2.3900  914    38318  -27.4550  42.5590  16.3600  914
126196  -8.0170  45.5850  1.6180  916    39299  -44.5770  31.4200  -39.3920  916
126197  -8.7950  45.6410  1.5360  917    40141  -16.5870  -7.7750  -29.4280  917
126198  -9.7290  45.7740  1.5480  918    40178  -38.8080  -5.9460  38.2210  918
126215  -3.0790  44.9520  -0.0160  922    57397  -22.2730  -11.1120  49.2490  922
126242  -3.1890  45.3200  -1.9330  927    42361  -17.5910  -28.9940  -23.5700  927
126253  -4.0440  45.3530  -3.1730  930    59012  -5.7880  -5.0280  -37.0140  930
126261  -4.3950  45.2500  -4.1880  931    59380  -37.1650  -68.7610  5.1410  931
126268  -4.1220  45.2240  -5.3160  934    59588  -40.7520  -62.2930  -31.5760  934
126271  -1.8630  44.9600  -6.4350  935    6258  -10.2630  47.1460  0.6440  935
126272  -2.2090  45.1540  -6.4660  936    59866  -6.6530  -82.0110  -1.6160  936
126273  -2.7780  45.1550  -6.2800  937    45227  -24.3670  -24.1930  -16.5470  937
126275  -4.0200  46.0170  -6.1890  939    73139  -19.6910  80.0210  -8.0370  939
126280  -2.8590  46.0900  -6.9670  942    45228  -49.0120  6.3950  -17.7980  942
126967  -6.6410  45.7090  1.5010  946    39257  -39.3660  -9.7500  19.8020  946
126973  -4.3830  45.4430  0.9090  949    39193  0.3900  -24.8800  -9.6040  949
126974  -5.1580  45.9680  0.9010  950    39191  -31.4290  -3.0990  -9.9500  950
126976  -6.9520  46.3010  0.9150  952    39276  -40.2430  -54.1980  -35.7680  952
126981  -11.3730  47.2020  1.5740  957    8645  -23.4140  -84.3870  -25.0170  957
126987  -3.9780  45.8720  0.0480  958    39692  -44.5370  -44.1760  23.0290  958
126994  -3.5880  46.1490  -0.7690  960    40640  -50.2880  29.4840  -34.1280  960
127008  -3.1290  45.7680  -1.1260  961    41437  -18.5530  34.0070  38.9620  961
127030  -3.6470  46.4060  -3.3700  965    43234  -29.7540  17.5620  -42.2870  965
127031  -4.1820  46.0090  -3.9600  966    43971  -61.3780  -16.9880  -39.5800  966
127041  -4.4040  46.2680  -4.8660  968    44477  -1.4850  -63.5950  -11.4050  968
127049  -4.3300  46.4250  -5.7870  969    44497  -1.9770  -62.7420  -11.2670  969
127053  -3.6100  46.2640  -6.7670  971    45229  -49.2690  6.3870  -18.7480  971
127054  -4.1850  46.8260  -6.6930  972    44935  -47.2460  -15.4780  20.8890  972
127058  -2.2790  46.0050  -7.1430  973    45576  -54.2650  -30.3630  -34.8670  973
127059  -2.5250  46.2570  -7.3010  974    45668  -18.0730  -50.8840  26.3390  974
127061  -3.7560  46.8580  -7.3890  976    45241  -24.8900  57.6280  -31.5380  976
127067  -3.0560  47.0720  -8.0250  979    45667  -10.7140  -52.3480  32.7200  979
127711  -5.3140  46.7910  0.1430  981    8823  -19.4540  -47.8060  18.7940  981
127712  -6.2960  46.9950  0.1140  982    39852  -30.5290  -18.3660  -39.0450  982
127714  -8.5230  46.7030  0.4780  984    40123  -33.6160  -66.4510  -6.2760  984
127715  -9.4980  46.7710  0.5900  985    40161  -3.1790  -8.9210  16.5130  985
127717  -11.0430  47.5060  0.9880  987    8644  -39.8440  28.8310  20.5010  987
127720  -4.3640  46.8650  -0.6050  988    8824  -47.2720  60.3550  -22.6930  988
127722  -6.4340  47.5150  -0.3940  990    8822  -35.0180  -58.0700  -8.0950  990
127724  -8.0590  47.2700  -0.0650  992    9770  -44.3970  42.4650  -30.4390  992
127733  -3.8110  47.0880  -1.3810  996    40924  -8.3630  -29.5620  -9.2670  996
127745  -3.4320  47.2600  -2.1320  997    41457  -18.5920  34.6920  37.9330  997
127762  -3.3450  47.3330  -3.0220  998    42379  -64.7030  -3.1980  -11.7780  998
127776  -3.5710  47.4170  -4.0110  999    43251  -29.2110  18.3220  -42.2950  999
127788  -4.1150  47.4470  -5.0660  1000    43983  -15.2820  -69.4130  -36.0600  1000
127798  -4.1990  47.8630  -5.6990  1002    15666  -46.8100  -9.5550  -1.6000  1002
128443  -7.6630  47.8410  -0.5760  1012    9458  -26.6630  -56.9750  -0.3320  1012
128445  -9.6030  47.7950  -0.1640  1014    9771  -16.4660  -62.4120  31.5960  1014
128446  -10.6460  48.0860  0.2070  1015    8926  -12.3550  15.7720  42.2630  1015
128449  -4.4370  47.7370  -1.3200  1016    9365  -11.9840  -48.4620  17.6640  1016
128451  -6.8100  48.4860  -1.1390  1018    9457  -27.3740  -56.0340  0.3310  1018
128459  -3.9490  47.9390  -1.9430  1023    12026  -60.8530  5.2640  -32.3090  1023
128471  -3.6260  48.1450  -2.6860  1024    12002  -4.4030  7.2560  -34.5210  1024
128486  -3.4760  48.2950  -3.5730  1025    12003  -5.6300  7.5060  -34.7230  1025
128503  -3.5820  48.3880  -4.5830  1026    13145  -24.5300  66.5030  -0.8070  1026
129175  -5.3010  47.8090  -0.9470  1027    9317  -29.6650  31.2940  9.4660  1027
129187  -7.8420  48.7510  -1.3460  1036    10420  -43.5280  -29.4010  25.8540  1036
129188  -8.8810  48.7640  -1.1840  1037    10433  -27.8430  -44.9390  -29.6760  1037
129189  -10.3190  48.8720  -0.7190  1038    9886  -58.6430  22.0460  -7.5600  1038
129193  -4.7770  48.9580  -1.7860  1040    59573  -10.6620  -66.7470  -35.6610  1040
129194  -6.6760  49.1750  -1.6290  1041    59614  -6.9800  -82.3210  -0.6510  1041
129198  -10.1730  49.6550  -1.5480  1045    59668  -34.6400  46.7380  -3.2780  1045
129215  -3.7710  49.0840  -3.1370  1047    12004  -57.5180  8.8280  9.0430  1047
129974  -4.9600  49.7770  -2.0270  1052    39458  -5.2720  -39.4150  38.4400  1052
129975  -5.8340  49.8830  -2.1120  1053    73001  -18.1930  -71.1610  -33.7540  1053
129977  -7.5790  49.7140  -2.1420  1055    60012  -49.0770  52.3200  -18.8440  1055
129978  -8.5680  49.7980  -2.1860  1056    60035  -54.7160  -36.2270  -20.8270  1056
129992  -4.2420  49.7650  -2.6600  1057    60535  -27.8090  -74.8140  -17.2450  1057
129993  -4.6600  50.3700  -2.5920  1058    39459  -50.1230  -26.8600  27.0890  1058
