80649  22.8500  1.0790  -46.9550  1    36058  44.7860  37.0860  -45.2890  1
80664  24.5340  0.8460  -48.2760  2    37040  9.3390  -9.3790  40.6370  2
80675  27.3830  1.4670  -49.1520  4    58554  33.1050  26.4010  -8.3260  4
80676  26.9960  1.2190  -49.2010  5    36932  29.5390  -80.0270  -30.0130  5
80678  25.5600  1.1500  -48.8210  7    65754  6.5520  -42.5830  -1.7750  7
81819  21.7290  1.8720  -45.7490  9    64131  15.4080  -2.3240  -38.9310  9
81831  22.3820  1.6650  -46.7340  10    64571  10.7430  -46.2450  9.8350  10
81842  23.5150  1.2920  -47.8050  12    65004  43.1560  -16.2930  -4.7980  12
81870  27.0900  1.9220  -49.4630  18    58555  32.9660  25.4710  -7.6800  18
83042  21.3530  2.5530  -44.6560  23    30715  64.7430  -1.2450  12.2630  23
83043  21.0260  3.2410  -45.0410  24    30737  21.3040  -14.0310  41.1000  24
83054  21.3150  2.8110  -45.5550  25    32083  46.4370  32.4560  17.1630  25
83068  22.2460  2.2090  -46.8990  27    33148  53.1210  1.6800  9.8810  27
83092  23.6300  2.5510  -48.6370  31    11696  2.9770  16.5540  -26.8290  31
83102  27.9540  2.7730  -49.2810  33    35976  32.7990  -27.9010  -23.6130  33
83103  27.2710  2.7670  -49.6480  34    36712  62.5180  11.2760  -2.5920  34
83106  25.0880  2.7000  -49.6600  37    37095  59.9450  -38.2100  8.2290  37
83115  26.8130  3.1320  -49.9430  39    11651  34.6550  59.2220  -11.6740  39
83117  25.6360  3.2010  -50.0890  41    14445  59.1490  -26.5110  28.0950  41
84536  20.9960  3.6730  -45.7480  43    7522  20.2890  43.5860  29.9910  43
84548  21.3930  3.5440  -46.4220  44    8628  66.9590  -18.9820  3.9060  44
84560  22.3710  3.0690  -47.4980  45    9730  26.0710  -77.3050  -20.8350  45
84570  29.1450  3.9860  -48.7630  47    10675  2.3480  17.3570  -23.2070  47
84583  28.4280  4.2100  -49.4710  52    11412  31.1810  -38.0700  -18.6380  52
84586  24.3150  3.1390  -49.5150  55    11697  56.3650  22.6370  -23.6930  55
84599  27.1270  4.3810  -50.4040  58    12911  8.4750  12.5510  -33.0630  58
84601  25.9120  3.8020  -50.4360  60    14110  21.8350  -22.8360  -28.4620  60
86022  20.9540  4.4380  -46.1790  64    8627  66.7990  -19.8620  4.0960  64
86036  21.4700  4.3800  -47.0940  65    9705  24.1850  27.0300  -34.2990  65
86045  29.9240  4.8670  -48.6040  66    10717  45.5440  -7.8470  -26.8560  66
86047  22.2880  4.4600  -48.2990  68    10775  16.2780  3.6610  44.2600  68
86058  28.1250  4.9220  -49.9170  71    12417  12.6180  72.9200  -25.2510  71
86059  23.4320  4.0840  -49.3310  72    11767  36.6700  39.9540  -35.9640  72
86069  27.4410  4.9480  -50.4330  74    12912  16.2150  -76.7130  -23.1330  74
86072  25.4320  4.4320  -50.6770  77    14446  57.8250  -13.3190  18.9690  77
86084  26.3230  5.4900  -51.1920  81    69751  65.9070  -6.7670  -10.3800  81
87449  20.8030  5.0630  -46.2560  85    68957  7.4370  67.3690  24.3710  85
87450  20.7230  5.6500  -46.0660  86    68681  43.9970  -0.3530  -1.4380  86
87462  21.0370  5.2860  -46.8520  87    68958  10.0960  -35.3250  37.4500  87
87463  20.8320  6.1650  -46.8170  88    68966  16.1910  69.4390  -34.4710  88
87470  31.1280  5.9460  -48.0390  89    45232  34.5690  38.8270  34.6560  89
87473  22.1450  4.9750  -48.3700  92    69246  68.6010  -15.4390  -21.3120  92
87482  29.1960  5.7860  -49.3100  94    46127  9.9310  -78.9630  -0.4760  94
87483  28.5610  5.8040  -49.8120  95    46128  54.1420  -31.5340  -5.6240  95
87484  22.4040  5.1930  -48.8060  96    64149  7.7080  43.3080  21.8070  96
87485  22.0270  5.9940  -48.7680  97    64150  16.1030  -56.6940  -4.1550  97
87494  27.8280  5.9470  -50.3740  98    46940  36.0960  -48.9220  24.8580  98
87496  24.4450  5.3240  -50.6900  100    69805  37.9640  24.7760  34.3220  100
88686  20.6430  6.7120  -45.6520  108    42688  43.1750  30.9650  15.4700  108
88699  20.5890  6.9710  -46.4360  109    43524  36.5750  76.8050  -14.8480  109
88706  34.0050  6.8100  -47.5880  110    45115  22.0550  13.4740  -30.6270  110
88707  33.0270  6.6490  -47.5050  111    45137  46.9130  48.9360  17.3590  111
88713  21.1710  6.1470  -47.5110  114    45585  6.9480  63.7010  26.5540  114
88714  20.8250  6.8160  -47.2810  115    44708  36.0250  30.7780  13.3880  115
88720  35.2120  6.9380  -48.5600  116    45117  51.6580  32.4310  -8.8230  116
88722  30.9440  6.5760  -48.3230  118    45391  12.9590  18.5650  -30.6560  118
88725  21.5460  6.6390  -48.3780  121    45586  10.0220  -20.4150  -13.0390  121
88733  35.6510  6.8690  -49.5970  123    46084  34.1810  -31.6320  -24.4070  123
88736  22.5660  6.3420  -49.4990  126    46487  8.3920  29.4470  6.3640  126
88746  27.8610  6.8730  -50.5290  129    47224  24.2130  -18.4280  -17.1920  129
88758  26.7740  6.6560  -51.2580  133    47860  2.4640  10.9300  -17.5260  133
88760  25.5430  6.6860  -51.5640  135    48718  36.9150  -36.4550  33.8280  135
89820  20.2530  7.6920  -45.8350  138    42714  37.1650  25.6130  19.0740  138
89835  20.1760  8.0960  -46.4380  139    43812  27.9890  18.9630  -31.2980  139
89842  33.9060  7.4400  -47.8770  141    45138  6.7950  60.9000  24.2520  141
89845  32.0360  7.2420  -47.9330  144    45233  34.8040  38.1310  35.3470  144
89849  20.5840  7.6700  -47.2150  145    44691  7.2920  38.4500  36.8520  145
89856  34.9070  8.0430  -48.8580  146    46056  56.2370  -31.5210  -6.3230  146
89860  30.7510  7.4030  -48.5910  150    46292  29.0900  -51.5740  13.7410  150
89861  30.0910  7.4550  -49.0080  151    30889  34.4880  48.7560  12.8640  151
89862  21.4060  7.8180  -48.5990  152    46458  14.0580  -85.8990  -11.0840  152
89871  29.4320  7.4970  -49.4650  155    46129  57.7730  -17.9810  -44.3280  155
89872  28.8110  7.5220  -49.9730  156    46941  10.1720  69.9960  21.6550  156
89873  22.5280  7.1040  -49.7990  157    46471  1.9450  6.6560  2.0760  157
89883  27.6040  7.5420  -50.8300  161    47861  9.3270  16.3460  38.1210  161
89884  23.5960  7.1290  -50.8780  162    48163  27.0190  -42.1710  28.8360  162
89885  23.0060  7.2870  -50.4130  163    47282  34.3580  -11.8110  -24.3820  163
89891  35.3600  7.4450  -51.2010  165    47794  53.5830  -50.3610  11.0730  165
89893  26.3930  7.5180  -51.5820  167    48709  34.8280  36.3060  -53.2450  167
89895  24.9540  7.7780  -51.8570  169    48753  6.9190  18.1160  -34.1460  169
89915  34.9350  7.4070  -52.7140  176    33720  49.0140  9.4240  21.0340  176
89916  34.6190  7.4300  -53.4500  177    49905  58.8420  -41.3750  -28.9730  177
90955  20.0010  9.0220  -46.6050  178    64783  21.6220  35.6120  29.8110  178
90980  34.7600  8.7400  -49.0920  184    65443  10.6300  -82.7830  -13.1780  184
90987  21.2320  8.8510  -48.6560  191    65636  30.3300  -16.7460  28.0050  191
90988  20.8590  8.2690  -47.9600  192    65217  60.4970  -13.5830  -3.8660  192
91003  35.2170  8.3420  -50.1050  197    65911  24.1420  -45.5070  25.1770  197
91006  22.7430  8.6400  -50.6800  200    66192  12.6480  55.4410  -43.4310  200
91007  22.3000  8.0700  -50.0190  201    65943  25.7010  -83.3620  -17.6850  201
91016  24.7120  8.6340  -52.0520  205    66413  8.3090  -13.9240  40.4460  205
91018  23.4130  8.1340  -51.1510  207    66209  25.3250  -42.7340  -4.2770  207
91026  34.7660  8.5550  -52.2800  209    25232  9.3320  -65.1590  -11.4580  209
91027  26.3400  8.6810  -51.8160  210    34065  48.3910  -26.5670  13.8200  210
91028  25.8230  8.8480  -52.0830  211    34103  12.3680  65.3930  -30.2010  211
91050  34.3410  8.3150  -53.7490  216    25234  22.6320  55.3500  29.9960  216
91051  33.9470  8.3190  -54.5250  217    67203  15.6860  -3.6540  16.8010  217
92128  20.0080  9.8580  -46.6400  218    28112  37.7210  -51.8840  33.2830  218
92129  19.6140  9.4050  -46.0560  219    26041  48.3130  -57.1120  -13.8840  219
92153  34.5270  9.2270  -49.0780  222    30571  7.0080  75.6160  4.5520  222
92156  32.4400  9.2320  -48.2880  225    30629  63.6230  -35.6390  1.4780  225
92164  21.1790  9.6340  -48.6570  228    31164  42.2510  -13.7760  47.5050  228
92165  20.7730  9.3220  -48.0200  229    29671  25.0050  -53.7350  22.9310  229
92173  34.8080  9.0020  -49.4180  230    30573  62.5810  -20.3360  -24.8050  230
92175  31.9170  9.6820  -48.4060  232    30677  12.6820  27.6010  45.2620  232
92177  30.4480  9.3750  -48.8730  234    30905  41.8690  33.7200  4.5690  234
92178  29.6230  9.3420  -49.4230  235    32192  29.9750  -67.2870  -37.0220  235
92186  34.8160  9.5440  -50.2770  238    32066  34.8610  57.1080  -10.4690  238
92187  28.9380  9.3230  -49.9250  239    32204  68.5200  -16.7200  -30.3130  239
92189  22.5970  9.6390  -50.7830  241    33149  49.5130  8.4190  -47.4530  241
92190  22.0840  9.2960  -50.1120  242    32238  61.3360  -37.0920  0.2310  242
92198  27.7000  9.2820  -50.9680  245    34064  6.8300  72.5320  14.4960  245
92200  23.7430  9.8470  -51.9230  247    18590  14.9770  -53.1890  35.5530  247
92212  25.6110  9.7340  -52.2610  252    18589  14.6520  -54.1020  35.6970  252
92231  34.1630  9.2320  -54.0370  257    35371  50.4550  -45.3790  -11.8120  257
92240  33.7440  9.2370  -54.7930  258    36806  32.3160  -51.9410  23.2420  258
93335  20.4420  10.2580  -47.2150  259    28125  9.8680  -67.1650  -34.0490  259
93343  33.6410  9.8130  -48.6400  261    30572  10.0710  -39.1660  15.8380  261
93353  21.0350  10.0730  -48.3490  264    29656  28.9720  30.0230  23.2630  264
93363  32.6180  10.4840  -48.5330  267    32106  34.5040  9.2490  -52.8430  267
93365  30.9780  10.5060  -48.6280  269    32127  35.2090  -55.5120  27.6610  269
93366  30.0070  10.4640  -49.1100  270    32168  9.7880  67.6070  -20.3690  270
93372  21.3710  10.3050  -48.9650  272    31209  37.9600  40.8330  25.6260  272
93379  29.4420  10.8110  -49.6040  274    21252  49.9520  -33.6850  5.1580  274
93382  22.2600  10.2340  -50.5060  277    33150  49.1940  9.0930  -47.2420  277
93383  21.8090  10.4660  -49.8390  278    32218  6.3900  74.5660  1.7910  278
93390  34.7410  10.2300  -50.5900  279    34039  28.5260  28.2470  26.6340  279
93391  28.2700  10.7540  -50.6980  280    34066  66.8460  -22.0810  0.1180  280
93393  26.8370  10.5070  -51.7170  282    34080  63.2170  -6.0660  -46.0580  282
93394  23.3230  10.4000  -51.7260  283    33179  15.8670  -15.9190  41.9970  283
93405  25.3830  10.7200  -52.4160  287    61819  12.9680  71.6450  -26.0220  287
93406  24.6360  10.7740  -52.4850  288    18591  55.5580  -50.6070  -24.7670  288
93407  23.8090  10.8290  -52.2610  289    34167  13.6560  -80.0250  -23.1300  289
93413  34.5300  9.9990  -52.4770  290    25233  50.0620  51.2950  -5.0620  290
93430  33.5800  10.1770  -54.9980  293    25154  11.9920  43.3530  5.3000  293
94522  21.2960  10.8160  -48.2410  297    61500  25.1440  54.4590  -29.7560  297
94523  20.7800  10.5340  -47.6280  298    61267  43.8790  -9.4900  1.0200  298
94541  21.7180  11.1150  -49.3030  305    61952  35.1450  -16.5660  34.9520  305
94550  29.3300  11.5170  -49.8840  307    62418  31.2780  -13.6660  52.6070  307
94552  22.2240  11.1490  -50.5280  309    63102  38.3710  -12.6270  2.9380  309
94553  21.9260  11.4860  -49.9840  310    21756  32.3630  8.4270  -34.6270  310
94562  28.1570  11.4810  -50.9340  312    22427  62.2900  -18.9180  19.6890  312
94563  27.4660  11.5480  -51.4210  313    63234  9.4780  55.5420  -32.9430  313
94565  23.1010  11.3100  -51.8300  315    59423  29.0650  -31.5770  -23.5400  315
94566  22.5750  11.7640  -51.2150  316    59941  45.9740  -56.5650  7.2990  316
94573  34.5900  11.0760  -51.8640  317    62905  45.7090  -23.4380  -44.7300  317
94575  25.1270  11.7180  -52.5870  319    63699  47.9810  -42.9750  -18.3590  319
94577  23.5690  11.9750  -52.2990  321    59424  66.5630  -12.9110  13.8720  321
94583  34.2920  11.0680  -52.8330  322    63681  63.9680  -34.2040  2.9110  322
94599  33.4400  11.1620  -55.1220  325    36819  43.8520  -59.5260  -17.1260  325
95694  21.9550  11.6360  -49.0920  326    19790  64.3530  -22.3590  -36.3980  326
95700  33.5550  11.8470  -49.3400  328    21164  52.9020  42.6290  11.0340  328
95701  32.6070  12.1450  -49.0740  329    21165  53.3510  43.3450  11.2830  329
95704  29.9330  12.3760  -49.6380  332    21270  56.2490  -30.1370  -42.5020  332
95709  22.3920  12.3850  -49.7370  333    20605  50.8610  11.8200  18.6980  333
95718  33.8790  12.4840  -49.9200  336    21166  4.4860  54.4820  -44.2830  336
95721  22.2230  12.2770  -50.3960  339    21737  57.0210  -6.5630  -34.7830  339
95732  28.9350  12.8710  -50.6170  342    22426  6.9240  -22.7490  12.0280  342
95733  28.2520  12.5680  -51.1100  343    22425  23.8130  84.1410  -17.6350  343
95734  27.4130  12.6940  -51.6860  344    23686  27.9220  56.8340  -0.0860  344
95735  26.5990  12.8580  -52.2370  345    23716  37.0460  -14.8870  49.9840  345
95736  22.9580  12.3700  -51.8770  346    23771  32.5920  -65.3690  -9.8620  346
95737  22.5740  12.8580  -51.2870  347    22645  33.1980  -65.1170  -9.4010  347
95745  34.3920  12.0310  -52.1820  348    23613  7.8500  74.9080  13.8550  348
95746  25.6890  12.7230  -52.5540  349    23745  44.8290  42.3150  7.7080  349
95747  24.8390  12.7060  -52.6660  350    24566  37.1560  22.0780  -36.3730  350
95748  24.0370  12.7580  -52.5520  351    24592  41.9800  56.9560  -0.3190  351
95755  34.0660  12.0720  -53.2730  353    24524  5.6890  1.4940  -38.2150  353
95756  33.8760  12.6190  -53.6110  354    24543  41.6300  35.2270  -11.9330  354
95771  33.2800  12.1830  -55.2910  357    64319  5.3040  -27.2520  27.3070  357
96855  32.5770  13.1020  -49.4960  359    21182  61.6020  4.9280  -22.8280  359
96863  22.5260  13.3590  -50.1780  363    20642  31.9490  -61.5990  7.5230  363
96866  33.6470  13.2970  -50.2670  365    23612  29.8030  57.2140  0.2010  365
96867  32.8730  13.8250  -50.0010  366    50815  16.4340  -54.5920  4.2630  366
96871  22.4570  13.4840  -50.8100  370    22064  48.7330  34.6010  15.4180  370
96878  33.8860  13.7500  -51.2050  372    23634  59.3890  -28.5890  -8.4370  372
96880  28.2170  13.6430  -51.4240  374    23687  53.7570  -50.2300  -28.4240  374
96881  27.4130  13.8990  -52.0010  375    23698  11.3030  4.5700  35.4220  375
96882  26.7940  13.6590  -52.3110  376    23730  7.5750  -57.9790  -11.2600  376
96883  22.9500  13.4720  -51.9480  377    23772  9.6860  52.8950  -2.3060  377
96895  25.3900  13.6690  -52.6750  382    24567  6.5850  32.8310  11.6030  382
96896  24.5260  13.6550  -52.6640  383    24593  43.1670  57.3220  -0.2470  383
96897  23.6960  13.6350  -52.4470  384    24056  50.4010  -31.2450  25.5090  384
97959  22.6400  14.2990  -50.5350  390    50488  51.7250  -14.1910  -25.9800  390
97962  33.2400  14.2880  -50.7500  391    50814  15.0360  50.8970  -40.1180  391
97965  30.4650  14.4440  -50.3110  394    51153  36.7590  40.1820  -6.6540  394
97966  29.6630  14.4120  -50.6800  395    71883  20.9720  -41.7710  -29.5510  395
97967  22.5190  14.2850  -51.1070  396    50861  21.5980  63.6620  15.1770  396
97971  33.7190  14.3280  -51.8920  398    51134  9.1120  3.5440  10.7500  398
97974  27.9130  14.7620  -52.1270  401    51789  51.8750  -20.6500  25.2420  401
97975  23.3140  14.5000  -52.1860  402    51854  3.2940  48.8720  -17.5640  402
97980  33.8190  14.2320  -52.8290  405    51531  50.2530  -55.8340  2.9760  405
97982  26.7450  14.7230  -52.5960  407    52170  14.3370  -48.4650  20.7570  407
97983  25.9540  14.6200  -52.7710  408    52204  12.2800  -49.3650  20.0110  408
97984  25.0880  14.6120  -52.7590  409    52221  25.3240  56.0630  -34.7270  409
97985  24.1790  14.6040  -52.6030  410    51903  17.5060  -40.9510  49.7140  410
97999  33.4310  14.2800  -54.7940  413    52373  4.0330  -18.5710  47.3370  413
99033  22.9910  15.9450  -50.3000  414    74499  23.9400  67.0560  -32.0210  414
99034  22.9690  15.2880  -50.2330  415    50475  17.0970  -9.7090  25.5970  415
99036  32.7330  14.7720  -50.6700  416    51123  11.0940  35.9640  44.0920  416
99041  22.8060  15.7780  -50.7910  421    74500  9.4470  -22.6270  43.0330  421
99042  22.5970  15.0020  -50.9250  422    50850  59.3050  -27.3660  23.9760  422
99045  32.9630  15.2530  -51.3560  423    51124  10.5740  36.9030  43.4340  423
99046  32.0550  15.7070  -51.0320  424    64364  29.0360  -17.0660  30.8870  424
99047  31.1320  15.8710  -51.0250  425    64365  44.0340  -6.0540  17.6910  425
99048  30.1900  15.7790  -51.1690  426    51569  42.9780  -50.4320  6.3280  426
99052  22.9720  15.3610  -51.6090  430    51855  5.2340  50.7590  -40.9860  430
99056  33.5360  15.1760  -52.7520  432    51544  31.4930  -40.4550  -10.5220  432
99057  28.1320  15.7220  -52.4290  433    52171  13.3540  71.8750  -5.8430  433
99059  26.5380  15.5870  -52.8740  435    52191  5.3300  0.5180  36.1750  435
99060  25.6870  15.4560  -52.9100  436    52211  2.6130  4.9540  8.5620  436
99061  24.8410  15.7370  -52.7660  437    52235  17.3500  -12.3420  24.2130  437
99062  23.7830  15.5180  -52.3800  438    51884  26.3090  46.4930  10.4670  438
99065  33.5100  15.2700  -54.0310  439    52159  49.8890  -34.1460  25.5790  439
99067  25.6120  16.2060  -52.9630  441    65136  21.9030  -67.9240  -36.2500  441
99072  33.3670  15.2840  -55.0340  443    52547  10.7180  -7.6580  36.8190  443
100131  23.2700  16.2050  -49.7390  444    64074  47.4090  -19.4380  19.5180  444
100135  23.0510  16.4790  -50.4850  445    64144  14.8280  -1.9800  -39.5240  445
100141  29.8940  16.3850  -51.6440  449    23434  36.0600  -2.7560  -29.7340  449
100144  23.1080  16.4080  -51.2530  452    64341  42.8120  -52.0290  -17.1750  452
100147  32.8680  16.1080  -52.1870  453    64366  55.4660  5.8140  28.3440  453
100148  32.5470  16.9320  -52.6590  454    23433  39.2900  -9.0090  -6.4660  454
100150  28.9900  16.6720  -52.2570  456    23717  36.1630  -15.6560  49.8380  456
100153  26.5900  16.3300  -53.0880  459    24651  21.9530  -12.0220  51.7680  459
100154  24.2740  16.4880  -52.5370  460    64963  21.0850  10.0220  -48.4300  460
100155  23.5760  16.3680  -51.9620  461    64580  28.2120  -44.4710  -21.8260  461
100158  33.1350  16.3870  -53.3980  462    64620  31.7370  51.8550  5.3720  462
100162  25.5170  16.8430  -53.1480  466    64977  46.4210  -15.4090  -5.3280  466
100167  33.3260  16.1350  -54.4640  468    24966  50.9930  -56.9860  -13.8420  468
101250  23.5310  17.2670  -48.0240  470    21824  32.9070  -44.9470  31.5280  470
101253  23.4020  17.1290  -49.0340  471    22584  18.7430  -29.7070  56.2650  471
101256  23.2750  17.1680  -49.9930  472    22889  24.7560  -11.3750  53.8610  472
101262  23.6790  17.7500  -51.5680  476    23731  7.1030  55.1500  34.0700  476
101263  23.2840  17.2820  -50.9160  477    23286  41.2330  -21.7420  -38.9000  477
101268  30.9510  17.7530  -52.4300  479    23435  35.7700  -0.8540  -31.0680  479
101270  28.7720  17.2780  -52.6320  481    24326  60.1740  10.2050  14.0000  481
101273  24.0380  17.3580  -52.2380  484    23732  14.7540  -52.4550  29.9760  484
101274  23.4840  17.0480  -51.6150  485    23733  32.1120  -42.3930  -28.5150  485
101279  32.2890  17.7190  -53.2770  487    24234  68.4020  -14.2930  4.3040  487
101281  27.7310  18.0310  -53.4470  489    24652  49.2160  -2.8120  -21.9150  489
101283  25.9440  17.5580  -53.5950  491    25290  8.1420  -52.8520  27.3450  491
101284  25.1770  17.5020  -53.2130  492    25334  55.1850  -34.9890  -35.2490  492
101285  24.6250  17.2530  -52.7590  493    24707  18.8790  -43.0280  -28.7500  493
101295  32.9260  17.1610  -55.1670  497    25753  43.3890  5.9210  12.1020  497
102337  23.4320  17.9050  -49.4940  498    22797  34.0470  72.0250  -17.7370  498
102341  23.7210  18.3030  -50.8060  499    22908  20.4550  40.8640  38.0400  499
102345  23.8820  18.3820  -51.3430  501    23304  40.8460  -22.6380  -38.0740  501
102350  30.8230  18.2690  -52.8310  503    24256  26.2870  74.5510  9.7100  503
102354  24.1350  18.3410  -52.1100  507    23788  10.7520  -72.6280  -34.2310  507
102358  31.9610  18.2380  -53.5660  508    24270  13.5750  59.1790  -25.1690  508
102361  29.7000  18.6770  -53.0860  511    48052  4.8510  0.2010  52.3690  511
102362  28.5480  18.4110  -53.2770  512    24653  35.4590  11.9670  -46.7150  512
102363  27.5220  18.7810  -53.7990  513    25263  3.8270  -16.5590  47.5380  513
102364  26.4680  18.4310  -53.9150  514    25291  46.1640  65.8150  -20.4040  514
102365  25.5500  18.5050  -53.6610  515    25335  9.1630  -32.5950  0.2640  515
102366  24.7020  18.2120  -52.9100  516    24685  16.7710  -72.3810  -32.7130  516
102372  27.3630  19.4370  -54.1640  519    48149  7.6010  -51.0790  11.5950  519
102373  26.8260  19.2540  -54.1710  520    71740  4.6310  17.4340  -35.4770  520
102374  26.1700  19.1220  -53.9930  521    71768  10.7240  5.6340  35.3960  521
102382  32.4950  18.1110  -55.7670  523    26216  26.4270  75.0710  7.7690  523
102383  32.2490  18.6590  -56.0700  524    48617  50.7680  49.0770  10.3620  524
103370  24.8700  19.8530  -45.7360  525    13304  35.2040  0.8180  27.0320  525
103381  24.6810  20.1700  -48.0680  526    44641  6.0200  -36.3000  39.6060  526
103382  24.1570  19.7310  -47.7080  527    44252  47.6110  -29.5920  28.7760  527
103386  24.5520  20.0140  -48.4700  528    44642  6.8310  -28.9480  29.7900  528
103387  24.2160  19.4870  -48.8890  529    44659  38.1620  -0.5380  -51.5110  529
103388  23.7310  18.6370  -49.1330  530    44985  5.5710  -54.0820  4.3880  530
103400  24.2060  19.1370  -49.9470  531    45088  47.8440  -48.8570  -36.0900  531
103401  23.7270  18.4830  -50.0320  532    45100  47.8760  48.4380  16.5640  532
103418  24.2790  19.0710  -51.7150  535    46847  48.2100  25.3920  12.2940  535
103423  24.5900  19.1500  -52.6390  536    47192  59.8360  -13.9660  27.3700  536
103431  29.3300  19.2710  -53.5660  540    48139  47.5170  -59.8710  -31.4620  540
103432  28.4640  19.2610  -53.7410  541    48140  7.9820  79.0370  -33.5430  541
103433  25.7510  19.4640  -53.8710  542    48394  46.4530  -45.5050  -21.1710  542
103434  25.1620  19.3570  -53.4050  543    47645  41.9660  35.4360  -50.0590  543
103443  29.0500  19.8840  -54.1000  548    48141  31.6540  -35.7090  32.1400  548
103445  27.2270  19.9270  -54.4440  550    48988  47.3410  29.4230  3.0130  550
103446  26.4220  19.9770  -54.3130  551    48420  18.3060  -46.5060  42.6630  551
103452  31.0370  19.8180  -55.0280  554    48616  40.1320  11.6840  39.9810  554
104503  24.8970  20.0900  -46.1560  557    74423  39.5460  -11.7120  41.4920  557
104513  27.0620  20.8200  -46.1060  558    74264  51.8260  -17.6190  10.1620  558
104514  26.1970  20.6260  -46.3840  559    74415  45.7120  27.1130  0.8920  559
104531  26.0080  20.7490  -49.3470  560    73263  50.4900  -30.6020  14.2650  560
104533  24.7650  19.8590  -49.8900  561    45119  36.8040  -54.3830  11.9180  561
104545  25.8560  20.7720  -50.1930  562    65809  61.3290  2.3730  5.2210  562
104546  25.3300  20.5480  -50.7400  563    74651  40.1960  36.8240  20.3870  563
104547  24.6000  19.7310  -51.0400  564    46250  53.8410  -23.4420  35.0330  564
104556  25.2040  20.6200  -51.8930  565    74745  42.3830  -35.2380  -3.0720  565
104557  24.7240  19.9030  -52.2610  566    46862  6.3840  -28.6450  28.1110  566
104563  25.2780  20.6770  -52.9530  567    74801  43.2970  37.6000  19.5800  567
104564  25.0220  19.9100  -53.1440  568    47214  23.8170  -18.5340  -16.7970  568
104570  25.6890  20.3950  -53.8340  569    48395  47.0790  -46.2610  -21.4140  569
104577  28.8050  20.5330  -54.6530  573    48975  49.4510  -33.0070  -26.6620  573
104579  27.0910  20.6400  -54.8960  575    49288  36.7970  -51.4820  8.9880  575
104580  26.4540  21.0740  -54.9640  576    48447  8.9880  -46.2680  42.1620  576
104585  30.6540  20.3620  -55.4320  578    48935  28.1220  13.4290  41.3070  578
104587  28.5750  21.0880  -55.2090  580    66744  28.4050  42.4730  13.3430  580
104588  27.7580  21.1680  -55.2820  581    74977  33.0270  -13.0780  -21.6170  581
104589  27.0680  21.2860  -55.4420  582    66843  54.0260  45.5240  -8.4470  582
104594  31.3650  20.0610  -56.3200  584    49665  32.3040  -67.6450  2.9520  584
104595  30.5540  20.9140  -56.4280  585    75020  57.4820  -26.2270  -14.1810  585
104596  29.9260  21.2670  -56.1270  586    66743  9.9600  18.6710  33.0940  586
104600  30.7050  20.7890  -57.5520  588    50195  50.3210  26.0470  10.2720  588
105657  26.9280  21.2080  -49.0620  589    65317  25.2110  -45.1280  -21.9710  589
105682  25.7920  21.2430  -51.6190  591    65815  6.0770  -64.1280  -27.0070  591
105690  25.7660  21.5280  -52.6620  592    66142  55.2070  -13.2080  -7.1400  592
105699  25.8360  21.5510  -53.7230  593    66346  32.6510  60.4800  -28.6280  593
105703  26.1140  21.7460  -54.7560  594    66637  29.8020  -64.2460  -28.2850  594
105709  27.6770  21.7230  -55.8330  597    23086  9.0600  74.8870  14.1700  597
105711  26.4250  22.0350  -55.8790  599    66672  4.5150  -15.0830  -7.6620  599
105716  28.4260  22.1180  -56.5050  602    23088  63.8490  -23.5440  -1.3480  602
105718  26.9280  22.1730  -56.4850  604    33826  27.7130  70.9340  -30.7200  604
105723  29.3750  22.0710  -57.2620  607    34307  56.6720  35.8620  -0.6500  607
105728  30.1750  21.3400  -57.9380  609    67151  58.0600  -3.6430  16.2320  609
105729  29.6650  21.8810  -58.4000  610    34784  59.4520  10.2060  1.1090  610
106879  25.9770  22.8120  -55.6850  611    29672  19.2090  -48.0050  34.3430  611
106883  27.4880  22.4670  -56.8590  613    23087  10.4090  78.0570  -39.4420  613
106885  26.2740  23.0660  -56.8670  615    29674  2.3430  -12.1370  -2.8760  615
106893  26.4040  23.6820  -57.9080  620    33825  30.1040  65.2500  -29.4830  620
106898  28.2860  23.0580  -58.2470  622    34306  20.8160  27.7470  36.3310  622
106899  27.4750  23.3610  -58.0580  623    34343  44.6430  -57.5510  -24.8810  623
106905  28.6280  22.9830  -59.3750  627    34796  52.7270  -38.2160  11.3310  627
108064  25.8100  24.0630  -57.6750  628    33847  51.7580  11.2820  -56.9860  628
108074  27.5200  23.8180  -59.3200  634    73620  10.8120  -8.2060  39.5040  634
