#!ascii label  , from subject FreeSurferMNI152_0.5 vox2ras=TkReg
1401
41272  9.506  -12.961  38.249 1.0000000000
40304  17.268  -3.116  -37.154 2.0000000000
24358  7.181  -42.519  -0.676 5.0000000000
59985  30.358  34.388  -56.616 6.0000000000
58913  43.854  46.522  19.514 7.0000000000
25790  5.966  -13.752  5.739 8.0000000000
60783  63.013  -6.259  24.645 9.0000000000
27214  28.208  27.014  -61.055 10.0000000000
28502  8.133  11.604  10.716 12.0000000000
22560  51.469  13.232  5.106 13.0000000000
22548  15.959  56.392  1.773 14.0000000000
20529  42.782  20.758  38.441 15.0000000000
25792  3.571  -14.598  5.480 21.0000000000
27216  5.819  34.031  8.360 24.0000000000
25791  5.268  -12.848  5.774 25.0000000000
25812  55.099  -21.810  -41.409 26.0000000000
27215  5.752  33.057  9.267 28.0000000000
27232  56.717  3.633  32.578 29.0000000000
27258  61.694  -4.573  25.252 30.0000000000
20530  33.857  24.262  21.168 31.0000000000
20565  52.850  2.578  -35.181 32.0000000000
22547  20.485  -55.553  -32.006 33.0000000000
22561  32.484  36.900  -21.030 38.0000000000
24359  7.291  -41.733  -1.888 43.0000000000
28524  2.658  4.315  -30.796 48.0000000000
28776  4.822  -15.055  45.430 49.0000000000
28805  38.910  -18.006  -27.237 50.0000000000
70129  2.511  34.739  0.618 51.0000000000
74961  49.651  25.064  -18.199 52.0000000000
74966  5.978  -43.162  -1.262 53.0000000000
70812  14.273  -74.784  -24.046 54.0000000000
70075  65.731  3.368  -38.257 55.0000000000
70079  12.754  73.660  -7.146 56.0000000000
70238  66.563  -24.327  -19.719 57.0000000000
70083  44.022  -36.777  -13.616 59.0000000000
70098  38.634  73.022  -6.426 60.0000000000
70551  31.758  -10.759  31.448 61.0000000000
51826  27.720  -29.697  23.471 62.0000000000
70336  26.615  -19.692  -25.038 63.0000000000
69041  43.686  -15.324  -18.600 65.0000000000
70808  36.094  7.769  -22.407 72.0000000000
69323  36.398  2.452  -10.786 74.0000000000
70830  16.342  77.544  7.223 75.0000000000
70873  12.706  -72.028  -17.612 77.0000000000
67580  41.739  -12.841  -9.104 78.0000000000
70891  8.976  -40.076  -0.816 79.0000000000
70939  11.314  4.536  56.221 82.0000000000
70832  29.722  -15.744  -30.085 83.0000000000
70831  53.547  -25.406  26.248 84.0000000000
54242  33.382  -40.246  -33.614 85.0000000000
70941  58.025  -22.998  24.787 86.0000000000
55647  21.521  53.078  32.284 87.0000000000
71111  15.899  -50.063  31.655 88.0000000000
48794  35.057  -54.014  0.627 89.0000000000
48796  10.308  59.807  5.640 90.0000000000
50012  15.972  -54.480  5.029 92.0000000000
48795  34.665  -53.172  0.971 94.0000000000
51828  37.725  -21.540  25.558 95.0000000000
51005  45.760  47.851  6.086 96.0000000000
50065  28.262  -35.046  29.480 98.0000000000
51056  43.062  -1.230  38.311 102.0000000000
5087  33.975  52.161  12.148 103.0000000000
51827  20.903  -23.443  -25.318 104.0000000000
51839  7.451  51.473  -42.752 105.0000000000
52001  58.492  -27.358  24.006 106.0000000000
53993  45.234  -40.657  -36.112 107.0000000000
52918  43.538  -42.548  24.162 109.0000000000
53072  31.445  -66.407  -6.282 111.0000000000
55224  41.100  -68.675  -16.430 112.0000000000
55447  13.223  -51.019  -0.523 113.0000000000
9210  5.696  -35.807  25.315 114.0000000000
54103  6.082  6.129  51.910 115.0000000000
54012  18.687  36.159  37.704 116.0000000000
55570  57.255  -22.386  21.255 118.0000000000
54263  26.924  -48.664  15.956 119.0000000000
55410  47.817  30.121  -15.031 120.0000000000
55467  52.248  15.084  -11.811 121.0000000000
55648  53.827  55.291  -14.408 123.0000000000
55656  13.745  -84.444  -6.432 125.0000000000
56371  55.925  12.955  26.083 126.0000000000
1120  39.038  38.094  11.021 130.0000000000
1358  39.960  -61.113  20.133 131.0000000000
75310  6.656  -65.322  18.635 132.0000000000
50064  7.176  -42.276  28.604 133.0000000000
1118  34.990  -76.384  -9.494 134.0000000000
1701  13.098  -35.466  -10.030 137.0000000000
2886  5.912  -76.791  -10.106 138.0000000000
1703  12.867  -35.086  -10.915 140.0000000000
5089  15.560  -50.900  -13.066 142.0000000000
2941  33.953  -38.200  -12.477 143.0000000000
2971  11.750  43.652  18.506 144.0000000000
7220  7.301  78.912  -20.891 145.0000000000
5088  15.952  -50.341  -13.870 146.0000000000
7390  19.716  -43.083  49.024 148.0000000000
5209  43.660  39.852  -31.514 149.0000000000
9212  16.849  -27.182  33.779 151.0000000000
7221  7.077  78.396  -21.259 152.0000000000
9681  24.179  14.604  -52.603 154.0000000000
7391  18.404  -43.906  49.223 155.0000000000
7405  25.509  -76.197  -17.367 156.0000000000
10109  32.933  64.997  2.515 157.0000000000
10378  36.758  -25.761  32.756 158.0000000000
9211  38.314  56.978  17.816 159.0000000000
9234  26.770  -17.492  32.276 160.0000000000
10790  18.139  -48.211  -1.667 162.0000000000
9682  4.362  21.020  -20.827 163.0000000000
9700  43.516  -4.826  -8.406 164.0000000000
10791  17.301  -48.301  -1.704 166.0000000000
11447  40.609  -51.021  -20.250 168.0000000000
11469  37.453  -16.178  -41.903 169.0000000000
12430  11.800  -42.431  -18.680 170.0000000000
1379  62.490  -4.265  2.118 171.0000000000
70560  43.844  6.365  2.364 172.0000000000
70566  53.921  -0.804  36.360 173.0000000000
1119  37.993  37.625  10.756 174.0000000000
1144  50.639  6.562  -48.965 175.0000000000
1702  12.473  -34.405  -10.448 177.0000000000
2887  4.862  -70.896  -11.737 178.0000000000
1325  48.463  57.802  0.790 179.0000000000
1724  21.037  -25.485  46.356 181.0000000000
2942  15.170  -35.552  -10.695 183.0000000000
71067  62.401  -14.058  18.612 184.0000000000
2990  19.253  -73.604  9.229 185.0000000000
7249  52.840  45.363  12.289 186.0000000000
7250  7.919  -50.602  -13.344 187.0000000000
57535  54.412  -26.003  -27.925 188.0000000000
5230  30.416  24.545  -33.693 189.0000000000
9246  8.858  38.722  2.722 191.0000000000
7420  57.442  17.354  23.517 194.0000000000
10108  23.802  -51.162  -27.235 195.0000000000
10360  38.412  -16.383  -40.282 196.0000000000
10396  28.744  -18.548  30.134 197.0000000000
58920  7.308  -53.418  -13.466 199.0000000000
9757  2.947  -19.374  3.959 201.0000000000
58976  37.359  72.872  -17.928 202.0000000000
10849  32.590  -32.251  17.356 204.0000000000
70193  24.418  69.420  15.717 205.0000000000
11799  21.573  -10.836  -31.267 206.0000000000
12454  63.308  -16.169  -42.684 207.0000000000
60180  43.592  60.047  -4.126 208.0000000000
12484  34.739  -7.601  -26.250 209.0000000000
61635  41.184  57.931  14.387 210.0000000000
18192  40.023  57.266  5.578 211.0000000000
18205  39.003  -53.092  -34.873 212.0000000000
61694  20.743  -85.184  -14.788 213.0000000000
18235  11.618  -74.574  -15.126 214.0000000000
18848  28.327  -26.797  27.869 215.0000000000
18863  50.005  52.084  4.350 216.0000000000
18898  27.731  -60.276  3.410 217.0000000000
55743  24.885  80.862  -5.856 218.0000000000
55744  21.590  4.361  -30.639 219.0000000000
55790  32.641  -63.464  -0.185 220.0000000000
56417  19.567  79.335  -8.707 221.0000000000
55815  21.872  -4.061  54.684 223.0000000000
56786  9.300  80.678  -8.772 224.0000000000
56466  63.702  -31.375  -18.979 226.0000000000
57035  28.820  -77.832  -3.433 229.0000000000
58168  10.134  -50.504  -5.398 231.0000000000
57587  3.838  -5.534  -14.274 233.0000000000
58167  9.282  -51.233  -4.573 235.0000000000
16612  25.659  28.697  -56.601 236.0000000000
19557  6.704  77.955  -33.819 238.0000000000
59515  30.458  -49.337  7.781 239.0000000000
59516  61.078  -29.637  2.372 240.0000000000
59683  10.659  -45.472  44.250 241.0000000000
59730  33.070  29.679  -31.216 243.0000000000
20422  35.735  63.591  -7.869 245.0000000000
59762  41.206  -19.546  30.640 247.0000000000
59988  15.545  -28.276  35.275 249.0000000000
60205  34.042  49.478  -33.639 250.0000000000
60181  52.508  -49.508  7.283 252.0000000000
60404  1.450  27.460  -14.245 254.0000000000
61387  7.394  30.177  -35.659 255.0000000000
61388  30.497  41.841  -32.977 256.0000000000
61415  15.920  -62.723  15.278 257.0000000000
61409  41.377  -23.832  -40.148 258.0000000000
61655  65.307  -5.811  -26.205 260.0000000000
61703  30.887  -56.657  2.761 262.0000000000
61841  45.570  -2.778  30.961 263.0000000000
61888  38.667  40.569  -35.684 264.0000000000
62014  41.429  7.053  -31.117 265.0000000000
62038  38.537  -59.148  21.773 266.0000000000
25450  51.465  -10.589  11.284 267.0000000000
19850  49.733  -26.047  24.933 268.0000000000
62058  20.742  30.004  -37.318 269.0000000000
25512  21.501  -70.909  14.010 270.0000000000
12140  37.903  -12.989  -36.227 271.0000000000
12158  25.030  -25.331  -25.977 273.0000000000
13079  44.973  22.769  27.521 274.0000000000
12141  54.756  -8.166  9.211 275.0000000000
12139  25.870  -24.428  -25.658 276.0000000000
12171  13.253  -56.045  39.269 277.0000000000
14023  54.183  -14.317  -41.956 278.0000000000
13080  47.651  28.800  -55.066 279.0000000000
13108  66.618  1.435  -29.637 280.0000000000
13245  33.091  -35.207  -23.789 281.0000000000
14024  54.805  -14.949  -42.387 283.0000000000
14047  59.024  -1.136  -17.784 284.0000000000
15487  45.493  -48.333  -5.539 285.0000000000
14339  15.219  57.537  -13.836 286.0000000000
15372  33.153  65.588  -3.711 288.0000000000
15371  42.978  66.963  -2.938 289.0000000000
15486  46.218  -48.229  -6.260 291.0000000000
18124  32.481  -6.009  32.408 292.0000000000
16733  22.735  1.541  -31.295 294.0000000000
16984  16.483  -77.321  -32.361 295.0000000000
19312  11.061  -16.249  -18.091 297.0000000000
19664  26.613  -73.092  -14.838 299.0000000000
19666  31.871  -50.695  -24.410 301.0000000000
18487  27.079  64.343  -6.200 303.0000000000
18488  27.089  72.527  -32.309 304.0000000000
19326  5.248  -44.754  32.960 305.0000000000
19348  40.648  -52.592  -35.963 306.0000000000
19868  13.410  -55.621  -29.558 309.0000000000
20498  41.202  61.660  -0.414 310.0000000000
20892  35.345  35.498  -6.320 311.0000000000
20954  34.012  24.563  20.213 312.0000000000
21428  68.870  -16.919  -20.463 313.0000000000
21558  19.196  -18.620  21.363 314.0000000000
23952  12.304  78.336  9.322 315.0000000000
23664  5.796  -13.677  54.455 316.0000000000
23665  43.651  -4.078  29.170 317.0000000000
23970  11.938  -75.080  -19.066 318.0000000000
24021  49.126  -36.352  9.322 319.0000000000
24450  25.258  27.526  -57.121 320.0000000000
24466  11.191  -28.699  -8.346 321.0000000000
24494  16.002  -57.041  -12.643 322.0000000000
24631  21.911  -47.590  -12.961 323.0000000000
24749  28.475  38.457  -25.034 324.0000000000
24792  42.600  13.663  -1.066 325.0000000000
25100  30.963  62.692  -4.482 326.0000000000
25129  22.510  19.703  30.618 327.0000000000
25499  50.515  -12.098  11.723 329.0000000000
25511  30.017  -76.820  -2.360 330.0000000000
13128  7.467  67.471  1.330 333.0000000000
13148  7.176  68.434  0.621 334.0000000000
13227  59.115  -6.882  7.142 335.0000000000
14064  40.356  74.534  -25.546 336.0000000000
13187  7.123  -40.803  36.491 337.0000000000
13262  19.761  -25.069  -26.451 338.0000000000
15390  34.331  -4.253  -13.276 339.0000000000
15516  42.415  71.918  -11.139 341.0000000000
14363  64.872  -16.577  -11.897 342.0000000000
16613  25.610  27.422  -56.380 343.0000000000
16713  60.348  -12.480  -40.805 344.0000000000
15873  6.147  -40.186  32.664 346.0000000000
18125  25.841  1.532  37.759 347.0000000000
16750  5.201  -43.187  34.066 348.0000000000
17031  62.989  -14.907  15.384 350.0000000000
19665  43.999  -64.125  -7.018 352.0000000000
19687  7.038  -62.552  8.171 353.0000000000
18474  10.582  -1.977  28.888 354.0000000000
18543  5.966  -48.699  -9.018 355.0000000000
20387  6.075  -25.874  24.390 357.0000000000
20401  34.537  23.217  23.108 358.0000000000
20035  44.949  46.611  -31.623 361.0000000000
20471  30.574  -14.830  51.934 362.0000000000
20953  39.121  17.622  -35.006 364.0000000000
21126  36.055  64.606  -10.753 366.0000000000
21542  9.724  77.425  -37.664 367.0000000000
21996  39.979  -60.582  -1.559 368.0000000000
22144  32.729  -42.790  -26.459 369.0000000000
23666  13.744  1.452  18.506 372.0000000000
23971  25.965  -68.179  -29.983 373.0000000000
24022  49.547  -35.715  8.312 374.0000000000
22958  47.830  43.125  8.008 375.0000000000
24451  10.239  31.802  29.085 377.0000000000
24474  14.699  39.466  34.312 378.0000000000
24611  41.280  26.403  -56.595 379.0000000000
24648  31.359  -42.917  -29.178 380.0000000000
24775  13.247  -71.829  -34.920 381.0000000000
25073  29.278  26.687  -57.976 382.0000000000
25116  13.300  78.309  7.814 383.0000000000
25147  62.222  -19.274  -21.373 384.0000000000
25473  17.697  -18.658  20.289 385.0000000000
25539  31.785  -11.618  52.382 386.0000000000
25562  45.398  6.122  -28.413 387.0000000000
45085  33.239  -60.558  -28.361 388.0000000000
45098  49.439  47.490  15.725 390.0000000000
46140  31.907  60.265  20.762 391.0000000000
45086  49.770  52.660  -31.883 392.0000000000
9172  34.408  -14.837  -40.013 393.0000000000
45163  37.259  37.646  35.566 394.0000000000
46811  13.092  -47.491  46.915 395.0000000000
46141  51.173  -43.728  4.962 396.0000000000
46030  63.854  20.303  2.005 397.0000000000
11408  10.628  61.785  11.430 398.0000000000
46388  61.114  24.421  -11.143 399.0000000000
12105  28.090  70.833  -6.000 400.0000000000
11043  61.445  17.714  -24.373 402.0000000000
46907  13.393  -55.761  8.904 403.0000000000
49629  48.070  31.726  -16.464 404.0000000000
43534  12.750  60.939  27.180 405.0000000000
46105  55.072  -31.532  -5.440 406.0000000000
41235  39.058  -1.959  2.874 407.0000000000
14860  23.884  42.823  18.394 408.0000000000
15427  9.776  4.076  21.894 411.0000000000
41236  54.413  5.157  -4.667 412.0000000000
49605  38.571  -13.115  28.474 413.0000000000
50332  6.959  45.581  38.154 414.0000000000
50357  29.286  -4.535  -44.754 415.0000000000
50389  58.236  20.536  -3.062 416.0000000000
49655  22.148  -42.275  27.275 417.0000000000
50483  13.631  -33.911  27.750 421.0000000000
51017  47.992  12.728  36.686 422.0000000000
51352  26.049  -56.088  23.689 424.0000000000
51693  20.951  23.079  36.663 425.0000000000
52035  43.211  13.570  -36.202 426.0000000000
52289  39.899  -45.085  -0.867 427.0000000000
52432  10.078  -30.952  -11.348 428.0000000000
20755  5.503  -41.248  2.649 429.0000000000
52808  21.120  -18.910  43.970 430.0000000000
52142  44.027  56.634  -36.142 431.0000000000
52290  39.718  -44.117  -2.086 432.0000000000
52291  51.451  -38.894  -10.470 433.0000000000
52502  37.693  -21.095  24.811 434.0000000000
52845  11.755  -21.892  22.805 435.0000000000
53180  14.001  23.877  -32.514 437.0000000000
54151  15.144  -28.315  21.909 438.0000000000
54750  48.541  49.453  -20.462 439.0000000000
54766  38.485  28.220  3.550 440.0000000000
24267  57.350  44.564  -12.352 441.0000000000
54797  4.598  -54.308  -1.777 443.0000000000
55353  45.375  0.431  30.954 444.0000000000
55376  58.610  -11.695  -32.069 445.0000000000
55398  29.144  -57.497  20.661 446.0000000000
55422  13.552  -65.897  -8.186 447.0000000000
55448  22.952  52.689  31.971 448.0000000000
9174  52.485  1.914  -22.957 450.0000000000
10286  31.672  -74.061  2.170 451.0000000000
9173  44.915  -1.865  -13.310 452.0000000000
9192  21.114  -61.209  12.420 453.0000000000
10322  2.210  -2.015  -14.807 455.0000000000
10416  43.764  -65.002  4.403 457.0000000000
12107  55.796  -34.725  -21.493 459.0000000000
11409  22.292  -42.615  -16.780 461.0000000000
11425  28.500  31.729  -58.013 462.0000000000
13529  53.290  -43.635  -18.424 463.0000000000
12106  47.930  -39.089  34.034 464.0000000000
12142  55.136  -7.372  8.677 465.0000000000
12590  31.650  -21.090  -28.071 466.0000000000
14862  5.081  -58.028  -0.879 468.0000000000
13561  9.028  -35.778  21.116 469.0000000000
13652  13.610  7.473  45.837 470.0000000000
13512  33.516  46.765  -24.412 472.0000000000
16334  22.465  -55.765  -26.106 473.0000000000
16369  26.819  78.126  -32.091 474.0000000000
16403  17.113  -44.900  5.218 475.0000000000
14861  23.536  42.226  18.384 476.0000000000
14893  29.863  -71.396  -23.381 477.0000000000
16508  8.156  36.210  5.279 481.0000000000
17484  33.096  73.584  -29.797 482.0000000000
17839  21.450  -56.861  -28.168 484.0000000000
17840  15.784  58.946  -18.573 485.0000000000
18850  25.888  -14.934  51.484 486.0000000000
19405  23.344  50.634  28.361 487.0000000000
20499  41.175  62.411  0.090 488.0000000000
20500  52.845  -47.054  -10.595 489.0000000000
20836  40.062  18.757  11.253 491.0000000000
20186  19.825  -49.868  -25.415 492.0000000000
20739  64.428  -13.796  17.725 493.0000000000
21268  12.055  54.009  -44.857 495.0000000000
21771  66.381  -0.258  -29.291 496.0000000000
22676  7.735  -39.020  24.866 497.0000000000
22691  51.921  -41.662  -0.382 498.0000000000
22677  58.558  -21.697  -39.883 499.0000000000
24227  49.375  -33.681  1.705 500.0000000000
24292  24.618  54.601  31.013 502.0000000000
25307  5.518  -66.313  -11.207 503.0000000000
25346  15.367  41.152  32.776 504.0000000000
25644  43.793  4.686  12.641 505.0000000000
25677  12.992  -35.731  7.493 506.0000000000
10287  18.959  -71.639  -17.561 507.0000000000
10288  43.135  45.905  7.429 508.0000000000
10361  39.363  -16.125  -39.091 509.0000000000
11044  60.942  20.469  -21.113 510.0000000000
10338  21.230  -29.219  -28.408 511.0000000000
10397  5.639  -2.952  41.398 512.0000000000
12143  6.707  7.918  47.565 513.0000000000
11384  15.762  -71.858  -18.290 514.0000000000
11448  40.599  -50.396  -19.652 516.0000000000
13530  50.737  -37.655  -18.765 517.0000000000
13531  36.422  -33.074  15.470 518.0000000000
12571  33.688  70.229  -7.062 520.0000000000
67102  53.943  16.698  -6.499 522.0000000000
15300  53.817  -3.988  -13.343 523.0000000000
13633  8.830  65.530  -1.007 526.0000000000
16333  21.402  -56.597  -26.765 527.0000000000
16351  22.625  49.493  33.706 528.0000000000
16385  23.614  54.850  -36.445 529.0000000000
16426  46.813  6.021  19.928 530.0000000000
15413  18.479  49.846  34.312 532.0000000000
16507  30.687  -76.269  -29.557 533.0000000000
17465  34.744  -24.958  -31.779 534.0000000000
18836  12.809  61.572  3.348 537.0000000000
19389  44.133  26.676  -51.439 538.0000000000
20516  50.953  5.183  15.388 539.0000000000
20501  47.980  -38.684  -36.247 540.0000000000
20756  13.342  74.688  -38.128 541.0000000000
20855  21.592  7.404  35.633 542.0000000000
20174  65.328  13.268  7.110 543.0000000000
20720  10.386  -40.227  2.453 544.0000000000
21244  5.299  45.341  -33.461 546.0000000000
21789  55.658  -7.773  -34.719 547.0000000000
22723  26.054  -71.469  -31.526 548.0000000000
22778  7.914  -8.404  -5.417 549.0000000000
24255  26.123  74.059  10.653 550.0000000000
24283  23.038  7.381  31.778 551.0000000000
24306  6.589  41.698  35.996 552.0000000000
25328  5.974  -66.049  -12.032 553.0000000000
25354  67.583  -17.722  -23.644 554.0000000000
25660  57.524  -21.030  -20.928 555.0000000000
65745  38.467  66.503  -28.778 556.0000000000
65746  32.621  -66.934  -36.990 557.0000000000
65773  56.878  -31.109  -42.510 558.0000000000
36326  46.697  41.666  17.522 559.0000000000
65784  7.945  -64.778  -25.234 561.0000000000
37312  26.460  50.889  10.897 562.0000000000
66128  14.053  81.916  -0.735 563.0000000000
66234  23.917  -67.053  -36.538 564.0000000000
66792  10.824  -68.116  15.104 565.0000000000
66579  30.240  -65.250  -29.521 566.0000000000
66924  13.376  -31.968  56.060 567.0000000000
66594  61.413  -15.789  24.747 568.0000000000
39552  6.392  51.360  -24.244 569.0000000000
67231  58.733  -29.231  -19.374 570.0000000000
66793  45.759  -47.121  3.875 571.0000000000
39324  14.000  57.224  -19.417 574.0000000000
67570  39.907  50.937  22.098 575.0000000000
67672  7.568  6.334  21.513 576.0000000000
67682  13.443  -40.003  18.863 577.0000000000
67235  55.173  12.553  -7.901 578.0000000000
67351  12.486  -3.660  17.001 579.0000000000
67776  35.454  49.857  22.304 581.0000000000
67833  38.401  -6.683  3.931 582.0000000000
67902  32.408  40.143  -16.209 583.0000000000
67834  14.589  -63.702  -34.045 584.0000000000
67932  50.518  21.657  -4.419 586.0000000000
67979  8.495  -44.900  34.760 587.0000000000
68086  28.723  -27.199  19.824 588.0000000000
68196  25.371  24.857  43.775 589.0000000000
68197  6.305  -61.031  -0.974 590.0000000000
68217  9.808  -65.997  21.279 591.0000000000
68228  45.540  -6.853  1.377 592.0000000000
68108  18.082  76.495  -23.698 593.0000000000
68210  46.183  -24.850  -10.657 594.0000000000
68257  67.156  -3.458  10.158 595.0000000000
68363  34.422  -17.046  22.200 596.0000000000
68373  10.370  76.609  -24.875 597.0000000000
68459  43.035  -39.234  -38.606 598.0000000000
68471  20.802  -52.708  39.711 599.0000000000
68481  62.335  6.935  16.426 600.0000000000
68574  7.813  -23.142  42.087 601.0000000000
68584  45.691  -15.053  -14.168 602.0000000000
35728  23.185  2.319  -48.089 603.0000000000
35749  23.986  0.607  -47.830 605.0000000000
35729  37.336  13.413  -13.855 607.0000000000
35727  22.904  1.242  -47.155 608.0000000000
35768  40.539  -4.134  -34.625 609.0000000000
36327  29.471  -53.663  17.681 611.0000000000
36353  58.824  20.260  16.875 612.0000000000
36544  54.757  -47.839  -25.786 613.0000000000
38552  43.140  -22.184  39.632 614.0000000000
37313  43.932  67.541  -27.046 615.0000000000
37335  53.297  -46.418  -12.431 616.0000000000
37701  44.999  30.412  23.020 617.0000000000
39554  19.912  49.302  25.427 619.0000000000
38595  50.645  -9.426  37.916 620.0000000000
38672  12.563  -61.153  -21.472 621.0000000000
39346  58.690  -2.031  -47.052 623.0000000000
40544  34.348  51.754  -26.820 624.0000000000
40569  58.848  5.551  -39.944 625.0000000000
39577  10.003  -20.838  39.820 626.0000000000
40903  57.592  6.095  -40.509 627.0000000000
39633  49.667  41.505  11.178 628.0000000000
40902  53.850  4.862  -14.463 630.0000000000
41425  65.482  -32.585  -21.409 631.0000000000
41497  54.232  -14.811  31.485 632.0000000000
41640  34.181  22.066  -60.807 633.0000000000
41851  39.367  6.210  -42.486 634.0000000000
42218  21.943  -47.571  -30.302 635.0000000000
42219  23.569  69.066  -33.161 636.0000000000
42288  44.813  -43.896  9.090 637.0000000000
42319  38.402  14.129  -25.699 638.0000000000
41913  37.610  -52.992  7.908 639.0000000000
42261  49.386  -31.220  33.284 640.0000000000
42711  34.997  9.077  -59.202 641.0000000000
42781  32.284  -66.509  10.903 642.0000000000
42843  38.612  -55.563  16.270 643.0000000000
42873  5.523  -44.561  2.858 645.0000000000
43190  6.369  -4.033  -37.708 646.0000000000
43245  48.468  52.920  -29.925 647.0000000000
43278  29.193  -79.012  -8.147 649.0000000000
43592  24.582  -6.999  47.118 650.0000000000
36369  45.225  15.827  -58.463 651.0000000000
36386  38.192  13.884  -17.969 652.0000000000
36471  10.754  -62.199  -8.901 653.0000000000
37347  5.603  8.670  16.981 654.0000000000
36428  47.728  0.932  3.449 655.0000000000
36558  49.961  16.366  28.285 656.0000000000
38553  4.996  -6.663  54.935 657.0000000000
38574  42.210  -21.982  40.208 658.0000000000
37715  50.508  1.321  3.345 660.0000000000
38532  35.387  0.775  1.307 661.0000000000
64088  34.147  4.420  -43.719 662.0000000000
39553  6.735  52.165  -23.662 663.0000000000
39567  51.507  19.299  -35.160 664.0000000000
38623  43.701  43.156  -16.372 665.0000000000
38688  27.792  16.238  -62.859 666.0000000000
40543  35.418  50.545  -28.049 668.0000000000
40557  47.342  19.904  11.053 669.0000000000
40584  58.253  4.789  -39.970 670.0000000000
39595  25.730  67.510  -30.489 671.0000000000
39645  45.823  -26.015  6.522 672.0000000000
40929  55.956  -13.019  -13.938 673.0000000000
41442  40.698  -46.104  -14.210 674.0000000000
41513  5.608  -44.412  1.740 675.0000000000
65084  66.275  12.107  -0.194 676.0000000000
41656  13.040  -38.311  2.946 677.0000000000
41866  51.525  -30.356  32.768 679.0000000000
42220  45.441  -44.782  10.304 680.0000000000
42240  33.816  22.090  -62.500 681.0000000000
42304  11.216  -14.594  31.726 682.0000000000
42334  44.820  8.297  -58.789 683.0000000000
41928  53.009  56.575  -23.161 684.0000000000
42274  41.336  40.767  9.068 685.0000000000
42723  61.225  -41.902  -20.756 686.0000000000
42800  51.878  -28.972  31.816 687.0000000000
42860  30.508  -54.896  16.378 688.0000000000
42889  31.183  -46.287  -14.473 689.0000000000
43204  24.153  -9.954  33.148 690.0000000000
43266  6.626  66.372  23.004 691.0000000000
43287  17.706  -45.523  -15.810 692.0000000000
62723  9.181  72.657  -29.135 693.0000000000
62735  67.874  -5.799  -29.537 695.0000000000
63233  37.715  -31.807  -32.947 696.0000000000
62724  43.270  54.054  12.319 697.0000000000
62722  47.360  -52.435  -13.016 698.0000000000
62746  67.887  -9.118  -4.997 699.0000000000
63690  36.245  4.080  -43.179 700.0000000000
63698  28.300  58.418  9.658 701.0000000000
63249  11.288  -37.794  7.166 702.0000000000
63342  13.627  8.152  -33.993 703.0000000000
63680  11.203  76.953  -4.898 704.0000000000
64106  27.883  23.654  -52.259 706.0000000000
64142  48.990  -16.902  31.026 707.0000000000
64143  64.286  -4.892  17.221 708.0000000000
63702  38.731  -0.171  16.738 709.0000000000
63845  50.809  4.769  -44.624 710.0000000000
64105  3.816  -11.445  52.265 712.0000000000
25249  41.158  -32.815  -0.103 713.0000000000
25258  28.609  62.306  -5.485 714.0000000000
64281  46.056  3.067  14.100 715.0000000000
64525  11.981  -71.899  16.607 716.0000000000
64894  30.196  -16.876  30.166 717.0000000000
28249  38.848  58.002  -7.688 718.0000000000
65078  52.670  -49.709  -6.165 719.0000000000
65122  11.603  66.911  -25.759 721.0000000000
65247  39.160  -39.491  -29.615 723.0000000000
30146  39.608  -43.231  -36.843 724.0000000000
65447  4.511  -23.191  49.997 725.0000000000
65448  32.342  4.521  -47.081 726.0000000000
65473  10.306  71.190  -40.749 727.0000000000
65489  54.255  -0.237  -45.224 728.0000000000
65300  13.253  -13.629  43.598 729.0000000000
65465  61.266  -35.344  -0.794 730.0000000000
65972  51.137  39.225  -5.174 731.0000000000
65987  58.509  -26.383  22.291 733.0000000000
66288  57.480  -18.822  16.410 734.0000000000
66300  44.220  -9.606  46.133 735.0000000000
66318  4.528  55.467  -43.206 737.0000000000
66491  37.779  9.458  -0.898 738.0000000000
66520  19.777  81.116  -2.972 739.0000000000
20971  52.185  34.603  19.517 742.0000000000
20973  38.659  -74.825  -17.691 743.0000000000
21066  40.621  -58.491  -7.877 744.0000000000
21127  7.952  50.210  25.475 745.0000000000
20639  53.833  21.197  -31.203 746.0000000000
20956  17.647  -66.934  -26.490 747.0000000000
23197  56.652  -39.527  23.472 748.0000000000
23199  60.475  -25.347  -36.022 749.0000000000
21021  26.668  -15.170  50.562 750.0000000000
21179  31.222  2.552  36.414 751.0000000000
23102  41.971  66.980  -30.113 752.0000000000
23117  7.875  18.108  -37.478 753.0000000000
25205  37.967  14.247  -0.742 754.0000000000
25248  41.295  -42.973  -29.591 755.0000000000
25330  46.911  50.313  -5.826 756.0000000000
25355  67.324  -16.599  -24.343 757.0000000000
23245  11.047  71.361  -16.824 758.0000000000
23631  44.579  64.265  -15.645 759.0000000000
25692  22.922  20.634  29.015 763.0000000000
27220  35.751  47.486  -37.611 764.0000000000
29180  6.538  -50.903  32.352 766.0000000000
29237  11.014  -62.514  -0.646 767.0000000000
32825  8.071  -32.492  -9.345 769.0000000000
34356  9.342  25.377  35.748 771.0000000000
34357  9.146  25.487  34.599 772.0000000000
34381  20.552  -30.017  38.107 773.0000000000
34413  25.790  -67.213  23.607 774.0000000000
33120  10.575  -52.285  19.756 775.0000000000
32048  21.086  -41.923  49.696 776.0000000000
29453  24.890  69.495  -24.051 777.0000000000
29455  42.677  -32.654  -4.246 778.0000000000
35825  47.646  -37.193  -40.364 779.0000000000
36049  26.874  -43.074  16.553 780.0000000000
36079  9.149  -64.683  -31.392 781.0000000000
36572  27.292  1.694  -49.335 782.0000000000
36601  35.834  3.478  23.045 783.0000000000
36616  51.826  -7.218  -46.096 784.0000000000
36617  3.047  -4.549  -34.343 785.0000000000
19006  16.381  1.635  21.112 787.0000000000
59051  17.680  -51.374  -7.684 788.0000000000
72275  21.849  57.688  -32.640 789.0000000000
20972  19.313  -75.672  6.663 790.0000000000
20994  29.981  -47.363  -11.843 791.0000000000
21097  54.934  -17.010  21.878 792.0000000000
21159  46.191  -30.772  -42.420 793.0000000000
23155  8.211  32.058  12.961 795.0000000000
59870  16.343  32.342  -38.669 796.0000000000
23198  41.857  -36.157  8.876 797.0000000000
23223  10.123  70.483  -17.211 798.0000000000
21043  24.113  62.365  -0.650 799.0000000000
72328  53.832  13.063  19.250 800.0000000000
21207  22.506  30.126  46.356 801.0000000000
23178  44.253  -34.062  -34.310 802.0000000000
25228  12.534  27.175  49.093 803.0000000000
25309  48.223  51.070  -6.095 804.0000000000
25347  46.870  50.806  -6.482 805.0000000000
23266  27.560  -42.128  0.604 807.0000000000
23650  9.861  -51.262  39.876 808.0000000000
25706  52.475  1.902  -53.406 809.0000000000
27236  13.982  21.693  27.485 810.0000000000
28224  9.684  31.315  24.686 811.0000000000
29236  6.333  33.627  6.984 813.0000000000
29849  42.920  1.849  14.312 815.0000000000
32841  64.931  -33.488  -10.540 816.0000000000
30906  31.898  -61.105  -1.914 817.0000000000
34358  57.443  35.211  -1.962 818.0000000000
34382  39.816  -15.821  38.173 820.0000000000
34414  25.302  -66.884  24.403 821.0000000000
32863  51.338  18.392  -13.048 822.0000000000
30517  7.208  57.971  -31.344 824.0000000000
29454  48.707  -40.715  -8.256 825.0000000000
35806  18.901  78.380  -12.398 826.0000000000
35840  9.269  -41.739  -14.718 827.0000000000
36057  45.810  36.632  -45.076 828.0000000000
36587  31.488  -57.965  -26.142 831.0000000000
36655  10.614  -64.947  -33.584 832.0000000000
17261  27.012  10.944  -30.547 833.0000000000
58271  1.983  47.815  -11.141 834.0000000000
58310  20.337  3.153  -30.884 836.0000000000
58055  54.529  -49.875  9.221 837.0000000000
58064  7.032  31.260  -35.990 838.0000000000
18645  6.838  -61.995  9.379 839.0000000000
59079  52.761  55.850  -24.561 840.0000000000
58270  37.233  -69.323  -24.106 841.0000000000
58269  6.297  30.143  -24.900 842.0000000000
58324  25.250  -59.250  29.322 843.0000000000
19407  21.685  -56.449  -30.048 845.0000000000
59869  56.456  13.600  14.196 846.0000000000
59899  2.782  0.496  -32.806 847.0000000000
59929  15.907  60.266  -4.442 848.0000000000
59080  28.388  -47.492  22.279 849.0000000000
59087  14.624  52.983  26.220 850.0000000000
59162  54.263  -49.763  7.663 851.0000000000
60139  61.831  -21.864  10.420 852.0000000000
59879  38.294  3.172  -9.941 854.0000000000
59906  38.368  -63.680  -7.705 855.0000000000
59934  37.820  9.103  -27.796 856.0000000000
60138  38.812  -24.965  16.088 858.0000000000
60147  37.264  2.733  -10.023 859.0000000000
60847  25.915  9.217  -29.238 860.0000000000
60855  7.214  53.310  16.505 861.0000000000
61518  15.161  -34.749  0.678 862.0000000000
62186  55.833  24.108  -47.227 863.0000000000
62996  57.475  9.304  10.016 864.0000000000
63069  14.582  -73.621  -33.541 865.0000000000
63070  42.737  37.332  1.779 866.0000000000
64167  18.632  -39.673  -27.010 867.0000000000
64175  55.097  28.806  -31.012 868.0000000000
64224  4.829  -5.526  -29.620 869.0000000000
64372  45.445  -55.527  -9.482 870.0000000000
64168  12.122  -22.797  54.810 872.0000000000
64169  7.992  44.585  21.220 873.0000000000
64213  65.673  3.849  -21.746 874.0000000000
64248  3.286  -4.862  -29.668 875.0000000000
64448  5.203  -42.561  1.740 876.0000000000
27881  10.893  -15.649  46.596 877.0000000000
64586  39.349  10.264  -48.715 879.0000000000
64762  40.258  -1.636  24.227 880.0000000000
64777  56.721  3.474  -22.498 881.0000000000
28725  22.107  80.150  -0.034 882.0000000000
16223  30.204  28.182  -55.813 885.0000000000
17243  26.553  10.356  -30.039 887.0000000000
17348  50.499  51.271  9.197 888.0000000000
17349  49.456  52.224  9.300 889.0000000000
16225  17.175  50.045  33.914 890.0000000000
17244  27.868  8.498  -30.054 893.0000000000
18442  53.559  12.229  21.342 894.0000000000
18632  1.965  6.515  -18.917 895.0000000000
17370  39.644  -68.744  -23.092 896.0000000000
17350  26.349  -45.282  4.255 897.0000000000
17725  13.147  -43.778  32.973 898.0000000000
17802  6.512  40.692  32.072 899.0000000000
18458  55.134  -17.460  23.628 900.0000000000
18443  40.704  15.163  -64.283 901.0000000000
19729  43.369  -31.614  30.062 902.0000000000
19815  15.766  -22.655  16.621 903.0000000000
19886  5.415  -38.199  26.825 904.0000000000
18633  1.780  5.336  -17.924 906.0000000000
18919  42.806  -58.852  -5.697 908.0000000000
19392  1.137  38.721  -11.926 910.0000000000
19730  7.993  52.801  -41.841 911.0000000000
19816  16.484  -23.774  16.402 912.0000000000
19887  25.903  -31.192  30.718 913.0000000000
20276  2.329  -0.863  -26.125 915.0000000000
20819  0.876  45.306  -10.103 916.0000000000
21857  32.894  67.219  -10.513 917.0000000000
22923  51.301  -45.821  0.416 918.0000000000
23246  10.649  -33.368  2.796 919.0000000000
24308  8.918  -51.776  27.439 920.0000000000
25250  40.702  -33.655  1.457 921.0000000000
26317  24.435  -52.323  26.053 923.0000000000
27237  5.670  32.894  8.372 924.0000000000
27238  23.118  40.202  30.964 925.0000000000
27297  31.681  46.709  -37.774 926.0000000000
27343  22.544  41.385  31.446 927.0000000000
27277  37.000  -13.746  2.503 929.0000000000
27426  12.534  55.770  26.515 930.0000000000
28195  39.884  -40.192  18.682 932.0000000000
28369  39.352  69.931  -24.270 935.0000000000
28684  34.300  -59.706  -7.447 936.0000000000
28724  17.978  74.736  6.519 937.0000000000
16224  30.993  27.843  -55.070 939.0000000000
67122  32.479  -7.299  38.153 942.0000000000
71997  24.683  2.555  -32.291 943.0000000000
67514  8.864  -14.183  37.746 944.0000000000
67555  60.773  -29.545  -19.666 945.0000000000
72059  40.163  -25.525  16.869 946.0000000000
17389  43.713  -49.053  -24.632 947.0000000000
17390  12.358  65.944  -4.427 948.0000000000
67143  32.563  -22.226  43.658 951.0000000000
18476  51.461  4.961  17.419 953.0000000000
72010  54.446  -30.484  27.711 954.0000000000
72353  45.485  -13.967  -38.380 955.0000000000
72060  56.160  8.156  8.302 956.0000000000
18800  42.721  -7.553  3.114 957.0000000000
17688  13.608  10.733  23.954 958.0000000000
17866  6.159  -2.323  30.281 959.0000000000
18588  13.427  40.521  -42.335 961.0000000000
19768  49.506  -38.135  -23.089 962.0000000000
19852  16.756  -15.458  51.259 963.0000000000
19921  46.660  -17.719  21.870 964.0000000000
18837  16.223  52.559  4.282 965.0000000000
18903  8.962  72.522  -33.357 966.0000000000
20261  21.364  7.827  36.254 967.0000000000
20791  39.769  -6.554  -34.622 968.0000000000
21837  39.725  -57.715  -7.624 969.0000000000
22904  13.379  -64.193  -8.336 970.0000000000
23224  10.646  71.993  -16.213 971.0000000000
24296  20.418  -48.450  -12.406 972.0000000000
25229  38.414  -71.321  -33.822 973.0000000000
69700  32.207  -72.247  -8.084 975.0000000000
27239  23.339  41.509  32.192 977.0000000000
27252  37.010  -14.989  1.647 979.0000000000
27320  55.887  42.770  2.063 980.0000000000
27364  36.518  14.504  -4.777 981.0000000000
27260  40.662  11.688  -49.398 984.0000000000
27414  64.713  13.855  -5.770 985.0000000000
27866  37.650  -8.689  -10.036 986.0000000000
28184  40.624  -38.953  18.444 987.0000000000
28212  32.328  59.567  -28.273 988.0000000000
28382  13.855  -81.054  -13.753 989.0000000000
28704  46.155  -35.239  -40.953 990.0000000000
54615  44.633  26.604  0.429 991.0000000000
67528  35.035  -7.450  37.773 996.0000000000
67556  8.232  -15.521  -12.540 998.0000000000
67571  17.332  62.120  -34.957 999.0000000000
67020  22.658  -69.465  13.631 1000.0000000000
67540  58.335  3.099  -32.043 1002.0000000000
67873  48.282  -39.304  -36.723 1003.0000000000
67563  55.871  -47.023  1.463 1004.0000000000
67941  39.118  -57.304  -15.254 1005.0000000000
67663  56.328  21.027  -44.031 1006.0000000000
67942  39.837  -17.413  45.382 1007.0000000000
67948  44.327  -6.936  37.766 1008.0000000000
68223  21.379  -52.894  40.416 1009.0000000000
57463  56.379  -19.208  32.926 1010.0000000000
57905  37.498  -14.165  -37.603 1011.0000000000
68465  42.496  53.251  -11.300 1012.0000000000
68731  12.104  -18.046  46.369 1014.0000000000
58508  31.616  69.750  -2.807 1016.0000000000
68984  29.588  -20.980  -24.916 1017.0000000000
69239  37.976  72.981  -1.699 1020.0000000000
69263  7.018  81.592  -20.672 1021.0000000000
69476  62.022  -34.549  -12.543 1022.0000000000
69481  34.084  73.021  -2.367 1023.0000000000
69946  60.123  -16.515  14.057 1025.0000000000
69696  46.890  26.203  -57.224 1026.0000000000
70199  23.868  4.908  44.701 1030.0000000000
69947  58.121  -16.199  15.058 1031.0000000000
69950  57.606  -16.767  13.304 1032.0000000000
70198  35.734  -17.138  38.456 1035.0000000000
61492  5.278  12.621  13.722 1036.0000000000
70249  56.649  -0.781  -13.613 1037.0000000000
70288  11.964  -43.353  40.322 1038.0000000000
61728  26.279  76.894  -1.158 1039.0000000000
70290  53.984  -15.424  -25.927 1041.0000000000
70373  68.248  -15.490  -27.681 1042.0000000000
27366  28.868  26.566  -61.705 1045.0000000000
27381  59.663  -0.326  14.556 1046.0000000000
54571  57.171  1.043  -22.027 1047.0000000000
55411  13.149  -78.034  2.982 1048.0000000000
55471  8.826  -55.909  -2.698 1049.0000000000
55492  65.258  -2.328  -18.339 1050.0000000000
55494  53.153  24.811  -27.533 1051.0000000000
55521  53.364  3.586  2.451 1052.0000000000
54616  43.867  25.434  0.266 1053.0000000000
54614  44.702  25.575  -0.331 1054.0000000000
56078  52.951  55.284  -16.521 1057.0000000000
56103  23.420  17.969  -48.499 1058.0000000000
55493  34.102  5.906  47.952 1059.0000000000
55504  68.696  -5.810  -12.754 1060.0000000000
55531  41.818  -39.198  -13.793 1061.0000000000
55737  18.061  -72.326  -18.656 1062.0000000000
56118  4.343  56.725  -45.125 1063.0000000000
29415  43.011  40.174  25.954 1064.0000000000
56394  26.389  22.492  25.685 1065.0000000000
56946  7.495  30.782  -33.355 1067.0000000000
57462  30.120  -34.359  19.405 1070.0000000000
57904  15.237  -31.760  -20.760 1072.0000000000
57915  8.819  -48.448  11.779 1073.0000000000
58568  1.511  27.219  -8.482 1076.0000000000
59088  6.523  -54.269  -8.927 1077.0000000000
59065  52.381  55.300  -25.285 1079.0000000000
59640  17.730  -54.529  -9.923 1082.0000000000
59647  42.187  -43.970  -12.515 1083.0000000000
36186  45.835  -65.632  -32.325 1084.0000000000
61024  21.712  -84.022  -11.692 1085.0000000000
61039  24.937  9.271  -28.784 1086.0000000000
60305  4.260  20.763  -23.290 1087.0000000000
61025  13.476  76.315  3.627 1090.0000000000
61026  9.834  -34.328  0.541 1091.0000000000
61422  61.327  -34.705  11.121 1092.0000000000
39066  9.236  51.454  -24.690 1093.0000000000
61486  26.511  -55.081  -14.837 1095.0000000000
61695  37.567  -66.313  -22.956 1096.0000000000
61710  22.862  -32.783  43.031 1097.0000000000
40021  26.644  35.419  -37.114 1098.0000000000
61722  10.380  -0.748  18.069 1100.0000000000
27298  39.839  61.331  -8.138 1104.0000000000
27967  20.628  30.577  36.231 1105.0000000000
28289  11.524  28.099  49.057 1106.0000000000
28291  8.544  -66.466  16.270 1107.0000000000
27367  30.997  31.551  24.987 1108.0000000000
27365  27.941  21.672  26.522 1109.0000000000
27398  31.983  6.889  28.055 1110.0000000000
28252  37.443  65.416  -23.153 1111.0000000000
29121  38.977  -38.539  -32.241 1112.0000000000
29373  26.184  70.460  -25.113 1113.0000000000
29417  6.717  -56.430  30.907 1115.0000000000
28290  10.621  28.007  49.350 1116.0000000000
28308  47.345  -61.258  -0.104 1117.0000000000
28480  8.497  10.572  10.981 1118.0000000000
30482  12.700  -18.259  16.520 1120.0000000000
29416  42.442  40.240  25.871 1121.0000000000
29434  33.642  -50.610  -33.073 1122.0000000000
29467  35.727  -49.018  -33.827 1123.0000000000
29835  21.526  37.397  -36.976 1124.0000000000
31458  7.111  64.778  -26.896 1126.0000000000
32412  43.446  -48.816  -36.390 1127.0000000000
33365  33.252  -11.699  -0.430 1128.0000000000
34341  48.005  -64.811  -26.931 1129.0000000000
34370  4.190  -22.039  48.625 1130.0000000000
37190  50.393  30.912  24.802 1132.0000000000
37191  0.504  42.055  -15.473 1133.0000000000
37259  4.428  -14.915  -7.119 1134.0000000000
37285  0.851  1.564  3.026 1135.0000000000
37240  5.050  -14.858  -6.788 1137.0000000000
38172  22.622  -52.627  14.228 1138.0000000000
39104  49.952  10.411  -7.366 1140.0000000000
39966  63.692  6.083  -38.741 1141.0000000000
39997  11.438  71.230  -42.774 1142.0000000000
26826  55.558  -22.581  -42.626 1145.0000000000
74023  35.820  41.987  -31.753 1146.0000000000
27966  20.113  26.108  43.339 1148.0000000000
28338  8.620  42.609  0.686 1149.0000000000
28354  9.221  56.600  -28.943 1150.0000000000
28415  43.114  -57.959  -15.842 1151.0000000000
28453  62.153  -28.810  -14.670 1152.0000000000
28265  7.345  53.985  25.796 1153.0000000000
29144  44.097  32.884  5.891 1154.0000000000
28383  20.982  41.211  29.811 1156.0000000000
28492  19.374  -24.594  57.559 1158.0000000000
29391  21.245  -35.462  2.368 1159.0000000000
30503  59.683  10.368  7.085 1160.0000000000
30813  14.367  46.375  -44.067 1161.0000000000
30844  41.294  30.693  31.829 1162.0000000000
65056  62.089  -37.596  2.215 1164.0000000000
29851  25.821  8.196  26.171 1165.0000000000
30908  53.315  -57.498  -20.035 1166.0000000000
31475  8.757  -18.501  13.268 1167.0000000000
32432  29.480  70.557  -29.634 1168.0000000000
33381  4.551  36.974  -22.376 1169.0000000000
34383  2.558  -13.259  -3.987 1171.0000000000
37192  41.911  -60.045  -17.456 1173.0000000000
37211  37.285  -59.265  -16.445 1174.0000000000
37271  34.382  -33.845  44.452 1175.0000000000
36198  2.988  14.496  -14.842 1176.0000000000
37223  60.067  21.252  15.382 1178.0000000000
38152  12.092  -48.180  36.400 1179.0000000000
39051  15.437  58.809  -42.123 1180.0000000000
67708  7.994  56.835  -7.496 1181.0000000000
39086  41.388  -1.073  -45.280 1182.0000000000
39946  64.120  6.650  -38.393 1183.0000000000
39988  47.324  24.335  -4.235 1184.0000000000
40011  26.634  -32.425  -16.624 1185.0000000000
40794  34.797  21.001  -58.688 1186.0000000000
40817  35.268  68.540  -32.528 1187.0000000000
64030  20.979  35.608  33.851 1190.0000000000
21791  40.196  0.374  -35.177 1191.0000000000
64521  15.980  -15.828  30.930 1192.0000000000
64557  8.047  44.219  20.387 1193.0000000000
64669  25.451  -38.209  3.740 1194.0000000000
64918  16.362  -17.065  31.934 1195.0000000000
64924  58.276  -44.496  -23.979 1196.0000000000
65045  24.754  -3.243  -38.966 1197.0000000000
64573  48.934  -40.887  25.917 1198.0000000000
64688  6.481  -6.436  17.889 1199.0000000000
65035  34.388  22.969  -54.425 1200.0000000000
65240  10.734  -82.428  -11.632 1201.0000000000
65251  58.959  12.288  0.021 1202.0000000000
65273  11.085  69.271  -19.017 1203.0000000000
65405  49.149  -31.374  -41.838 1204.0000000000
65080  46.263  -39.537  -30.316 1206.0000000000
65433  28.407  8.580  -50.344 1207.0000000000
65661  34.741  10.230  -50.590 1208.0000000000
65958  50.748  38.281  -5.627 1209.0000000000
66173  16.117  -49.971  -7.796 1210.0000000000
66476  48.847  39.228  -6.168 1212.0000000000
28845  14.902  -51.488  30.630 1213.0000000000
67136  48.871  -39.974  -35.766 1214.0000000000
67137  15.732  -11.201  42.361 1215.0000000000
67237  39.589  -63.868  -30.169 1216.0000000000
67248  31.708  -22.317  43.794 1217.0000000000
67232  15.767  -16.856  48.251 1219.0000000000
67427  47.089  11.516  -8.195 1220.0000000000
67612  36.895  -64.146  -32.560 1221.0000000000
67719  6.391  -23.147  43.094 1223.0000000000
68013  12.361  6.726  19.708 1224.0000000000
68019  43.305  -7.813  37.907 1225.0000000000
68024  34.049  9.576  -4.506 1226.0000000000
68126  49.893  -11.159  41.423 1227.0000000000
68135  57.867  -38.467  -6.224 1228.0000000000
19997  9.338  12.177  19.812 1229.0000000000
19837  16.155  -17.899  -18.428 1230.0000000000
20773  36.790  22.724  -31.737 1231.0000000000
20757  43.542  -2.243  27.976 1232.0000000000
21838  5.875  53.983  -46.049 1233.0000000000
21860  31.907  -44.628  31.304 1234.0000000000
22188  49.365  22.230  -33.986 1235.0000000000
21772  5.221  4.630  15.035 1237.0000000000
22828  9.983  16.733  -36.446 1238.0000000000
21877  16.730  1.496  -37.136 1239.0000000000
22235  25.685  -38.257  -24.743 1240.0000000000
22809  45.491  -67.464  -28.464 1241.0000000000
23787  8.333  -73.312  -33.107 1242.0000000000
23825  32.132  46.597  25.050 1243.0000000000
23871  22.427  71.518  -18.230 1244.0000000000
23904  68.926  -16.474  -22.553 1245.0000000000
22863  27.050  -36.185  -33.517 1246.0000000000
22925  20.036  -39.984  -25.049 1247.0000000000
24139  12.075  75.604  11.234 1248.0000000000
24726  48.151  64.665  -18.685 1249.0000000000
25331  43.014  -54.203  27.329 1250.0000000000
26292  48.001  31.701  27.089 1251.0000000000
27253  36.607  -14.364  1.925 1252.0000000000
27279  40.130  -9.468  -44.820 1253.0000000000
28821  21.432  79.917  -0.745 1254.0000000000
28089  36.314  47.761  17.263 1255.0000000000
29468  29.546  73.652  4.280 1256.0000000000
29487  57.038  43.570  -1.021 1257.0000000000
29488  53.358  -43.234  22.924 1258.0000000000
28822  39.325  -16.755  -27.712 1259.0000000000
14092  5.643  -25.898  29.836 1261.0000000000
14094  37.342  -6.596  -27.998 1262.0000000000
30716  53.621  13.393  -7.401 1263.0000000000
30763  6.907  74.594  3.747 1264.0000000000
31010  45.428  -8.664  -11.350 1265.0000000000
31612  55.198  -48.027  -21.913 1266.0000000000
31658  42.090  5.258  2.979 1267.0000000000
31689  28.017  41.809  24.396 1268.0000000000
31993  13.391  -80.847  -20.690 1269.0000000000
32023  14.871  30.817  18.876 1270.0000000000
32049  20.098  -41.949  49.638 1271.0000000000
21163  17.015  -70.763  -29.075 1272.0000000000
21839  8.780  51.900  -0.912 1273.0000000000
21840  24.886  84.065  -16.512 1274.0000000000
22167  4.046  1.203  -36.735 1275.0000000000
21808  65.667  -17.448  -20.873 1276.0000000000
22829  10.398  17.025  -35.660 1277.0000000000
21878  29.200  11.598  -32.479 1278.0000000000
22795  35.082  -43.352  29.070 1280.0000000000
23768  57.204  14.132  1.375 1281.0000000000
23806  8.869  -72.124  -33.924 1282.0000000000
23844  35.559  51.665  -3.324 1283.0000000000
23892  19.038  10.810  -44.922 1284.0000000000
22864  41.263  -11.143  -39.066 1285.0000000000
22906  35.934  52.759  -2.514 1286.0000000000
23956  23.516  -1.899  -30.905 1287.0000000000
24700  9.944  -13.636  52.595 1288.0000000000
25311  43.662  -53.900  26.897 1289.0000000000
26271  42.470  -7.318  -38.430 1290.0000000000
27240  33.699  -61.708  -5.952 1291.0000000000
27262  40.973  10.676  -48.184 1292.0000000000
27926  38.765  64.187  -23.947 1294.0000000000
29489  59.912  -37.813  16.120 1296.0000000000
29508  27.714  7.752  -30.092 1297.0000000000
15742  33.222  -51.754  -32.150 1299.0000000000
14093  37.332  -21.673  -29.427 1300.0000000000
30688  6.915  -9.913  56.597 1301.0000000000
30738  12.781  -10.472  54.613 1302.0000000000
30778  7.376  73.900  3.731 1303.0000000000
31585  50.451  -3.972  -31.522 1304.0000000000
31638  18.198  -15.520  42.151 1305.0000000000
31674  24.259  67.560  -20.617 1306.0000000000
31713  13.140  27.285  41.519 1307.0000000000
32008  6.650  29.511  29.770 1308.0000000000
32032  58.173  -20.101  -26.926 1309.0000000000
57027  45.544  3.197  -1.506 1310.0000000000
15127  19.238  -52.780  -30.777 1311.0000000000
57429  20.634  -69.749  -22.284 1312.0000000000
57473  25.889  50.687  -27.723 1313.0000000000
57299  33.687  -39.738  -16.868 1314.0000000000
57827  40.165  -12.959  17.511 1315.0000000000
57451  50.146  17.451  22.634 1317.0000000000
57945  29.612  -6.331  28.676 1320.0000000000
58382  62.197  0.829  -36.181 1321.0000000000
58403  31.532  4.593  -32.715 1322.0000000000
58404  37.702  29.388  -26.513 1323.0000000000
57885  46.607  13.347  -48.801 1324.0000000000
58065  19.752  -59.661  29.642 1325.0000000000
58641  14.777  -45.820  48.311 1326.0000000000
59114  6.787  53.539  27.261 1327.0000000000
59449  9.600  81.990  -13.160 1328.0000000000
59722  52.057  -39.650  -18.583 1329.0000000000
59989  30.979  -26.695  -32.373 1330.0000000000
60171  39.291  -62.372  -18.950 1331.0000000000
60433  54.969  -29.553  -0.992 1332.0000000000
61205  14.892  2.304  19.792 1334.0000000000
61206  42.788  7.490  36.689 1335.0000000000
61381  14.749  -35.391  10.983 1336.0000000000
60837  35.424  -47.683  16.002 1337.0000000000
61366  23.542  32.492  -41.215 1338.0000000000
61704  57.523  -22.798  -41.343 1339.0000000000
62109  11.964  -85.162  -16.487 1340.0000000000
62121  51.026  28.726  -19.367 1341.0000000000
62136  45.044  -0.017  16.979 1342.0000000000
62358  47.575  37.764  2.860 1343.0000000000
62369  20.234  30.432  -38.046 1344.0000000000
62378  19.833  -47.015  14.408 1345.0000000000
62512  38.398  48.481  -21.844 1346.0000000000
62536  8.019  30.521  -38.370 1347.0000000000
62550  21.849  -70.968  -34.021 1348.0000000000
15129  27.613  78.438  -31.519 1350.0000000000
15222  12.610  76.576  -31.576 1351.0000000000
14868  48.077  -28.482  0.307 1352.0000000000
15706  11.730  -56.359  -23.905 1353.0000000000
15789  7.032  59.490  -14.731 1354.0000000000
15168  15.109  -6.960  -27.918 1355.0000000000
15267  24.598  16.470  -31.256 1356.0000000000
15743  7.064  58.013  -14.229 1357.0000000000
16318  38.898  67.784  -4.422 1358.0000000000
16641  53.338  -1.513  -20.763 1359.0000000000
16677  48.974  51.754  10.208 1360.0000000000
16143  7.877  21.653  46.327 1361.0000000000
16171  30.530  35.752  -7.785 1362.0000000000
16754  21.768  -14.004  55.582 1363.0000000000
17246  27.734  16.044  -32.081 1364.0000000000
17726  14.393  -43.415  -23.680 1365.0000000000
18344  26.905  -14.914  51.547 1366.0000000000
19330  40.918  -23.357  16.014 1367.0000000000
19645  42.940  24.335  -54.538 1368.0000000000
20841  56.268  44.468  -11.323 1369.0000000000
21809  65.615  -16.236  -21.411 1371.0000000000
21810  63.739  -17.487  -21.534 1372.0000000000
21251  45.024  59.014  -21.801 1373.0000000000
21841  42.049  -38.535  -25.451 1375.0000000000
22796  32.432  -43.822  -26.457 1376.0000000000
23845  36.681  -53.942  28.993 1377.0000000000
23893  18.855  11.290  -44.085 1378.0000000000
23929  0.569  45.473  -12.484 1379.0000000000
24701  60.208  6.122  11.344 1380.0000000000
24780  58.660  -26.818  -36.198 1381.0000000000
24810  8.463  26.181  49.692 1382.0000000000
24846  26.559  2.441  33.479 1383.0000000000
24879  33.311  17.416  -39.219 1384.0000000000
15128  47.997  -49.193  -23.980 1385.0000000000
15149  20.046  -51.910  -30.562 1386.0000000000
15243  44.911  65.396  -3.126 1387.0000000000
14896  48.238  59.602  -12.902 1388.0000000000
15728  37.892  -43.553  35.118 1389.0000000000
15790  14.129  -42.214  -19.960 1390.0000000000
15201  41.524  71.857  -10.370 1391.0000000000
15287  14.779  -54.094  42.733 1392.0000000000
15765  39.327  -72.131  -24.968 1393.0000000000
16335  30.494  -44.670  34.284 1394.0000000000
16659  23.940  17.024  -30.791 1395.0000000000
16698  28.893  23.739  27.197 1396.0000000000
16154  59.297  -38.925  -20.471 1397.0000000000
16194  30.343  39.257  -8.253 1398.0000000000
16766  22.425  68.543  -4.415 1399.0000000000
17262  61.221  13.005  -37.751 1400.0000000000
17747  33.916  71.923  -12.128 1401.0000000000
19355  12.466  -18.446  23.271 1403.0000000000
19672  52.864  -25.627  25.772 1404.0000000000
56692  42.885  -34.653  20.567 1405.0000000000
20860  26.609  -73.204  -16.182 1407.0000000000
21823  30.539  60.823  -1.318 1409.0000000000
21811  18.410  -14.237  50.940 1410.0000000000
21879  29.627  26.001  -58.592 1411.0000000000
21861  41.925  -37.493  -25.516 1413.0000000000
22810  25.716  40.378  38.012 1414.0000000000
23872  9.931  -32.702  2.075 1415.0000000000
23905  31.971  -7.628  -6.404 1416.0000000000
23944  53.141  -35.745  8.353 1417.0000000000
24727  48.350  65.466  -18.222 1418.0000000000
24797  12.374  -72.651  -34.422 1420.0000000000
24832  39.015  -49.569  -28.516 1421.0000000000
24864  13.688  24.961  49.587 1422.0000000000
54186  55.898  -41.403  22.915 1423.0000000000
54187  54.286  -42.769  23.293 1424.0000000000
54232  38.275  3.614  3.057 1425.0000000000
54009  31.790  29.681  -10.861 1426.0000000000
54529  37.670  43.268  -36.365 1427.0000000000
54572  52.398  13.689  -41.506 1428.0000000000
54201  35.205  -21.314  21.451 1429.0000000000
54260  52.495  14.997  -9.923 1430.0000000000
54550  28.851  -40.555  -12.192 1431.0000000000
4384  5.712  -45.359  38.586 1432.0000000000
54923  13.931  -36.645  -22.072 1433.0000000000
54603  17.685  55.533  -39.328 1435.0000000000
54813  31.372  -59.325  -35.110 1436.0000000000
55148  40.297  -6.860  -8.878 1437.0000000000
55234  52.375  22.393  28.343 1438.0000000000
55739  40.629  -55.242  -4.579 1440.0000000000
55843  52.824  31.268  -31.830 1442.0000000000
56351  31.140  63.615  3.802 1445.0000000000
56655  10.612  49.925  -27.603 1447.0000000000
56656  11.071  -20.171  20.173 1448.0000000000
56372  43.113  33.041  -43.198 1450.0000000000
56682  42.040  -33.953  21.160 1451.0000000000
57177  12.527  -32.619  55.478 1452.0000000000
57484  13.441  -34.786  19.950 1453.0000000000
57511  25.299  -41.011  46.992 1454.0000000000
57526  31.680  13.862  24.306 1455.0000000000
57886  41.074  20.930  -18.930 1456.0000000000
58038  53.400  39.661  13.765 1457.0000000000
58049  39.097  -69.805  -23.625 1458.0000000000
58066  39.352  48.982  -29.981 1459.0000000000
58080  39.368  30.042  -24.340 1460.0000000000
3308  44.087  0.766  39.655 1461.0000000000
3588  54.781  -40.681  17.280 1463.0000000000
3202  66.596  -26.118  -16.931 1464.0000000000
3309  2.082  15.357  -10.139 1465.0000000000
3589  22.856  67.215  11.195 1467.0000000000
3823  28.936  -35.320  -13.587 1468.0000000000
4316  26.842  64.143  10.267 1469.0000000000
4359  30.847  19.653  -54.452 1470.0000000000
4816  51.651  12.482  -25.440 1471.0000000000
4818  51.398  14.987  -46.640 1472.0000000000
4015  5.409  -57.272  9.817 1473.0000000000
3853  50.829  -8.960  18.028 1474.0000000000
4360  10.440  25.780  -26.097 1476.0000000000
4764  13.729  -58.511  11.417 1477.0000000000
4862  68.268  -6.324  -17.048 1478.0000000000
4949  27.071  39.240  -30.756 1480.0000000000
5524  51.000  -36.569  28.582 1481.0000000000
6041  7.013  -36.995  28.692 1483.0000000000
6551  53.209  9.454  -21.032 1485.0000000000
7043  26.535  -65.366  9.891 1487.0000000000
7641  40.148  64.946  5.071 1489.0000000000
7642  40.657  65.295  4.317 1490.0000000000
7997  38.625  -61.515  18.907 1491.0000000000
7488  6.247  64.411  7.602 1492.0000000000
8179  34.888  -1.325  -12.539 1494.0000000000
8661  51.869  -33.775  17.853 1495.0000000000
8692  26.245  29.725  -56.073 1496.0000000000
9181  22.810  -59.719  12.605 1498.0000000000
9222  48.427  46.274  -19.864 1499.0000000000
9249  22.709  62.597  14.389 1500.0000000000
9292  55.646  -12.403  28.316 1501.0000000000
9318  6.201  52.712  14.851 1502.0000000000
3221  6.926  -42.094  18.510 1506.0000000000
67575  9.251  61.047  -34.976 1507.0000000000
3840  31.071  -59.700  16.653 1508.0000000000
3310  1.809  16.348  -10.132 1509.0000000000
3697  60.941  22.971  -12.294 1510.0000000000
3984  23.846  74.778  -14.208 1511.0000000000
4335  9.353  26.289  -27.103 1512.0000000000
4426  30.567  -29.179  -23.049 1513.0000000000
4863  49.840  1.851  38.186 1514.0000000000
4817  51.523  11.322  -24.953 1515.0000000000
4833  23.372  -12.708  -29.410 1516.0000000000
4967  37.915  19.808  -55.227 1522.0000000000
5945  56.234  -6.241  -16.183 1524.0000000000
6465  49.234  -5.993  -18.726 1526.0000000000
6601  33.695  56.858  20.747 1528.0000000000
7061  52.593  24.695  -35.150 1529.0000000000
7666  33.419  -37.060  26.295 1531.0000000000
7643  16.455  -26.544  37.256 1532.0000000000
7998  30.737  -59.513  12.826 1533.0000000000
7504  5.392  -59.895  13.632 1534.0000000000
7970  64.610  7.724  -22.068 1536.0000000000
8386  15.349  44.504  9.842 1537.0000000000
8675  8.145  56.311  17.898 1538.0000000000
34648  24.644  -54.516  24.536 1540.0000000000
9180  28.324  -71.342  -15.652 1541.0000000000
9195  8.558  65.403  3.022 1542.0000000000
9238  18.297  3.304  44.534 1543.0000000000
9272  66.561  -21.608  -23.853 1544.0000000000
9319  6.769  51.545  15.174 1545.0000000000
23588  30.092  -56.548  -34.407 1546.0000000000
24366  31.518  -6.555  -36.718 1547.0000000000
23977  57.242  -39.608  22.338 1548.0000000000
23699  62.334  18.699  3.875 1550.0000000000
24309  9.267  -50.757  26.273 1551.0000000000
24364  56.612  -17.981  -23.475 1552.0000000000
23979  39.364  -34.227  -35.764 1554.0000000000
24332  6.983  50.269  -3.379 1555.0000000000
24811  42.048  35.777  -11.997 1556.0000000000
24847  33.435  7.088  31.194 1557.0000000000
24881  13.066  25.544  50.049 1558.0000000000
24398  42.313  -14.332  5.840 1559.0000000000
24944  7.291  -76.347  0.011 1561.0000000000
25951  12.317  -44.904  27.433 1562.0000000000
28443  19.076  -70.484  20.797 1564.0000000000
30798  41.436  -50.399  -35.308 1566.0000000000
31889  35.340  -64.062  -20.749 1568.0000000000
33778  54.246  -20.154  -40.451 1569.0000000000
33795  10.678  -18.166  7.245 1571.0000000000
33823  29.308  63.916  -29.157 1572.0000000000
33777  54.443  -19.146  -41.118 1574.0000000000
34246  9.545  -33.079  -9.785 1575.0000000000
35129  4.847  -21.569  45.657 1578.0000000000
23688  31.385  -43.596  -28.796 1582.0000000000
24300  55.557  -22.215  -40.603 1583.0000000000
24365  65.342  -8.524  -9.188 1585.0000000000
52925  15.568  -31.155  -12.219 1586.0000000000
23978  57.102  -39.118  22.962 1587.0000000000
71739  41.889  13.266  -35.998 1588.0000000000
24325  5.563  7.326  32.915 1589.0000000000
24798  50.494  45.279  -12.123 1590.0000000000
24833  16.203  64.722  -19.020 1591.0000000000
24866  13.208  26.669  48.815 1592.0000000000
24397  57.283  -19.045  -22.284 1593.0000000000
24416  30.095  68.296  -13.012 1594.0000000000
55343  47.454  29.347  -13.873 1596.0000000000
25926  30.265  45.253  -11.837 1597.0000000000
27301  46.771  68.078  -17.768 1599.0000000000
28456  35.683  -1.744  22.221 1601.0000000000
29792  34.868  -6.167  26.570 1602.0000000000
30849  9.185  -34.281  50.994 1604.0000000000
33796  21.803  -3.295  -31.543 1608.0000000000
33824  30.237  63.845  -29.994 1609.0000000000
33151  38.327  17.884  -12.376 1610.0000000000
33776  24.478  -28.673  -21.052 1611.0000000000
34260  52.282  52.623  -13.961 1612.0000000000
34670  9.454  -66.622  -26.602 1613.0000000000
34705  5.860  -39.844  11.420 1614.0000000000
52674  10.836  60.879  11.193 1615.0000000000
52899  56.242  -21.664  23.796 1616.0000000000
52901  60.604  -4.382  -48.382 1618.0000000000
40484  46.422  41.422  10.623 1620.0000000000
40486  46.252  51.750  -28.078 1621.0000000000
53600  31.345  -14.818  -30.882 1622.0000000000
53623  10.958  -22.037  22.666 1623.0000000000
53726  57.605  24.655  -23.948 1624.0000000000
54054  36.407  -49.002  15.904 1625.0000000000
54098  6.249  6.231  51.285 1626.0000000000
53110  63.570  0.545  -19.483 1628.0000000000
53622  39.902  -32.521  -35.906 1629.0000000000
53690  58.482  24.524  -23.801 1630.0000000000
54024  34.862  -12.449  21.202 1631.0000000000
54308  38.249  72.268  -8.677 1632.0000000000
56199  46.249  25.370  -3.237 1638.0000000000
56719  0.828  28.336  -0.106 1640.0000000000
57046  31.299  -62.902  -1.258 1643.0000000000
57917  9.190  -47.734  12.061 1644.0000000000
57918  11.267  76.733  11.751 1645.0000000000
58081  35.208  -63.732  -4.570 1646.0000000000
58101  7.935  -3.467  46.343 1647.0000000000
57539  31.805  13.102  23.803 1648.0000000000
58071  55.052  -35.345  17.934 1649.0000000000
58685  29.410  33.207  -53.497 1650.0000000000
58887  11.531  36.549  28.851 1651.0000000000
52924  27.530  -40.707  -32.193 1654.0000000000
41854  39.224  20.734  10.731 1655.0000000000
40485  8.871  -31.577  3.623 1656.0000000000
53584  43.770  -48.772  17.407 1657.0000000000
54038  23.340  9.686  31.559 1659.0000000000
54085  48.708  -18.358  -23.296 1660.0000000000
52900  61.386  -4.547  -47.511 1661.0000000000
52937  34.338  46.359  31.388 1662.0000000000
64450  44.850  -21.946  -6.948 1663.0000000000
53706  22.779  -46.816  -27.318 1664.0000000000
54704  38.706  63.614  5.041 1665.0000000000
54913  47.398  -5.556  -10.662 1666.0000000000
75017  6.371  -70.040  0.231 1668.0000000000
54293  62.344  26.821  1.053 1669.0000000000
64458  12.602  -55.411  -22.183 1671.0000000000
54991  28.423  -47.972  13.845 1673.0000000000
55854  19.701  -52.464  -8.357 1676.0000000000
56212  23.142  66.729  -3.120 1678.0000000000
261  8.873  52.864  -15.237 1679.0000000000
260  20.962  49.569  -30.782 1681.0000000000
4197  33.640  -45.568  -34.888 1682.0000000000
2585  27.343  -44.724  -32.663 1683.0000000000
2586  27.240  -46.450  -32.713 1685.0000000000
1287  60.607  4.854  22.801 1686.0000000000
4196  32.967  -45.038  -34.317 1687.0000000000
4246  34.460  50.665  26.108 1690.0000000000
64021  10.974  -64.325  -17.960 1694.0000000000
64582  48.626  -40.304  25.649 1697.0000000000
64628  17.709  -68.629  23.424 1699.0000000000
22729  32.826  68.132  -12.175 1700.0000000000
65023  41.220  -49.866  -4.360 1704.0000000000
65036  44.920  44.837  -2.813 1705.0000000000
64581  43.304  58.775  7.489 1706.0000000000
22236  37.081  -24.608  -36.286 1707.0000000000
64646  7.540  39.348  -0.958 1708.0000000000
65022  39.059  -57.306  -7.837 1711.0000000000
65027  60.268  -31.872  -40.398 1712.0000000000
23183  51.447  11.128  15.570 1713.0000000000
24394  6.768  -26.601  21.963 1717.0000000000
66390  27.933  -27.239  21.285 1721.0000000000
262  8.185  55.126  -13.972 1722.0000000000
26229  38.462  57.889  -6.038 1724.0000000000
1286  60.671  4.257  24.652 1725.0000000000
2587  17.967  -22.319  33.158 1726.0000000000
1301  44.889  -11.033  -23.587 1728.0000000000
4216  36.904  45.695  -11.486 1729.0000000000
4198  13.518  -34.209  -11.990 1730.0000000000
4259  32.220  15.834  -44.616 1731.0000000000
22238  44.178  -11.259  16.797 1734.0000000000
22218  37.371  -7.440  -35.134 1736.0000000000
23181  61.067  -26.215  -37.024 1739.0000000000
22620  20.544  -54.362  32.230 1741.0000000000
22728  31.736  -50.274  -27.239 1742.0000000000
22758  15.351  -11.257  16.867 1743.0000000000
24041  3.261  8.285  -34.740 1744.0000000000
24058  37.694  -10.460  -40.278 1745.0000000000
24073  28.512  -21.434  -38.970 1746.0000000000
23182  36.744  0.586  18.142 1748.0000000000
23524  63.581  -20.725  -20.000 1749.0000000000
24057  29.608  -12.804  53.165 1750.0000000000
25265  63.169  19.159  -3.040 1755.0000000000
25266  7.394  26.298  48.779 1756.0000000000
28063  28.625  -30.710  46.291 1761.0000000000
18740  16.958  -41.675  3.369 1763.0000000000
29956  40.154  59.355  -30.016 1764.0000000000
20267  22.314  -44.491  31.830 1765.0000000000
18742  16.847  -37.410  -22.754 1766.0000000000
22237  10.897  -13.719  9.001 1767.0000000000
22567  12.563  -39.093  24.754 1771.0000000000
22619  19.261  -53.471  30.757 1773.0000000000
22781  6.217  8.581  -34.236 1774.0000000000
23700  13.080  20.733  33.080 1775.0000000000
23734  13.050  -30.949  27.582 1776.0000000000
24161  24.283  -48.357  -13.051 1777.0000000000
24162  11.566  75.963  11.697 1778.0000000000
23287  64.040  -14.009  6.336 1781.0000000000
59083  4.594  4.489  -33.849 1782.0000000000
24092  6.465  0.990  17.346 1783.0000000000
24654  64.068  18.623  -2.022 1784.0000000000
24377  31.607  -23.900  -37.917 1788.0000000000
25264  15.688  -2.490  23.561 1790.0000000000
25292  21.826  70.444  -20.289 1791.0000000000
26217  50.110  -30.124  23.868 1792.0000000000
7552  17.939  67.603  7.086 1793.0000000000
58859  55.307  0.445  -31.795 1795.0000000000
59124  39.294  3.041  -6.213 1796.0000000000
59123  38.460  2.985  -4.921 1797.0000000000
58834  16.813  -54.604  -9.751 1798.0000000000
58868  13.999  -45.554  48.107 1799.0000000000
9982  47.618  6.452  25.310 1800.0000000000
59857  11.632  80.537  -17.092 1801.0000000000
59892  39.364  -63.598  -7.646 1802.0000000000
9018  10.256  52.164  19.130 1804.0000000000
59334  31.267  -31.481  -23.105 1805.0000000000
60097  38.398  7.332  -28.451 1806.0000000000
10868  50.618  10.170  -25.189 1808.0000000000
60307  8.539  -67.354  -19.911 1809.0000000000
7553  56.495  -41.594  14.332 1814.0000000000
7554  16.244  -38.923  39.024 1815.0000000000
7590  46.411  13.543  26.411 1816.0000000000
9151  25.282  11.383  -29.587 1817.0000000000
10191  43.956  30.432  -57.476 1819.0000000000
9036  31.911  -38.290  -17.706 1822.0000000000
9057  26.272  -33.853  -19.010 1823.0000000000
