#!ascii label  , from subject FreeSurferMNI152_0.5 vox2ras=TkReg
652
40225  -50.373  -42.100  -7.416 1.0000000000
59463  -44.304  -63.610  -6.420 2.0000000000
59473  -18.227  -51.194  7.572 3.0000000000
59492  -4.717  78.831  2.965 4.0000000000
59540  -42.059  33.359  24.160 5.0000000000
58871  -4.164  14.101  39.456 6.0000000000
59462  -33.874  -75.879  -29.960 7.0000000000
10077  -38.102  44.943  24.152 8.0000000000
7894  -5.289  -32.753  -8.951 9.0000000000
9003  -38.973  55.902  6.867 10.0000000000
7937  -19.083  -16.083  51.530 11.0000000000
10075  -9.192  -58.012  -4.373 13.0000000000
10113  -5.004  -22.009  37.719 14.0000000000
9004  -8.373  59.356  -22.712 15.0000000000
8344  -34.638  -73.235  -3.998 16.0000000000
12104  -33.378  30.836  4.856 17.0000000000
10076  -0.846  -55.242  -1.609 19.0000000000
2396  -35.220  -36.649  -37.510 20.0000000000
2759  -1.444  -53.237  -1.969 21.0000000000
902  -16.766  -15.448  20.943 22.0000000000
3447  -41.602  -15.515  18.891 23.0000000000
7242  -31.788  42.788  -29.076 26.0000000000
7314  -37.760  -64.502  -1.376 27.0000000000
7915  -19.658  48.927  -37.244 28.0000000000
10103  -49.957  24.162  11.962 31.0000000000
10475  -5.803  -51.113  -4.178 32.0000000000
12118  -50.361  12.474  -5.916 34.0000000000
23216  -17.166  12.620  45.424 38.0000000000
25772  -46.670  -17.995  -23.375 39.0000000000
26098  -23.189  11.897  41.460 40.0000000000
26176  -32.722  -23.973  -39.386 41.0000000000
26177  -53.970  -5.595  -49.289 42.0000000000
26306  -31.619  8.482  -50.036 43.0000000000
24824  -47.228  32.209  -37.305 44.0000000000
23231  -2.327  60.591  -41.381 45.0000000000
26175  -3.402  -23.909  10.222 46.0000000000
29225  -63.417  -16.407  -25.351 49.0000000000
29853  -9.689  -72.561  -35.066 50.0000000000
30700  -31.885  2.462  -53.199 52.0000000000
30688  -21.141  -79.844  -5.697 53.0000000000
31589  -27.564  -0.704  52.463 54.0000000000
31621  -24.244  -41.491  -32.591 55.0000000000
31656  -31.141  -43.616  -31.197 56.0000000000
32188  -0.379  -79.864  -9.341 58.0000000000
34133  -3.823  51.633  36.003 60.0000000000
33159  -34.292  -57.410  -27.246 61.0000000000
33160  -6.786  83.099  -7.255 62.0000000000
24337  -4.791  -56.880  -18.805 63.0000000000
24338  -5.999  -57.935  -19.480 64.0000000000
24473  -42.378  53.831  -26.100 66.0000000000
25748  -13.654  82.455  -18.678 69.0000000000
25783  -42.853  -51.880  -24.461 70.0000000000
26631  -5.960  70.684  -38.801 74.0000000000
26198  -16.776  43.004  30.886 77.0000000000
26307  -53.239  20.141  17.617 79.0000000000
39320  -56.849  -37.236  13.919 80.0000000000
27306  1.314  -13.750  -4.225 81.0000000000
28287  -32.411  4.248  -50.484 82.0000000000
29226  -2.632  -5.654  52.334 83.0000000000
29854  -36.650  43.192  25.678 84.0000000000
31356  -50.534  38.203  -2.228 86.0000000000
31622  -24.110  -43.457  -32.227 88.0000000000
31657  -30.772  -42.685  -31.476 91.0000000000
32189  -26.608  37.416  23.640 93.0000000000
34152  -7.227  34.965  20.653 95.0000000000
34417  -21.865  -65.901  -33.249 96.0000000000
45401  -22.578  64.609  5.345 98.0000000000
34114  -14.885  55.736  29.458 99.0000000000
38687  -6.895  5.341  50.097 103.0000000000
38688  -41.622  22.600  -53.578 105.0000000000
39145  -6.512  -21.628  12.518 106.0000000000
38727  -49.412  -4.326  -47.935 109.0000000000
38919  -7.787  69.704  -39.899 110.0000000000
39189  -9.248  81.833  -18.520 112.0000000000
40134  -44.578  -31.400  -27.997 113.0000000000
40429  -24.848  30.338  -40.816 114.0000000000
39321  -30.747  -12.624  30.182 115.0000000000
39322  -64.770  -11.700  -28.375 117.0000000000
40079  -61.305  -9.292  18.840 118.0000000000
40441  -55.400  9.953  -44.430 119.0000000000
41530  -8.515  66.369  -39.218 121.0000000000
42436  -5.118  62.128  28.892 122.0000000000
43511  -4.175  -25.965  53.153 123.0000000000
44055  -42.896  59.893  2.031 124.0000000000
44558  -44.160  -48.782  -37.192 126.0000000000
44541  -43.612  -50.561  -36.895 127.0000000000
45349  1.041  48.983  -14.127 128.0000000000
45390  -8.183  -17.295  58.611 129.0000000000
46494  -22.299  71.369  9.399 132.0000000000
46526  -9.384  -24.975  -18.161 133.0000000000
46478  -43.238  -34.971  27.310 135.0000000000
46479  -44.103  -33.657  28.316 136.0000000000
46504  -0.683  -66.897  -13.484 137.0000000000
39133  -34.772  35.878  11.578 140.0000000000
38728  -49.011  -3.169  -48.635 142.0000000000
38920  -7.390  -33.206  50.178 143.0000000000
72776  -14.269  -68.304  3.439 144.0000000000
72779  -57.588  17.939  6.297 145.0000000000
40105  -19.438  -43.303  22.028 146.0000000000
40120  -44.646  26.575  -9.667 148.0000000000
40580  -51.419  48.190  -7.925 151.0000000000
40080  -46.364  0.195  -17.177 153.0000000000
40555  -8.267  -14.286  -21.670 157.0000000000
54733  -3.132  -49.787  26.687 158.0000000000
41531  -2.322  -45.629  1.049 159.0000000000
42437  -4.631  63.077  27.476 160.0000000000
43512  -3.947  -25.088  53.920 161.0000000000
44056  -38.003  -51.011  -34.237 162.0000000000
45314  -31.197  -2.656  51.290 164.0000000000
45350  -0.620  49.340  -13.691 165.0000000000
57486  -13.409  -51.747  11.882 167.0000000000
45402  -57.549  -40.741  -12.054 168.0000000000
46546  -42.535  28.351  -41.573 169.0000000000
47046  -33.113  49.809  -15.903 171.0000000000
47061  -20.198  57.431  -34.158 172.0000000000
73611  -42.500  17.761  28.000 175.0000000000
53829  -38.766  73.363  -21.041 177.0000000000
54465  -43.728  -29.334  -29.345 178.0000000000
54449  -29.927  -49.947  17.751 179.0000000000
54450  -0.036  3.470  -20.567 180.0000000000
54525  -43.979  -38.901  25.005 181.0000000000
54109  -47.233  14.471  -34.857 184.0000000000
54821  -2.813  17.208  19.191 185.0000000000
54524  -18.478  72.759  -25.448 187.0000000000
55110  -4.951  -51.328  14.981 189.0000000000
55739  -23.296  1.575  32.110 190.0000000000
55389  -5.827  -12.571  9.932 191.0000000000
54943  -48.491  -43.468  1.281 194.0000000000
53941  0.835  10.060  6.448 200.0000000000
53942  -43.762  34.861  14.648 201.0000000000
57520  -14.183  -51.834  11.565 202.0000000000
57485  -10.690  -52.844  14.096 203.0000000000
57504  -10.582  -30.836  33.583 205.0000000000
57487  -13.074  -50.897  12.307 206.0000000000
57849  -11.300  85.148  -11.338 208.0000000000
58213  -9.246  -75.323  -30.080 212.0000000000
59395  -22.152  3.713  -30.786 213.0000000000
58520  -44.802  -47.746  23.024 214.0000000000
58519  -41.726  -53.118  14.326 215.0000000000
53830  -8.019  84.881  -11.630 216.0000000000
54448  -16.589  -61.809  -27.000 217.0000000000
54110  -55.262  16.623  20.522 220.0000000000
45113  -59.588  -14.709  21.261 221.0000000000
54535  -15.126  38.310  41.034 224.0000000000
55370  -57.634  -37.770  -29.604 227.0000000000
54734  -31.140  67.773  4.149 228.0000000000
72652  -55.539  1.812  2.246 230.0000000000
55111  -16.006  -46.535  -16.714 232.0000000000
55728  -7.760  32.356  34.984 233.0000000000
55754  -63.742  -12.515  6.900 234.0000000000
45844  -48.415  -5.168  32.020 237.0000000000
46963  -3.832  -57.634  34.258 238.0000000000
48334  -6.786  -53.177  29.006 242.0000000000
57512  -46.085  16.569  12.407 243.0000000000
57827  -42.557  32.474  4.899 244.0000000000
57995  -34.101  35.180  -22.450 245.0000000000
48753  -5.214  23.942  44.388 246.0000000000
58525  -35.163  2.723  27.225 247.0000000000
58214  -9.307  -76.085  -28.832 248.0000000000
59394  -13.811  -22.541  21.689 250.0000000000
59502  -39.281  43.092  -23.853 251.0000000000
58547  -40.777  33.378  25.938 252.0000000000
73120  -45.717  27.528  -55.101 253.0000000000
73281  -38.622  -34.895  4.503 254.0000000000
73286  -47.128  -62.693  -12.153 255.0000000000
44577  -5.867  47.802  29.646 256.0000000000
45115  -60.646  -9.562  14.297 259.0000000000
44932  -30.501  -29.976  -33.989 261.0000000000
45215  -49.015  -36.270  30.297 262.0000000000
45114  -55.097  -12.640  24.846 264.0000000000
45911  -16.585  -29.504  -19.118 266.0000000000
46175  -6.360  -2.928  47.385 267.0000000000
46229  -35.204  -2.670  48.523 268.0000000000
46254  -2.046  -48.161  -14.933 269.0000000000
46281  -17.868  -40.917  -12.430 270.0000000000
45456  -40.847  59.607  0.344 271.0000000000
46142  -37.142  37.817  -35.300 273.0000000000
46161  -60.407  -37.040  3.721 274.0000000000
46216  -10.276  -50.284  38.736 275.0000000000
46241  -1.779  -48.946  -14.655 276.0000000000
46269  -37.644  -21.214  3.169 277.0000000000
47908  -3.112  -59.375  30.260 279.0000000000
48252  -11.815  -60.176  30.551 280.0000000000
48418  -40.624  -5.972  29.458 282.0000000000
48417  -23.532  -32.890  24.531 283.0000000000
48718  -6.844  -48.949  32.665 285.0000000000
48754  -26.242  31.580  -57.463 287.0000000000
50752  -24.872  17.633  -54.764 289.0000000000
50754  -15.844  31.914  44.138 290.0000000000
49949  -34.016  11.832  -56.237 291.0000000000
51390  -10.647  -47.554  -19.271 292.0000000000
50753  -15.047  31.142  42.876 293.0000000000
50767  -18.651  64.196  6.570 294.0000000000
44933  -52.050  -17.879  -43.164 297.0000000000
40259  -42.736  49.006  -7.769 301.0000000000
46295  -7.179  -32.622  40.290 303.0000000000
45457  -8.323  66.579  22.149 304.0000000000
40244  -32.242  60.374  6.233 305.0000000000
47009  -41.192  -44.155  12.705 309.0000000000
47028  -22.745  -19.583  54.298 310.0000000000
47047  -19.916  58.427  -33.554 311.0000000000
46547  -18.646  64.337  20.415 312.0000000000
71846  -33.661  11.157  -6.670 313.0000000000
46964  -8.776  -53.903  31.638 314.0000000000
71919  -53.447  5.676  23.438 315.0000000000
47925  -38.575  -64.087  14.907 317.0000000000
48265  -38.568  42.292  -1.249 318.0000000000
48351  -30.926  70.033  3.930 319.0000000000
48419  -24.190  13.062  -52.565 320.0000000000
48643  -4.138  50.017  -17.344 322.0000000000
48733  -33.506  37.305  -37.855 323.0000000000
49005  -28.209  52.993  6.824 324.0000000000
50777  -32.575  17.366  26.036 325.0000000000
49960  -49.275  18.243  -52.240 326.0000000000
51403  -5.394  -68.679  18.891 327.0000000000
51431  -52.123  42.649  -9.002 328.0000000000
51020  -48.496  -62.414  -18.506 329.0000000000
46064  -16.981  22.794  49.678 330.0000000000
72388  -46.432  24.054  -56.245 331.0000000000
72408  -37.899  -11.624  40.626 332.0000000000
39428  -2.298  47.744  -45.435 333.0000000000
40243  -10.945  55.091  32.127 334.0000000000
39767  -30.739  -39.109  39.877 337.0000000000
40242  -29.746  26.888  -12.264 340.0000000000
40275  -24.990  36.492  -25.933 341.0000000000
41519  -35.171  1.695  -19.502 342.0000000000
41555  -3.265  17.083  42.323 343.0000000000
41850  -11.521  -60.529  -31.733 345.0000000000
41852  -42.245  -49.629  -32.409 346.0000000000
40533  -4.228  62.182  -41.693 347.0000000000
41148  -12.136  -61.822  -6.590 348.0000000000
41532  -16.547  76.580  -6.945 349.0000000000
41568  -6.732  -60.628  -31.279 350.0000000000
41629  -7.655  69.479  19.434 351.0000000000
41851  -36.364  39.546  29.141 352.0000000000
41869  -41.422  -27.193  23.730 353.0000000000
42425  -29.878  16.611  39.523 354.0000000000
42908  -9.450  -23.871  -13.301 355.0000000000
43183  -43.662  -28.406  -15.993 356.0000000000
43277  -14.186  -54.165  37.095 357.0000000000
44126  -48.382  -31.869  -34.545 358.0000000000
44184  -27.137  -37.383  35.094 359.0000000000
45265  -22.954  -42.592  -12.367 361.0000000000
45292  -44.107  -2.615  -16.553 362.0000000000
46176  -3.837  5.021  41.403 363.0000000000
46178  -0.934  9.515  -33.946 364.0000000000
46632  -40.566  -61.918  -13.335 366.0000000000
46177  -1.260  10.520  -34.068 367.0000000000
46192  -29.622  -17.745  -42.409 368.0000000000
39442  -42.713  -4.921  -10.294 369.0000000000
39790  -54.096  -25.583  -39.526 370.0000000000
41149  -29.424  -59.115  -33.739 371.0000000000
41470  0.187  2.076  -19.334 373.0000000000
41503  -46.990  32.107  -41.356 374.0000000000
41885  -64.143  4.225  1.928 376.0000000000
40556  -7.962  -13.633  -21.554 377.0000000000
41164  -53.300  -46.984  3.800 378.0000000000
71214  -57.962  8.289  20.766 380.0000000000
71218  -63.929  -7.530  8.753 381.0000000000
42459  -5.971  62.895  28.218 382.0000000000
42479  -34.861  1.296  -21.008 383.0000000000
42516  -35.415  57.655  -28.917 384.0000000000
42794  -16.940  48.780  34.280 385.0000000000
41936  -52.455  -16.487  -37.126 386.0000000000
71232  -10.275  -86.033  -28.302 387.0000000000
42438  -17.229  -41.032  -9.149 388.0000000000
31681  -28.242  69.367  -28.536 389.0000000000
71344  -18.662  -17.648  42.873 390.0000000000
31716  -7.330  -12.084  36.551 391.0000000000
42916  -3.221  45.015  39.054 392.0000000000
43200  -15.656  -31.327  43.668 393.0000000000
43293  -40.046  39.360  27.018 394.0000000000
44145  -3.451  -27.337  21.326 395.0000000000
44203  -34.615  -15.261  22.271 396.0000000000
45273  -23.991  -41.089  -13.834 397.0000000000
45315  -38.449  8.995  -33.684 398.0000000000
46077  -35.334  12.172  22.845 400.0000000000
46621  -9.828  -50.297  37.615 401.0000000000
38210  -25.081  77.653  -2.244 402.0000000000
37053  -57.795  3.598  13.241 404.0000000000
71825  -15.894  60.197  23.588 405.0000000000
28618  -12.132  -34.561  52.486 407.0000000000
29110  -12.952  -34.323  51.923 408.0000000000
29584  -6.739  -33.206  49.330 409.0000000000
31217  -50.003  0.723  -52.208 410.0000000000
31498  -32.251  -3.937  -41.310 412.0000000000
31537  -48.739  20.838  -54.115 413.0000000000
31624  -4.415  -24.534  2.128 414.0000000000
31718  -0.484  13.073  -35.298 417.0000000000
30671  -5.121  35.018  24.387 418.0000000000
31218  -33.113  6.937  -56.670 419.0000000000
31216  -48.988  1.094  -51.856 420.0000000000
31623  -3.601  -23.783  2.398 423.0000000000
31700  -35.338  3.791  -53.148 424.0000000000
32644  -42.046  5.361  -54.881 425.0000000000
31717  1.597  13.311  -35.644 426.0000000000
31740  -27.963  -58.505  -26.331 427.0000000000
32535  -31.814  7.169  -58.273 428.0000000000
33114  -25.676  -46.646  8.876 429.0000000000
33206  -0.470  26.877  4.998 430.0000000000
34574  -49.235  -56.289  -24.748 431.0000000000
35525  -48.791  -47.671  7.863 433.0000000000
35601  -34.167  1.999  -12.815 434.0000000000
36684  -40.779  -13.205  -14.233 436.0000000000
32845  -38.056  -32.417  -34.901 439.0000000000
37930  -41.157  4.545  11.264 440.0000000000
35755  -6.172  27.697  -28.236 441.0000000000
32844  -22.929  -44.333  30.982 442.0000000000
28639  -45.762  -9.116  -15.798 445.0000000000
29119  -49.512  5.354  -50.728 446.0000000000
29608  -36.147  9.851  -17.757 447.0000000000
31536  -48.005  21.920  -54.630 448.0000000000
30689  -33.743  40.233  -37.961 451.0000000000
32211  -12.620  -50.692  -20.498 452.0000000000
31658  -3.994  -33.986  46.719 455.0000000000
32592  -5.188  -63.101  3.236 456.0000000000
32629  -18.588  35.305  21.884 457.0000000000
32660  -65.427  -12.937  -23.969 458.0000000000
32692  -23.185  -31.191  -22.129 459.0000000000
32883  -47.580  27.925  -18.810 460.0000000000
9268  -43.680  -53.619  -0.586 461.0000000000
32547  -31.149  -65.788  -31.834 462.0000000000
10750  -46.932  -59.022  4.955 463.0000000000
10848  -44.266  -25.510  26.690 464.0000000000
69139  -43.326  -66.275  -5.743 465.0000000000
69152  -10.256  -35.181  45.777 466.0000000000
11975  -10.182  -65.157  -7.125 467.0000000000
10895  -25.701  38.832  24.465 468.0000000000
33131  -20.890  -80.946  -9.893 469.0000000000
33229  -11.543  -53.418  -29.212 470.0000000000
34596  -35.087  28.209  -24.357 471.0000000000
35543  -28.978  -26.821  -36.866 472.0000000000
35618  -52.833  -16.817  -31.604 474.0000000000
36696  -41.180  -21.783  17.059 475.0000000000
15042  -4.734  80.443  -33.412 477.0000000000
37931  -40.652  3.440  11.950 478.0000000000
34301  -0.112  44.985  -7.377 480.0000000000
18505  -30.857  -34.992  36.668 481.0000000000
38415  -33.746  -1.338  -8.086 482.0000000000
35756  -5.844  28.971  -27.900 483.0000000000
70278  -37.057  21.329  -43.745 484.0000000000
8242  -38.258  -27.928  -38.405 486.0000000000
8736  -29.213  26.729  37.111 487.0000000000
10752  -37.031  -48.533  17.322 490.0000000000
10806  -10.703  69.087  -2.907 491.0000000000
9284  -19.626  49.656  -39.174 494.0000000000
11416  -8.886  -61.596  28.385 495.0000000000
10751  -50.328  -57.324  -5.502 496.0000000000
10767  -26.273  7.215  24.340 497.0000000000
10822  -2.894  -64.288  -6.414 498.0000000000
10865  -42.929  -9.475  2.689 499.0000000000
11692  -46.629  6.101  24.209 500.0000000000
11938  -26.032  39.957  -20.177 501.0000000000
10894  -27.649  34.299  -13.225 504.0000000000
11459  -33.718  20.869  37.169 505.0000000000
12437  -7.529  -5.041  -32.598 506.0000000000
12451  -21.876  76.390  -15.125 507.0000000000
15004  -27.601  59.650  -28.296 508.0000000000
15005  -28.100  59.847  -27.709 509.0000000000
16043  -19.580  -32.742  -17.263 511.0000000000
16077  -36.276  -19.599  32.752 512.0000000000
16881  -6.785  -18.081  32.957 514.0000000000
19166  -28.378  -64.857  -14.065 515.0000000000
19202  -6.536  76.832  -24.749 516.0000000000
18506  -60.870  -33.091  -22.047 517.0000000000
18522  -21.568  -70.724  -9.225 518.0000000000
19185  -40.404  -55.461  -11.285 519.0000000000
19215  -25.349  67.638  -12.970 520.0000000000
8754  -3.298  48.603  -40.402 521.0000000000
11417  -7.153  59.099  17.080 524.0000000000
11436  -56.656  -27.768  24.921 525.0000000000
11512  -14.987  -33.135  -12.871 526.0000000000
11637  -33.130  -73.195  -5.464 527.0000000000
11672  -41.373  -6.908  -37.318 528.0000000000
11918  -60.800  -4.532  19.000 529.0000000000
11958  -10.706  48.044  -45.016 530.0000000000
12000  -47.089  -29.638  24.265 531.0000000000
11481  -57.369  -14.564  15.646 534.0000000000
62664  -14.548  -78.354  -0.854 535.0000000000
62947  -56.301  -22.708  18.594 539.0000000000
15006  -27.705  60.774  -28.316 543.0000000000
15024  -10.321  68.937  -8.640 544.0000000000
15068  -49.961  21.982  -33.761 546.0000000000
16064  -39.103  58.165  10.009 547.0000000000
16087  -12.763  -54.341  -8.040 549.0000000000
16898  -37.873  25.164  2.636 550.0000000000
19232  -5.116  -83.239  -5.822 551.0000000000
19317  -33.604  72.546  -26.943 552.0000000000
18567  -62.794  1.147  5.398 553.0000000000
2799  -40.700  53.859  12.898 555.0000000000
61959  -59.840  -33.338  10.406 556.0000000000
62673  -6.105  -45.450  -14.079 558.0000000000
62684  -4.396  -65.882  19.163 559.0000000000
62724  -4.579  10.260  43.498 560.0000000000
52109  -35.938  -62.546  -24.509 563.0000000000
63187  -32.050  -30.284  44.213 564.0000000000
62707  -11.796  -32.548  8.749 565.0000000000
74116  -55.736  13.012  17.158 566.0000000000
74122  -53.515  -46.303  -29.682 567.0000000000
63304  -1.775  -50.274  11.761 568.0000000000
53164  -30.396  -64.702  10.085 569.0000000000
63332  -22.346  -82.436  -9.530 570.0000000000
63210  -7.141  -11.172  35.180 574.0000000000
53442  -48.758  -28.638  7.341 577.0000000000
63395  -34.181  -0.224  -53.094 578.0000000000
53843  -8.796  -49.052  -24.517 579.0000000000
64043  -3.616  46.550  17.314 580.0000000000
64383  -31.119  6.313  -53.611 581.0000000000
55104  -24.745  -71.219  -10.734 582.0000000000
750  -30.059  -53.806  7.212 583.0000000000
751  -6.216  56.898  32.669 584.0000000000
1528  -43.894  -14.663  20.183 586.0000000000
4356  -56.763  -34.872  -18.815 587.0000000000
4400  -16.694  -17.421  48.310 588.0000000000
2800  -19.591  -52.352  3.145 589.0000000000
3155  -52.556  40.515  -1.428 590.0000000000
4377  -55.570  -35.249  -18.756 591.0000000000
4417  -27.008  71.164  -11.448 592.0000000000
4733  -37.817  -4.286  26.884 593.0000000000
51770  -51.440  49.369  -19.017 594.0000000000
52898  -34.422  45.064  -37.078 596.0000000000
52909  -10.400  -53.276  23.159 597.0000000000
53101  -41.937  -48.498  -21.960 598.0000000000
53120  -28.739  -58.499  24.262 599.0000000000
53144  -46.004  12.601  -62.140 600.0000000000
52551  -22.434  -39.437  27.034 603.0000000000
30935  -52.994  38.096  -0.885 605.0000000000
52899  -10.966  59.026  -44.123 606.0000000000
53093  -49.077  1.840  36.188 607.0000000000
53110  -53.625  -4.455  32.599 608.0000000000
53132  -25.113  -8.817  -42.230 609.0000000000
53155  -31.635  -1.438  -30.812 610.0000000000
54123  -52.640  21.394  15.246 611.0000000000
54563  -12.072  -50.389  16.218 615.0000000000
54822  -35.211  21.969  15.881 616.0000000000
55114  -6.090  13.803  51.489 618.0000000000
55105  -26.176  -73.040  -9.592 619.0000000000
55679  -47.589  52.235  -4.837 621.0000000000
749  -30.005  -54.217  8.105 622.0000000000
1562  -42.360  51.023  6.454 623.0000000000
5373  -52.330  13.877  1.762 626.0000000000
5416  -4.585  43.249  30.849 627.0000000000
36184  -42.329  15.711  11.374 629.0000000000
57640  -41.122  -46.667  -19.511 630.0000000000
57659  -13.444  18.836  46.195 631.0000000000
52110  -9.609  -59.327  24.472 632.0000000000
30936  -5.927  39.018  -40.812 637.0000000000
54059  -47.928  25.390  -38.641 638.0000000000
54081  -26.053  18.128  -62.449 639.0000000000
54100  -54.709  16.886  20.857 640.0000000000
31067  -52.371  9.133  -18.169 642.0000000000
30457  -37.950  44.454  -0.714 643.0000000000
30934  -46.749  28.743  -16.078 645.0000000000
31005  -6.916  60.530  17.391 647.0000000000
71852  -8.981  -68.968  13.345 648.0000000000
71856  -5.348  -37.013  -3.144 649.0000000000
31626  -30.794  -18.332  19.063 652.0000000000
54823  -49.153  32.641  20.574 653.0000000000
33949  -4.271  -65.916  -33.100 656.0000000000
55686  -21.276  -11.060  53.636 657.0000000000
34386  -47.844  -60.163  -22.925 659.0000000000
56060  -37.250  -41.173  -23.398 660.0000000000
56536  -16.553  -70.319  9.850 661.0000000000
57671  -43.584  -21.291  -15.992 662.0000000000
29543  -17.213  -51.938  -30.282 667.0000000000
30004  -3.110  11.397  35.463 668.0000000000
30967  -20.832  -6.914  49.114 671.0000000000
30953  -45.288  23.026  -37.724 677.0000000000
30986  -47.874  -61.813  -6.507 678.0000000000
31026  -4.800  -22.428  20.530 679.0000000000
32051  -20.393  54.580  -35.511 681.0000000000
32446  -35.148  -55.007  -26.845 682.0000000000
30471  -9.080  11.888  -34.036 684.0000000000
31625  -2.707  -24.285  1.376 686.0000000000
32073  -4.406  -59.461  -22.142 687.0000000000
33038  -19.734  76.432  5.612 689.0000000000
33804  -30.843  -21.100  18.992 690.0000000000
33965  -26.814  21.110  -59.908 692.0000000000
34405  0.843  26.298  4.331 694.0000000000
35343  -6.715  -48.473  -6.786 695.0000000000
37782  -24.764  2.024  51.840 698.0000000000
37226  -4.561  31.306  -37.532 699.0000000000
37225  -49.826  28.594  -29.714 700.0000000000
38544  -50.697  -19.109  7.345 701.0000000000
37781  -59.903  -20.484  -36.566 703.0000000000
11639  -11.815  41.554  -34.763 704.0000000000
32038  -24.780  -15.503  34.837 710.0000000000
32477  -27.567  -21.382  52.231 712.0000000000
33049  -38.664  -52.903  -35.064 716.0000000000
68585  -46.170  11.990  -40.283 717.0000000000
68592  -15.102  -87.341  -20.384 718.0000000000
68601  -41.170  -38.915  -8.649 719.0000000000
33805  -37.829  -13.703  -9.752 724.0000000000
33829  -42.468  -50.962  -36.749 725.0000000000
34387  -10.645  55.915  -38.463 727.0000000000
16443  -0.331  33.842  -20.190 731.0000000000
35342  -20.790  -51.599  41.182 732.0000000000
17325  -39.611  44.207  16.777 733.0000000000
18484  -57.509  -3.507  -35.567 735.0000000000
38248  -2.951  -40.474  -6.861 736.0000000000
38557  -26.123  65.242  -31.924 737.0000000000
38590  -41.696  35.707  14.139 738.0000000000
19013  -30.196  -23.329  19.331 739.0000000000
18931  -18.092  -77.011  -38.432 740.0000000000
19532  -61.042  1.268  4.466 741.0000000000
19568  -4.945  49.005  24.703 742.0000000000
19014  -54.281  -20.534  31.903 743.0000000000
12141  -1.122  -58.235  -6.989 744.0000000000
13331  -23.864  73.253  -21.934 746.0000000000
13500  -45.712  -8.552  1.530 747.0000000000
13370  -47.691  39.362  -20.143 748.0000000000
13372  -1.692  -59.665  -8.215 749.0000000000
15114  -13.307  -20.425  33.917 750.0000000000
14948  -44.820  -7.811  -40.115 751.0000000000
14347  -10.733  -19.690  -14.963 752.0000000000
12716  -11.367  -39.208  -22.744 754.0000000000
13332  -18.062  80.493  -30.479 756.0000000000
13333  -62.507  -11.953  -41.472 757.0000000000
14791  -23.469  -25.932  -18.105 764.0000000000
14792  -21.130  -25.465  -18.745 765.0000000000
15790  -39.285  36.034  -51.078 766.0000000000
15850  -40.039  65.521  -3.180 767.0000000000
16460  -33.935  20.027  -35.970 769.0000000000
16444  -22.791  -69.531  -7.388 770.0000000000
17326  -12.498  -56.775  -6.714 772.0000000000
19012  -40.281  -31.750  -3.441 781.0000000000
18951  -3.949  70.987  -25.822 782.0000000000
7437  -52.936  22.014  -28.737 783.0000000000
6256  -0.927  1.558  -34.187 784.0000000000
13371  -7.432  49.883  36.150 785.0000000000
14827  -14.203  -5.129  -34.040 790.0000000000
13736  -35.612  65.102  -0.440 791.0000000000
14949  -28.626  3.485  35.473 795.0000000000
14348  -21.699  -15.052  45.465 797.0000000000
514  -21.542  -39.455  -11.940 801.0000000000
15851  -8.936  70.873  -24.141 803.0000000000
2459  -49.346  -28.494  34.767 806.0000000000
17361  -11.069  4.301  -37.143 807.0000000000
3543  -64.836  -0.272  -32.597 809.0000000000
18485  -31.342  14.605  31.887 810.0000000000
19887  -37.631  -11.348  -7.103 812.0000000000
19908  -7.823  -59.589  -3.751 813.0000000000
5217  -6.693  47.024  0.142 814.0000000000
6228  -29.917  27.435  39.762 816.0000000000
6255  -46.629  -4.705  -30.174 817.0000000000
55080  -6.012  16.436  18.732 820.0000000000
56205  -34.299  26.902  -50.491 823.0000000000
65199  -45.723  -0.573  -4.086 824.0000000000
65210  -28.509  51.452  22.847 825.0000000000
65220  -6.386  -75.979  -25.472 826.0000000000
55766  -50.062  -34.778  14.871 828.0000000000
56260  -26.276  23.272  26.835 833.0000000000
54158  -41.661  12.507  -64.312 834.0000000000
1444  -57.124  7.081  -21.206 840.0000000000
1888  -25.432  -32.007  18.132 842.0000000000
5080  -2.261  -9.456  54.067 847.0000000000
6367  -29.382  -14.771  -34.396 852.0000000000
5360  -1.107  -57.093  -1.347 853.0000000000
55555  -27.747  24.640  -56.112 862.0000000000
52066  -38.060  3.363  23.624 869.0000000000
50133  -10.199  -68.862  20.737 870.0000000000
48930  -34.406  37.616  -37.451 871.0000000000
516  -37.938  -31.830  17.411 872.0000000000
56248  -32.516  61.163  -17.267 874.0000000000
54824  -43.164  -64.033  -26.119 875.0000000000
53133  -3.519  2.519  35.307 876.0000000000
51300  -11.547  21.628  22.478 877.0000000000
48931  -12.753  66.246  16.235 878.0000000000
515  -30.663  51.760  11.223 880.0000000000
1445  -11.381  25.513  20.991 881.0000000000
2460  -33.120  60.435  -18.564 883.0000000000
57929  -46.248  -48.972  24.749 885.0000000000
3544  -53.742  0.172  23.256 886.0000000000
5081  -2.355  -8.373  54.011 888.0000000000
5218  -7.458  45.649  1.604 890.0000000000
6226  -17.533  16.991  -31.157 893.0000000000
6303  -22.306  -60.754  9.957 894.0000000000
6350  -8.023  80.667  -12.107 895.0000000000
56204  -32.941  26.394  -50.620 901.0000000000
48929  -60.872  -35.614  1.533 905.0000000000
39192  1.177  -23.892  -10.449 908.0000000000
56681  -42.463  -14.555  -35.358 912.0000000000
56842  -29.029  -29.698  -34.364 913.0000000000
38318  -27.455  42.559  16.360 914.0000000000
39299  -44.577  31.420  -39.392 916.0000000000
40141  -16.587  -7.775  -29.428 917.0000000000
40178  -38.808  -5.946  38.221 918.0000000000
57397  -22.273  -11.112  49.249 922.0000000000
42361  -17.591  -28.994  -23.570 927.0000000000
59012  -5.788  -5.028  -37.014 930.0000000000
59380  -37.165  -68.761  5.141 931.0000000000
59588  -40.752  -62.293  -31.576 934.0000000000
6258  -10.263  47.146  0.644 935.0000000000
59866  -6.653  -82.011  -1.616 936.0000000000
45227  -24.367  -24.193  -16.547 937.0000000000
73139  -19.691  80.021  -8.037 939.0000000000
45228  -49.012  6.395  -17.798 942.0000000000
39257  -39.366  -9.750  19.802 946.0000000000
39193  0.390  -24.880  -9.604 949.0000000000
39191  -31.429  -3.099  -9.950 950.0000000000
39276  -40.243  -54.198  -35.768 952.0000000000
8645  -23.414  -84.387  -25.017 957.0000000000
39692  -44.537  -44.176  23.029 958.0000000000
40640  -50.288  29.484  -34.128 960.0000000000
41437  -18.553  34.007  38.962 961.0000000000
43234  -29.754  17.562  -42.287 965.0000000000
43971  -61.378  -16.988  -39.580 966.0000000000
44477  -1.485  -63.595  -11.405 968.0000000000
44497  -1.977  -62.742  -11.267 969.0000000000
45229  -49.269  6.387  -18.748 971.0000000000
44935  -47.246  -15.478  20.889 972.0000000000
45576  -54.265  -30.363  -34.867 973.0000000000
45668  -18.073  -50.884  26.339 974.0000000000
45241  -24.890  57.628  -31.538 976.0000000000
45667  -10.714  -52.348  32.720 979.0000000000
8823  -19.454  -47.806  18.794 981.0000000000
39852  -30.529  -18.366  -39.045 982.0000000000
40123  -33.616  -66.451  -6.276 984.0000000000
40161  -3.179  -8.921  16.513 985.0000000000
8644  -39.844  28.831  20.501 987.0000000000
8824  -47.272  60.355  -22.693 988.0000000000
8822  -35.018  -58.070  -8.095 990.0000000000
9770  -44.397  42.465  -30.439 992.0000000000
40924  -8.363  -29.562  -9.267 996.0000000000
41457  -18.592  34.692  37.933 997.0000000000
42379  -64.703  -3.198  -11.778 998.0000000000
43251  -29.211  18.322  -42.295 999.0000000000
43983  -15.282  -69.413  -36.060 1000.0000000000
15666  -46.810  -9.555  -1.600 1002.0000000000
9458  -26.663  -56.975  -0.332 1012.0000000000
9771  -16.466  -62.412  31.596 1014.0000000000
8926  -12.355  15.772  42.263 1015.0000000000
9365  -11.984  -48.462  17.664 1016.0000000000
9457  -27.374  -56.034  0.331 1018.0000000000
12026  -60.853  5.264  -32.309 1023.0000000000
12002  -4.403  7.256  -34.521 1024.0000000000
12003  -5.630  7.506  -34.723 1025.0000000000
13145  -24.530  66.503  -0.807 1026.0000000000
9317  -29.665  31.294  9.466 1027.0000000000
10420  -43.528  -29.401  25.854 1036.0000000000
10433  -27.843  -44.939  -29.676 1037.0000000000
9886  -58.643  22.046  -7.560 1038.0000000000
59573  -10.662  -66.747  -35.661 1040.0000000000
59614  -6.980  -82.321  -0.651 1041.0000000000
59668  -34.640  46.738  -3.278 1045.0000000000
12004  -57.518  8.828  9.043 1047.0000000000
39458  -5.272  -39.415  38.440 1052.0000000000
73001  -18.193  -71.161  -33.754 1053.0000000000
60012  -49.077  52.320  -18.844 1055.0000000000
60035  -54.716  -36.227  -20.827 1056.0000000000
60535  -27.809  -74.814  -17.245 1057.0000000000
39459  -50.123  -26.860  27.089 1058.0000000000
