#!ascii label  , from subject FreeSurferMNI152_0.5 vox2ras=TkReg
992
55394  -53.231  34.468  -12.139 1.0000000000
55506  -21.117  50.523  -28.315 2.0000000000
2817  -18.843  -84.901  -11.312 3.0000000000
1195  -1.913  17.192  14.119 4.0000000000
2232  -15.661  -85.280  -10.931 5.0000000000
2271  -23.740  79.893  -3.378 6.0000000000
2865  -5.108  -28.925  34.027 9.0000000000
4823  -20.111  29.429  24.230 10.0000000000
4892  -51.357  -46.380  -23.789 11.0000000000
5443  -41.238  1.953  -28.015 13.0000000000
5818  -16.029  -14.472  56.253 15.0000000000
6578  -46.534  -44.440  -25.409 17.0000000000
6607  -6.364  -11.376  7.837 18.0000000000
6744  -2.085  3.274  46.559 19.0000000000
6791  -6.731  68.532  2.110 20.0000000000
7075  -2.678  -85.068  -20.701 21.0000000000
7056  -6.742  44.553  28.918 22.0000000000
7057  -6.446  45.713  29.327 23.0000000000
8087  -40.243  -9.670  45.972 24.0000000000
10425  -25.902  44.630  23.010 25.0000000000
11288  -45.997  10.124  -54.082 26.0000000000
1021  -52.975  15.852  -26.155 29.0000000000
1084  -13.006  -27.174  49.007 30.0000000000
23819  -65.637  -17.676  -22.439 32.0000000000
2233  -32.701  38.101  34.555 33.0000000000
2255  -34.431  -17.165  1.751 34.0000000000
24710  -28.303  -8.178  31.743 36.0000000000
2818  -24.842  41.478  -23.339 37.0000000000
2844  -16.100  62.166  9.426 38.0000000000
2884  -3.450  -28.670  33.373 39.0000000000
28060  -22.800  -64.241  -27.175 40.0000000000
5498  -57.996  18.672  7.688 41.0000000000
6446  -4.834  -33.557  -5.558 42.0000000000
6520  -32.140  46.233  -0.290 44.0000000000
6556  -42.459  -40.482  -17.972 45.0000000000
6598  -32.216  46.872  -1.189 46.0000000000
6721  -8.655  6.835  28.795 47.0000000000
28430  -17.194  38.635  -37.891 49.0000000000
67401  -34.725  60.003  -12.546 51.0000000000
67405  -38.153  -53.391  -10.208 52.0000000000
67517  -17.403  70.858  13.154 53.0000000000
67528  -33.497  14.195  -59.863 54.0000000000
67544  -39.810  -9.759  20.562 55.0000000000
7098  -62.319  -34.663  -20.827 56.0000000000
29448  -42.188  -44.026  33.705 59.0000000000
67822  -43.738  14.469  -61.493 60.0000000000
8107  -61.708  1.694  -30.502 61.0000000000
67893  -49.239  -6.548  29.604 62.0000000000
67880  -49.886  8.235  -20.630 63.0000000000
67977  -33.233  19.062  -61.064 64.0000000000
68097  -38.430  12.614  14.628 65.0000000000
68098  -48.132  -50.703  -14.152 66.0000000000
68117  -7.001  -86.179  -8.726 67.0000000000
68128  -58.510  -22.339  -2.477 68.0000000000
30884  -24.147  13.457  -34.547 69.0000000000
68284  -16.523  74.492  -19.349 70.0000000000
68295  -53.724  -16.158  14.358 71.0000000000
68370  -8.051  -10.184  17.786 72.0000000000
31400  -46.271  21.938  -53.820 74.0000000000
68485  -53.048  -16.893  12.169 75.0000000000
68496  -34.486  -63.785  -36.642 76.0000000000
68507  -53.105  -0.603  -16.739 77.0000000000
11946  -2.826  -31.042  6.833 78.0000000000
32451  -34.028  0.982  -54.148 80.0000000000
68540  -0.351  -74.807  -17.705 81.0000000000
68632  -33.927  -7.957  26.402 82.0000000000
68637  -37.890  -64.103  -36.563 83.0000000000
14075  -10.096  -4.733  -33.848 84.0000000000
14074  -18.538  -7.541  -39.986 85.0000000000
33416  -10.522  77.413  4.619 86.0000000000
68850  -14.156  7.544  40.719 87.0000000000
68861  -5.449  4.313  54.447 88.0000000000
68860  -41.464  -3.919  -13.135 89.0000000000
68867  -51.831  -6.786  26.866 90.0000000000
36112  -14.230  52.674  32.667 91.0000000000
69270  -50.659  -7.385  23.568 92.0000000000
23184  -45.893  30.212  -4.276 93.0000000000
23738  -13.665  58.902  -40.507 94.0000000000
23838  -16.693  -67.536  3.702 98.0000000000
23820  -3.398  -8.325  32.165 99.0000000000
24676  -32.180  -5.428  1.926 100.0000000000
24731  -48.110  4.144  -45.508 102.0000000000
25331  -7.059  82.049  -20.142 104.0000000000
25677  -34.156  29.909  -6.904 106.0000000000
25657  -52.959  35.269  5.287 107.0000000000
26211  -54.251  16.535  -48.969 109.0000000000
26183  -17.975  50.871  -32.527 110.0000000000
28408  -13.722  66.393  -18.495 113.0000000000
28755  -18.490  -0.804  56.146 114.0000000000
28948  -50.591  22.843  -32.865 116.0000000000
28950  -2.127  30.111  -19.807 117.0000000000
28991  -6.642  -55.285  -17.477 118.0000000000
29352  -19.458  46.380  -31.316 119.0000000000
29397  -35.574  17.599  -30.439 120.0000000000
28871  -3.138  64.868  -20.039 122.0000000000
28909  -51.294  -2.848  10.172 123.0000000000
28949  -50.663  23.711  -32.947 124.0000000000
28969  -18.413  -3.547  -40.800 125.0000000000
29339  -12.923  -18.690  -27.588 126.0000000000
29381  -56.614  6.855  3.504 127.0000000000
29426  -26.111  -58.096  -23.699 128.0000000000
29462  -24.946  -65.172  -28.349 129.0000000000
30395  -51.929  -32.245  -31.727 130.0000000000
29965  -43.690  -65.778  -28.210 131.0000000000
29980  -40.972  21.475  -52.437 132.0000000000
30303  -9.591  -9.597  28.380 133.0000000000
30336  -53.841  -3.112  7.588 134.0000000000
30373  -3.775  30.754  -27.625 135.0000000000
30491  -46.746  20.010  -52.154 137.0000000000
30516  -52.179  -29.467  4.285 138.0000000000
30557  -10.062  -46.087  10.263 139.0000000000
30940  -6.896  -43.803  30.930 142.0000000000
31335  -32.021  25.207  -14.391 144.0000000000
31470  -5.465  -25.344  1.943 147.0000000000
31831  -1.325  -60.071  -20.789 149.0000000000
32436  -42.978  33.982  -47.295 154.0000000000
33358  -8.408  -65.415  -32.306 158.0000000000
34451  -11.971  78.149  4.058 160.0000000000
34882  -55.028  -43.301  -35.240 161.0000000000
34427  0.827  26.760  3.601 163.0000000000
34881  -18.428  73.524  2.265 165.0000000000
34899  -36.564  -69.480  -26.295 166.0000000000
34928  -5.220  -40.739  -4.261 167.0000000000
36155  -24.425  -53.681  -33.157 169.0000000000
35835  0.569  38.119  -15.353 170.0000000000
35851  -15.547  -67.565  -0.406 171.0000000000
36136  -25.131  -54.244  -33.492 172.0000000000
23694  -30.940  -14.818  2.430 174.0000000000
23739  -64.330  -16.111  -21.842 175.0000000000
23780  -65.314  -17.444  -22.037 176.0000000000
35107  -46.470  12.877  -34.795 178.0000000000
24677  -42.850  2.260  -45.284 182.0000000000
25298  -21.280  67.656  -17.692 185.0000000000
38468  -4.070  -27.020  25.449 190.0000000000
26448  -0.288  17.514  -25.373 194.0000000000
27870  -15.241  -38.636  1.132 196.0000000000
28859  -35.909  35.188  27.380 198.0000000000
40216  -25.948  43.026  14.550 200.0000000000
29836  -38.665  55.957  -30.619 201.0000000000
29866  -37.750  21.126  -52.219 202.0000000000
29900  -38.831  21.223  -52.128 203.0000000000
71077  -17.676  -7.288  46.613 205.0000000000
30012  -21.647  -46.232  12.030 207.0000000000
30460  -18.200  -54.813  -24.315 209.0000000000
41443  -41.956  -56.969  -34.990 210.0000000000
71126  -2.388  -73.870  5.956 211.0000000000
41577  -39.482  -58.717  -33.270 214.0000000000
69475  -47.409  51.334  -3.155 215.0000000000
30970  -18.431  73.841  9.184 216.0000000000
69038  -63.165  -14.818  -29.100 218.0000000000
31792  -40.369  32.288  -45.147 220.0000000000
71264  -37.599  -47.145  15.918 222.0000000000
32005  -6.146  -60.573  -22.687 224.0000000000
33025  -6.342  17.311  -32.213 225.0000000000
71346  -3.725  -16.386  -10.877 227.0000000000
33382  -47.714  -63.034  -7.453 230.0000000000
71496  -9.537  75.878  5.496 232.0000000000
71507  -59.003  8.812  19.260 234.0000000000
34475  -42.836  -8.656  21.207 235.0000000000
44532  -21.649  24.735  -34.417 239.0000000000
71629  -33.496  -4.163  20.302 240.0000000000
71668  -38.316  -32.117  -36.056 241.0000000000
71675  -25.851  55.722  2.408 242.0000000000
35871  -43.199  -59.502  -23.360 243.0000000000
36986  -34.669  25.397  -22.019 245.0000000000
37063  -7.452  -50.719  -25.152 247.0000000000
37096  -45.473  58.829  -19.308 248.0000000000
45394  -31.603  3.943  -3.928 249.0000000000
46512  -18.688  17.854  29.877 250.0000000000
71775  -43.130  -45.860  9.020 252.0000000000
71777  -14.703  -86.995  -25.340 253.0000000000
71791  -42.350  -6.936  41.843 254.0000000000
35068  -16.216  39.832  41.397 260.0000000000
36537  -39.822  49.253  -4.798 262.0000000000
36610  -4.433  22.450  29.285 263.0000000000
36538  -19.258  52.842  31.223 265.0000000000
36623  -21.440  -21.315  45.753 268.0000000000
37471  -43.589  26.636  -5.485 269.0000000000
37497  -40.094  -5.864  -14.309 271.0000000000
37472  -3.454  -72.618  13.431 272.0000000000
37554  -53.711  -30.492  -26.362 273.0000000000
38469  -41.292  -4.567  -14.859 275.0000000000
38961  -5.070  30.853  -39.035 278.0000000000
38947  -13.861  -63.648  29.560 279.0000000000
38888  -19.409  -59.376  -26.886 281.0000000000
36827  -43.649  28.138  -3.918 282.0000000000
39423  -19.669  34.977  41.493 284.0000000000
40672  -27.920  -34.581  34.570 287.0000000000
41095  -53.293  -30.672  -29.388 289.0000000000
41442  -8.360  -59.679  -31.468 291.0000000000
41496  -7.965  66.648  -38.684 294.0000000000
41910  -6.931  -32.772  44.940 297.0000000000
42009  -33.919  8.212  41.769 299.0000000000
42089  -19.286  16.334  39.590 301.0000000000
42115  -42.592  -0.254  30.120 302.0000000000
42215  -36.238  3.378  2.784 303.0000000000
42428  0.517  26.521  -16.476 305.0000000000
42473  -60.690  -31.731  -31.387 306.0000000000
42730  -38.972  -40.755  -19.638 307.0000000000
43218  -17.787  70.245  15.746 309.0000000000
43255  -0.968  26.548  -18.711 310.0000000000
43308  -43.841  14.490  -4.129 311.0000000000
44303  -42.077  -49.656  -36.764 312.0000000000
44175  -37.046  39.813  26.418 314.0000000000
44318  -3.850  53.367  16.042 316.0000000000
45368  -36.711  33.354  31.185 322.0000000000
46556  -44.494  -6.190  -25.810 326.0000000000
46588  -40.410  6.746  41.577 327.0000000000
46611  -46.223  36.178  1.733 328.0000000000
46700  -37.506  -4.475  45.955 329.0000000000
46750  -32.064  48.099  -2.774 330.0000000000
45636  -34.407  -11.559  -26.196 331.0000000000
46220  -15.714  -40.866  -12.546 332.0000000000
46337  -27.196  20.848  30.332 334.0000000000
46537  -29.912  -41.247  39.385 335.0000000000
46577  -17.210  -13.208  -25.519 336.0000000000
46601  -22.171  -42.299  37.704 337.0000000000
46626  -5.607  -2.419  47.219 338.0000000000
46749  -31.705  48.101  -1.576 340.0000000000
47770  -49.845  -29.989  -36.423 342.0000000000
36197  -40.230  -14.255  -13.642 345.0000000000
71648  -50.283  -36.332  24.449 347.0000000000
36557  -48.628  31.172  -34.965 349.0000000000
37149  -31.194  -27.300  26.567 350.0000000000
37160  -35.038  -76.966  -23.332 351.0000000000
69880  -44.358  -44.103  -37.787 353.0000000000
70019  -46.013  -38.738  -12.587 354.0000000000
49195  -39.160  -4.123  28.342 357.0000000000
38108  -44.691  35.816  14.350 361.0000000000
71838  -36.698  -0.009  -42.325 362.0000000000
49237  -7.551  -51.312  22.641 364.0000000000
50361  -10.098  -66.071  -19.119 365.0000000000
38485  -11.097  68.260  -39.907 366.0000000000
38903  -14.449  -15.407  26.353 368.0000000000
71929  -33.125  40.778  16.276 369.0000000000
71945  -28.147  -50.359  31.837 370.0000000000
50414  0.461  6.401  -29.524 371.0000000000
38973  -11.908  -49.121  -9.513 372.0000000000
72014  -26.221  -66.302  -31.581 375.0000000000
51750  -4.862  61.531  -8.158 376.0000000000
37788  -51.145  28.484  -30.490 377.0000000000
36829  -34.151  33.670  -56.578 378.0000000000
40215  -62.323  6.841  -7.600 380.0000000000
52285  -10.230  40.966  14.592 381.0000000000
40229  -49.464  -20.815  -37.796 383.0000000000
40685  -5.265  36.487  -28.084 384.0000000000
41118  -6.443  38.464  -29.780 386.0000000000
41946  -2.645  36.421  6.094 389.0000000000
41973  -51.620  -39.052  -12.361 391.0000000000
42419  -37.493  -51.119  30.101 393.0000000000
54038  -44.552  47.518  13.923 396.0000000000
43204  -48.128  -16.078  20.853 397.0000000000
72374  -4.636  34.547  9.930 399.0000000000
44150  -32.386  -15.797  21.769 401.0000000000
72463  -11.962  -24.203  54.685 403.0000000000
44272  -12.221  55.811  23.042 405.0000000000
54877  -21.007  -47.715  -25.381 407.0000000000
72572  -38.024  -11.796  38.116 408.0000000000
45324  -63.065  -22.073  5.057 409.0000000000
46167  -29.788  -69.701  -36.458 410.0000000000
72714  -28.501  -66.507  -37.233 414.0000000000
72719  -44.451  -27.709  -8.214 416.0000000000
46299  -21.849  1.402  44.857 417.0000000000
47697  -33.864  -72.444  1.378 418.0000000000
48131  -40.223  45.496  -29.983 424.0000000000
72732  -47.827  -27.380  -8.157 426.0000000000
56735  -52.073  -47.780  -27.424 427.0000000000
48042  -46.316  25.088  -36.017 432.0000000000
56991  -24.474  67.008  -1.532 433.0000000000
57001  -29.974  -9.920  -10.317 434.0000000000
72891  -9.239  25.330  -33.652 435.0000000000
56177  -12.751  38.311  36.662 436.0000000000
47698  -27.966  -67.595  -15.318 438.0000000000
47796  -46.327  9.057  35.285 439.0000000000
47876  -34.132  -11.058  -36.702 440.0000000000
47900  -39.021  30.423  -56.659 441.0000000000
47700  -8.895  -56.252  34.423 443.0000000000
47699  -38.310  -63.871  15.425 445.0000000000
47717  -10.717  53.464  10.263 446.0000000000
47743  -60.518  -36.028  2.487 447.0000000000
47772  -14.514  -26.436  16.134 448.0000000000
47797  -6.855  12.607  19.000 449.0000000000
47877  -0.580  -5.554  -29.732 450.0000000000
47901  -9.699  33.083  27.630 451.0000000000
48070  -41.773  17.345  -50.722 452.0000000000
49169  -45.892  19.809  -11.231 453.0000000000
48512  -37.896  -36.785  0.828 456.0000000000
48511  -18.320  67.695  17.189 457.0000000000
48779  -60.290  10.052  -37.237 459.0000000000
48806  -17.756  -8.791  -37.435 460.0000000000
48865  -30.970  13.423  -55.078 462.0000000000
48882  -21.925  17.378  26.539 463.0000000000
48909  -56.971  -15.093  18.928 464.0000000000
49146  -38.833  -10.219  -37.428 465.0000000000
49170  -31.425  26.242  -30.380 466.0000000000
49196  -48.893  8.657  -38.675 467.0000000000
50770  -8.397  -70.498  20.117 471.0000000000
49575  -22.501  17.100  -51.614 472.0000000000
49564  -19.605  -37.669  -23.220 473.0000000000
49596  -4.117  60.453  -6.461 474.0000000000
50326  -27.978  1.996  40.485 477.0000000000
50111  -7.524  -51.435  21.503 478.0000000000
50362  -11.370  -53.070  18.230 479.0000000000
50771  -28.083  41.928  -7.753 483.0000000000
51177  -3.316  1.882  39.207 485.0000000000
51170  -2.810  -32.844  33.733 486.0000000000
51453  -12.015  44.838  -35.864 487.0000000000
51544  -27.913  1.778  38.892 489.0000000000
51531  -34.137  -48.462  32.221 490.0000000000
51644  -30.532  24.392  -50.078 492.0000000000
51751  -49.581  -6.688  21.628 494.0000000000
51960  -36.325  -57.363  26.439 498.0000000000
52298  -9.274  -57.335  25.404 499.0000000000
52286  -16.434  47.674  16.898 500.0000000000
52339  -29.543  -48.426  30.763 501.0000000000
52666  -44.940  36.134  -5.697 503.0000000000
52741  -29.578  37.107  -41.975 504.0000000000
53234  -53.370  16.182  22.194 506.0000000000
53579  -5.423  50.547  -24.391 508.0000000000
53801  -28.810  -59.822  22.151 510.0000000000
53973  -0.867  -68.227  12.237 511.0000000000
53983  -45.050  -6.489  18.717 513.0000000000
54020  -17.173  22.756  32.922 514.0000000000
54335  -27.703  -46.413  -16.388 515.0000000000
54580  -4.827  49.973  -27.863 516.0000000000
54692  -30.315  -16.626  47.643 520.0000000000
54886  -11.657  -69.171  12.029 522.0000000000
55236  -30.583  71.000  -9.150 524.0000000000
55252  -41.386  -25.517  30.519 525.0000000000
55307  -47.628  25.361  -55.335 526.0000000000
56146  -12.604  -22.515  -14.137 528.0000000000
56176  -25.745  -82.103  -28.574 530.0000000000
55322  -11.075  -69.284  10.997 531.0000000000
56094  -3.059  -16.199  5.443 533.0000000000
56158  -9.515  77.403  -33.230 535.0000000000
56845  -24.895  25.863  -59.295 538.0000000000
56953  -6.519  84.019  -24.736 540.0000000000
56973  -2.666  33.374  6.624 541.0000000000
57068  -57.147  8.667  16.804 544.0000000000
56175  -19.273  29.736  43.980 546.0000000000
56198  -30.325  -56.921  19.560 547.0000000000
56734  -30.084  -50.308  12.357 548.0000000000
56746  -6.346  -63.259  0.906 549.0000000000
56855  -45.669  -49.144  24.612 551.0000000000
56961  -1.298  -52.126  11.660 553.0000000000
56981  -2.549  34.414  6.590 554.0000000000
56995  -3.883  22.447  10.696 555.0000000000
57057  -42.769  -9.427  -10.558 556.0000000000
57080  -36.099  -37.868  19.063 557.0000000000
57199  -6.580  -45.188  -18.495 558.0000000000
49737  -4.591  -76.258  -0.190 559.0000000000
49755  -6.997  -61.618  -15.779 561.0000000000
49841  -51.788  -6.508  25.187 562.0000000000
49870  0.007  14.871  -12.992 563.0000000000
50037  -13.595  -24.101  39.951 564.0000000000
50060  -30.132  -57.909  28.797 565.0000000000
50828  -38.641  -8.022  -38.424 567.0000000000
50872  -47.340  -5.976  -30.159 569.0000000000
73186  -38.760  -35.002  5.567 572.0000000000
73190  -11.205  -79.772  -22.908 573.0000000000
73197  -51.114  42.772  -5.899 574.0000000000
73202  -51.807  42.795  -5.860 575.0000000000
73206  -17.786  -84.051  -32.908 576.0000000000
73276  -9.359  -79.303  -24.945 582.0000000000
73277  1.493  48.797  -14.988 583.0000000000
73279  -11.446  7.082  50.453 584.0000000000
73283  -18.144  37.081  -36.923 585.0000000000
59906  -33.420  19.001  40.477 586.0000000000
73296  -42.011  34.137  26.090 587.0000000000
73324  -19.933  4.146  53.439 588.0000000000
73325  -16.512  -47.668  -23.432 589.0000000000
73328  -32.887  -74.541  -24.601 590.0000000000
73334  -27.523  -14.956  33.894 591.0000000000
51994  -60.232  -34.893  -2.492 594.0000000000
51585  -12.285  -22.063  37.573 595.0000000000
60115  -30.937  -76.457  -15.021 596.0000000000
60337  -18.425  -82.043  -1.938 598.0000000000
60487  -25.273  36.549  -34.538 600.0000000000
73522  -22.692  11.804  -31.316 601.0000000000
73527  -21.814  10.535  38.851 602.0000000000
73531  -4.495  -7.706  -20.863 603.0000000000
51674  -20.298  -55.727  29.020 604.0000000000
52061  -4.893  -15.432  13.503 607.0000000000
73580  -12.837  -33.768  16.500 608.0000000000
60559  -46.311  -6.488  4.120 610.0000000000
73671  -9.530  -23.730  48.533 612.0000000000
52702  -3.136  -46.888  -14.094 615.0000000000
73725  -10.943  6.158  44.392 616.0000000000
61711  -5.544  -81.601  -6.421 617.0000000000
73757  -55.447  -27.317  12.898 619.0000000000
52882  -20.259  -58.735  23.085 620.0000000000
53295  -33.177  -32.682  30.087 622.0000000000
73814  -11.078  -39.935  -7.920 625.0000000000
73822  -44.062  17.821  23.741 627.0000000000
73920  -8.326  30.175  29.439 630.0000000000
53800  -44.381  -63.505  -24.595 632.0000000000
53818  -10.073  -31.261  42.762 633.0000000000
54322  -45.560  -38.092  23.580 636.0000000000
54348  -5.387  -53.847  21.253 637.0000000000
54592  -0.811  -68.580  11.248 638.0000000000
54864  -15.910  -35.410  -11.043 639.0000000000
55874  -26.955  -22.264  27.406 641.0000000000
64091  -3.170  -19.643  22.378 645.0000000000
56667  -16.155  -25.688  28.198 646.0000000000
56698  -46.653  -31.857  25.167 648.0000000000
57217  -33.840  -57.853  15.298 651.0000000000
57240  -43.426  -35.307  10.209 652.0000000000
64111  -6.793  12.698  30.313 653.0000000000
74346  -31.724  48.402  -30.258 655.0000000000
56764  -23.959  -32.109  23.614 656.0000000000
1941  -53.154  -15.533  -41.609 658.0000000000
57733  -28.876  -19.039  36.089 659.0000000000
57774  -21.382  73.837  -31.097 661.0000000000
31  -17.525  45.504  36.974 663.0000000000
32  -18.123  45.374  36.754 664.0000000000
648  -37.411  -62.608  -29.332 665.0000000000
727  -46.642  -31.588  17.033 666.0000000000
797  -5.398  -64.343  3.344 667.0000000000
893  -53.692  -35.280  -13.526 668.0000000000
1715  -49.618  -37.780  -36.302 670.0000000000
2234  -34.864  -62.870  -31.814 672.0000000000
30  -17.705  44.393  37.414 673.0000000000
83  -23.436  -53.725  7.064 675.0000000000
684  -4.587  56.948  32.054 676.0000000000
762  -38.064  -5.482  19.407 677.0000000000
59954  -15.957  3.371  -32.364 678.0000000000
59892  -27.619  -67.389  -36.295 680.0000000000
59893  -32.997  -32.841  15.806 681.0000000000
60059  -1.880  -54.950  13.269 683.0000000000
59955  -18.643  17.441  40.044 686.0000000000
59894  -16.491  -18.603  -24.630 687.0000000000
59902  -37.930  -29.144  -41.374 688.0000000000
60516  -16.555  -57.462  11.346 693.0000000000
60537  -2.672  -30.231  26.557 694.0000000000
60116  -44.915  -6.693  4.189 696.0000000000
60259  -29.536  -49.502  19.235 698.0000000000
60280  -57.860  17.836  2.346 699.0000000000
60299  -19.462  -44.348  -9.443 700.0000000000
60319  -26.682  29.576  28.951 701.0000000000
60330  -16.419  -38.156  47.470 702.0000000000
60350  -38.905  67.872  -9.056 703.0000000000
60481  -17.217  -53.280  10.458 704.0000000000
60499  -29.309  -37.478  46.176 705.0000000000
60529  -18.723  25.437  42.895 706.0000000000
60674  -10.302  -27.208  -14.227 710.0000000000
60596  -35.251  -56.664  11.799 711.0000000000
60608  -51.022  -39.550  13.808 712.0000000000
60618  -41.869  38.267  24.047 713.0000000000
60792  -5.738  53.172  -23.271 714.0000000000
12942  -10.778  41.254  -35.028 715.0000000000
12974  -3.957  49.711  36.970 716.0000000000
60830  -21.888  -57.716  11.274 717.0000000000
60984  -58.031  -40.859  -32.361 718.0000000000
61001  -53.637  -14.101  -45.376 719.0000000000
61015  -31.267  -68.845  -0.162 720.0000000000
61040  -59.570  8.460  3.143 722.0000000000
61218  -35.441  -54.633  12.323 726.0000000000
61073  -32.535  16.228  -2.829 727.0000000000
13029  -0.372  46.833  -9.595 728.0000000000
61508  -22.794  0.846  -49.183 730.0000000000
61651  -33.943  19.650  -37.485 731.0000000000
61682  -4.804  50.793  -42.964 733.0000000000
14247  -48.212  -57.985  -8.878 735.0000000000
61736  -7.344  -74.551  11.601 736.0000000000
62371  -30.822  -19.406  26.701 737.0000000000
62434  -33.319  -25.539  15.868 739.0000000000
61984  -43.572  43.625  -30.802 741.0000000000
61978  -60.684  -33.128  10.317 742.0000000000
62372  -11.278  -15.907  30.320 743.0000000000
62418  -56.322  -44.298  -12.892 745.0000000000
5517  -35.622  6.732  -28.918 746.0000000000
62846  -35.135  5.469  -37.656 748.0000000000
62836  -8.690  -80.522  -8.876 749.0000000000
63096  -18.105  -75.158  7.460 750.0000000000
63088  -37.424  69.264  -28.009 751.0000000000
63283  -6.720  -80.767  -8.923 753.0000000000
63355  -12.273  64.428  -18.480 755.0000000000
63558  -44.636  32.721  -15.535 756.0000000000
63593  -8.100  70.164  -28.808 757.0000000000
63751  -25.184  -56.893  3.491 758.0000000000
63897  -48.678  -58.057  -0.342 759.0000000000
20474  -27.418  64.116  -9.407 761.0000000000
63973  -4.569  -78.060  -27.614 762.0000000000
64506  -56.309  -21.841  -28.761 765.0000000000
64110  -60.087  3.020  -38.703 766.0000000000
21078  -12.241  -20.900  -22.817 767.0000000000
64359  -35.917  -16.142  23.861 768.0000000000
22464  -38.756  65.270  -10.831 769.0000000000
64932  -34.003  36.027  -53.493 770.0000000000
826  -26.110  28.988  28.676 774.0000000000
920  -13.974  -29.583  34.852 775.0000000000
1716  -62.002  -35.696  -12.778 780.0000000000
1714  -19.798  -39.911  29.723 781.0000000000
1762  -35.641  -60.259  13.003 782.0000000000
2285  -40.190  53.310  14.262 784.0000000000
2321  -53.135  20.832  2.357 785.0000000000
2670  -9.166  20.091  51.484 787.0000000000
2718  -41.581  -0.839  31.575 788.0000000000
22529  -26.471  72.423  -31.171 789.0000000000
13172  -35.346  13.297  -8.120 790.0000000000
13171  -58.732  9.989  7.844 791.0000000000
13527  -44.581  -6.039  -40.361 792.0000000000
12941  -8.350  -84.369  -31.060 793.0000000000
12943  -10.078  40.779  -35.418 801.0000000000
12975  -3.566  49.828  35.812 802.0000000000
14016  -45.463  10.872  -57.612 805.0000000000
14056  -50.083  -10.912  -0.725 806.0000000000
14140  -42.028  -40.978  -29.879 808.0000000000
13185  -15.066  -69.389  -0.764 812.0000000000
13173  -35.569  12.646  -8.332 813.0000000000
13528  -44.549  -7.690  -39.554 814.0000000000
13572  -37.278  56.855  13.050 815.0000000000
13611  -62.039  -14.728  14.555 816.0000000000
13644  -53.675  -33.465  -15.630 817.0000000000
13959  -51.425  32.161  -15.799 818.0000000000
14017  -46.386  10.673  -58.034 820.0000000000
14057  -48.900  -11.514  -0.744 821.0000000000
14141  -12.547  -20.986  35.336 823.0000000000
14204  -23.141  65.415  -2.228 825.0000000000
14248  -48.839  -58.104  -8.346 826.0000000000
11623  -5.769  -45.015  31.142 827.0000000000
15167  -11.444  -23.215  12.747 831.0000000000
15145  -35.846  71.532  -23.089 832.0000000000
15191  -45.339  -4.443  15.396 833.0000000000
15227  -4.879  39.079  18.178 834.0000000000
15260  -47.980  -31.312  0.264 835.0000000000
15590  -47.325  11.349  -59.853 836.0000000000
15628  -2.864  -15.008  10.837 837.0000000000
11624  -25.582  -43.552  -15.075 841.0000000000
5518  -19.820  11.494  -48.463 843.0000000000
16957  -63.132  4.260  -36.688 845.0000000000
16937  -52.647  -31.045  -0.508 846.0000000000
16973  -26.090  -21.223  -17.073 847.0000000000
17001  -35.733  27.987  28.380 848.0000000000
18405  -46.411  -45.701  25.515 851.0000000000
18383  -48.629  23.639  -18.326 852.0000000000
18990  -14.803  -29.572  18.404 853.0000000000
18968  -42.119  61.495  -32.656 854.0000000000
19466  -59.237  0.579  4.861 855.0000000000
19937  -1.832  -4.723  -36.543 856.0000000000
20083  -53.170  1.155  -52.988 857.0000000000
21518  -27.010  51.835  -26.671 861.0000000000
21490  -31.410  47.619  -21.103 862.0000000000
22128  -26.848  58.173  5.612 864.0000000000
22530  -26.119  71.433  -31.656 867.0000000000
22463  -38.428  66.355  -10.046 871.0000000000
23493  -38.843  18.131  -20.034 873.0000000000
23522  -30.082  -65.989  -18.643 874.0000000000
23581  -51.594  -19.315  26.562 875.0000000000
23965  -34.910  -70.455  -13.491 877.0000000000
24004  -43.866  21.336  -45.079 878.0000000000
24053  -30.938  -40.647  -31.673 880.0000000000
24081  -43.405  21.983  -46.379 881.0000000000
22528  -39.855  64.239  -10.901 882.0000000000
23503  -2.621  -57.938  -20.276 885.0000000000
23536  -7.009  -72.768  -21.890 886.0000000000
23953  -33.351  68.578  -15.716 888.0000000000
24020  -39.707  62.029  -15.625 890.0000000000
24043  -6.445  23.702  -28.871 891.0000000000
24099  -46.717  -23.926  -39.457 893.0000000000
15797  -48.992  -37.944  14.235 894.0000000000
15796  -10.693  -40.913  17.703 896.0000000000
15819  -9.453  -25.696  -18.865 897.0000000000
14339  -4.178  37.811  19.780 899.0000000000
17389  -23.981  66.219  -4.654 901.0000000000
17455  -34.719  59.617  -29.700 903.0000000000
69930  -14.802  69.113  16.815 908.0000000000
69944  -3.957  -13.383  22.577 910.0000000000
17868  -1.854  -51.453  -15.319 913.0000000000
17937  -47.353  7.988  -37.963 914.0000000000
18436  -38.587  8.174  -1.621 915.0000000000
18424  -28.953  66.132  -6.923 916.0000000000
18489  -3.641  35.409  44.096 917.0000000000
18532  -17.601  -40.012  -27.051 918.0000000000
17435  -49.224  -55.870  -6.983 919.0000000000
70066  -21.075  -20.461  49.960 920.0000000000
70082  -63.089  -15.463  -33.172 922.0000000000
18474  -11.743  -73.356  -16.089 924.0000000000
70280  -28.421  79.413  -24.090 925.0000000000
70281  -45.423  -58.507  -26.389 926.0000000000
70287  -40.280  38.932  -30.309 927.0000000000
19442  -39.369  70.450  -26.383 929.0000000000
19019  -62.028  -1.735  -35.499 930.0000000000
44464  -44.874  48.589  -11.831 931.0000000000
19488  -38.345  -18.133  31.458 932.0000000000
19958  -13.585  -27.128  40.471 934.0000000000
20416  -9.259  -17.639  -19.800 935.0000000000
20578  -24.005  -69.452  -11.246 937.0000000000
21100  -31.813  -9.751  33.076 938.0000000000
21491  -30.713  48.444  -20.687 939.0000000000
23161  -32.222  -3.660  -38.080 941.0000000000
22580  -18.048  1.832  -43.021 943.0000000000
21519  -15.014  60.072  -35.857 944.0000000000
23437  -44.283  -48.614  -5.189 948.0000000000
24136  -23.265  -77.332  2.656 952.0000000000
24309  -34.426  -69.681  -13.516 954.0000000000
49054  -59.506  -0.842  -20.761 956.0000000000
25134  -50.204  -20.535  -23.956 958.0000000000
25148  -13.703  55.364  28.155 959.0000000000
25508  -3.863  12.458  42.302 961.0000000000
25603  -9.872  58.784  -45.003 964.0000000000
25638  -34.064  35.701  32.580 965.0000000000
70969  -14.743  -32.841  51.970 968.0000000000
42136  -13.963  -41.025  -9.383 969.0000000000
42154  -38.048  5.751  -12.991 971.0000000000
42191  -8.153  48.264  34.794 972.0000000000
42237  -53.906  -26.478  23.958 974.0000000000
42301  -25.183  -50.484  -33.634 975.0000000000
42339  -48.367  13.681  -42.631 977.0000000000
42688  -50.343  -8.257  36.030 979.0000000000
43539  -50.850  35.781  4.960 980.0000000000
43520  -31.536  -79.042  -27.636 981.0000000000
42138  -38.549  -22.496  41.707 983.0000000000
42137  -8.727  -29.052  -12.545 985.0000000000
42689  -32.127  -3.254  -13.362 989.0000000000
44463  -24.596  -61.466  -34.812 992.0000000000
44483  -25.102  -30.697  -34.529 993.0000000000
44957  -42.259  22.574  34.324 996.0000000000
44465  -29.353  74.259  -10.571 997.0000000000
45559  -44.886  -36.597  6.218 999.0000000000
45583  -11.178  11.616  23.121 1001.0000000000
45689  -13.774  -25.021  -17.311 1002.0000000000
46135  -48.893  -36.784  4.755 1003.0000000000
46515  -26.335  40.645  23.950 1004.0000000000
46876  -8.898  -41.841  37.559 1006.0000000000
47731  -11.096  61.132  -4.456 1009.0000000000
46934  -4.679  -31.700  39.727 1010.0000000000
47701  -2.323  -51.027  24.429 1011.0000000000
49037  -8.877  -15.821  58.410 1012.0000000000
49431  -54.700  19.865  -12.042 1015.0000000000
47730  -6.394  -52.403  24.954 1016.0000000000
47744  -47.792  -35.198  26.329 1017.0000000000
49038  -64.563  -12.681  -26.188 1018.0000000000
49071  -24.928  45.316  -31.355 1019.0000000000
50914  -2.360  -2.636  34.413 1020.0000000000
50947  -48.135  11.041  11.211 1021.0000000000
51017  -35.998  -19.057  48.677 1023.0000000000
51268  -15.704  -80.261  2.518 1025.0000000000
51304  -35.231  -58.238  27.305 1027.0000000000
51355  -6.666  84.094  -26.590 1028.0000000000
51441  -48.353  -61.282  -21.149 1030.0000000000
49432  -22.054  21.227  25.906 1032.0000000000
50927  -28.333  44.861  -34.418 1033.0000000000
50956  -32.129  -54.179  27.164 1034.0000000000
51003  -6.444  44.385  -34.758 1035.0000000000
51254  -5.795  -57.105  26.659 1037.0000000000
51277  -55.008  -28.182  -25.059 1038.0000000000
42238  -46.024  -20.247  8.491 1041.0000000000
42302  -11.436  65.996  -40.668 1043.0000000000
42315  -7.224  -38.757  35.513 1044.0000000000
43521  -5.665  37.172  -34.290 1047.0000000000
43552  -39.611  10.537  25.808 1049.0000000000
43655  -35.369  -15.986  -41.949 1053.0000000000
62405  -52.112  -51.455  3.836 1056.0000000000
73036  -46.533  27.250  -54.357 1058.0000000000
42717  -15.550  4.920  47.321 1059.0000000000
45233  -15.717  -55.882  39.038 1061.0000000000
44484  -51.794  -17.956  -42.504 1062.0000000000
43522  -7.561  46.353  38.126 1063.0000000000
44958  -42.029  22.035  34.035 1067.0000000000
45566  -18.196  29.456  -40.948 1071.0000000000
44956  -36.943  19.957  -6.095 1072.0000000000
45699  -15.129  84.010  -11.364 1076.0000000000
46153  -4.395  24.185  49.199 1077.0000000000
46539  -13.110  -25.834  17.969 1078.0000000000
46903  -23.751  -76.149  4.745 1079.0000000000
65458  -2.119  2.530  12.786 1082.0000000000
47718  -7.313  -51.050  24.865 1083.0000000000
49441  -6.238  -36.337  -2.093 1086.0000000000
49722  -37.948  -52.897  21.880 1087.0000000000
66413  -17.132  51.087  16.349 1088.0000000000
50886  -54.422  -46.441  -10.776 1089.0000000000
50902  -21.064  -75.327  -1.786 1090.0000000000
51354  -9.465  -48.257  -19.112 1093.0000000000
51440  -52.961  42.905  -10.317 1096.0000000000
66534  -9.080  -19.839  13.969 1098.0000000000
74057  -45.122  -55.658  14.995 1099.0000000000
52527  -8.435  -69.467  15.475 1101.0000000000
52580  -59.170  10.974  8.559 1104.0000000000
52805  -38.921  -40.570  -20.594 1107.0000000000
38  -17.837  -54.264  7.680 1108.0000000000
74084  -49.890  21.313  -15.582 1109.0000000000
74090  -52.116  -45.713  -28.722 1110.0000000000
68118  -8.545  -86.301  -8.795 1113.0000000000
74281  -11.854  65.629  17.962 1117.0000000000
36  -18.452  -53.070  6.156 1118.0000000000
62384  -31.807  -61.352  -36.982 1121.0000000000
62340  -56.874  -27.545  -19.537 1123.0000000000
62338  -24.666  -30.880  24.248 1125.0000000000
62348  -45.068  -22.024  18.603 1127.0000000000
26867  -55.214  -2.512  13.326 1132.0000000000
62590  -37.316  59.238  5.283 1133.0000000000
62608  -53.485  -42.228  14.511 1134.0000000000
62866  -43.203  40.807  -15.454 1135.0000000000
62867  -12.889  -60.645  31.170 1136.0000000000
62960  -3.547  -32.270  6.862 1138.0000000000
62339  -24.850  -30.791  24.942 1142.0000000000
29184  -13.222  62.314  -25.006 1144.0000000000
63522  -38.986  46.212  19.497 1145.0000000000
63829  -17.906  -28.007  41.819 1147.0000000000
63842  -62.619  -22.309  16.081 1149.0000000000
31159  -31.081  -71.484  -20.264 1151.0000000000
64177  -28.086  -65.777  16.862 1152.0000000000
64899  -38.397  36.432  -51.426 1153.0000000000
65855  -1.876  -23.223  50.333 1155.0000000000
66412  -28.779  -68.293  -14.697 1158.0000000000
67036  -60.055  5.123  -6.335 1160.0000000000
67687  -15.388  -87.194  -16.549 1161.0000000000
37011  -28.747  -58.590  -30.095 1162.0000000000
37013  -47.716  -55.810  -28.805 1163.0000000000
36991  -20.267  -60.110  -24.904 1164.0000000000
67430  -29.657  19.324  -55.767 1166.0000000000
67586  -36.281  -22.359  -2.464 1169.0000000000
67593  -58.866  -23.171  -1.288 1170.0000000000
67604  -9.548  10.368  26.434 1171.0000000000
68141  -16.458  66.880  -32.954 1178.0000000000
68168  -12.167  -23.221  42.740 1180.0000000000
68171  -58.529  -18.190  -42.089 1181.0000000000
37  -18.067  -53.215  7.831 1182.0000000000
87  -28.661  -41.596  31.374 1183.0000000000
67589  -30.644  -1.872  51.591 1184.0000000000
41665  -6.825  -6.940  17.974 1187.0000000000
68177  -38.544  9.939  25.879 1190.0000000000
41947  -2.587  35.385  6.379 1192.0000000000
26641  -14.582  83.018  -20.461 1193.0000000000
26500  -35.186  17.751  -25.035 1195.0000000000
26499  -30.484  5.501  -47.530 1197.0000000000
26890  -25.458  9.225  -50.648 1199.0000000000
26917  -9.854  -22.636  58.011 1200.0000000000
27280  -13.294  -0.868  56.389 1201.0000000000
27816  -2.112  -62.720  7.030 1202.0000000000
27838  -51.109  -27.844  33.868 1204.0000000000
27906  -37.196  36.795  0.735 1206.0000000000
27935  -11.711  -60.283  -13.548 1207.0000000000
27969  -44.115  13.638  19.803 1208.0000000000
26918  -11.083  -21.476  22.337 1213.0000000000
29039  -65.512  -7.047  -14.936 1216.0000000000
27818  -11.463  65.552  -17.623 1217.0000000000
27817  -1.488  -61.782  6.661 1218.0000000000
27891  -20.855  49.358  10.641 1220.0000000000
27907  -0.993  -65.459  -26.900 1221.0000000000
14018  -32.880  15.825  37.003 1223.0000000000
18197  -29.946  -72.099  -14.757 1224.0000000000
14020  -4.520  -70.529  -2.429 1227.0000000000
31160  -4.982  -66.634  -29.422 1228.0000000000
31186  -31.792  -61.031  3.984 1229.0000000000
32620  -39.504  69.236  -28.429 1230.0000000000
33185  -36.864  1.393  -9.181 1231.0000000000
33648  -50.103  -38.645  -4.115 1232.0000000000
34490  -48.455  8.516  -59.793 1233.0000000000
35567  0.550  -1.325  -0.552 1234.0000000000
38360  -2.706  40.018  34.645 1240.0000000000
38358  -34.758  41.548  15.763 1241.0000000000
37012  -47.442  -56.348  -28.842 1242.0000000000
38122  -4.922  22.325  27.801 1243.0000000000
39302  -33.245  41.158  14.890 1244.0000000000
39630  -51.612  -3.549  -49.624 1246.0000000000
39743  -35.212  49.282  -7.156 1249.0000000000
39744  -28.457  52.728  22.953 1250.0000000000
38359  -2.551  41.061  34.209 1252.0000000000
39315  -8.722  -82.057  -21.532 1253.0000000000
41845  1.188  3.679  2.331 1258.0000000000
41893  -5.623  41.569  29.204 1260.0000000000
171  -43.931  60.972  -11.965 1263.0000000000
26501  -5.490  63.303  -18.280 1264.0000000000
26868  -59.019  1.537  -2.815 1267.0000000000
27281  -34.509  7.668  -50.336 1269.0000000000
27355  -59.863  -37.467  0.337 1271.0000000000
27970  -1.081  -61.284  7.201 1272.0000000000
28017  -10.878  50.727  9.968 1274.0000000000
28433  -7.853  74.906  -36.357 1276.0000000000
73198  -12.815  80.200  -9.413 1278.0000000000
68727  -56.185  -17.547  9.096 1283.0000000000
68731  -51.972  -6.825  27.873 1284.0000000000
29040  -65.098  -7.289  -16.107 1285.0000000000
29057  -34.695  42.887  26.833 1286.0000000000
29517  -41.748  13.882  20.048 1288.0000000000
29841  0.025  -6.228  -1.881 1290.0000000000
15654  -26.417  26.705  27.614 1294.0000000000
73380  -10.674  -83.212  -0.750 1297.0000000000
68757  -39.023  7.536  43.115 1299.0000000000
14019  -31.686  23.395  -11.170 1301.0000000000
68968  -50.826  -1.390  35.904 1302.0000000000
32598  -14.665  -32.266  48.865 1307.0000000000
69503  -5.551  -86.176  -23.137 1308.0000000000
33172  -21.421  -56.728  -22.124 1309.0000000000
33632  -39.022  16.827  -63.982 1310.0000000000
35566  -44.469  -7.141  -23.770 1312.0000000000
36973  -29.653  -56.482  -28.016 1315.0000000000
70138  -33.168  16.558  39.517 1318.0000000000
39301  -21.523  -70.319  -32.510 1319.0000000000
204  -31.748  -70.900  10.859 1321.0000000000
41611  -46.494  29.276  -35.415 1323.0000000000
41622  -64.067  -0.344  -18.044 1325.0000000000
41654  -6.625  70.949  19.567 1326.0000000000
1945  -57.781  -10.995  15.709 1327.0000000000
2308  -38.172  71.065  -8.311 1330.0000000000
41976  -60.459  -14.597  -22.901 1331.0000000000
244  -61.918  -10.365  -43.894 1334.0000000000
2010  -24.825  -27.494  -33.085 1337.0000000000
68551  -51.845  -51.863  -14.290 1340.0000000000
68627  -52.498  -18.840  -41.194 1342.0000000000
68648  -32.837  2.260  -1.185 1344.0000000000
68660  -17.369  -15.557  -27.908 1346.0000000000
68532  -10.399  -35.717  48.725 1349.0000000000
68758  -30.039  54.319  20.606 1351.0000000000
68552  -54.381  -37.877  16.609 1353.0000000000
68554  -53.006  -17.466  -41.965 1355.0000000000
43915  -49.131  25.292  -17.226 1356.0000000000
68967  -16.296  -62.926  31.158 1358.0000000000
68989  -15.378  -87.007  -22.358 1360.0000000000
68759  -38.415  74.019  -20.145 1361.0000000000
68763  -3.975  25.814  16.236 1362.0000000000
68973  -7.186  -44.929  30.467 1366.0000000000
47541  -2.326  9.558  32.687 1367.0000000000
69415  -17.154  -86.663  -20.961 1370.0000000000
48387  -4.763  -63.606  14.981 1371.0000000000
69685  -30.334  74.934  -25.142 1373.0000000000
69504  -14.110  -61.655  4.291 1374.0000000000
69510  -33.355  -18.888  -5.610 1375.0000000000
69693  -47.967  -38.973  29.908 1376.0000000000
69840  -37.013  -55.095  -14.041 1377.0000000000
51547  -3.551  31.210  39.715 1380.0000000000
70346  -6.352  61.708  -0.559 1383.0000000000
70484  -35.580  -55.491  -22.839 1387.0000000000
53753  -32.372  -48.094  28.653 1390.0000000000
1946  -7.063  -6.053  28.607 1392.0000000000
1947  -50.057  10.514  21.221 1393.0000000000
1990  -10.664  81.040  -2.833 1394.0000000000
43916  -6.366  -70.737  -35.112 1396.0000000000
43945  -27.908  -24.450  -25.609 1397.0000000000
44005  -46.256  -49.420  -34.626 1399.0000000000
44021  -34.746  -18.469  -42.074 1400.0000000000
45160  -22.346  -41.837  40.564 1401.0000000000
44367  -52.034  -18.091  -42.023 1402.0000000000
44690  -16.522  40.397  25.281 1403.0000000000
44704  -5.572  55.391  21.542 1405.0000000000
44730  -56.145  12.375  -46.589 1406.0000000000
43917  -46.094  41.975  9.602 1407.0000000000
43929  -60.502  -17.620  -38.593 1408.0000000000
43989  -4.308  -2.672  52.125 1410.0000000000
44368  -51.300  -18.713  -41.438 1414.0000000000
45672  -32.644  -3.450  50.168 1416.0000000000
45738  -4.708  61.721  -1.852 1418.0000000000
44689  -4.049  16.487  34.253 1419.0000000000
44688  -22.585  1.893  45.863 1420.0000000000
44742  -48.900  -16.721  -40.330 1422.0000000000
45671  -37.666  -35.588  4.368 1426.0000000000
45670  -13.984  70.245  9.617 1427.0000000000
48386  -45.806  41.833  -1.206 1430.0000000000
47540  -2.501  9.117  32.113 1431.0000000000
47539  -2.256  8.384  33.176 1432.0000000000
49498  -52.715  43.342  -2.396 1434.0000000000
48388  -6.695  -57.453  30.526 1436.0000000000
50027  -38.394  25.889  -45.079 1438.0000000000
50061  -12.125  -49.146  18.052 1440.0000000000
50718  -18.445  -14.859  -28.943 1441.0000000000
51909  -15.484  -48.950  30.483 1445.0000000000
52830  -42.014  -3.348  32.313 1447.0000000000
53666  -30.376  70.054  -5.533 1448.0000000000
53770  -50.435  1.609  35.396 1450.0000000000
45098  -0.135  -2.952  -16.879 1456.0000000000
45112  -23.718  -39.018  33.686 1457.0000000000
45146  -46.874  -6.154  -22.123 1458.0000000000
45769  -34.869  -54.326  32.819 1462.0000000000
46017  -43.147  29.414  -40.800 1464.0000000000
46072  -54.772  -17.361  -41.254 1466.0000000000
44823  -42.268  -41.113  -11.571 1467.0000000000
73764  1.809  20.665  -13.856 1468.0000000000
73768  -10.062  5.101  46.275 1469.0000000000
73774  -55.649  -47.217  -27.216 1470.0000000000
67631  -18.279  63.973  -34.713 1472.0000000000
67657  -61.799  -9.479  -32.366 1474.0000000000
45977  -47.502  -34.422  29.093 1477.0000000000
67832  -11.772  -39.406  -10.633 1478.0000000000
73892  -24.325  12.364  -33.082 1480.0000000000
48455  -3.038  -25.023  43.446 1484.0000000000
74014  -38.355  -37.899  -28.806 1486.0000000000
49511  -7.778  -42.986  34.269 1488.0000000000
49499  -29.010  -48.950  34.539 1489.0000000000
49556  -29.434  4.311  35.801 1490.0000000000
74096  -19.229  -73.150  14.624 1491.0000000000
50039  -39.652  -2.735  37.790 1493.0000000000
2323  -41.819  31.343  21.643 1496.0000000000
2342  -46.108  18.914  12.247 1497.0000000000
4451  -36.284  1.814  20.458 1498.0000000000
5648  -31.531  68.126  4.822 1500.0000000000
6435  -20.085  20.933  -30.199 1502.0000000000
7578  -5.537  -78.401  -15.068 1503.0000000000
7606  -5.112  -16.739  -6.816 1504.0000000000
7652  -10.826  -46.989  33.654 1505.0000000000
67471  -12.630  7.617  49.347 1507.0000000000
67475  -4.287  -2.336  50.364 1509.0000000000
67485  -53.348  -20.068  8.871 1510.0000000000
47836  -13.848  -46.914  -16.049 1511.0000000000
67830  -23.128  -71.175  12.597 1517.0000000000
67953  -36.901  -47.179  18.219 1518.0000000000
67470  -38.322  11.432  -35.592 1519.0000000000
48276  -49.282  50.802  -15.792 1520.0000000000
48100  -14.508  -71.829  1.220 1522.0000000000
67191  -2.762  -17.871  10.639 1524.0000000000
68245  -29.867  -5.072  50.532 1526.0000000000
67831  -3.478  78.527  -31.343 1527.0000000000
49420  -47.321  35.336  -5.385 1531.0000000000
68394  -26.563  10.791  23.943 1532.0000000000
68398  -32.900  -18.893  -42.215 1534.0000000000
68435  -3.393  1.687  37.431 1535.0000000000
68246  -34.231  -0.427  -16.552 1536.0000000000
68393  -34.039  -7.893  27.173 1538.0000000000
50179  -12.544  -69.156  20.723 1540.0000000000
50774  -17.819  -44.033  6.501 1542.0000000000
2324  -17.402  -83.877  -9.530 1543.0000000000
2325  -33.438  38.764  33.513 1544.0000000000
4428  -62.067  -7.654  8.436 1545.0000000000
5626  -39.051  -41.374  27.287 1546.0000000000
6416  -31.157  -6.208  -28.224 1548.0000000000
6450  -26.558  -23.600  29.697 1549.0000000000
7590  -38.844  -2.721  27.402 1550.0000000000
7628  -5.223  -36.339  47.584 1551.0000000000
47838  -21.735  70.464  4.956 1553.0000000000
48291  -45.234  -48.811  -16.157 1557.0000000000
47837  -37.375  -45.318  -5.460 1562.0000000000
48632  -60.970  -35.899  0.940 1564.0000000000
49349  -31.252  -28.853  -23.622 1566.0000000000
49350  2.201  -18.522  -10.506 1567.0000000000
2364  -55.137  22.989  3.619 1574.0000000000
2772  -55.169  1.301  24.105 1575.0000000000
50178  -24.867  -76.767  -1.126 1577.0000000000
50187  -5.086  12.880  11.860 1579.0000000000
50467  -53.249  -29.173  -24.951 1580.0000000000
49351  -37.412  1.207  18.727 1581.0000000000
49404  -8.241  -41.680  -17.521 1583.0000000000
4151  -0.514  -78.826  -9.336 1587.0000000000
5684  -59.703  9.859  16.039 1590.0000000000
51702  -49.397  4.117  -14.202 1591.0000000000
52032  2.016  -1.497  -26.244 1592.0000000000
52597  -30.160  -64.355  10.959 1594.0000000000
52598  -43.118  -62.977  -23.495 1595.0000000000
8394  -2.783  -47.401  19.337 1597.0000000000
53695  -41.834  7.756  -32.354 1598.0000000000
2365  -19.568  27.137  45.792 1600.0000000000
2432  -12.689  52.498  1.032 1602.0000000000
3017  -38.735  -60.646  13.110 1604.0000000000
3018  -13.131  -57.105  -0.454 1607.0000000000
2366  -38.278  28.716  30.335 1610.0000000000
2433  -3.609  -57.169  4.937 1612.0000000000
4152  -40.851  42.416  -25.223 1617.0000000000
4194  -29.743  5.655  46.953 1618.0000000000
4677  -44.575  -28.820  31.714 1620.0000000000
5138  -20.567  14.516  50.716 1624.0000000000
4339  -13.013  -14.513  57.909 1626.0000000000
4153  -41.453  49.799  -33.231 1627.0000000000
5140  -30.233  -72.982  1.023 1630.0000000000
5139  -54.268  33.942  0.506 1631.0000000000
5685  -12.979  15.321  -32.071 1632.0000000000
5697  -3.407  -10.267  10.067 1633.0000000000
6199  -5.493  69.669  3.188 1634.0000000000
6681  -5.980  -36.398  48.387 1635.0000000000
7382  -32.391  -24.317  -22.908 1636.0000000000
3019  -36.779  -53.568  3.631 1638.0000000000
3459  -26.708  -53.218  3.189 1640.0000000000
3509  -31.443  48.722  10.483 1642.0000000000
3881  -62.313  -34.042  -17.564 1643.0000000000
3936  -2.788  6.296  32.384 1645.0000000000
4003  -24.832  27.388  24.622 1646.0000000000
4195  -0.252  4.310  -24.402 1647.0000000000
4655  -27.568  -73.863  2.798 1649.0000000000
5001  -8.977  71.786  -11.673 1651.0000000000
5160  -6.694  65.386  10.027 1655.0000000000
5191  -64.710  -11.500  -31.898 1661.0000000000
6179  -18.180  -51.685  -3.350 1665.0000000000
6654  -41.427  -24.978  29.850 1666.0000000000
7354  -64.393  -0.667  -37.222 1667.0000000000
61202  -7.058  -34.585  0.060 1668.0000000000
61203  -8.873  -80.952  -3.726 1670.0000000000
21348  -47.990  20.545  26.826 1672.0000000000
61405  -25.628  -68.206  -0.709 1673.0000000000
61675  -47.647  -59.031  -4.684 1674.0000000000
61725  -47.954  -7.769  0.300 1675.0000000000
62106  -10.167  -80.781  -6.569 1678.0000000000
62320  -43.489  38.882  18.998 1682.0000000000
62107  -39.534  -71.733  -23.130 1684.0000000000
22830  -12.042  -56.516  -12.868 1685.0000000000
62321  -24.727  13.977  -38.612 1687.0000000000
23405  -15.543  -33.199  -26.701 1689.0000000000
62544  -42.014  40.370  -15.347 1690.0000000000
23928  -46.992  -59.082  -19.492 1691.0000000000
62774  -46.642  -30.455  23.463 1692.0000000000
22208  -50.994  -21.965  28.238 1693.0000000000
21347  -10.136  13.533  28.779 1695.0000000000
21349  -41.884  27.035  20.646 1702.0000000000
22255  -28.120  49.205  19.956 1704.0000000000
