#!ascii label  , from subject FreeSurferMNI152_0.5 vox2ras=TkReg
819
13318  39.607  67.638  0.415 1.0000000000
13317  59.398  -38.449  17.117 4.0000000000
62616  41.057  65.774  -19.741 10.0000000000
63785  40.786  32.093  -56.521 12.0000000000
63786  5.141  -65.350  -16.702 13.0000000000
64078  18.182  -71.644  18.104 15.0000000000
64077  35.833  15.054  -64.153 19.0000000000
64250  7.613  7.412  -34.918 21.0000000000
13319  23.745  1.833  41.915 23.0000000000
68386  5.766  66.372  -42.146 28.0000000000
68960  43.894  -15.049  -16.472 33.0000000000
68519  55.998  -47.469  -1.942 34.0000000000
47388  34.656  -32.681  -25.710 51.0000000000
68401  60.460  -37.375  -7.692 56.0000000000
47990  31.169  31.604  -12.173 58.0000000000
50364  33.656  -62.413  -28.704 62.0000000000
51554  15.838  -77.867  -31.791 67.0000000000
69570  24.462  11.968  42.141 71.0000000000
69745  43.293  -47.529  -22.589 74.0000000000
69748  16.776  -38.758  43.371 76.0000000000
54363  13.851  52.633  34.897 77.0000000000
47991  36.370  44.051  -27.622 81.0000000000
47389  52.186  -24.060  32.843 83.0000000000
70388  30.070  -81.374  -21.246 84.0000000000
48721  5.137  -1.662  50.694 88.0000000000
48820  60.589  16.215  1.824 91.0000000000
50348  7.281  43.519  39.686 95.0000000000
666  61.005  -7.854  21.890 102.0000000000
52524  24.764  -61.855  -34.919 103.0000000000
3804  23.440  33.192  45.031 107.0000000000
53445  32.502  49.513  -19.613 108.0000000000
53868  14.888  -27.863  47.516 110.0000000000
4340  48.851  -47.954  5.094 112.0000000000
21590  59.536  -43.323  -25.877 118.0000000000
70393  29.619  -81.769  -22.145 125.0000000000
48822  46.049  24.797  -13.110 126.0000000000
22694  63.146  -23.892  12.226 127.0000000000
48742  44.077  9.410  39.874 130.0000000000
27482  55.218  -21.662  -42.914 137.0000000000
668  24.405  -4.702  53.087 146.0000000000
700  10.742  23.604  38.472 147.0000000000
27829  55.843  13.539  -5.478 149.0000000000
27828  46.965  10.882  10.010 150.0000000000
52801  21.745  -62.372  -34.365 151.0000000000
2299  44.232  -45.440  17.654 154.0000000000
2341  47.243  -41.683  18.631 155.0000000000
2475  6.066  -58.952  13.564 156.0000000000
3380  30.965  14.320  29.259 158.0000000000
30369  38.458  -18.783  16.878 159.0000000000
2342  48.127  -40.620  18.925 160.0000000000
2362  60.486  -26.793  16.728 161.0000000000
2490  57.518  5.982  -1.971 162.0000000000
4339  28.090  52.671  25.798 163.0000000000
4338  27.282  51.221  25.370 166.0000000000
5370  42.312  -19.576  33.485 169.0000000000
22194  5.851  53.127  -46.167 175.0000000000
21589  58.835  -43.807  -24.960 177.0000000000
21588  4.806  -47.386  -10.946 178.0000000000
21629  25.540  -50.141  -25.330 179.0000000000
21667  55.989  -47.924  -12.835 183.0000000000
24209  63.477  0.709  15.941 184.0000000000
22275  44.191  -22.742  -38.551 187.0000000000
22685  27.885  -76.849  2.003 189.0000000000
24687  42.577  42.851  7.204 192.0000000000
23090  63.845  -23.038  -2.143 193.0000000000
27303  50.220  -42.318  -33.133 205.0000000000
667  62.428  -6.401  21.804 207.0000000000
27830  33.035  15.620  -43.283 208.0000000000
28159  31.072  7.167  26.828 210.0000000000
1583  68.894  -21.097  -18.673 218.0000000000
1582  69.014  -22.204  -18.603 219.0000000000
3381  31.342  14.182  28.486 224.0000000000
3399  20.184  63.323  11.860 225.0000000000
30401  39.651  27.931  34.195 231.0000000000
5369  42.033  -19.536  34.140 233.0000000000
31371  27.339  -44.037  21.846 236.0000000000
6538  36.888  31.086  -51.239 238.0000000000
55820  42.578  -38.669  -15.488 239.0000000000
55881  11.884  -43.209  21.887 241.0000000000
56122  15.639  31.313  -32.241 243.0000000000
56094  7.670  60.468  6.656 244.0000000000
21702  6.891  8.706  36.257 245.0000000000
21108  49.282  -46.542  2.755 246.0000000000
24210  4.943  11.746  14.944 247.0000000000
22195  25.157  -53.861  31.180 249.0000000000
57057  5.724  -66.784  -11.850 256.0000000000
57838  39.115  -4.553  47.584 260.0000000000
24310  8.461  -51.774  26.457 266.0000000000
24688  45.042  -60.831  -4.180 269.0000000000
24785  6.476  -14.569  5.747 270.0000000000
58440  8.120  17.280  21.403 280.0000000000
27352  49.047  23.607  12.970 285.0000000000
28663  40.774  -62.714  0.668 286.0000000000
28137  25.056  11.914  -49.436 287.0000000000
59756  34.973  2.146  20.958 295.0000000000
28988  12.437  28.828  47.664 298.0000000000
60027  4.769  3.800  -34.532 301.0000000000
60039  44.238  -65.726  -20.739 302.0000000000
30305  65.882  -17.769  -29.081 303.0000000000
9564  32.841  -25.877  -24.166 316.0000000000
55227  39.394  55.077  -12.332 319.0000000000
56049  44.666  -66.186  -10.169 322.0000000000
56137  21.380  -59.352  33.433 324.0000000000
55534  8.117  32.110  -31.430 326.0000000000
55858  11.050  -46.732  28.697 330.0000000000
57040  6.525  72.352  -13.590 336.0000000000
57068  31.716  -60.364  27.860 337.0000000000
57930  37.294  -45.850  24.461 339.0000000000
962  5.209  -4.591  52.354 343.0000000000
70364  30.078  5.280  45.244 344.0000000000
1485  7.412  -20.516  8.350 345.0000000000
70384  40.915  -68.941  -6.138 347.0000000000
70440  39.232  -15.809  -26.778 349.0000000000
1487  7.090  -19.436  8.727 357.0000000000
3529  12.033  3.753  30.735 365.0000000000
59301  20.993  -84.610  -26.358 366.0000000000
5337  66.522  1.799  -20.418 367.0000000000
71201  24.298  81.663  -4.081 369.0000000000
71211  50.015  -4.784  -45.871 370.0000000000
3732  6.658  42.899  35.539 372.0000000000
4440  15.701  56.859  24.741 373.0000000000
5301  2.410  -3.484  -0.103 375.0000000000
59982  10.910  -7.710  57.972 380.0000000000
71280  65.297  -31.849  -0.875 382.0000000000
71345  44.754  -26.982  -1.673 384.0000000000
6911  16.198  -24.272  -20.680 392.0000000000
71749  58.270  1.198  26.857 403.0000000000
9489  15.282  -39.617  37.001 404.0000000000
61971  8.440  -70.293  -33.814 410.0000000000
70055  21.185  80.760  -31.829 411.0000000000
46800  39.731  8.937  44.050 412.0000000000
48132  31.702  -34.863  31.233 413.0000000000
48168  35.709  1.622  -10.906 414.0000000000
48196  18.786  -67.307  4.346 415.0000000000
70136  19.966  81.403  -31.989 416.0000000000
1585  65.441  8.206  -16.040 417.0000000000
70452  40.097  73.146  -10.067 418.0000000000
70457  56.545  -32.583  7.689 419.0000000000
49647  33.724  -78.217  -23.955 420.0000000000
49660  56.840  -21.688  31.291 421.0000000000
961  18.262  -11.221  38.179 423.0000000000
1486  6.456  -20.551  8.786 425.0000000000
960  50.224  6.727  -1.123 432.0000000000
1527  39.101  -59.811  21.399 434.0000000000
1587  65.130  8.917  -16.481 436.0000000000
2396  7.375  14.766  31.840 440.0000000000
1612  31.323  -71.974  -8.095 441.0000000000
3558  39.054  -44.902  -34.846 442.0000000000
3546  38.549  -4.368  1.995 444.0000000000
3634  60.373  21.811  -11.809 446.0000000000
3768  25.103  43.378  34.894 448.0000000000
3528  54.340  2.855  -16.814 449.0000000000
3612  48.153  -27.491  13.143 453.0000000000
3613  39.137  -4.370  1.570 454.0000000000
4461  8.838  -53.753  -25.646 459.0000000000
6909  20.953  -44.886  12.105 460.0000000000
6910  8.711  70.591  1.598 469.0000000000
9428  7.535  70.318  -2.018 471.0000000000
9427  6.527  69.093  -2.142 472.0000000000
9490  35.234  -22.711  25.820 476.0000000000
9565  31.219  -25.957  -23.978 477.0000000000
47248  6.474  43.656  -38.728 478.0000000000
47247  5.033  -69.608  -3.370 479.0000000000
48101  32.278  -61.687  -26.186 480.0000000000
48100  46.000  31.893  -13.537 481.0000000000
48255  17.062  -13.473  -23.760 485.0000000000
48310  15.046  -68.047  3.977 486.0000000000
48581  20.155  -33.663  -26.842 487.0000000000
48580  37.214  59.884  17.208 497.0000000000
1586  65.894  8.573  -16.717 510.0000000000
50875  11.752  78.866  -37.988 513.0000000000
51889  22.188  69.829  9.549 522.0000000000
51149  47.491  28.621  -2.316 525.0000000000
4412  30.855  -15.503  -33.494 526.0000000000
5302  2.909  1.587  -19.091 529.0000000000
4430  52.810  17.053  -12.778 535.0000000000
11608  54.542  -25.029  -26.891 546.0000000000
47249  43.389  -59.953  -28.414 552.0000000000
4717  39.967  -12.528  -28.833 553.0000000000
4881  62.597  -25.295  -18.992 554.0000000000
47545  34.015  48.043  11.888 556.0000000000
48273  10.884  -17.520  59.308 559.0000000000
70205  12.533  56.750  -17.774 560.0000000000
70442  25.372  4.717  44.494 561.0000000000
70257  6.020  80.483  -32.625 562.0000000000
48598  41.223  11.966  39.992 570.0000000000
51102  15.265  47.462  5.624 576.0000000000
8839  41.899  31.069  -56.628 583.0000000000
9503  29.780  -11.170  -27.338 589.0000000000
12597  35.040  -67.949  -13.365 603.0000000000
4390  8.032  -18.783  35.454 607.0000000000
4391  9.292  -18.295  35.449 608.0000000000
4441  51.487  -37.507  29.978 613.0000000000
4952  41.796  -54.211  -27.078 618.0000000000
52734  11.368  9.294  26.582 619.0000000000
4969  38.406  -68.855  -5.410 620.0000000000
5555  28.984  25.778  -33.419 622.0000000000
5556  21.712  29.066  -38.009 623.0000000000
7474  14.673  -6.688  16.320 630.0000000000
8142  47.411  47.193  -19.366 631.0000000000
9945  51.177  11.173  -31.189 642.0000000000
10061  39.705  36.927  12.223 644.0000000000
10782  12.329  -70.401  -17.489 647.0000000000
12149  8.481  43.193  23.313 655.0000000000
12598  37.170  -61.192  6.604 657.0000000000
12668  48.982  -57.875  2.295 662.0000000000
50031  29.632  -35.518  30.667 663.0000000000
50032  57.500  -21.771  29.149 665.0000000000
50321  27.406  -28.747  23.960 667.0000000000
4718  6.466  -1.971  53.193 668.0000000000
50693  21.447  -11.536  -25.453 669.0000000000
4882  42.948  -15.248  23.825 670.0000000000
51807  43.628  21.132  -5.598 671.0000000000
4392  8.453  -17.805  34.714 675.0000000000
4910  6.780  64.884  9.282 680.0000000000
52106  12.637  -22.240  23.121 692.0000000000
5912  13.646  37.260  18.377 694.0000000000
9566  31.705  -25.305  -24.383 708.0000000000
12129  18.918  -58.061  2.669 719.0000000000
23324  10.894  -35.665  -2.873 729.0000000000
56029  19.783  -45.741  -6.263 732.0000000000
50349  35.867  -60.662  -28.989 737.0000000000
50403  19.986  56.685  -35.021 738.0000000000
13639  17.755  -32.040  39.343 744.0000000000
14130  21.430  52.403  11.823 746.0000000000
70914  40.835  38.076  -49.113 747.0000000000
16006  5.975  -59.955  7.770 753.0000000000
14497  38.069  -54.891  -36.094 755.0000000000
16289  49.032  36.185  -8.560 756.0000000000
71138  26.191  -16.212  -21.685 758.0000000000
52089  21.686  -46.628  33.914 759.0000000000
16030  48.697  -48.900  -6.405 761.0000000000
16340  67.943  5.356  -16.975 764.0000000000
71349  46.440  49.218  15.686 766.0000000000
17322  59.780  13.003  -39.405 772.0000000000
19023  51.890  -13.676  13.673 773.0000000000
20270  44.321  -43.474  -25.330 779.0000000000
71861  53.957  -27.488  -8.830 788.0000000000
20846  47.954  -26.291  24.164 789.0000000000
55380  59.724  2.899  26.798 794.0000000000
23323  10.131  -35.626  -4.193 796.0000000000
23205  5.915  -4.056  29.964 800.0000000000
23757  7.386  -53.940  29.999 803.0000000000
13637  18.571  -31.721  38.772 810.0000000000
14036  39.253  55.953  11.328 812.0000000000
14168  39.401  -5.129  35.604 814.0000000000
13638  19.024  -30.791  39.244 815.0000000000
16005  6.891  -59.918  7.066 825.0000000000
16341  67.303  6.402  -16.721 827.0000000000
15772  15.631  -43.977  -20.098 831.0000000000
17234  36.828  42.440  16.367 833.0000000000
17266  41.142  -69.032  -22.866 839.0000000000
18868  59.915  -28.774  -0.028 840.0000000000
19011  7.694  14.485  10.299 841.0000000000
20249  55.259  -50.379  -26.045 846.0000000000
20845  27.302  -37.248  -23.762 851.0000000000
21466  6.058  -59.762  -0.102 854.0000000000
23288  63.629  -14.658  5.842 861.0000000000
59466  38.409  -8.212  -47.137 868.0000000000
14131  40.259  73.822  -26.206 871.0000000000
14151  37.648  -5.656  35.204 872.0000000000
60006  32.711  -45.466  41.429 874.0000000000
14496  6.353  34.825  6.608 877.0000000000
15653  49.122  16.244  -30.806 881.0000000000
16307  17.528  32.526  39.309 882.0000000000
60436  45.587  -18.734  -34.461 883.0000000000
16265  36.475  -14.223  -39.007 884.0000000000
17323  25.962  77.515  -32.671 887.0000000000
61622  52.958  -54.091  -20.528 898.0000000000
61835  2.284  -21.569  1.517 902.0000000000
20707  8.202  73.860  -35.901 904.0000000000
22301  40.534  -0.338  -35.557 912.0000000000
23232  31.294  37.833  -20.583 914.0000000000
23378  12.181  29.495  42.494 916.0000000000
23416  47.563  9.986  33.535 917.0000000000
24243  27.954  23.956  -62.842 918.0000000000
59651  42.209  -25.070  16.899 919.0000000000
24527  47.499  16.392  -39.763 920.0000000000
72152  32.319  -0.035  -30.990 921.0000000000
25653  16.486  -74.920  -22.983 922.0000000000
25709  43.728  13.788  -1.718 929.0000000000
72339  62.885  -16.646  24.273 930.0000000000
72216  23.512  5.457  32.174 931.0000000000
27127  9.908  -66.357  -33.676 932.0000000000
60872  59.427  -14.651  -44.779 938.0000000000
72390  65.163  -5.541  14.384 940.0000000000
27677  26.797  20.597  25.860 941.0000000000
60460  31.385  -58.598  25.039 950.0000000000
29052  24.064  -43.273  23.429 956.0000000000
29515  39.337  68.888  -16.344 958.0000000000
30525  21.933  0.641  -43.027 962.0000000000
30537  44.037  66.590  -20.022 965.0000000000
62231  65.761  12.595  8.905 966.0000000000
30600  18.865  78.921  -3.226 968.0000000000
33389  48.775  50.979  -12.683 969.0000000000
32001  59.858  -4.907  24.436 970.0000000000
62474  5.905  6.016  34.145 972.0000000000
32072  24.996  -34.878  48.969 973.0000000000
63276  63.077  -34.701  4.505 974.0000000000
32491  23.783  -70.801  16.760 975.0000000000
32572  33.344  -11.693  0.798 976.0000000000
62757  44.025  -22.910  -44.588 977.0000000000
73094  9.031  69.830  -16.417 983.0000000000
73098  24.528  -81.561  -5.896 984.0000000000
23810  17.919  -42.400  -28.189 992.0000000000
23808  6.959  51.482  -2.339 993.0000000000
24244  12.921  29.367  40.183 995.0000000000
24260  64.491  11.376  12.565 996.0000000000
22761  7.511  -7.886  -4.917 997.0000000000
23809  17.002  -43.725  -27.430 998.0000000000
26131  24.811  -40.593  -4.765 1016.0000000000
27676  5.969  4.037  8.804 1018.0000000000
28066  44.450  1.355  -41.673 1025.0000000000
29242  46.538  -62.098  -2.172 1032.0000000000
29530  57.142  45.094  -14.874 1033.0000000000
6915  37.229  9.306  35.644 1037.0000000000
30680  18.795  -74.625  -28.306 1039.0000000000
30524  21.679  1.390  -43.806 1041.0000000000
32000  46.196  -8.627  -11.723 1044.0000000000
32134  18.112  -26.703  16.553 1046.0000000000
30599  50.721  -40.487  -9.142 1048.0000000000
65411  3.987  -10.768  46.995 1060.0000000000
24219  31.166  -50.368  -28.087 1064.0000000000
24547  37.045  -30.597  25.648 1067.0000000000
26205  54.377  25.103  14.423 1069.0000000000
25710  43.306  14.726  -1.247 1076.0000000000
27144  34.466  24.629  14.130 1078.0000000000
1009  8.736  -11.007  35.944 1088.0000000000
2510  1.745  -5.147  1.351 1093.0000000000
4237  5.413  -67.924  -5.351 1095.0000000000
4687  32.339  14.553  27.590 1097.0000000000
30206  9.637  41.082  27.170 1100.0000000000
5878  35.912  67.079  7.238 1102.0000000000
32090  10.060  -53.859  20.253 1104.0000000000
32174  7.975  33.674  3.161 1105.0000000000
6853  45.062  59.364  -5.223 1107.0000000000
30871  37.224  -63.097  -2.510 1111.0000000000
31696  47.124  -3.717  -29.652 1114.0000000000
65453  8.141  -24.747  1.705 1121.0000000000
60880  38.023  -56.556  5.222 1122.0000000000
61848  36.440  -45.979  36.075 1128.0000000000
24510  37.241  -74.203  -20.663 1129.0000000000
62352  60.148  -31.616  -32.148 1131.0000000000
64889  7.834  49.920  37.286 1133.0000000000
75021  43.024  9.680  -62.638 1135.0000000000
65990  38.049  -16.765  26.374 1137.0000000000
61660  20.813  -31.221  -28.216 1138.0000000000
25869  57.808  -26.023  -35.806 1143.0000000000
85  65.520  -19.576  15.640 1144.0000000000
86  68.970  -7.716  -13.863 1146.0000000000
161  42.018  -45.124  -30.326 1147.0000000000
62148  10.151  -19.403  24.139 1150.0000000000
63036  37.730  -9.614  -5.710 1152.0000000000
1010  20.994  5.528  -46.894 1162.0000000000
1075  39.935  -2.391  -50.293 1163.0000000000
1255  40.694  24.543  36.975 1166.0000000000
2592  42.074  12.703  29.295 1167.0000000000
3996  57.539  45.180  -13.541 1170.0000000000
4158  18.048  -14.110  25.018 1172.0000000000
4236  43.879  40.024  -29.091 1173.0000000000
2594  6.316  28.597  -21.024 1175.0000000000
2593  43.781  13.494  29.570 1176.0000000000
5740  47.129  37.152  4.614 1179.0000000000
5879  21.901  -31.058  37.884 1181.0000000000
4045  33.719  -3.955  1.211 1183.0000000000
6351  19.772  47.675  -36.964 1197.0000000000
6428  38.394  41.957  31.084 1198.0000000000
6929  16.843  -51.446  -24.612 1203.0000000000
60878  13.720  45.193  33.049 1204.0000000000
60989  47.954  10.136  14.051 1205.0000000000
61048  37.138  -6.149  24.581 1206.0000000000
61228  34.519  4.836  37.665 1207.0000000000
61032  57.227  22.912  13.475 1208.0000000000
60879  38.741  -56.438  6.255 1209.0000000000
61858  36.618  49.743  -36.811 1213.0000000000
62343  23.063  81.453  -13.509 1220.0000000000
62365  63.364  -5.346  21.979 1228.0000000000
63037  9.707  -70.085  -34.623 1230.0000000000
63078  5.832  -40.259  31.615 1231.0000000000
162  41.244  -44.975  -29.248 1233.0000000000
1008  9.609  -11.014  36.616 1236.0000000000
87  69.066  -6.341  -14.362 1240.0000000000
1106  22.788  73.551  -12.524 1247.0000000000
64179  19.006  -39.077  -28.045 1248.0000000000
5156  38.211  23.847  34.192 1250.0000000000
64561  40.148  19.149  40.063 1251.0000000000
4069  23.414  31.884  -41.142 1257.0000000000
3997  57.292  46.053  -13.966 1259.0000000000
3998  14.766  -56.119  -13.025 1260.0000000000
4385  5.530  -43.999  38.671 1262.0000000000
5842  16.363  -40.497  44.508 1267.0000000000
61031  56.585  22.668  13.065 1272.0000000000
56600  30.922  5.565  46.454 1273.0000000000
56601  9.289  -71.847  -19.821 1274.0000000000
56648  47.771  34.525  -43.460 1275.0000000000
56687  40.680  -51.078  -3.419 1276.0000000000
57215  32.638  -24.179  -33.585 1277.0000000000
61229  54.102  22.418  12.305 1281.0000000000
75049  48.032  -18.367  4.302 1282.0000000000
55282  8.176  47.332  -2.819 1283.0000000000
61698  44.303  -26.599  -37.521 1284.0000000000
54326  26.476  32.911  -41.418 1288.0000000000
57986  28.630  13.951  -48.340 1294.0000000000
75340  25.026  77.994  -7.109 1295.0000000000
57993  50.887  16.867  21.008 1296.0000000000
728  56.525  -30.594  -21.332 1297.0000000000
727  36.306  -33.381  23.002 1299.0000000000
2261  57.994  -19.860  14.536 1300.0000000000
2262  59.975  -19.682  14.067 1312.0000000000
4528  26.457  79.062  -16.119 1317.0000000000
3810  68.678  -12.362  -28.693 1318.0000000000
4431  29.050  19.884  -54.100 1321.0000000000
5618  25.708  -11.012  33.003 1323.0000000000
5676  56.551  46.818  -14.463 1325.0000000000
4527  25.726  77.800  -16.222 1327.0000000000
5139  37.799  -5.719  47.451 1330.0000000000
7046  42.184  -48.577  4.745 1332.0000000000
5652  2.113  17.514  -16.080 1333.0000000000
56599  50.630  -8.659  -40.921 1342.0000000000
56663  33.765  30.221  -17.377 1344.0000000000
57233  6.490  57.016  31.194 1351.0000000000
56808  56.462  48.311  -6.467 1353.0000000000
53389  43.772  -66.689  -8.305 1357.0000000000
40285  5.355  -34.244  40.024 1358.0000000000
56810  30.337  -38.048  22.192 1359.0000000000
53390  36.106  -61.287  -34.366 1362.0000000000
58184  30.633  48.375  -29.721 1364.0000000000
729  46.586  -24.880  -14.334 1365.0000000000
58693  55.049  -0.224  23.728 1374.0000000000
59013  54.766  29.738  -30.166 1376.0000000000
59491  5.899  -63.995  -7.819 1377.0000000000
59492  5.707  -64.480  -8.195 1378.0000000000
59512  61.501  16.042  -23.693 1379.0000000000
2323  59.934  -19.476  15.202 1380.0000000000
59542  55.618  13.954  19.091 1383.0000000000
4415  62.312  9.856  -18.303 1392.0000000000
5619  9.004  -4.536  46.989 1394.0000000000
5620  45.265  -1.414  -10.018 1396.0000000000
7033  45.853  -7.855  -19.182 1401.0000000000
38969  42.753  43.970  -16.158 1405.0000000000
39395  24.383  75.673  -7.376 1409.0000000000
40756  35.786  22.825  -4.810 1417.0000000000
56809  22.907  66.534  -4.209 1418.0000000000
39925  11.854  67.618  -30.226 1419.0000000000
40286  56.446  -30.394  3.957 1426.0000000000
41146  57.482  23.811  -8.102 1427.0000000000
41648  13.319  -41.937  35.875 1429.0000000000
40806  45.393  20.710  11.143 1430.0000000000
57957  54.600  -20.741  15.991 1431.0000000000
73348  30.085  -42.545  15.045 1433.0000000000
58704  10.473  -48.172  24.858 1434.0000000000
43929  23.683  59.646  26.487 1435.0000000000
44053  27.922  -28.697  30.991 1436.0000000000
43729  1.062  32.773  -15.726 1438.0000000000
44698  28.776  -33.424  -23.884 1439.0000000000
59493  5.856  -54.058  -14.947 1440.0000000000
59505  61.413  -40.059  -18.967 1441.0000000000
59524  54.319  30.215  -30.649 1442.0000000000
73567  31.156  50.099  -28.209 1443.0000000000
59335  42.372  27.033  -9.396 1444.0000000000
45517  12.620  -18.481  -14.492 1446.0000000000
73629  35.714  76.930  -29.718 1447.0000000000
46882  43.839  -6.184  3.261 1449.0000000000
47290  17.086  59.089  20.133 1450.0000000000
46168  13.393  0.881  57.277 1451.0000000000
44753  41.312  -58.867  -35.750 1452.0000000000
46852  16.542  -46.933  46.709 1453.0000000000
60735  48.431  -63.845  -23.295 1456.0000000000
47273  35.147  32.725  -24.495 1457.0000000000
73630  56.010  -21.613  1.536 1461.0000000000
73909  54.380  -1.352  11.549 1463.0000000000
60725  44.590  -31.393  -26.526 1465.0000000000
48994  7.029  69.882  16.518 1470.0000000000
47723  8.323  39.098  30.778 1473.0000000000
49746  37.713  59.742  15.510 1476.0000000000
38970  20.094  48.921  26.567 1479.0000000000
39073  46.789  1.293  0.414 1480.0000000000
39412  40.140  -47.975  -28.731 1483.0000000000
38971  19.041  -58.134  -28.720 1486.0000000000
29680  24.312  15.666  35.095 1489.0000000000
30274  4.753  45.551  -42.396 1490.0000000000
40757  35.784  23.621  -5.211 1492.0000000000
40784  37.956  54.052  9.634 1497.0000000000
41732  6.161  -30.633  1.206 1501.0000000000
42610  11.643  -41.328  -19.557 1502.0000000000
43319  46.799  -16.261  -41.449 1505.0000000000
42611  25.921  -38.355  0.787 1506.0000000000
42612  26.492  -39.409  0.200 1507.0000000000
43449  46.564  8.679  8.957 1508.0000000000
27851  54.696  51.652  -8.641 1510.0000000000
43320  12.569  65.347  21.165 1514.0000000000
43406  6.228  3.530  19.737 1515.0000000000
43435  49.373  24.406  -8.198 1516.0000000000
43463  14.283  55.340  7.540 1517.0000000000
43928  14.209  -53.482  5.103 1519.0000000000
44327  24.329  -72.369  6.097 1522.0000000000
44345  41.897  25.488  15.782 1524.0000000000
44713  10.458  -49.078  28.865 1526.0000000000
46167  37.084  -4.930  -39.939 1527.0000000000
37849  19.742  -73.759  13.694 1530.0000000000
45938  54.756  25.886  14.674 1536.0000000000
47272  41.175  31.025  5.734 1537.0000000000
46902  1.490  30.843  -9.893 1545.0000000000
48060  24.952  67.739  17.639 1547.0000000000
48472  63.683  21.461  0.264 1558.0000000000
49745  37.938  59.636  14.810 1564.0000000000
49747  17.220  -47.172  -22.643 1565.0000000000
50495  18.638  52.370  -39.594 1567.0000000000
29165  26.725  78.877  0.325 1571.0000000000
29227  51.158  -7.973  -43.164 1573.0000000000
30085  33.998  -73.417  -28.487 1576.0000000000
31156  17.537  -68.695  -35.271 1583.0000000000
40217  15.123  49.227  1.960 1585.0000000000
30293  10.381  -35.423  2.303 1588.0000000000
31622  43.050  5.300  2.846 1589.0000000000
41717  11.504  -58.869  -30.274 1595.0000000000
32671  51.479  15.542  30.636 1597.0000000000
42681  47.663  11.161  -8.637 1598.0000000000
44054  23.527  -23.133  -16.017 1602.0000000000
43387  44.958  -41.827  32.404 1603.0000000000
44385  24.688  -66.524  8.633 1604.0000000000
44649  12.040  44.255  -35.125 1606.0000000000
23879  44.623  16.203  -37.032 1608.0000000000
36797  50.002  8.938  -50.133 1609.0000000000
44751  24.761  47.992  17.736 1610.0000000000
23877  33.507  6.698  32.427 1615.0000000000
72004  10.825  77.565  -8.703 1619.0000000000
72021  8.891  -63.138  1.759 1620.0000000000
72069  46.878  -14.026  -41.077 1622.0000000000
36798  40.603  11.332  -1.732 1625.0000000000
46819  6.375  50.927  -31.985 1629.0000000000
38328  6.512  -26.441  8.113 1631.0000000000
48173  8.062  -50.305  11.539 1634.0000000000
46803  8.662  41.155  1.509 1639.0000000000
46867  19.277  13.825  42.825 1641.0000000000
72290  62.537  -6.372  15.569 1648.0000000000
72340  62.168  -17.101  23.182 1652.0000000000
40697  68.584  -10.794  -8.826 1654.0000000000
72364  13.683  -58.495  35.003 1655.0000000000
40719  1.355  33.261  -12.469 1656.0000000000
49390  28.162  -42.436  27.852 1661.0000000000
29166  26.820  -37.305  -32.476 1668.0000000000
29226  52.008  -9.078  -42.799 1670.0000000000
30087  19.997  40.337  26.189 1672.0000000000
30086  20.564  39.055  25.458 1673.0000000000
29167  27.277  -38.601  -32.660 1675.0000000000
29681  47.706  17.755  -6.032 1678.0000000000
31157  41.327  -48.021  -20.969 1681.0000000000
31158  11.567  68.154  -18.575 1687.0000000000
31174  31.994  -80.226  -20.424 1688.0000000000
33280  36.880  -7.409  -44.726 1690.0000000000
33694  42.100  31.695  13.823 1693.0000000000
27849  11.294  -60.129  -5.690 1698.0000000000
26334  14.914  -55.822  38.158 1699.0000000000
36007  34.574  74.435  -3.753 1704.0000000000
36393  45.115  41.582  17.285 1706.0000000000
36526  61.606  19.595  -21.004 1708.0000000000
37847  48.237  15.261  26.195 1711.0000000000
37873  20.461  -38.033  47.882 1712.0000000000
38084  59.433  -3.992  -35.099 1713.0000000000
27850  10.809  -60.641  -6.846 1714.0000000000
23878  33.601  6.250  33.691 1719.0000000000
36008  64.625  5.873  -1.361 1721.0000000000
36561  19.149  -73.021  15.288 1726.0000000000
37848  23.525  -80.689  -33.676 1728.0000000000
39209  62.613  -21.434  -4.183 1736.0000000000
38329  56.673  -20.786  -33.891 1738.0000000000
39638  25.646  -59.717  -22.462 1739.0000000000
40651  49.263  22.934  -5.560 1744.0000000000
40540  5.354  18.489  -35.489 1745.0000000000
40709  5.410  57.857  -39.397 1749.0000000000
41485  44.405  -22.469  -11.059 1750.0000000000
42042  39.329  14.796  -24.561 1751.0000000000
41541  5.849  -30.490  2.109 1752.0000000000
42837  37.047  20.114  10.730 1755.0000000000
42374  12.268  15.619  19.503 1756.0000000000
30237  56.724  44.076  -16.371 1764.0000000000
29517  12.895  80.053  0.145 1765.0000000000
31212  39.596  -44.801  22.508 1771.0000000000
31552  28.793  -61.820  -2.415 1772.0000000000
31623  20.654  8.769  -45.160 1776.0000000000
32670  50.616  15.572  30.516 1778.0000000000
31642  14.029  -68.794  -35.579 1781.0000000000
33281  54.775  -3.395  -31.855 1782.0000000000
26335  35.556  -50.358  -28.609 1785.0000000000
26336  34.762  -50.483  -29.516 1788.0000000000
34593  9.969  40.870  20.309 1791.0000000000
34610  16.063  -25.562  12.138 1794.0000000000
36845  36.651  -42.694  40.007 1797.0000000000
34496  33.329  -34.255  46.378 1804.0000000000
36515  42.081  69.732  -25.714 1807.0000000000
36009  33.838  15.725  28.093 1809.0000000000
35864  17.805  -67.257  23.922 1811.0000000000
36941  48.355  -25.840  11.729 1816.0000000000
37490  12.109  -48.852  37.757 1819.0000000000
40539  4.835  17.696  -34.803 1824.0000000000
40650  48.660  22.571  -3.977 1826.0000000000
40720  10.072  48.572  24.379 1828.0000000000
38275  26.165  22.454  -53.513 1829.0000000000
69233  10.720  69.361  -39.893 1830.0000000000
40031  41.967  -46.978  -31.083 1832.0000000000
39909  58.562  -32.781  -17.217 1833.0000000000
42027  35.388  20.036  11.211 1834.0000000000
40032  48.943  43.419  -16.102 1838.0000000000
42838  39.343  24.499  -7.460 1839.0000000000
42836  20.102  18.755  51.513 1841.0000000000
29518  11.742  -27.484  -15.770 1845.0000000000
31447  58.557  -28.153  -19.536 1847.0000000000
30987  42.175  -39.303  -34.738 1850.0000000000
30988  15.997  79.796  -2.429 1852.0000000000
29534  5.529  58.886  -30.580 1853.0000000000
29519  64.082  -23.118  4.472 1854.0000000000
32874  10.844  58.876  -32.536 1860.0000000000
32875  10.432  57.958  -32.169 1862.0000000000
30989  17.033  79.693  -2.961 1864.0000000000
33540  10.805  49.846  12.849 1866.0000000000
32876  13.344  -49.149  45.643 1868.0000000000
33954  17.429  79.084  -9.250 1869.0000000000
33955  23.774  -35.070  47.636 1873.0000000000
33970  26.959  -40.477  -12.084 1874.0000000000
34592  33.535  27.397  39.184 1878.0000000000
34987  47.377  50.631  11.432 1879.0000000000
35388  16.337  75.835  -2.422 1881.0000000000
35863  22.461  -69.876  12.722 1882.0000000000
35914  10.906  21.425  18.164 1884.0000000000
37011  51.261  -36.997  -4.907 1885.0000000000
36201  29.496  -49.990  24.222 1886.0000000000
36202  12.550  -48.389  40.673 1887.0000000000
34497  6.855  -31.032  9.827 1888.0000000000
34512  41.776  56.687  -14.296 1889.0000000000
34594  7.811  40.577  21.163 1892.0000000000
34986  29.836  -44.269  18.370 1895.0000000000
36940  24.288  -32.807  -11.350 1896.0000000000
36200  44.087  56.455  -14.845 1902.0000000000
36514  41.412  66.720  -25.969 1905.0000000000
37489  33.274  10.579  -60.694 1913.0000000000
38445  24.418  55.380  10.206 1915.0000000000
38252  5.375  59.056  -39.033 1916.0000000000
40033  21.316  -41.832  -16.679 1924.0000000000
39908  16.782  -38.699  4.597 1926.0000000000
42808  37.989  20.174  10.778 1931.0000000000
43112  50.029  7.924  7.810 1933.0000000000
41903  28.024  -10.248  32.968 1934.0000000000
42825  26.009  -78.047  -8.100 1935.0000000000
43655  39.672  51.982  -28.772 1937.0000000000
43993  47.701  35.538  -42.214 1939.0000000000
31046  41.438  -2.875  25.664 1941.0000000000
31408  43.367  -46.801  -7.972 1944.0000000000
31448  57.659  -27.632  -19.092 1945.0000000000
31502  18.289  -31.391  14.769 1946.0000000000
32898  21.576  -46.869  -8.405 1950.0000000000
41519  63.686  -12.696  -13.932 1954.0000000000
33001  29.807  45.726  -22.634 1956.0000000000
33541  7.930  55.573  17.345 1957.0000000000
33602  52.270  21.919  -46.752 1962.0000000000
34554  21.171  40.853  19.647 1965.0000000000
35014  65.855  -23.472  -0.535 1968.0000000000
35403  0.710  1.708  5.750 1970.0000000000
35862  12.372  20.574  18.905 1972.0000000000
36066  23.155  -27.247  -23.551 1974.0000000000
33956  41.823  -28.237  39.177 1975.0000000000
36578  36.317  -7.627  -46.234 1977.0000000000
72011  36.249  56.432  -6.698 1981.0000000000
37140  16.853  -80.930  -32.189 1985.0000000000
37012  50.679  -36.294  -6.109 1987.0000000000
37029  44.413  32.281  5.963 1988.0000000000
37390  55.417  -31.331  5.699 1989.0000000000
36499  43.728  -6.874  42.423 1991.0000000000
37850  20.475  -73.286  13.685 1993.0000000000
46115  8.981  -79.167  -3.009 1997.0000000000
38446  23.949  54.442  10.259 2000.0000000000
36993  6.557  -36.170  -4.991 2001.0000000000
72313  50.956  -17.101  -1.133 2009.0000000000
38905  10.015  -35.847  47.355 2014.0000000000
47291  17.107  -46.833  44.678 2017.0000000000
72550  39.735  -1.653  20.038 2022.0000000000
41832  44.064  -53.373  9.056 2025.0000000000
41888  44.924  8.981  -56.907 2026.0000000000
49898  2.009  8.742  -11.799 2028.0000000000
43111  48.239  7.127  9.090 2032.0000000000
41904  28.905  -10.383  34.030 2034.0000000000
43638  30.962  57.029  -25.940 2037.0000000000
43711  64.947  -10.983  -14.821 2039.0000000000
42737  5.725  -68.534  11.370 2047.0000000000
41542  10.949  64.953  -43.831 2049.0000000000
40555  10.779  -58.423  -29.305 2052.0000000000
40565  16.986  79.545  -23.263 2054.0000000000
40622  11.299  55.888  -20.384 2057.0000000000
42691  28.980  -57.379  -33.203 2058.0000000000
41520  57.316  -4.567  -48.911 2064.0000000000
42692  33.405  50.152  -28.770 2069.0000000000
32950  64.378  -11.627  -0.269 2071.0000000000
32951  2.207  43.228  -5.894 2072.0000000000
32952  7.012  -60.032  -12.221 2078.0000000000
44883  29.326  43.229  -24.619 2079.0000000000
45561  46.374  -10.127  -16.682 2082.0000000000
44492  14.598  -8.335  -27.126 2085.0000000000
44769  7.600  45.642  -35.839 2089.0000000000
46114  10.003  -79.377  -2.852 2092.0000000000
46590  43.687  -26.612  -36.334 2099.0000000000
48212  22.738  52.103  -35.371 2100.0000000000
72434  16.372  -66.203  -12.490 2101.0000000000
46078  36.092  -49.667  26.095 2102.0000000000
46116  9.061  -79.415  -4.308 2105.0000000000
48123  33.826  38.637  30.019 2109.0000000000
46541  5.402  -53.878  -4.096 2110.0000000000
46591  43.319  -28.896  -35.061 2111.0000000000
48313  38.334  -4.704  -42.257 2115.0000000000
47292  51.259  -41.521  28.337 2117.0000000000
48312  25.017  69.023  16.618 2124.0000000000
49782  7.248  16.477  35.603 2127.0000000000
49783  40.295  22.215  40.204 2128.0000000000
50945  8.426  -53.572  -2.858 2129.0000000000
49897  55.408  -31.422  -8.289 2130.0000000000
50793  23.145  -54.703  4.208 2133.0000000000
51615  29.620  -38.951  -10.687 2134.0000000000
40554  36.834  17.734  -65.003 2136.0000000000
41905  29.105  -10.325  33.208 2139.0000000000
41981  17.412  -37.303  42.588 2140.0000000000
42738  18.041  -58.807  -32.189 2142.0000000000
42896  59.145  -13.460  30.205 2146.0000000000
41575  9.304  65.774  26.284 2147.0000000000
56604  8.266  38.291  34.242 2155.0000000000
56613  52.263  7.340  -19.129 2156.0000000000
56954  41.301  34.333  -45.968 2162.0000000000
57701  52.781  54.877  -23.011 2166.0000000000
45596  34.007  -47.422  -35.276 2171.0000000000
45650  8.312  -11.637  -17.420 2172.0000000000
58622  11.150  44.030  38.217 2176.0000000000
46300  43.114  34.715  -43.496 2181.0000000000
45618  23.039  36.713  42.115 2182.0000000000
59143  49.002  36.136  26.395 2190.0000000000
47364  19.991  72.603  5.180 2193.0000000000
59354  55.551  13.465  13.577 2195.0000000000
48134  25.872  -20.494  33.746 2196.0000000000
59117  8.558  76.906  8.532 2198.0000000000
48198  15.980  60.033  17.406 2200.0000000000
3434  32.769  -77.714  -12.625 2203.0000000000
59142  47.976  37.056  26.492 2204.0000000000
48409  29.688  55.820  -33.244 2205.0000000000
3433  24.242  24.461  -33.264 2212.0000000000
50127  57.716  -8.595  25.519 2214.0000000000
74490  49.387  -18.314  7.558 2216.0000000000
50944  56.036  49.239  -17.826 2220.0000000000
74698  8.069  -23.304  43.196 2222.0000000000
5936  36.072  60.443  17.719 2224.0000000000
50781  42.937  57.806  -35.366 2225.0000000000
56059  27.085  -9.364  -40.050 2230.0000000000
56626  29.202  5.531  46.075 2237.0000000000
56603  51.877  38.362  17.965 2242.0000000000
56618  45.384  49.381  -26.963 2243.0000000000
58329  57.278  -22.203  14.495 2249.0000000000
58328  35.477  -37.665  18.181 2250.0000000000
58425  24.897  32.291  -36.603 2251.0000000000
57700  53.151  55.051  -22.142 2256.0000000000
943  54.622  53.427  -18.085 2259.0000000000
944  25.055  57.402  28.663 2260.0000000000
1050  43.337  -35.341  30.789 2265.0000000000
2927  49.514  30.391  -35.426 2268.0000000000
58903  34.200  12.541  -50.557 2269.0000000000
4839  57.160  -41.801  16.069 2272.0000000000
59141  33.441  25.416  -9.855 2278.0000000000
74517  20.152  73.871  -0.402 2280.0000000000
2928  49.219  28.228  -35.785 2281.0000000000
5304  9.258  13.314  30.651 2283.0000000000
3432  23.182  24.612  -33.260 2286.0000000000
56060  11.534  6.616  48.050 2292.0000000000
55266  19.811  -47.970  15.156 2293.0000000000
56649  27.751  -78.089  -0.855 2296.0000000000
20224  19.655  -40.378  3.798 2305.0000000000
1014  29.254  29.702  -33.702 2308.0000000000
21889  24.623  61.045  -1.502 2310.0000000000
2926  39.794  23.708  35.437 2311.0000000000
58902  44.542  39.180  12.488 2312.0000000000
1049  44.542  -35.110  32.536 2315.0000000000
965  65.242  -2.951  1.718 2320.0000000000
945  13.862  60.470  2.929 2321.0000000000
3083  38.075  13.755  -23.665 2322.0000000000
3564  57.615  -23.361  31.223 2326.0000000000
3492  26.102  42.379  35.346 2333.0000000000
17522  5.908  -29.905  33.503 2336.0000000000
19106  25.435  -32.018  31.335 2344.0000000000
65568  15.463  -22.884  -14.065 2350.0000000000
65590  25.873  -83.447  -15.669 2351.0000000000
1051  40.455  -19.093  16.462 2353.0000000000
2349  61.066  -19.548  14.609 2355.0000000000
24838  60.761  -28.503  -9.338 2358.0000000000
23444  26.174  40.476  36.059 2360.0000000000
13370  23.003  -47.833  -3.443 2362.0000000000
983  15.671  -26.468  49.182 2366.0000000000
4840  13.342  -32.473  20.952 2369.0000000000
24888  25.274  49.430  21.619 2370.0000000000
5327  25.037  -48.790  6.523 2371.0000000000
3474  48.658  53.761  -23.597 2373.0000000000
3082  53.580  29.771  -35.018 2379.0000000000
19105  12.410  -32.378  6.695 2385.0000000000
18103  23.971  -13.949  54.098 2387.0000000000
20226  15.414  74.958  -34.959 2390.0000000000
20225  42.297  -37.830  -24.223 2392.0000000000
5881  22.759  -30.626  38.097 2396.0000000000
2348  20.976  -34.461  -10.114 2397.0000000000
21277  61.762  19.128  9.625 2402.0000000000
17682  23.890  -34.708  -27.612 2403.0000000000
14505  24.188  -37.487  -18.988 2404.0000000000
23294  25.440  29.364  42.481 2411.0000000000
23295  25.486  30.226  42.759 2412.0000000000
23362  47.237  -35.702  9.061 2413.0000000000
26836  6.409  43.710  3.682 2424.0000000000
27816  34.980  -62.396  0.858 2425.0000000000
26911  50.476  -1.978  21.457 2426.0000000000
69719  32.515  -11.501  -23.603 2440.0000000000
66419  1.179  -0.605  6.639 2443.0000000000
65859  55.322  -0.585  8.523 2446.0000000000
65860  24.387  51.055  28.314 2447.0000000000
65861  60.231  18.052  -2.611 2448.0000000000
67653  40.147  75.918  -22.983 2449.0000000000
73628  28.976  -20.233  32.956 2453.0000000000
73640  11.084  -81.499  -17.515 2455.0000000000
73662  44.681  15.331  16.754 2458.0000000000
