#!ascii label  , from subject FreeSurferMNI152_0.5 vox2ras=TkReg
2016
22495  -61.032  10.106  -5.060 1.0000000000
22496  -14.266  51.543  19.822 2.0000000000
22587  -42.210  -5.326  4.361 3.0000000000
22494  -40.556  4.639  -43.976 5.0000000000
45845  -63.749  4.360  -3.316 7.0000000000
22515  -36.718  12.418  -22.107 10.0000000000
71761  -21.127  -19.076  -19.884 11.0000000000
22514  -36.530  12.991  -22.786 12.0000000000
23066  -34.708  22.473  -26.673 15.0000000000
23687  -37.975  -47.525  6.192 16.0000000000
23686  -19.479  -51.668  -23.615 22.0000000000
47082  -51.074  -10.452  -35.500 23.0000000000
47870  -32.379  -54.588  29.383 27.0000000000
48051  -39.826  61.611  -2.322 28.0000000000
48065  -5.529  -42.939  12.954 29.0000000000
60747  -45.062  43.461  -28.173 30.0000000000
61366  -16.476  -59.166  4.053 41.0000000000
45835  -13.083  -62.516  -12.642 42.0000000000
46255  -17.068  -41.680  -12.630 47.0000000000
47062  -37.000  -52.070  31.791 49.0000000000
62251  -40.245  -34.559  -4.789 55.0000000000
47871  -32.101  -52.789  29.196 56.0000000000
48053  -5.803  -43.750  12.611 59.0000000000
48052  -28.011  54.380  18.188 60.0000000000
48066  -2.455  -42.912  36.293 61.0000000000
62754  -55.533  -41.386  -36.039 63.0000000000
60764  -13.159  -69.260  0.262 64.0000000000
19614  0.420  -70.858  -9.541 65.0000000000
60746  -40.612  40.994  -10.072 66.0000000000
61145  -8.970  -24.908  20.194 70.0000000000
20547  -50.825  -48.567  8.606 72.0000000000
71766  -28.217  -68.318  15.373 74.0000000000
61824  -7.313  56.343  -20.026 77.0000000000
70148  -34.310  71.533  -3.041 81.0000000000
61894  -17.027  -55.349  10.847 82.0000000000
62542  -33.845  31.537  14.044 89.0000000000
62779  -53.699  -19.008  -29.659 91.0000000000
26858  -16.687  75.727  -31.737 92.0000000000
62982  -21.990  -36.810  -24.942 93.0000000000
19612  -22.615  26.632  24.029 96.0000000000
69868  -15.418  -35.267  42.405 98.0000000000
70012  -21.163  -17.658  51.226 105.0000000000
70089  -22.889  79.378  -0.930 106.0000000000
24318  -32.961  9.805  -8.459 109.0000000000
70255  -1.281  -20.385  47.765 112.0000000000
25141  -33.623  36.600  33.828 115.0000000000
25646  -4.897  65.738  -16.235 118.0000000000
70417  -5.767  -31.330  -5.717 119.0000000000
70427  -49.492  -27.028  20.506 122.0000000000
19613  -39.824  39.493  -29.201 130.0000000000
19639  -19.992  -13.887  55.349 134.0000000000
20184  -5.358  -41.709  12.691 135.0000000000
22289  -9.505  68.842  -14.418 137.0000000000
23314  -34.820  -6.384  -45.879 139.0000000000
19818  -50.624  14.543  30.174 141.0000000000
8027  -5.748  -32.961  -10.294 144.0000000000
8028  -42.364  -25.208  29.462 146.0000000000
26225  -23.202  -9.110  30.916 152.0000000000
26771  -25.292  -82.991  -24.166 154.0000000000
26895  -38.005  -72.787  -29.328 156.0000000000
26857  -14.597  -44.146  36.376 158.0000000000
27602  -35.065  19.188  -28.551 160.0000000000
19655  -17.672  -39.377  -28.691 163.0000000000
20209  -56.609  8.724  -40.870 169.0000000000
22290  -43.095  -42.551  -23.403 171.0000000000
23315  -33.054  0.203  0.725 173.0000000000
23750  -42.599  -31.846  -11.019 174.0000000000
15648  -32.994  -20.995  33.129 176.0000000000
8029  -34.478  -13.450  -36.273 178.0000000000
57017  -29.800  -58.803  14.927 181.0000000000
25140  -33.576  35.590  34.466 182.0000000000
19930  -17.302  -47.910  9.116 185.0000000000
26200  -33.127  -68.632  13.644 186.0000000000
57637  -3.979  30.480  38.101 187.0000000000
57638  -15.909  38.941  32.928 188.0000000000
21357  -50.163  -24.992  -21.825 191.0000000000
57649  -0.280  36.150  -20.775 192.0000000000
57639  -26.827  -49.946  23.451 193.0000000000
27603  -23.494  -83.611  -27.821 197.0000000000
8587  -11.493  72.566  -15.997 198.0000000000
54515  0.277  19.661  -23.645 199.0000000000
9859  -37.140  59.398  -23.607 201.0000000000
9883  -52.534  -10.318  2.520 204.0000000000
55155  -8.955  85.170  -20.928 210.0000000000
55465  -35.999  -58.769  21.239 212.0000000000
15002  -3.082  -59.114  0.497 214.0000000000
51067  -21.728  41.177  16.261 216.0000000000
56372  -17.547  -61.429  -28.850 218.0000000000
17629  -28.897  -8.314  -5.859 219.0000000000
71323  -11.864  -63.576  10.920 221.0000000000
71324  -40.982  -23.975  21.424 225.0000000000
25496  -20.801  68.557  -18.961 226.0000000000
57658  -3.753  5.569  -36.741 230.0000000000
71390  -17.872  75.890  7.130 231.0000000000
20952  -36.154  -49.522  -12.383 233.0000000000
71441  -31.410  21.538  -56.472 237.0000000000
71451  -34.475  -59.480  -32.148 238.0000000000
58398  -44.221  8.676  10.057 241.0000000000
58129  -19.190  58.243  15.950 242.0000000000
71544  -24.371  -60.150  -32.696 243.0000000000
71547  -62.412  -1.620  -33.722 244.0000000000
21398  -5.208  -45.318  42.556 245.0000000000
8586  -21.314  62.441  2.157 246.0000000000
11976  -7.344  57.158  16.927 254.0000000000
12424  -26.093  20.684  -30.850 256.0000000000
15001  -21.937  -63.167  23.226 257.0000000000
15214  -22.631  -43.756  -17.276 260.0000000000
15726  -38.306  -43.272  -17.374 261.0000000000
15724  -50.359  46.357  -12.242 262.0000000000
16200  -10.362  7.953  19.383 265.0000000000
16555  -6.501  62.584  -7.561 269.0000000000
17273  -10.216  26.564  14.288 275.0000000000
17661  -48.902  36.240  17.890 277.0000000000
19929  -16.970  -49.417  9.515 279.0000000000
19928  -34.336  62.652  -10.247 283.0000000000
21399  -52.167  -31.737  -24.365 287.0000000000
22354  -30.604  -69.903  -12.507 290.0000000000
22389  -11.814  -2.649  16.518 291.0000000000
22424  -10.876  13.993  27.267 292.0000000000
22457  -34.820  24.400  -4.866 293.0000000000
21400  -14.343  -26.571  38.121 294.0000000000
21421  -33.712  75.798  -27.537 295.0000000000
22458  -45.082  27.513  19.391 296.0000000000
22517  -43.776  24.504  -5.419 298.0000000000
8588  -40.354  -42.034  -10.132 300.0000000000
57880  -37.188  -63.739  -1.419 303.0000000000
11977  -23.301  -45.384  31.787 309.0000000000
15003  -16.915  49.595  33.731 314.0000000000
15725  -51.157  45.606  -13.065 316.0000000000
60672  -54.372  -41.941  18.368 317.0000000000
15215  -22.786  -42.300  -17.345 319.0000000000
16201  -60.934  10.530  2.860 326.0000000000
61111  -59.545  3.523  -33.052 329.0000000000
16556  -15.700  76.314  -21.295 330.0000000000
61335  -35.893  -4.024  16.908 334.0000000000
17630  -26.215  -8.013  -42.030 336.0000000000
61913  -1.982  -82.690  -5.913 340.0000000000
17662  -42.069  39.254  -27.630 341.0000000000
63695  -38.136  10.955  42.505 349.0000000000
20951  -38.185  -52.479  -18.520 353.0000000000
21373  -44.248  55.001  -17.671 355.0000000000
22409  -38.113  4.113  28.182 357.0000000000
22938  -28.191  69.440  -15.074 359.0000000000
22952  -24.711  -44.178  39.545 360.0000000000
21839  -64.650  -7.984  -9.423 361.0000000000
23607  -47.939  2.390  12.308 363.0000000000
22964  -13.683  -57.275  -12.810 365.0000000000
34733  -38.874  -47.532  -4.447 368.0000000000
35083  -37.124  11.137  32.821 372.0000000000
46791  -2.338  -66.764  -13.895 376.0000000000
38252  -63.913  -16.902  -33.075 379.0000000000
38526  -47.717  -11.658  -27.879 380.0000000000
38692  -39.451  44.911  -15.568 381.0000000000
42406  -21.389  77.913  -7.854 386.0000000000
60885  -32.851  -12.914  -4.693 387.0000000000
42096  -39.178  37.856  -32.563 388.0000000000
60998  -2.573  -82.211  -4.003 394.0000000000
73217  -60.973  -36.913  -21.027 397.0000000000
45797  -20.250  25.030  -35.635 399.0000000000
46548  -47.224  50.392  -15.197 405.0000000000
47369  -11.608  23.476  47.274 409.0000000000
63059  -24.969  -30.507  22.580 414.0000000000
73595  -48.136  8.489  -7.875 415.0000000000
63730  -22.877  56.105  -28.704 419.0000000000
63737  -25.762  -29.824  21.487 421.0000000000
64921  -37.284  36.413  -52.590 423.0000000000
19216  -25.300  68.802  -12.165 425.0000000000
65074  -46.313  -4.858  -44.672 427.0000000000
65540  -37.985  59.741  -2.312 429.0000000000
65122  -29.508  -9.209  -26.960 431.0000000000
49382  -48.711  35.203  -5.543 432.0000000000
66411  -9.670  37.361  38.367 435.0000000000
65696  -17.171  -27.939  -28.145 437.0000000000
35082  -37.135  10.855  31.657 442.0000000000
35102  -31.959  -27.876  26.968 446.0000000000
36086  -56.055  -6.567  -12.118 447.0000000000
38251  -63.907  -17.857  -32.768 449.0000000000
40211  -35.338  -32.864  34.472 455.0000000000
40210  -6.352  -38.910  36.666 456.0000000000
40309  -46.333  -26.199  -42.094 457.0000000000
40138  -61.981  -23.421  -9.594 459.0000000000
42097  -26.647  42.948  11.072 460.0000000000
42412  0.387  -2.227  -13.467 469.0000000000
42439  -4.803  83.208  -26.059 470.0000000000
42440  -40.632  -26.951  22.797 471.0000000000
43828  -4.035  -54.988  35.533 472.0000000000
43847  -56.856  -48.530  -12.643 474.0000000000
45020  -18.871  47.406  29.019 481.0000000000
9360  -42.731  41.590  -30.592 482.0000000000
46571  -30.685  -53.437  31.584 484.0000000000
46549  -20.575  53.734  13.847 489.0000000000
46650  0.920  14.751  -9.693 490.0000000000
46981  -35.904  -48.962  -13.615 493.0000000000
47417  -5.151  -55.546  25.984 494.0000000000
47370  -39.904  27.699  -44.036 495.0000000000
47418  -1.603  -53.709  28.785 496.0000000000
48234  -8.197  5.423  37.431 499.0000000000
48270  -63.446  -21.753  -2.334 500.0000000000
47683  -24.436  -77.035  2.540 501.0000000000
47667  -24.415  1.316  44.225 502.0000000000
48269  -32.169  -27.169  14.543 504.0000000000
48719  -7.279  -50.025  33.996 505.0000000000
48984  -23.907  44.648  -31.528 506.0000000000
48983  -23.699  43.765  -32.358 512.0000000000
49077  -54.945  -30.623  -40.637 515.0000000000
66572  -45.208  25.315  26.790 517.0000000000
66653  -16.079  -2.656  55.970 519.0000000000
34734  -44.882  -43.219  28.875 520.0000000000
34732  -27.705  -50.442  -23.697 521.0000000000
38253  -28.381  -8.184  -27.869 530.0000000000
38527  -45.335  -6.396  -15.603 532.0000000000
584  -37.759  -20.379  3.576 533.0000000000
57107  -39.921  31.140  31.154 534.0000000000
40139  -43.576  -13.715  -20.246 536.0000000000
3058  -39.370  47.330  5.864 537.0000000000
3057  -40.323  47.278  6.822 538.0000000000
40310  -36.929  -11.678  -28.983 539.0000000000
40621  -22.492  -7.395  -28.960 540.0000000000
3600  -52.423  22.044  -25.088 543.0000000000
69325  -39.303  58.669  -25.213 546.0000000000
4736  -40.327  -1.907  29.935 548.0000000000
42481  -4.139  -71.075  -33.687 549.0000000000
6084  -31.442  44.043  30.919 550.0000000000
4646  -54.062  -27.559  -34.728 551.0000000000
5731  -15.036  -14.733  56.628 557.0000000000
7793  -2.361  -29.771  29.088 559.0000000000
45009  -40.695  59.959  1.149 562.0000000000
46143  -28.650  -69.966  -36.497 565.0000000000
46131  -8.237  42.697  4.148 570.0000000000
47439  -26.315  -11.101  -37.720 571.0000000000
47371  -0.126  35.107  -0.561 572.0000000000
47462  -28.436  33.121  28.176 574.0000000000
47657  -8.526  77.876  -19.521 575.0000000000
70236  -33.504  -6.634  -28.563 578.0000000000
48996  -39.519  28.129  -50.202 583.0000000000
49118  -26.236  -48.127  -16.999 585.0000000000
48580  -18.883  -51.967  25.998 588.0000000000
52005  -37.970  54.006  -0.847 589.0000000000
66573  -42.999  48.350  -28.057 590.0000000000
66574  -9.601  -48.998  4.122 591.0000000000
53051  -30.614  12.368  -62.725 593.0000000000
66638  -46.601  -18.187  -36.203 595.0000000000
55024  -6.874  -26.641  4.426 597.0000000000
55023  -52.417  -44.676  -0.047 598.0000000000
55098  -48.654  -34.161  16.122 599.0000000000
586  -36.913  -20.475  2.393 602.0000000000
1939  -26.565  -30.752  16.642 605.0000000000
2624  -52.516  -39.865  -13.345 610.0000000000
3546  -14.892  27.687  43.304 613.0000000000
3599  -18.462  3.661  47.873 621.0000000000
6085  -31.890  43.888  30.390 622.0000000000
6086  -22.365  62.421  4.966 623.0000000000
7344  -30.292  32.638  -5.462 625.0000000000
5771  -0.758  -61.580  10.907 626.0000000000
69566  -61.424  -33.903  -31.399 636.0000000000
8973  -9.024  75.739  -10.383 637.0000000000
9361  -2.940  47.819  -41.262 641.0000000000
69735  -53.797  -39.355  -11.578 643.0000000000
14301  -44.963  -45.268  30.101 647.0000000000
61277  -44.762  62.821  -14.350 648.0000000000
12816  -26.922  39.767  -19.380 651.0000000000
14284  -31.859  66.327  -1.987 654.0000000000
13860  -41.080  34.470  -45.092 658.0000000000
25421  -32.652  63.139  -15.754 663.0000000000
52004  -35.448  -55.555  28.299 668.0000000000
53015  -8.470  -18.836  -15.083 670.0000000000
52976  -56.174  -15.838  10.019 671.0000000000
55038  -43.367  -55.945  21.794 672.0000000000
55358  -16.656  -66.633  -28.194 676.0000000000
585  -37.757  -19.510  3.323 679.0000000000
2625  -64.927  -11.826  -31.444 682.0000000000
3056  -40.920  47.856  6.390 683.0000000000
3545  -53.983  0.789  22.334 688.0000000000
4634  -2.872  -60.598  10.484 689.0000000000
3623  -9.287  -38.135  25.288 691.0000000000
5749  -19.317  -63.635  -34.806 697.0000000000
7755  -40.383  -24.585  28.670 703.0000000000
7794  -52.601  -22.761  -23.218 706.0000000000
9404  -29.856  75.423  -10.641 711.0000000000
9362  -2.751  49.500  -41.390 713.0000000000
60551  -49.184  -51.362  7.464 715.0000000000
11783  -12.425  -48.149  16.644 718.0000000000
13116  -45.972  10.365  -56.730 720.0000000000
13198  -65.135  -17.622  -10.915 721.0000000000
13987  -14.220  79.917  -31.475 722.0000000000
25379  -48.064  32.070  -39.053 731.0000000000
53002  -46.876  -27.162  9.257 738.0000000000
28516  -15.647  -40.721  3.540 742.0000000000
55407  -27.755  64.415  0.157 747.0000000000
31591  0.584  8.884  -19.221 749.0000000000
33506  -36.836  -25.261  -34.710 757.0000000000
34026  -9.953  54.295  -38.094 760.0000000000
33549  -4.505  36.645  20.453 762.0000000000
33413  -45.458  -52.930  -35.258 763.0000000000
33966  -40.938  26.932  5.514 764.0000000000
58427  -17.912  26.152  47.611 765.0000000000
34831  -38.618  -13.430  -11.280 769.0000000000
36056  -43.123  -41.155  -38.741 770.0000000000
59238  -25.525  13.605  -33.881 777.0000000000
60294  -11.821  -69.821  1.632 782.0000000000
60315  -7.447  -34.241  1.598 784.0000000000
60604  -40.687  -50.359  18.501 786.0000000000
39769  -57.432  -28.691  -7.125 787.0000000000
60624  -3.939  48.584  -5.801 789.0000000000
61007  -36.300  58.871  9.978 791.0000000000
39770  -59.351  -24.677  -8.591 793.0000000000
24093  -39.521  -47.571  5.724 800.0000000000
24091  -16.504  41.904  33.025 803.0000000000
24092  -4.305  -53.490  -16.053 807.0000000000
25665  -11.441  81.865  -18.377 809.0000000000
25420  -3.254  -60.868  -9.903 812.0000000000
27845  -3.847  14.527  20.268 815.0000000000
67447  0.592  2.484  5.414 816.0000000000
28515  -16.011  -41.482  3.941 817.0000000000
28891  -1.750  -76.494  -7.746 821.0000000000
28983  -34.168  -48.103  1.531 822.0000000000
11941  -51.623  47.765  -7.835 823.0000000000
31592  -40.241  15.835  -58.747 827.0000000000
33508  -32.208  68.556  -30.440 831.0000000000
33507  -36.744  -26.424  -34.734 840.0000000000
34423  -44.442  -15.614  33.829 842.0000000000
34832  -32.015  -6.212  47.454 845.0000000000
34027  -10.887  54.290  -38.142 847.0000000000
34908  -16.047  69.446  -32.065 853.0000000000
34920  -3.608  31.085  -26.939 854.0000000000
34979  -39.075  26.433  2.844 856.0000000000
35022  -9.913  53.463  33.295 857.0000000000
36029  -42.541  -50.340  -23.065 859.0000000000
36869  -33.005  -35.403  15.651 862.0000000000
37934  -15.681  22.621  50.006 864.0000000000
38747  -15.450  -70.484  -31.763 865.0000000000
38791  -35.432  -44.385  24.573 867.0000000000
38790  -23.696  60.876  8.795 868.0000000000
39668  -12.298  29.195  -33.035 871.0000000000
39793  -17.803  9.250  -30.298 873.0000000000
3505  -28.477  -52.965  2.899 888.0000000000
5944  -16.542  -14.428  -34.328 893.0000000000
6719  -64.343  -0.267  -36.137 900.0000000000
28905  -6.420  75.732  -37.337 901.0000000000
29005  -18.279  -4.859  -41.011 902.0000000000
7902  -21.425  -73.603  -3.140 904.0000000000
8805  -41.354  36.987  28.312 906.0000000000
68624  -15.972  71.939  7.767 910.0000000000
68302  -36.766  18.201  10.162 912.0000000000
68303  -0.623  -70.368  10.679 913.0000000000
68365  -63.650  2.346  0.476 915.0000000000
11942  -2.878  -49.728  -5.230 917.0000000000
68726  -56.591  -16.947  8.882 923.0000000000
13003  -46.636  -37.500  15.289 925.0000000000
13581  -52.087  -32.916  -16.481 927.0000000000
68856  -18.356  -81.039  0.272 929.0000000000
68882  -0.718  -71.399  6.411 931.0000000000
68887  -15.099  54.700  18.698 932.0000000000
68932  -5.300  72.482  4.742 933.0000000000
14392  -63.309  8.873  0.457 935.0000000000
69336  -0.934  -6.197  -26.043 942.0000000000
14773  -40.084  64.974  -1.025 944.0000000000
15138  -46.277  4.914  -35.365 946.0000000000
15139  -30.665  18.393  -7.900 947.0000000000
15299  -32.566  -13.494  -44.474 948.0000000000
69846  -33.643  -3.701  -18.933 949.0000000000
16629  -30.770  -20.313  32.802 950.0000000000
69554  -5.074  56.846  22.646 952.0000000000
69563  -5.808  -74.544  -23.785 953.0000000000
69570  -16.688  79.157  1.753 954.0000000000
34422  -18.893  72.426  3.294 955.0000000000
34421  -26.323  68.875  -31.884 956.0000000000
34875  -4.047  43.490  18.484 959.0000000000
69954  0.385  -22.939  -11.548 963.0000000000
36513  -4.703  22.081  49.891 970.0000000000
36546  -57.725  10.273  -21.370 971.0000000000
36821  -37.453  59.028  10.388 972.0000000000
36856  -17.263  16.348  48.845 973.0000000000
70172  -20.200  79.595  -2.089 974.0000000000
70173  -10.584  -16.448  31.449 975.0000000000
70183  -4.388  -22.704  -12.485 976.0000000000
70191  -4.438  50.949  -16.084 977.0000000000
17052  -57.439  -7.384  -40.824 978.0000000000
37915  -8.266  23.900  39.774 980.0000000000
70324  -45.148  50.560  -6.578 982.0000000000
70325  -45.027  51.012  -5.903 983.0000000000
37940  -6.840  60.619  8.114 988.0000000000
39669  -35.371  -68.479  -4.778 992.0000000000
39972  -2.675  25.392  -30.006 993.0000000000
40212  -36.526  -25.630  -42.286 998.0000000000
3373  -1.020  -66.331  -0.614 999.0000000000
3503  -39.803  41.281  -25.490 1002.0000000000
3374  -7.934  47.456  -33.644 1004.0000000000
6051  -22.522  -36.333  49.206 1010.0000000000
6364  -34.171  64.806  6.768 1011.0000000000
6620  -19.471  -53.328  0.279 1012.0000000000
58690  -25.207  -48.461  -32.719 1014.0000000000
58974  -42.210  -59.853  9.048 1016.0000000000
59119  -43.118  -42.151  20.857 1018.0000000000
7900  -10.799  15.501  43.755 1020.0000000000
8806  -34.979  46.526  -2.026 1023.0000000000
8920  -48.812  -39.382  23.861 1025.0000000000
11960  -3.193  47.117  -7.986 1028.0000000000
7901  -5.518  19.720  -29.947 1031.0000000000
8857  -38.764  -28.275  -39.249 1036.0000000000
8944  -9.468  32.078  10.581 1037.0000000000
11943  -23.570  -46.385  32.247 1039.0000000000
11980  -42.202  -6.763  -37.601 1040.0000000000
11982  -47.291  1.451  -33.900 1041.0000000000
12197  1.376  -18.424  -11.839 1042.0000000000
11328  -31.839  -11.147  3.112 1046.0000000000
13028  -18.145  -40.433  -22.544 1049.0000000000
12051  -42.653  56.137  -0.060 1050.0000000000
11981  -46.609  2.425  -33.907 1051.0000000000
13582  -51.280  -34.034  -15.152 1053.0000000000
12526  -12.862  -51.421  -11.699 1055.0000000000
13004  -55.428  -31.252  6.464 1058.0000000000
14406  -37.430  3.020  37.282 1059.0000000000
13390  -20.275  -40.211  -22.761 1060.0000000000
13391  -20.516  -40.494  -23.158 1061.0000000000
13489  -58.155  22.469  -9.790 1062.0000000000
13989  -57.024  -7.694  -39.438 1065.0000000000
14393  -3.410  25.618  6.294 1067.0000000000
14642  -17.667  -32.688  -16.218 1071.0000000000
15345  -10.041  -58.082  -12.899 1076.0000000000
15649  -5.515  -16.276  -14.499 1079.0000000000
15973  -16.724  -32.165  -16.688 1081.0000000000
16558  -16.064  75.417  -21.072 1088.0000000000
17020  -2.592  19.274  -36.490 1089.0000000000
17036  -46.803  -4.867  13.404 1090.0000000000
16631  -62.961  2.755  -38.964 1091.0000000000
17500  -28.068  31.387  -6.014 1094.0000000000
17172  -24.674  74.791  -21.883 1095.0000000000
17699  -52.270  17.840  -10.316 1097.0000000000
17709  -60.473  -4.955  13.219 1098.0000000000
3388  -38.522  -54.902  3.671 1099.0000000000
56742  -5.445  -81.932  -30.444 1101.0000000000
3687  -43.494  -19.988  43.043 1108.0000000000
3375  -7.927  50.211  -33.917 1110.0000000000
5964  -16.980  -13.376  -35.326 1112.0000000000
58012  -30.193  21.386  9.838 1113.0000000000
6363  -34.105  65.948  7.128 1116.0000000000
6644  -65.110  -15.764  -6.671 1117.0000000000
58721  -24.862  14.060  -33.500 1121.0000000000
58723  -17.934  50.455  -33.877 1122.0000000000
58722  -0.011  -75.167  -25.775 1126.0000000000
58932  -55.731  -22.922  22.920 1129.0000000000
55986  -9.674  18.186  52.224 1130.0000000000
59213  -52.468  -38.433  -39.615 1131.0000000000
59405  -33.781  56.321  -12.014 1133.0000000000
59118  -5.351  46.475  30.862 1137.0000000000
59151  -3.562  26.185  46.152 1140.0000000000
8370  -17.891  79.952  -14.839 1141.0000000000
8457  -50.113  -28.342  31.136 1143.0000000000
59854  -35.129  19.184  -32.768 1149.0000000000
12050  -40.978  -60.351  3.219 1150.0000000000
8385  -2.734  -40.488  24.482 1154.0000000000
60857  -14.776  -33.140  13.731 1163.0000000000
11419  -43.679  -38.183  16.154 1167.0000000000
61693  -3.839  53.131  -26.931 1175.0000000000
13520  -2.783  -50.608  -7.764 1183.0000000000
13990  -57.749  -8.107  -39.453 1185.0000000000
14621  -20.188  50.439  32.663 1189.0000000000
14774  -40.814  64.289  -1.530 1191.0000000000
62642  -8.411  46.347  20.894 1192.0000000000
15584  -59.010  -32.447  -15.083 1193.0000000000
15995  -16.215  73.209  7.101 1194.0000000000
15665  -2.854  -13.187  10.584 1197.0000000000
16575  -3.906  75.520  -22.494 1200.0000000000
16630  -58.504  -14.972  9.148 1202.0000000000
17499  -0.242  -73.124  -17.073 1208.0000000000
16654  -29.300  -25.573  -19.231 1209.0000000000
63140  -30.989  -36.196  -25.572 1210.0000000000
17698  -24.625  14.857  -38.697 1217.0000000000
56683  -33.643  11.915  -3.695 1218.0000000000
42714  -36.821  -15.272  23.304 1220.0000000000
50589  -29.360  47.524  22.372 1227.0000000000
56682  -53.975  6.233  23.022 1228.0000000000
57204  -18.494  31.277  28.804 1231.0000000000
52800  -49.618  49.748  -19.248 1233.0000000000
58272  -25.481  63.557  -5.781 1236.0000000000
54918  -7.748  40.331  5.700 1241.0000000000
54428  -10.461  -18.767  -19.153 1242.0000000000
58737  -31.161  21.157  8.302 1244.0000000000
58923  -54.467  -38.638  -38.184 1245.0000000000
56662  -7.995  45.871  37.734 1252.0000000000
58872  -4.293  29.581  34.995 1253.0000000000
55962  -51.738  40.009  1.467 1265.0000000000
57108  -40.167  30.439  31.410 1267.0000000000
56344  -50.294  -34.134  13.715 1271.0000000000
56663  -36.116  -62.612  -28.499 1274.0000000000
56850  -38.264  -71.904  -11.599 1275.0000000000
59883  -19.635  78.735  3.150 1277.0000000000
57858  -13.183  28.465  40.233 1279.0000000000
57109  -7.365  -83.729  -31.634 1280.0000000000
60295  -48.184  -58.930  -4.500 1281.0000000000
57296  -35.101  19.288  -30.403 1283.0000000000
13046  -13.114  42.520  -35.575 1286.0000000000
61021  -4.547  -31.128  26.040 1289.0000000000
58367  -1.635  -72.086  -16.586 1290.0000000000
61765  -9.276  -40.241  8.794 1292.0000000000
58415  -13.114  -16.958  43.239 1293.0000000000
62210  -35.184  67.476  -13.645 1297.0000000000
61945  -58.838  -33.277  10.345 1301.0000000000
73795  -29.564  -49.793  9.585 1302.0000000000
62344  -15.012  -74.670  8.866 1303.0000000000
62461  -3.838  -61.247  26.218 1304.0000000000
59526  -27.230  13.192  -34.448 1306.0000000000
60048  -9.360  -28.073  -10.617 1308.0000000000
62470  -51.867  -0.645  3.557 1309.0000000000
60616  -41.352  -49.976  17.676 1314.0000000000
60237  -14.246  36.595  -34.177 1316.0000000000
60946  -4.234  -53.893  12.079 1319.0000000000
63171  -40.457  61.332  -34.712 1321.0000000000
61399  -3.214  -7.953  43.630 1323.0000000000
74105  -28.059  -12.780  -26.933 1324.0000000000
63599  -41.622  -44.686  -15.534 1330.0000000000
63346  -13.676  78.609  -9.049 1332.0000000000
61400  -15.100  50.221  -41.602 1333.0000000000
2223  -34.551  -2.420  31.219 1334.0000000000
62331  -32.041  -71.789  -25.860 1345.0000000000
42712  -23.222  -38.814  -14.372 1346.0000000000
38433  -48.851  3.923  10.577 1349.0000000000
49253  -50.633  17.054  -51.279 1350.0000000000
50249  -38.426  -64.986  12.660 1354.0000000000
38450  -36.329  -10.769  -28.438 1356.0000000000
38432  -1.007  -2.551  -8.159 1357.0000000000
51407  -4.647  -36.304  -5.010 1363.0000000000
52144  -54.370  -15.475  13.588 1364.0000000000
52368  -10.053  -55.820  26.805 1365.0000000000
53526  -37.482  72.919  -22.149 1369.0000000000
53865  -24.672  -37.125  -33.507 1370.0000000000
54407  -42.605  -28.167  -29.652 1371.0000000000
54406  -42.759  -29.132  -28.903 1372.0000000000
54458  -42.925  42.433  -12.531 1373.0000000000
54494  -44.050  -19.290  42.709 1374.0000000000
54707  -27.589  -82.363  -21.528 1375.0000000000
54420  -6.414  8.616  19.347 1377.0000000000
54706  -22.864  4.771  26.966 1382.0000000000
54917  -8.274  41.307  5.083 1384.0000000000
54936  -23.321  -69.712  11.538 1385.0000000000
55622  -11.270  77.923  -32.372 1389.0000000000
55961  -38.825  -25.928  29.326 1391.0000000000
55985  -8.858  18.170  52.447 1394.0000000000
56013  -35.649  16.786  19.000 1395.0000000000
56249  -43.841  -44.531  -1.506 1396.0000000000
56261  -26.725  24.341  27.412 1398.0000000000
55987  -40.277  27.613  -48.846 1408.0000000000
55960  -19.690  -35.653  -11.877 1418.0000000000
57114  -6.421  77.168  -34.665 1422.0000000000
57678  -35.735  -68.435  8.822 1423.0000000000
57857  -12.655  30.176  39.287 1427.0000000000
58200  -42.554  -4.338  21.771 1428.0000000000
58366  -10.843  -82.124  -34.879 1431.0000000000
58862  -53.156  0.078  14.678 1432.0000000000
58873  -13.988  -81.984  -35.514 1433.0000000000
59354  -13.846  -62.291  -31.522 1436.0000000000
60195  -14.431  78.142  0.779 1437.0000000000
59527  -27.641  13.680  -33.829 1440.0000000000
60049  -9.400  -27.522  -11.012 1442.0000000000
18  -49.817  11.689  -41.093 1443.0000000000
60238  -8.766  59.083  9.042 1445.0000000000
59388  -3.883  16.572  9.478 1446.0000000000
60265  -8.977  -61.269  -32.730 1447.0000000000
61348  -38.469  38.397  23.072 1450.0000000000
61374  -24.811  70.099  -22.529 1451.0000000000
2349  -37.071  -58.240  0.878 1456.0000000000
61401  -6.620  61.105  -31.373 1461.0000000000
61552  -58.762  -32.485  11.393 1465.0000000000
61645  -2.974  28.771  44.731 1468.0000000000
38434  -10.914  6.801  51.995 1473.0000000000
51748  -10.862  -30.286  46.841 1475.0000000000
46079  -56.300  18.723  -45.275 1477.0000000000
42713  -36.386  -15.933  23.473 1478.0000000000
50250  -4.716  50.563  -18.049 1480.0000000000
51877  -15.179  -49.980  32.070 1481.0000000000
51408  -4.999  -35.498  -5.027 1491.0000000000
53188  -51.186  16.054  22.368 1496.0000000000
57254  -11.034  -54.314  17.390 1497.0000000000
57054  -56.208  -13.509  5.433 1500.0000000000
73477  -53.644  -16.887  19.069 1501.0000000000
57642  -33.780  69.535  -12.301 1503.0000000000
54405  -42.613  -54.736  22.464 1506.0000000000
55107  -14.679  -62.299  -27.764 1519.0000000000
55636  -41.957  57.215  4.249 1522.0000000000
56014  -34.289  15.819  17.446 1527.0000000000
56250  -59.698  -37.490  -31.313 1530.0000000000
56262  -26.737  23.346  27.642 1531.0000000000
56336  -34.077  11.402  -1.625 1533.0000000000
59486  -17.089  -41.205  -28.988 1534.0000000000
57149  -5.640  2.560  31.647 1541.0000000000
56397  -34.293  3.796  -24.362 1544.0000000000
57679  -34.774  69.935  -11.599 1545.0000000000
73972  -56.738  -39.850  -8.860 1550.0000000000
60157  -31.933  -75.425  -34.221 1551.0000000000
58201  -25.499  0.156  -43.964 1552.0000000000
58866  -10.704  18.683  -30.662 1558.0000000000
58390  -4.288  -6.401  10.601 1560.0000000000
60473  -4.296  39.076  23.239 1561.0000000000
58863  -51.321  -0.725  13.581 1563.0000000000
74187  -13.079  79.483  -33.314 1566.0000000000
59355  -4.090  -54.161  14.297 1567.0000000000
61259  -51.502  23.127  14.281 1569.0000000000
74273  -9.252  72.203  -4.363 1571.0000000000
61043  -6.337  -87.337  -15.665 1572.0000000000
20  -48.843  11.936  -41.449 1575.0000000000
61337  -4.521  29.895  27.275 1578.0000000000
19  -50.042  9.560  -39.420 1581.0000000000
189  -57.389  -3.453  -20.872 1582.0000000000
2382  -14.966  -7.648  -30.726 1586.0000000000
385  -6.344  -26.853  1.235 1589.0000000000
2224  -33.570  -1.055  31.369 1591.0000000000
2278  -51.365  -14.741  21.082 1597.0000000000
2348  -37.959  -58.906  1.994 1598.0000000000
51878  -14.368  -49.149  30.308 1602.0000000000
51773  -13.890  -41.255  32.983 1610.0000000000
72742  -31.747  34.886  4.621 1614.0000000000
55828  -9.491  32.880  10.244 1616.0000000000
55829  -4.394  40.146  0.934 1620.0000000000
56233  -42.838  25.167  -57.217 1621.0000000000
56280  -23.491  -36.689  -32.584 1624.0000000000
56234  -35.010  27.288  -50.331 1625.0000000000
56235  -4.866  -82.114  -29.062 1626.0000000000
44448  -18.082  34.103  32.305 1628.0000000000
57053  -35.170  66.482  0.725 1630.0000000000
57285  -56.889  -6.182  12.201 1634.0000000000
57582  -31.735  -15.392  2.724 1637.0000000000
57643  -34.250  69.353  -12.169 1641.0000000000
57896  -8.504  -16.824  45.070 1644.0000000000
58065  -58.951  5.449  21.042 1645.0000000000
58934  -31.545  -3.455  21.118 1653.0000000000
58933  -32.586  -9.342  -13.866 1659.0000000000
59169  -2.712  -3.476  20.129 1661.0000000000
59315  -5.552  72.835  -39.832 1664.0000000000
59448  -17.380  -50.032  9.048 1666.0000000000
59170  -10.383  -82.668  0.091 1672.0000000000
57019  -45.023  -44.836  -1.872 1673.0000000000
59884  -46.682  -22.495  20.498 1678.0000000000
57490  -44.876  61.905  -18.646 1679.0000000000
60171  -49.875  6.003  -42.150 1682.0000000000
60186  -33.050  -14.503  -44.465 1684.0000000000
60472  -4.661  -7.498  43.055 1688.0000000000
60835  -44.537  -44.421  -10.548 1693.0000000000
60849  -31.062  13.591  35.664 1694.0000000000
61035  -25.699  -50.147  17.989 1695.0000000000
61058  -25.485  -50.911  5.584 1700.0000000000
61553  -4.178  -16.519  31.901 1703.0000000000
61329  -16.381  46.169  23.503 1706.0000000000
190  -57.456  -4.122  -20.517 1709.0000000000
313  -14.436  -24.301  36.916 1710.0000000000
2267  -38.627  54.884  14.134 1711.0000000000
49560  -43.089  57.369  -35.930 1724.0000000000
49653  -21.105  0.383  -30.950 1727.0000000000
51876  -13.826  -49.572  30.971 1731.0000000000
52113  -6.226  -19.103  48.478 1732.0000000000
50839  -20.752  71.911  -21.873 1741.0000000000
52020  -9.293  23.516  35.931 1742.0000000000
53087  -13.437  -34.046  18.526 1744.0000000000
50990  -38.368  15.162  -14.040 1746.0000000000
54787  -16.668  -30.644  41.360 1747.0000000000
54796  -44.190  -45.558  -15.940 1750.0000000000
50991  -34.662  28.218  -55.495 1752.0000000000
52102  -35.010  21.245  21.302 1759.0000000000
57576  -30.986  -15.671  1.727 1764.0000000000
73786  -45.844  20.459  -12.688 1773.0000000000
73843  -13.364  71.544  4.758 1778.0000000000
56989  -42.267  43.158  -17.980 1781.0000000000
58935  -52.045  -2.229  -38.617 1782.0000000000
59288  -27.045  30.231  25.740 1783.0000000000
59324  -12.872  -61.991  -31.657 1785.0000000000
59455  -48.045  -14.429  -41.907 1787.0000000000
59723  -7.044  29.571  31.377 1789.0000000000
57491  -11.703  -33.541  8.417 1792.0000000000
57846  -39.428  64.520  -4.267 1795.0000000000
58305  -55.112  1.018  29.184 1800.0000000000
60695  -40.273  -61.283  -33.426 1804.0000000000
60634  -51.900  3.018  25.776 1805.0000000000
59041  -52.614  21.439  7.722 1813.0000000000
61300  -14.073  -13.559  57.243 1814.0000000000
59216  -39.621  38.779  27.738 1817.0000000000
61721  -31.956  59.393  6.830 1820.0000000000
59890  -38.342  13.191  37.679 1823.0000000000
59713  -3.180  -59.305  7.702 1825.0000000000
62190  -20.546  74.677  4.895 1827.0000000000
59891  -57.640  17.814  3.649 1828.0000000000
60127  -34.471  -15.181  -6.739 1831.0000000000
60357  -29.487  -74.383  -14.835 1833.0000000000
49572  -11.906  16.433  26.441 1839.0000000000
49669  -14.768  -79.761  4.611 1842.0000000000
50860  -43.257  12.631  -58.650 1843.0000000000
50878  -36.700  25.842  -47.871 1848.0000000000
51019  -19.921  -15.704  -28.946 1849.0000000000
54189  -26.758  1.639  34.925 1857.0000000000
54188  -25.817  1.145  34.771 1858.0000000000
43620  -56.129  7.258  -15.161 1867.0000000000
43621  -61.475  9.487  -33.394 1868.0000000000
43622  -60.694  9.244  -33.087 1872.0000000000
55850  -36.996  3.339  23.869 1877.0000000000
55830  -9.632  -65.734  -28.779 1878.0000000000
56144  -8.235  77.277  -33.167 1879.0000000000
56711  -23.789  -16.979  45.523 1883.0000000000
56710  -57.259  -23.636  25.606 1885.0000000000
57020  -46.297  61.123  -18.610 1886.0000000000
57046  -4.601  21.901  10.453 1888.0000000000
57115  -44.211  -22.201  -14.156 1890.0000000000
56978  -13.187  -30.310  35.666 1893.0000000000
54689  -7.355  70.660  -8.832 1902.0000000000
55572  -45.822  9.435  -51.132 1904.0000000000
57997  -43.805  60.910  -21.617 1905.0000000000
58754  -17.152  -47.039  -22.683 1909.0000000000
58417  -61.387  6.166  -36.224 1910.0000000000
58768  -2.009  -10.328  44.155 1912.0000000000
58784  -14.306  -82.056  -11.962 1915.0000000000
59040  -15.965  -6.689  49.572 1918.0000000000
59692  -32.129  -3.470  20.327 1923.0000000000
59714  -2.081  -52.087  8.304 1924.0000000000
57606  -33.188  28.755  39.410 1926.0000000000
60163  -28.814  14.152  36.625 1930.0000000000
45023  -9.002  -50.453  26.883 1938.0000000000
49652  -6.326  -21.538  37.603 1941.0000000000
45024  -35.399  -17.134  -41.739 1943.0000000000
45166  -35.966  11.046  23.074 1944.0000000000
50859  -21.614  8.488  -28.572 1945.0000000000
50870  -18.885  56.016  13.594 1946.0000000000
51008  -7.633  83.660  -23.969 1947.0000000000
46246  -26.349  11.138  -33.423 1950.0000000000
47679  -23.188  -33.095  25.573 1951.0000000000
52046  -5.578  -58.557  25.121 1953.0000000000
52045  -37.572  -63.549  -24.358 1954.0000000000
48378  -54.255  -30.530  -40.152 1955.0000000000
48761  -6.973  -43.988  9.742 1956.0000000000
53103  -49.137  -41.077  -20.670 1958.0000000000
72764  -57.447  -5.359  -11.734 1960.0000000000
53750  -45.003  9.781  -48.883 1962.0000000000
72923  -60.055  -15.639  -27.137 1963.0000000000
49942  -37.328  55.969  14.744 1964.0000000000
54429  -11.275  6.036  27.170 1966.0000000000
54469  -12.581  61.439  -13.823 1967.0000000000
50992  -37.693  53.126  3.351 1968.0000000000
55074  -28.747  -48.921  -25.923 1975.0000000000
55099  -16.419  -31.281  40.815 1976.0000000000
51051  -11.815  77.115  -25.971 1981.0000000000
55863  -10.305  -5.996  15.897 1986.0000000000
56154  -38.439  -63.694  2.244 1989.0000000000
53230  -57.200  -15.922  8.964 1990.0000000000
56433  -11.036  -32.010  26.084 1992.0000000000
57045  -18.440  -23.351  -14.664 1998.0000000000
57121  -8.000  -83.153  -32.959 2000.0000000000
53319  -31.514  45.343  -37.927 2002.0000000000
53705  -42.033  -56.181  23.157 2003.0000000000
53740  -29.150  31.395  37.212 2004.0000000000
53346  -35.868  18.060  -61.140 2006.0000000000
57477  -0.643  35.540  -20.961 2007.0000000000
54643  -56.114  -6.565  17.891 2010.0000000000
54690  -40.261  -45.471  -14.944 2013.0000000000
58759  -40.340  -13.080  1.988 2015.0000000000
55571  -54.408  0.617  -38.836 2016.0000000000
56226  -6.095  44.894  40.615 2017.0000000000
59059  -15.625  -52.780  12.351 2020.0000000000
56712  -25.419  -16.917  45.132 2021.0000000000
56713  -34.459  0.361  17.689 2026.0000000000
59215  -4.716  17.624  41.195 2027.0000000000
57075  -29.743  -51.224  10.097 2030.0000000000
57492  -5.448  -20.475  35.292 2031.0000000000
57524  -27.731  -42.414  23.586 2035.0000000000
57861  -41.884  -62.616  -29.731 2036.0000000000
57873  -39.391  31.654  29.211 2037.0000000000
45036  -54.995  -1.745  -15.962 2044.0000000000
45022  -5.966  -55.702  37.325 2048.0000000000
45153  -32.661  10.843  22.486 2049.0000000000
46289  -36.424  -70.864  -36.093 2051.0000000000
47519  -2.691  -47.668  -16.221 2060.0000000000
47665  -33.817  -16.904  -42.793 2061.0000000000
48760  -6.274  -45.048  9.597 2065.0000000000
49450  -44.975  45.691  -31.936 2067.0000000000
49496  -8.523  -69.935  20.471 2069.0000000000
49918  -4.843  9.328  29.804 2071.0000000000
49522  -28.530  -66.879  -18.542 2074.0000000000
49495  -30.984  23.846  42.226 2075.0000000000
50275  -16.769  -44.039  7.323 2077.0000000000
50569  -22.542  -11.628  -40.056 2079.0000000000
50631  -33.202  20.693  -14.269 2081.0000000000
50615  -45.618  22.613  24.770 2082.0000000000
50172  -62.484  -14.356  -27.066 2083.0000000000
50171  -62.451  -14.765  -26.445 2084.0000000000
51105  -11.092  26.680  -34.655 2088.0000000000
51341  -38.788  54.135  3.099 2089.0000000000
51394  -52.470  -27.636  12.450 2091.0000000000
51052  -43.801  -41.351  33.388 2092.0000000000
51538  -29.232  43.311  -8.463 2094.0000000000
51650  -7.641  64.456  7.937 2095.0000000000
52219  -63.111  -27.458  10.422 2099.0000000000
52207  -37.757  -9.711  -41.739 2100.0000000000
52777  -16.991  -29.771  -28.189 2102.0000000000
52764  -13.972  60.645  -10.212 2103.0000000000
53347  -29.758  30.420  38.878 2108.0000000000
53572  -40.976  28.793  -58.331 2110.0000000000
53741  -24.604  -66.254  -25.233 2114.0000000000
53348  -4.124  47.426  15.028 2115.0000000000
53706  -28.330  -50.012  29.416 2116.0000000000
53742  -41.628  47.537  12.918 2119.0000000000
54642  -28.719  -17.021  47.627 2122.0000000000
55785  -40.428  60.979  -16.404 2125.0000000000
56194  -47.139  -6.494  14.385 2129.0000000000
55810  -10.155  44.434  -44.032 2131.0000000000
56193  -23.010  -10.827  52.256 2133.0000000000
56723  -30.489  -53.862  14.685 2135.0000000000
56227  -9.636  53.442  -6.828 2136.0000000000
56237  -47.446  -45.528  -16.422 2137.0000000000
57076  -54.825  -46.742  -18.132 2140.0000000000
56772  -4.050  -43.752  -2.688 2141.0000000000
57525  -40.783  -34.709  8.412 2146.0000000000
57605  -45.218  9.128  12.146 2147.0000000000
45035  -54.211  -2.146  -15.980 2154.0000000000
45118  -46.738  24.693  -34.756 2157.0000000000
46272  -36.301  -4.115  47.505 2159.0000000000
50910  -25.692  37.242  -40.826 2162.0000000000
47497  -19.640  23.742  47.644 2165.0000000000
52955  -19.075  8.947  -45.862 2166.0000000000
48379  -18.145  -25.949  44.110 2170.0000000000
54561  -11.763  33.813  12.044 2171.0000000000
53900  -40.602  -55.925  24.024 2172.0000000000
48790  -8.550  -48.837  33.782 2173.0000000000
49436  -51.681  48.870  -18.163 2175.0000000000
49943  -9.104  -41.805  -17.366 2179.0000000000
54827  -19.839  -50.853  16.153 2180.0000000000
50261  -28.608  31.476  34.407 2184.0000000000
50311  -14.046  -25.187  39.735 2186.0000000000
51090  -29.506  24.997  39.608 2193.0000000000
51124  -49.755  19.080  -14.291 2194.0000000000
51382  -25.772  33.221  21.333 2196.0000000000
51409  -3.368  -32.121  32.055 2197.0000000000
51058  -5.216  49.787  -19.727 2198.0000000000
57752  -11.110  -46.896  -19.672 2200.0000000000
53217  -11.505  84.936  -10.270 2206.0000000000
53243  -64.333  0.581  -35.661 2207.0000000000
53368  -48.722  25.356  -50.733 2209.0000000000
53556  -7.846  46.308  13.039 2210.0000000000
53577  -30.310  -70.350  13.329 2211.0000000000
53334  -29.427  30.360  38.477 2212.0000000000
53707  -6.181  -44.028  2.482 2213.0000000000
53982  -3.473  -17.975  42.740 2215.0000000000
60172  -49.339  6.686  -42.719 2216.0000000000
54884  -16.433  30.425  45.213 2220.0000000000
60940  -20.207  70.273  -20.347 2221.0000000000
61389  -48.031  -53.476  10.060 2224.0000000000
61572  -58.806  -0.214  6.946 2227.0000000000
55771  -51.645  -48.168  -26.538 2228.0000000000
12393  -7.134  -49.277  -5.508 2231.0000000000
61870  -42.972  -7.093  44.037 2233.0000000000
57862  -13.138  -54.985  16.781 2245.0000000000
14510  -19.063  50.525  33.530 2250.0000000000
57604  -44.297  8.206  12.919 2251.0000000000
50616  -27.628  27.410  -33.402 2252.0000000000
49592  -47.237  21.159  27.132 2253.0000000000
49591  -46.694  21.853  26.615 2254.0000000000
52813  -10.705  -59.117  23.267 2261.0000000000
52939  -51.370  -24.651  -22.141 2267.0000000000
55449  -35.682  22.192  15.317 2273.0000000000
55475  -9.776  48.724  11.491 2275.0000000000
55487  -23.749  32.421  20.683 2277.0000000000
55733  -24.955  -29.597  -31.773 2280.0000000000
55978  -9.183  6.851  -35.376 2282.0000000000
56864  -37.178  -2.258  -34.123 2285.0000000000
55950  -3.765  -44.482  -1.615 2286.0000000000
55989  -46.221  47.914  9.323 2288.0000000000
56969  -36.840  -3.593  23.812 2290.0000000000
56970  -19.001  18.432  -30.249 2292.0000000000
57172  -1.825  -10.529  49.138 2293.0000000000
57190  -7.441  -46.481  -18.912 2294.0000000000
57205  -11.680  -61.711  -29.766 2295.0000000000
56040  -12.887  -30.325  36.884 2296.0000000000
2228  -34.260  7.822  -24.686 2297.0000000000
56889  -31.243  -29.636  -34.170 2298.0000000000
3825  -35.375  46.567  5.074 2300.0000000000
4961  -41.291  1.216  21.413 2302.0000000000
58227  -26.731  39.155  30.133 2303.0000000000
58299  -46.698  21.224  9.586 2305.0000000000
58315  -8.617  -26.658  25.725 2306.0000000000
58191  -49.256  -29.115  -36.054 2308.0000000000
58778  -7.513  79.296  6.538 2309.0000000000
58226  -12.915  13.684  41.301 2311.0000000000
58314  -16.803  -41.064  -27.239 2313.0000000000
58504  -31.879  -48.022  -30.728 2315.0000000000
59060  -29.407  -41.871  -28.404 2316.0000000000
6038  -6.284  -17.760  49.213 2317.0000000000
58924  -34.656  -32.526  18.198 2319.0000000000
6018  -32.948  72.991  -12.818 2321.0000000000
58997  -32.563  -14.448  -40.853 2323.0000000000
59031  -43.230  -46.971  -32.136 2325.0000000000
6572  -31.865  -69.902  2.799 2330.0000000000
60147  -50.478  47.147  -4.861 2336.0000000000
59093  -27.913  9.316  -60.637 2337.0000000000
8268  -16.775  15.944  45.711 2340.0000000000
10064  -29.686  67.046  1.560 2345.0000000000
61390  -48.354  -52.301  9.159 2349.0000000000
12514  -45.664  60.499  -24.698 2358.0000000000
62082  -5.550  -82.495  -7.336 2362.0000000000
13621  -34.200  64.897  -0.176 2368.0000000000
13168  -11.823  6.669  21.064 2370.0000000000
62557  -40.219  -10.670  36.981 2376.0000000000
15159  -2.802  -39.048  14.114 2380.0000000000
63721  -3.817  37.230  -43.103 2385.0000000000
49593  -36.180  -71.819  -1.289 2386.0000000000
50617  -10.141  -61.879  -16.542 2388.0000000000
50925  -20.963  -58.972  26.771 2389.0000000000
64291  -49.672  -34.763  -13.178 2392.0000000000
54560  -18.476  29.483  45.898 2396.0000000000
54797  -21.248  73.160  -25.409 2399.0000000000
54838  -15.546  -36.457  -10.671 2401.0000000000
237  -4.001  69.819  15.096 2402.0000000000
55474  -26.581  36.587  -11.528 2405.0000000000
55705  -6.997  30.536  34.227 2407.0000000000
55744  -6.407  84.759  -21.586 2409.0000000000
65709  -25.572  -9.233  -29.328 2411.0000000000
238  -28.507  -38.754  27.835 2413.0000000000
388  0.792  -20.793  1.838 2414.0000000000
591  -34.285  -5.293  28.276 2416.0000000000
1051  -3.891  -67.286  -20.323 2418.0000000000
1155  -31.395  35.312  -23.484 2420.0000000000
1278  -27.494  48.473  -31.201 2421.0000000000
1342  -55.040  -5.856  28.659 2422.0000000000
1809  -37.988  31.278  21.618 2423.0000000000
1841  -61.947  -32.885  0.743 2424.0000000000
318  -60.021  -11.261  17.613 2426.0000000000
1341  -41.154  -10.005  16.091 2427.0000000000
3329  -39.498  -32.930  -1.430 2430.0000000000
3839  -17.785  20.501  51.230 2431.0000000000
3927  -57.077  -10.323  -46.867 2432.0000000000
3949  -47.332  -47.676  25.400 2434.0000000000
3826  -25.699  -57.775  -0.273 2436.0000000000
4875  -7.271  -41.699  -18.555 2437.0000000000
4939  -8.382  75.385  -5.212 2438.0000000000
3928  -57.907  -10.713  -46.366 2440.0000000000
3929  -57.489  -9.185  -47.157 2441.0000000000
5418  -15.853  -57.734  -0.994 2443.0000000000
5462  -47.763  40.422  -5.119 2444.0000000000
5533  -19.621  71.134  -12.248 2445.0000000000
4874  -6.885  -42.330  -17.186 2446.0000000000
4890  -0.653  -67.769  -26.956 2447.0000000000
5968  -7.855  25.255  15.127 2454.0000000000
6605  -56.348  -28.528  -36.609 2457.0000000000
6697  -58.983  22.191  -4.985 2459.0000000000
6463  -4.765  -33.143  -6.289 2462.0000000000
6621  -44.173  -47.663  23.631 2466.0000000000
8745  -61.465  -35.655  -22.267 2470.0000000000
9189  -12.337  0.975  17.787 2471.0000000000
6875  -44.295  -19.976  40.840 2472.0000000000
9347  -11.570  -49.029  19.187 2475.0000000000
8290  -3.259  35.206  -40.180 2479.0000000000
9188  -43.974  -3.082  25.338 2482.0000000000
9233  -16.015  38.602  26.509 2483.0000000000
10511  -46.038  46.793  -5.247 2484.0000000000
9349  -4.178  -42.116  24.867 2486.0000000000
10085  -37.756  65.554  2.323 2489.0000000000
12394  -21.112  69.448  -3.647 2494.0000000000
11484  -47.038  -4.393  18.721 2495.0000000000
11962  -1.168  -54.223  -4.744 2500.0000000000
12429  -24.406  41.190  -35.610 2502.0000000000
13081  -39.756  -17.681  -11.385 2504.0000000000
13622  -8.743  -26.533  -15.891 2511.0000000000
14476  -39.948  20.711  32.873 2512.0000000000
30426  -23.461  -38.703  48.693 2514.0000000000
14511  -10.278  61.755  -29.193 2517.0000000000
10284  -22.546  76.590  -13.542 2522.0000000000
64307  -42.722  40.597  -18.999 2527.0000000000
64907  -11.160  -71.723  -36.337 2531.0000000000
65395  -53.381  -44.380  -18.333 2536.0000000000
65461  -43.753  -15.752  -18.133 2538.0000000000
65697  -23.623  3.365  -46.176 2540.0000000000
64522  -15.689  -82.348  -12.743 2541.0000000000
274  -25.583  46.332  8.362 2542.0000000000
66085  -14.241  -70.767  20.935 2548.0000000000
389  0.984  -19.553  1.939 2550.0000000000
239  -29.069  -39.338  28.846 2554.0000000000
390  -61.295  -16.288  -42.776 2556.0000000000
621  -0.973  -59.338  5.970 2558.0000000000
1079  -5.825  68.401  12.306 2560.0000000000
1175  -60.558  -10.902  -44.607 2562.0000000000
1842  -46.683  -28.906  34.672 2565.0000000000
319  -55.272  -5.498  29.279 2567.0000000000
1810  -22.842  -69.363  8.446 2570.0000000000
3330  -15.823  -23.788  31.683 2572.0000000000
67403  -62.617  -0.716  -12.013 2574.0000000000
4046  -7.325  -41.524  28.801 2575.0000000000
4905  -18.803  9.760  -45.864 2580.0000000000
4974  -18.797  27.474  42.845 2581.0000000000
5440  -13.001  -41.068  -18.345 2585.0000000000
5479  -20.778  46.472  31.091 2586.0000000000
5868  -13.866  16.235  -31.680 2588.0000000000
6052  -60.619  -35.114  -19.395 2589.0000000000
21531  -5.103  7.804  11.391 2591.0000000000
9265  -3.417  27.775  35.549 2593.0000000000
8628  -16.374  -69.530  -29.318 2595.0000000000
8704  -33.640  -3.872  -30.118 2596.0000000000
9348  -21.298  76.641  -11.873 2601.0000000000
68283  -8.647  56.154  -44.894 2604.0000000000
10127  -32.142  51.078  -6.832 2607.0000000000
10386  -4.320  81.580  -22.563 2608.0000000000
10512  -45.395  45.580  -4.805 2612.0000000000
9363  -47.526  -55.314  -0.023 2613.0000000000
10883  -7.594  -31.346  8.446 2619.0000000000
11501  -41.027  3.313  40.627 2623.0000000000
12395  -58.622  -30.864  7.682 2626.0000000000
13082  -40.480  -18.379  -10.420 2628.0000000000
12513  -46.359  60.229  -25.702 2635.0000000000
13149  -51.928  -34.269  -25.553 2641.0000000000
14477  -39.451  20.005  32.102 2643.0000000000
14581  0.213  30.793  1.064 2647.0000000000
15160  -36.593  71.968  -22.953 2648.0000000000
10283  -31.074  72.458  -17.739 2650.0000000000
11349  -2.155  49.800  -44.499 2656.0000000000
11244  -20.698  -12.724  -38.828 2658.0000000000
12337  -31.578  -37.975  15.299 2661.0000000000
12417  -8.119  -5.214  -31.956 2662.0000000000
12985  -41.475  -39.643  -30.027 2664.0000000000
15031  -10.171  19.343  31.492 2666.0000000000
13887  -13.767  -58.193  -7.189 2670.0000000000
13932  -19.638  49.244  34.263 2671.0000000000
13006  -34.607  -6.745  -40.573 2674.0000000000
15077  -11.947  -43.848  -16.762 2678.0000000000
15240  -62.659  -25.625  -17.903 2680.0000000000
15032  -48.443  32.492  0.419 2684.0000000000
16579  -25.315  -20.862  31.646 2687.0000000000
16611  -35.931  34.714  -54.993 2688.0000000000
16969  -22.952  -39.848  -25.902 2690.0000000000
17039  -36.276  3.984  32.251 2692.0000000000
17087  -42.591  -65.227  -11.557 2693.0000000000
17430  -27.434  -77.163  -36.480 2694.0000000000
17444  -53.164  -13.295  -45.794 2696.0000000000
16485  -44.452  -44.483  -37.431 2697.0000000000
16508  -59.623  -3.595  -33.953 2698.0000000000
17116  -46.569  18.399  -10.190 2699.0000000000
18571  -47.993  15.199  32.247 2701.0000000000
17432  -3.709  45.564  15.980 2702.0000000000
17431  0.311  -70.140  -9.094 2703.0000000000
18419  -21.235  -78.085  -37.997 2705.0000000000
19461  -12.118  67.308  -8.525 2706.0000000000
19512  -2.495  22.391  -19.190 2707.0000000000
19875  -2.741  23.488  -19.778 2708.0000000000
19976  -3.941  11.146  49.138 2710.0000000000
19496  -30.020  -61.658  14.755 2713.0000000000
20037  -6.325  82.710  -10.008 2715.0000000000
20303  -59.979  -32.822  -22.208 2716.0000000000
20589  -46.196  -36.219  34.012 2717.0000000000
20590  -15.259  -29.740  17.588 2720.0000000000
21109  -9.558  52.744  -26.604 2721.0000000000
21167  -7.192  10.641  47.821 2722.0000000000
21629  -35.922  -9.219  33.905 2725.0000000000
23416  -45.156  -58.951  -18.483 2728.0000000000
22689  -21.099  -9.733  33.054 2729.0000000000
22691  -47.054  31.470  -2.807 2731.0000000000
24747  -33.119  -15.210  39.448 2734.0000000000
22502  -26.863  46.292  -21.873 2736.0000000000
23240  -33.780  -19.706  -23.669 2738.0000000000
23241  -59.885  -8.310  -43.836 2740.0000000000
22690  -23.403  12.646  46.474 2743.0000000000
22703  -52.025  -33.081  -26.177 2744.0000000000
22733  -14.619  43.652  37.767 2745.0000000000
24848  -16.058  -32.183  -27.316 2750.0000000000
26755  -36.501  -72.442  -28.063 2755.0000000000
26801  -5.247  -47.648  4.031 2760.0000000000
28552  -51.993  6.772  3.731 2763.0000000000
27763  -12.795  -30.383  -17.184 2767.0000000000
28820  -7.534  11.585  -33.291 2769.0000000000
30028  -63.049  -14.788  -5.451 2771.0000000000
30444  -41.138  63.465  -28.008 2781.0000000000
11245  -20.059  -11.457  -39.325 2786.0000000000
10285  -22.185  74.826  -14.085 2787.0000000000
11403  -9.083  -62.402  28.949 2789.0000000000
12112  -34.910  -56.835  -2.811 2793.0000000000
12826  -23.302  68.244  -4.664 2799.0000000000
13915  -9.810  -22.100  -13.840 2800.0000000000
13954  -43.252  1.395  12.476 2801.0000000000
15033  -48.082  32.275  1.475 2805.0000000000
28718  -4.453  -39.111  -0.188 2806.0000000000
14338  -3.773  37.120  20.633 2807.0000000000
15221  -37.115  12.997  -10.170 2809.0000000000
29112  -35.374  -20.607  17.852 2811.0000000000
15048  -24.901  -2.213  -42.138 2814.0000000000
28560  -8.866  61.534  22.841 2815.0000000000
29662  -37.129  -72.920  -32.547 2816.0000000000
15552  -17.781  -53.001  -12.136 2817.0000000000
16593  -4.042  74.784  -22.428 2819.0000000000
16916  -55.397  23.606  -15.281 2820.0000000000
16983  -38.712  43.938  17.234 2822.0000000000
17064  -62.503  -13.520  10.226 2824.0000000000
17106  0.660  47.315  -15.256 2825.0000000000
30708  -19.304  52.094  -38.417 2832.0000000000
31332  -9.005  -11.125  -21.961 2834.0000000000
18556  -26.484  -19.990  -18.440 2836.0000000000
18590  -6.806  -15.014  7.399 2837.0000000000
18891  -39.889  16.107  -39.984 2838.0000000000
19462  -17.606  -36.591  34.192 2841.0000000000
19536  -38.964  43.623  14.817 2842.0000000000
19890  -11.489  -8.901  -27.788 2843.0000000000
19956  -54.379  -34.584  -31.398 2844.0000000000
69615  -2.680  -3.401  35.232 2847.0000000000
20038  -30.552  -20.370  -20.008 2848.0000000000
20304  -57.148  -24.610  18.131 2849.0000000000
36038  -61.458  -29.675  -21.161 2851.0000000000
20642  -40.462  57.765  -35.896 2852.0000000000
21074  -29.493  -23.395  -35.754 2853.0000000000
21110  -8.530  52.578  -26.206 2854.0000000000
36619  -21.899  -49.278  -23.291 2857.0000000000
69807  -54.055  -38.045  17.576 2858.0000000000
21532  -34.317  67.603  -13.724 2859.0000000000
21677  -48.062  5.821  -43.515 2860.0000000000
37058  -35.812  19.554  5.058 2861.0000000000
22525  -16.755  -58.956  -17.358 2864.0000000000
23353  -40.940  19.547  23.483 2866.0000000000
23242  -59.455  -8.728  -44.382 2867.0000000000
23417  -41.601  54.448  -24.098 2868.0000000000
24306  -36.203  16.435  -20.910 2871.0000000000
24324  -28.604  27.862  -6.269 2872.0000000000
24799  -6.512  -23.207  12.476 2874.0000000000
25097  -52.942  11.773  -24.318 2877.0000000000
28553  -56.286  13.753  18.652 2881.0000000000
41177  -1.153  -72.521  9.085 2883.0000000000
70376  -12.342  -74.529  -36.308 2884.0000000000
26779  -60.438  -23.867  -39.887 2887.0000000000
28805  -49.360  19.337  12.845 2896.0000000000
30029  -62.989  -13.069  -5.929 2901.0000000000
30425  -23.882  -37.333  49.319 2902.0000000000
30369  0.019  10.118  -18.621 2904.0000000000
44817  -2.921  49.309  -11.751 2909.0000000000
25615  -13.279  12.896  41.243 2914.0000000000
25956  -31.121  -5.767  0.688 2915.0000000000
25614  -50.606  -6.060  1.766 2917.0000000000
25938  -40.007  -11.402  -12.910 2918.0000000000
27655  -9.763  72.009  -40.492 2920.0000000000
27992  -35.727  10.947  38.119 2921.0000000000
27313  -31.407  20.453  16.355 2924.0000000000
28669  -48.279  -43.137  -26.511 2927.0000000000
28679  -36.712  35.718  27.769 2932.0000000000
28717  -4.306  -38.737  -1.472 2933.0000000000
29572  -33.435  -14.808  38.099 2939.0000000000
29661  -19.967  -80.615  -6.404 2940.0000000000
29956  -2.877  4.751  19.767 2942.0000000000
31208  -9.041  -37.350  -4.010 2944.0000000000
31331  -37.022  -12.059  37.242 2947.0000000000
31349  -3.366  -14.479  35.063 2949.0000000000
31646  -2.491  15.241  16.543 2950.0000000000
31725  -29.555  40.201  -39.625 2951.0000000000
31762  -30.216  -18.400  -28.534 2952.0000000000
31330  -55.268  -20.211  -29.079 2959.0000000000
31628  -20.523  -15.286  35.479 2960.0000000000
32027  -17.267  59.938  15.839 2961.0000000000
33644  -6.743  47.863  -0.662 2962.0000000000
34616  -46.763  -58.455  -27.556 2963.0000000000
34617  -47.065  -57.875  -28.352 2965.0000000000
34652  -54.052  -4.734  -44.858 2966.0000000000
34956  -50.552  7.302  -4.043 2968.0000000000
34693  -26.629  -50.574  -22.751 2969.0000000000
35197  -19.163  46.657  -38.011 2970.0000000000
35224  -44.926  -28.942  -4.608 2971.0000000000
35550  -55.303  14.943  13.194 2972.0000000000
35225  -43.307  -29.590  -4.240 2973.0000000000
36039  -55.755  -25.220  28.279 2975.0000000000
36060  -52.030  -30.868  -25.025 2977.0000000000
36040  -33.862  -21.443  -34.533 2978.0000000000
36110  -31.658  49.422  -3.774 2979.0000000000
36651  -31.459  -9.495  -26.330 2981.0000000000
36652  -31.384  -8.005  -27.281 2982.0000000000
36686  -8.052  9.528  46.050 2983.0000000000
37434  -32.951  61.274  10.436 2985.0000000000
37433  -33.445  61.189  11.305 2986.0000000000
38351  -34.684  25.130  -26.023 2988.0000000000
38352  -35.057  23.818  -25.793 2989.0000000000
40247  -51.449  -30.630  -31.149 2990.0000000000
40265  -41.489  -36.250  11.305 2993.0000000000
41189  -4.626  -3.910  55.807 2998.0000000000
41248  -23.859  -48.195  -10.336 2999.0000000000
41358  -17.007  -38.832  -11.356 3002.0000000000
41176  -24.969  38.257  -30.128 3006.0000000000
41556  -32.569  -60.730  -30.756 3008.0000000000
42541  -46.284  0.660  -20.833 3013.0000000000
42212  -11.946  -24.558  55.387 3015.0000000000
42838  -56.772  17.533  -41.337 3018.0000000000
43170  -5.713  0.426  30.808 3019.0000000000
43883  -1.564  -49.159  -13.646 3021.0000000000
27607  -23.847  -61.327  7.245 3029.0000000000
27643  1.604  -14.161  -4.785 3030.0000000000
71054  -17.596  79.183  -15.367 3032.0000000000
46576  -21.876  -33.234  41.056 3033.0000000000
27977  -9.875  50.842  11.885 3034.0000000000
28644  -0.807  -68.223  9.470 3035.0000000000
28604  -19.669  -41.269  2.788 3038.0000000000
46506  -53.663  -45.870  -2.755 3039.0000000000
71159  -29.767  -25.123  -21.230 3040.0000000000
71161  -10.173  70.839  -12.640 3041.0000000000
29595  -48.676  -58.711  -24.500 3042.0000000000
29610  -43.469  12.566  38.161 3044.0000000000
31109  -24.988  -42.559  -30.932 3051.0000000000
31195  -39.724  -25.993  -31.244 3053.0000000000
31668  -32.274  27.591  5.866 3056.0000000000
31749  -37.057  -9.055  26.367 3057.0000000000
32020  -42.926  4.087  -53.688 3058.0000000000
32045  -46.743  11.445  34.545 3059.0000000000
30730  -64.722  -30.227  -17.513 3060.0000000000
31297  -14.575  -40.186  49.509 3064.0000000000
33512  -33.935  -18.405  17.001 3065.0000000000
47986  -28.599  32.057  -56.961 3070.0000000000
34618  -3.193  52.710  33.569 3074.0000000000
34653  -52.477  4.128  -55.600 3075.0000000000
35212  -0.489  21.271  7.411 3078.0000000000
35198  -14.984  -58.417  -30.202 3079.0000000000
51204  -36.092  -34.548  21.110 3080.0000000000
35564  -13.765  -31.177  -25.413 3081.0000000000
51592  -12.727  36.948  -40.379 3084.0000000000
71894  -35.192  -51.620  34.133 3085.0000000000
36075  -19.734  47.708  -38.524 3086.0000000000
36592  -23.902  -39.529  42.991 3088.0000000000
36620  -20.663  -50.059  -23.592 3089.0000000000
36673  -7.960  46.429  -38.731 3090.0000000000
36653  -30.343  -8.497  -27.055 3091.0000000000
36687  -7.348  8.811  46.117 3092.0000000000
52326  -14.105  -78.973  1.102 3093.0000000000
52355  -4.189  -52.993  18.043 3095.0000000000
37059  -49.286  35.857  17.060 3096.0000000000
38372  -7.862  65.778  -31.854 3099.0000000000
38353  -35.035  25.332  -25.694 3100.0000000000
38421  -16.319  -72.356  13.004 3101.0000000000
39930  -32.883  40.246  33.238 3102.0000000000
40278  -28.649  52.285  22.129 3104.0000000000
41247  -16.203  -50.668  -30.231 3108.0000000000
41292  -30.017  -80.551  -24.469 3109.0000000000
41373  -6.617  65.715  -38.768 3111.0000000000
42213  -60.176  -14.207  22.994 3115.0000000000
42523  -6.470  39.770  28.409 3118.0000000000
43867  -57.934  -14.019  -24.349 3126.0000000000
43169  -43.952  -4.491  36.093 3128.0000000000
9980  -2.644  3.386  42.352 3132.0000000000
46534  -54.740  -46.290  -1.752 3135.0000000000
46507  -44.049  -45.365  13.660 3137.0000000000
46508  -28.970  -41.535  38.533 3138.0000000000
46554  -10.482  -25.049  -16.928 3139.0000000000
46746  -13.701  -72.160  2.034 3140.0000000000
47085  -5.048  48.700  25.419 3141.0000000000
46745  -35.797  33.864  28.330 3145.0000000000
47069  -9.676  -16.055  19.295 3147.0000000000
47100  -16.866  47.529  27.052 3148.0000000000
47874  -16.755  64.824  14.660 3149.0000000000
47898  -59.608  3.541  -5.383 3150.0000000000
47917  -2.733  -5.725  -29.713 3151.0000000000
47985  -27.783  31.140  -56.942 3154.0000000000
48010  -59.893  -15.025  18.922 3155.0000000000
47501  -39.040  -3.638  44.564 3156.0000000000
47916  -34.466  -11.418  -37.276 3158.0000000000
48124  -62.096  -27.979  16.384 3160.0000000000
49608  -36.183  -65.569  -17.785 3162.0000000000
49638  -34.075  37.744  -38.354 3163.0000000000
49689  -7.721  -21.961  38.790 3165.0000000000
49719  -12.464  53.236  4.480 3166.0000000000
49753  -5.482  -75.917  0.008 3167.0000000000
47984  -4.191  24.765  45.475 3169.0000000000
50533  -4.353  60.625  -7.479 3170.0000000000
50534  -5.432  -36.458  -3.640 3172.0000000000
51168  -15.015  -37.143  -25.101 3173.0000000000
51175  -23.529  -16.699  51.453 3175.0000000000
51554  -9.718  -21.548  37.988 3177.0000000000
51898  -56.725  -28.182  10.966 3180.0000000000
52389  -15.383  -48.838  -21.164 3183.0000000000
52221  -22.419  -15.349  -30.476 3184.0000000000
51899  -34.392  -10.536  -41.034 3186.0000000000
52306  -56.536  3.940  -16.677 3188.0000000000
52220  -4.299  -15.999  12.724 3193.0000000000
52540  -62.404  2.755  -14.575 3194.0000000000
52714  -20.896  -79.720  0.135 3195.0000000000
52713  -24.147  28.021  -35.682 3196.0000000000
54355  -47.321  26.666  -39.962 3198.0000000000
54356  -16.715  31.523  36.507 3199.0000000000
54161  -53.347  22.299  16.424 3201.0000000000
2814  -38.462  -4.572  -23.631 3202.0000000000
54976  -11.199  -53.307  19.677 3203.0000000000
5328  -5.057  80.814  -8.790 3205.0000000000
55518  -9.437  77.168  -32.228 3206.0000000000
55557  -33.074  40.268  4.069 3208.0000000000
55558  -53.575  43.071  -13.557 3209.0000000000
55992  -37.749  -46.204  -17.354 3211.0000000000
55993  -38.115  -42.892  26.385 3212.0000000000
56027  -33.769  22.710  14.388 3213.0000000000
6536  -36.101  38.161  29.577 3215.0000000000
7647  -26.241  39.375  -8.260 3223.0000000000
7725  -24.732  7.633  -30.466 3224.0000000000
46874  -4.808  55.334  18.787 3234.0000000000
47037  -40.747  6.514  40.704 3235.0000000000
47821  -35.986  -22.152  -1.624 3237.0000000000
47832  0.042  36.083  -1.675 3238.0000000000
47864  -34.480  2.152  -5.510 3239.0000000000
48009  -60.607  -14.908  19.395 3241.0000000000
71468  -36.470  -4.950  20.662 3243.0000000000
73809  -11.268  5.428  48.311 3246.0000000000
73844  -6.859  -30.664  25.671 3247.0000000000
73852  -7.393  -78.534  7.787 3249.0000000000
47937  -18.922  26.133  -36.328 3250.0000000000
49283  -45.944  25.955  -41.849 3251.0000000000
49344  -20.185  53.442  6.464 3253.0000000000
49624  -17.225  73.390  -19.897 3255.0000000000
49657  -24.403  48.273  21.946 3256.0000000000
49704  -38.753  28.225  -51.896 3257.0000000000
49736  -38.556  28.884  -52.629 3258.0000000000
49974  -28.676  -37.731  -23.057 3259.0000000000
50535  -16.728  -30.135  53.183 3263.0000000000
50546  -48.627  34.709  -7.088 3264.0000000000
51542  -53.210  -0.492  23.068 3267.0000000000
68337  -53.144  3.130  -54.480 3269.0000000000
51591  -52.591  16.534  25.528 3270.0000000000
52295  -15.005  -80.206  1.418 3274.0000000000
52311  -42.139  36.246  -7.091 3275.0000000000
527  -45.150  1.691  -22.679 3276.0000000000
528  -45.088  2.533  -23.349 3277.0000000000
598  -30.040  34.206  -23.609 3278.0000000000
647  -5.055  -65.957  1.593 3279.0000000000
725  -46.331  -31.576  18.223 3280.0000000000
52701  -3.145  -46.477  -14.764 3281.0000000000
52751  -32.689  -25.779  34.532 3282.0000000000
2813  -41.244  -16.783  -0.214 3283.0000000000
2862  -36.033  -44.910  -22.976 3284.0000000000
2863  -8.052  -41.447  29.178 3285.0000000000
3256  -57.190  -42.508  -3.834 3286.0000000000
4360  -36.737  -27.480  -34.628 3289.0000000000
5301  -18.365  2.896  46.926 3291.0000000000
5303  -12.008  31.506  14.435 3292.0000000000
4014  -14.995  -31.872  13.022 3293.0000000000
5397  -34.700  20.157  -29.115 3294.0000000000
4383  -61.657  -7.161  9.928 3295.0000000000
6445  -28.443  53.008  17.764 3297.0000000000
6411  -31.303  68.721  4.211 3298.0000000000
7673  -33.509  13.886  -2.447 3304.0000000000
7708  -23.853  8.244  -29.719 3308.0000000000
9866  -18.725  -3.475  -31.249 3311.0000000000
9979  -64.260  2.823  -33.316 3313.0000000000
66621  -2.646  18.619  17.910 3314.0000000000
66627  -57.372  3.715  9.493 3316.0000000000
66742  -44.856  -1.100  -11.982 3318.0000000000
66395  -15.313  -2.017  56.181 3319.0000000000
66622  -7.658  -87.475  -16.705 3320.0000000000
39211  -22.481  15.645  44.643 3321.0000000000
66718  -2.078  -74.779  -6.625 3322.0000000000
66947  -53.373  -51.227  -11.320 3323.0000000000
66963  -39.083  -22.810  2.405 3324.0000000000
66975  -60.605  -9.718  -32.409 3325.0000000000
67065  -42.442  -38.970  -10.833 3326.0000000000
67070  -28.791  78.725  -26.820 3327.0000000000
67093  -26.764  65.826  -30.100 3329.0000000000
67105  -23.920  19.846  -55.314 3330.0000000000
67122  -35.152  10.154  27.947 3331.0000000000
67217  -52.536  3.358  -49.680 3332.0000000000
40358  -14.946  65.757  -35.692 3333.0000000000
67260  -54.386  -16.219  18.642 3335.0000000000
66796  -24.434  25.112  24.862 3338.0000000000
39212  -22.205  17.790  46.364 3339.0000000000
41621  -63.535  1.142  -18.985 3341.0000000000
40598  -2.059  -71.312  -33.516 3342.0000000000
67774  -13.401  54.127  26.811 3344.0000000000
68093  -31.271  -21.522  -40.407 3345.0000000000
42490  -51.375  -19.230  -40.755 3348.0000000000
43349  -6.438  64.628  25.682 3350.0000000000
44630  -6.309  -64.474  17.265 3351.0000000000
68951  -49.024  -1.441  37.462 3352.0000000000
68956  -7.262  -69.256  -29.561 3353.0000000000
68981  -42.162  38.761  -7.773 3354.0000000000
529  -48.437  4.376  -17.734 3355.0000000000
566  0.563  13.070  8.507 3356.0000000000
624  -23.358  -41.306  -12.808 3357.0000000000
678  -45.713  31.446  22.508 3358.0000000000
47481  -46.387  8.064  34.010 3362.0000000000
47039  -46.664  15.411  -9.733 3363.0000000000
47102  -48.061  -62.155  -12.972 3364.0000000000
47101  -15.898  47.796  25.927 3365.0000000000
2880  -30.411  -55.409  3.813 3369.0000000000
2864  -49.710  -31.480  13.648 3370.0000000000
3257  -23.539  -39.537  -14.883 3371.0000000000
3288  -27.525  -13.928  -32.421 3372.0000000000
2815  -39.232  22.478  1.175 3373.0000000000
47536  -62.339  -21.795  -1.608 3375.0000000000
5302  -28.321  37.096  29.712 3378.0000000000
5398  -30.767  39.202  -5.901 3380.0000000000
3977  -19.791  6.151  31.383 3384.0000000000
6500  -10.329  48.196  -37.129 3386.0000000000
6412  -31.270  69.583  4.048 3388.0000000000
7693  -20.682  34.896  -37.954 3390.0000000000
6519  -18.595  45.641  29.558 3391.0000000000
38236  -20.552  74.001  -1.874 3400.0000000000
38235  -16.486  61.533  8.630 3401.0000000000
39213  -44.304  26.593  -8.475 3403.0000000000
39279  -40.949  -8.906  18.730 3404.0000000000
39526  -9.423  47.653  -44.830 3405.0000000000
39646  -47.405  -5.212  41.533 3406.0000000000
39647  -52.257  11.387  28.060 3407.0000000000
39775  -19.234  22.380  44.132 3409.0000000000
39776  -29.024  27.236  -11.165 3410.0000000000
40201  -51.917  -17.616  6.472 3412.0000000000
40202  -28.380  -10.791  -28.688 3413.0000000000
40248  -51.661  -30.348  -31.969 3414.0000000000
40374  -48.098  42.373  -10.522 3416.0000000000
40376  -42.611  -55.025  -32.464 3417.0000000000
38268  -53.748  -29.152  -6.220 3418.0000000000
39235  -19.374  -43.152  23.531 3420.0000000000
39258  -7.922  -5.320  38.842 3421.0000000000
39645  -59.986  -15.830  -32.377 3422.0000000000
40200  -34.472  64.472  6.146 3426.0000000000
40357  -14.023  54.984  31.847 3429.0000000000
42467  -32.185  26.142  -16.911 3432.0000000000
42489  -7.531  -24.000  -12.867 3433.0000000000
45734  -33.906  37.793  -35.268 3438.0000000000
45763  -16.485  -25.104  -17.499 3439.0000000000
45996  -2.838  -44.155  14.976 3440.0000000000
45848  -30.500  30.055  -52.759 3442.0000000000
46211  -10.270  42.977  4.116 3443.0000000000
69148  -63.369  2.440  -2.889 3444.0000000000
69156  -19.137  -86.110  -15.632 3445.0000000000
47040  -38.611  34.021  29.782 3448.0000000000
45849  -36.320  37.632  -35.384 3452.0000000000
47537  -52.950  -6.796  29.502 3455.0000000000
47550  -15.051  83.648  -12.871 3456.0000000000
47551  -50.798  -38.067  -20.782 3457.0000000000
917  -44.665  -40.132  31.127 3460.0000000000
48362  -58.918  15.194  -9.224 3465.0000000000
49097  -25.229  -77.073  0.484 3466.0000000000
48399  -6.668  57.549  -35.786 3468.0000000000
49025  -15.454  -64.472  15.926 3470.0000000000
2967  -37.275  -60.817  13.154 3471.0000000000
6109  -36.810  72.291  -10.336 3479.0000000000
6108  -37.756  71.301  -11.169 3480.0000000000
6555  -8.048  80.970  -13.276 3481.0000000000
37899  -7.437  -16.514  7.896 3485.0000000000
37904  -11.571  22.655  48.403 3486.0000000000
40624  -2.784  0.207  32.004 3487.0000000000
39525  -42.297  45.160  -17.005 3489.0000000000
39774  -21.625  16.558  44.159 3492.0000000000
40375  -47.054  42.364  -11.253 3496.0000000000
39561  -2.383  -33.485  35.867 3500.0000000000
73863  -33.307  10.984  -24.359 3501.0000000000
39658  -44.557  -7.887  19.845 3502.0000000000
39872  -20.654  9.176  41.881 3505.0000000000
65173  -24.543  28.771  30.928 3507.0000000000
40214  -56.496  -5.033  -49.673 3508.0000000000
41560  -38.556  -58.906  -33.037 3510.0000000000
41576  -19.921  54.024  19.390 3511.0000000000
41610  -30.564  27.519  -15.148 3512.0000000000
42468  -18.324  29.072  -37.298 3515.0000000000
65563  -43.640  -16.699  22.175 3516.0000000000
65582  -3.554  36.341  43.355 3517.0000000000
42491  -46.347  -16.521  -37.045 3520.0000000000
43335  -45.316  57.462  -29.835 3521.0000000000
43350  -6.972  64.078  25.426 3522.0000000000
44631  -5.795  -64.781  18.104 3523.0000000000
45764  -46.515  -0.054  -25.613 3526.0000000000
47041  -21.158  -80.065  -36.600 3532.0000000000
47103  -43.570  53.406  11.142 3534.0000000000
47126  -48.843  -61.550  -14.199 3535.0000000000
47403  -26.400  -23.797  -17.640 3536.0000000000
46210  -33.306  -72.227  2.182 3537.0000000000
66723  -6.124  -13.644  37.300 3538.0000000000
74280  -43.592  25.711  -58.014 3539.0000000000
47552  -16.522  -32.771  39.963 3543.0000000000
47833  -45.108  -62.356  -14.249 3545.0000000000
365  -11.149  57.420  -44.353 3547.0000000000
366  -11.142  55.544  -44.706 3548.0000000000
394  -37.510  -11.927  -31.070 3549.0000000000
919  -55.856  -36.626  -11.388 3551.0000000000
1055  -37.859  52.521  6.016 3552.0000000000
918  -55.339  -35.401  -13.563 3554.0000000000
949  -63.208  -13.530  6.815 3555.0000000000
3015  -3.920  -68.677  -22.993 3556.0000000000
1083  -13.187  -26.209  49.102 3557.0000000000
3998  1.092  -4.252  -25.360 3560.0000000000
4424  -2.865  -38.762  24.717 3562.0000000000
3978  -45.680  8.982  -27.095 3564.0000000000
3979  -21.519  19.077  50.040 3565.0000000000
51264  -39.484  -2.142  -25.224 3566.0000000000
16105  -41.234  14.299  34.861 3575.0000000000
63908  -2.002  -13.559  48.377 3577.0000000000
63788  -36.124  36.113  -53.990 3578.0000000000
63977  -47.411  15.865  -12.303 3579.0000000000
63971  -2.099  -51.423  -3.426 3580.0000000000
64136  -8.731  -74.564  -32.223 3581.0000000000
64130  -3.618  -40.181  0.895 3582.0000000000
64574  -50.881  32.609  7.614 3583.0000000000
64338  -40.702  -11.891  -14.242 3584.0000000000
64763  -3.023  -17.116  24.352 3585.0000000000
64764  -45.745  -5.822  -11.193 3586.0000000000
64769  -47.286  -22.317  11.846 3587.0000000000
64931  -30.594  -74.798  -0.011 3588.0000000000
64972  -24.151  19.344  -47.800 3589.0000000000
64992  -29.639  6.350  -55.655 3590.0000000000
65146  -4.170  27.841  31.185 3591.0000000000
65196  -9.610  -76.767  -28.991 3595.0000000000
19136  -6.067  74.658  -25.445 3596.0000000000
19254  -31.338  19.586  -39.976 3597.0000000000
19285  -20.570  27.415  24.466 3599.0000000000
64924  -39.941  -49.584  8.992 3600.0000000000
64962  -0.381  -65.244  12.683 3601.0000000000
64982  -19.051  46.081  15.381 3602.0000000000
64998  -4.561  28.045  32.196 3603.0000000000
65174  -44.058  30.428  16.187 3605.0000000000
65188  -47.535  -19.786  19.868 3608.0000000000
65189  -40.573  -39.775  0.870 3609.0000000000
19252  -37.216  13.496  -14.986 3610.0000000000
21405  -49.455  -1.793  17.372 3614.0000000000
65554  -0.058  11.792  -32.334 3616.0000000000
22876  -10.944  -56.146  -13.161 3617.0000000000
22914  -14.825  51.192  18.581 3618.0000000000
66525  -0.392  5.597  -5.407 3621.0000000000
66719  -47.392  -42.906  1.119 3623.0000000000
66628  -53.319  15.978  -22.164 3625.0000000000
24291  -16.420  12.553  44.423 3627.0000000000
66764  -30.587  -21.617  -36.805 3628.0000000000
66765  -40.543  6.702  -61.156 3629.0000000000
66904  -21.933  -70.955  16.092 3630.0000000000
66905  -15.618  44.963  37.472 3631.0000000000
66938  -18.453  -66.751  3.169 3633.0000000000
23948  -9.996  37.529  7.559 3634.0000000000
364  -16.274  -59.808  14.954 3637.0000000000
66629  -29.145  -75.100  -4.020 3640.0000000000
973  -37.096  51.299  4.760 3641.0000000000
26606  -36.064  1.329  -47.674 3643.0000000000
1054  -39.325  51.042  6.721 3644.0000000000
1053  -3.113  -68.130  -21.220 3645.0000000000
25969  -34.575  14.984  24.032 3646.0000000000
1002  -45.190  42.646  -20.013 3648.0000000000
3016  -25.151  42.469  -23.971 3650.0000000000
2968  -29.587  49.168  -32.582 3654.0000000000
26524  -32.948  43.938  4.534 3655.0000000000
4448  -64.312  -7.987  8.914 3656.0000000000
3356  -45.323  49.559  -33.660 3657.0000000000
68324  -40.653  -1.300  41.222 3660.0000000000
6110  -23.605  -36.729  49.464 3664.0000000000
15670  -48.344  12.760  -11.737 3667.0000000000
15653  -52.957  18.052  -7.469 3668.0000000000
16126  -3.993  53.839  -9.148 3669.0000000000
16136  -17.851  -0.388  -43.025 3671.0000000000
16581  -63.048  -13.055  10.412 3673.0000000000
16688  -62.161  -23.915  -29.625 3674.0000000000
17152  -63.296  -23.808  -29.384 3675.0000000000
18557  -15.801  -12.606  56.745 3676.0000000000
64339  -3.739  28.739  35.005 3677.0000000000
18558  -56.570  -8.015  -42.605 3681.0000000000
19253  -41.678  16.602  -39.537 3683.0000000000
19742  -62.352  -23.149  18.450 3685.0000000000
19806  -46.440  -45.681  24.687 3686.0000000000
20125  -58.937  -25.398  -19.606 3687.0000000000
20148  -38.281  -40.389  -27.533 3689.0000000000
20236  -4.649  11.531  49.870 3690.0000000000
19137  -44.172  -30.258  -1.811 3691.0000000000
19155  -25.851  -20.679  30.965 3692.0000000000
21344  -58.699  -13.248  -8.399 3697.0000000000
21428  -18.409  -27.289  38.269 3699.0000000000
20126  -57.800  -26.848  -19.513 3700.0000000000
20124  -3.518  -41.484  13.317 3701.0000000000
20872  -21.691  -43.595  43.121 3704.0000000000
23479  -8.923  -36.902  4.366 3707.0000000000
24003  -44.046  20.763  -45.565 3711.0000000000
24017  -31.682  -28.319  37.590 3712.0000000000
24307  -36.021  17.410  -22.055 3714.0000000000
24379  -39.106  -3.237  15.565 3715.0000000000
24380  -39.996  -2.120  14.771 3716.0000000000
24461  -40.567  -10.691  -11.407 3717.0000000000
24801  -6.645  -25.115  12.423 3718.0000000000
25910  -5.333  62.603  -18.675 3720.0000000000
26039  -2.220  -12.152  44.475 3724.0000000000
24002  -17.072  5.579  -46.196 3725.0000000000
24001  -60.612  -3.296  -37.480 3726.0000000000
26523  -33.291  44.853  4.721 3727.0000000000
24364  -41.083  -0.134  -0.135 3728.0000000000
26607  -31.786  5.141  -48.615 3730.0000000000
25970  -33.209  14.424  23.352 3732.0000000000
26023  -27.572  -41.217  -33.596 3735.0000000000
26525  -32.582  44.361  4.085 3738.0000000000
28454  -50.560  -1.465  12.058 3739.0000000000
29038  -65.298  -8.417  -15.111 3741.0000000000
28098  -14.327  -0.667  56.131 3742.0000000000
28099  -55.220  0.540  -3.542 3743.0000000000
28489  -43.522  3.264  21.683 3744.0000000000
34396  -18.911  -12.334  34.949 3748.0000000000
15680  -37.571  -36.010  -28.035 3749.0000000000
23952  -27.379  76.164  -28.370 3751.0000000000
23950  -47.495  -59.374  -18.619 3753.0000000000
36893  -7.113  62.506  -34.361 3755.0000000000
17142  -31.943  49.423  1.240 3756.0000000000
37905  -35.903  27.422  -5.744 3758.0000000000
18559  -61.532  0.622  5.893 3760.0000000000
18575  -0.904  -71.744  -23.696 3762.0000000000
19264  -32.009  -20.701  31.441 3763.0000000000
19265  -45.041  -14.168  6.698 3764.0000000000
19720  -21.820  -45.014  44.376 3765.0000000000
20237  -23.148  -70.432  -10.481 3767.0000000000
19794  -7.812  -77.566  8.978 3771.0000000000
21300  -27.971  -28.528  39.840 3772.0000000000
21320  -54.085  -38.917  -27.607 3773.0000000000
21406  -4.475  7.613  12.351 3775.0000000000
21730  -37.876  44.267  13.381 3776.0000000000
21764  -58.946  -23.409  15.823 3777.0000000000
21797  -56.276  -7.517  -44.287 3778.0000000000
21829  -44.765  20.102  25.018 3779.0000000000
40503  -14.527  -38.562  36.783 3780.0000000000
20898  -2.256  22.562  -23.412 3781.0000000000
22893  -32.836  45.207  11.167 3782.0000000000
70327  -9.489  71.590  -4.816 3786.0000000000
42470  -21.516  -52.752  38.310 3787.0000000000
42472  -59.607  -31.502  -31.197 3788.0000000000
22930  -57.232  -4.538  4.602 3789.0000000000
23949  -31.343  -70.790  -13.350 3790.0000000000
42963  -28.848  -13.745  -23.485 3791.0000000000
43082  -34.196  -19.466  -41.935 3792.0000000000
43109  -34.149  61.921  3.137 3793.0000000000
24018  -39.527  62.999  -15.196 3797.0000000000
24290  -16.605  11.184  44.215 3799.0000000000
44138  -22.281  -59.631  -33.781 3801.0000000000
24381  -42.152  0.178  -0.976 3802.0000000000
24404  -3.859  -24.844  11.752 3803.0000000000
24484  -18.091  35.617  35.236 3804.0000000000
24817  -51.152  -7.459  -46.195 3805.0000000000
23963  -26.083  6.678  -46.693 3806.0000000000
26085  -39.545  51.345  -30.885 3808.0000000000
26121  -11.290  72.422  -36.235 3809.0000000000
24363  -18.681  -16.591  -23.355 3812.0000000000
26623  -27.401  20.754  -49.084 3814.0000000000
26608  -57.054  10.710  -9.861 3815.0000000000
24424  -42.618  0.292  -1.886 3816.0000000000
27657  -38.935  -4.123  0.430 3819.0000000000
28029  -54.677  0.990  -48.435 3820.0000000000
26570  -37.278  -23.068  -39.893 3823.0000000000
28476  -64.063  5.595  5.756 3824.0000000000
26644  -28.820  -13.682  -2.107 3825.0000000000
28146  -20.910  5.772  -50.560 3829.0000000000
24939  -46.124  -64.882  -19.515 3831.0000000000
23951  -22.222  65.604  -12.446 3833.0000000000
36688  -0.560  -75.729  -23.680 3835.0000000000
37419  0.112  7.509  -5.884 3837.0000000000
37405  -44.383  -61.645  -6.569 3838.0000000000
37923  -47.340  -59.636  -24.318 3840.0000000000
37906  -32.872  -78.988  -19.985 3841.0000000000
38059  -48.837  -45.911  4.110 3842.0000000000
38515  -19.847  -59.713  -25.804 3843.0000000000
40473  -37.276  -26.958  24.579 3846.0000000000
39372  -26.768  -19.672  -39.451 3847.0000000000
40397  -44.964  -54.526  -33.993 3849.0000000000
42542  -10.281  11.655  25.477 3852.0000000000
41730  -27.441  -19.581  -40.702 3853.0000000000
41710  -61.490  -21.457  -39.950 3854.0000000000
41263  -49.931  -17.721  -42.012 3858.0000000000
41597  -7.821  63.375  -44.262 3859.0000000000
42135  -33.247  60.456  3.524 3861.0000000000
42510  -29.427  17.593  39.219 3862.0000000000
42049  -46.349  0.055  -20.255 3867.0000000000
43790  -33.851  41.582  26.941 3868.0000000000
42962  -29.595  -13.342  -23.344 3872.0000000000
44090  -50.809  24.682  -33.101 3877.0000000000
43836  -23.661  -3.681  53.988 3878.0000000000
43837  -49.313  -1.193  -14.833 3879.0000000000
44191  -49.844  13.115  -46.692 3881.0000000000
44205  -55.478  0.634  -20.656 3882.0000000000
42988  -36.637  74.077  -8.917 3883.0000000000
43789  -33.868  41.366  27.812 3884.0000000000
45108  -4.131  67.047  22.988 3888.0000000000
45450  -21.919  17.777  -45.255 3892.0000000000
44192  -39.880  43.040  7.875 3893.0000000000
44193  -59.475  19.948  -4.198 3894.0000000000
46212  -10.095  41.470  5.045 3896.0000000000
45096  -22.820  77.680  -12.848 3899.0000000000
45083  -4.087  -32.296  41.607 3900.0000000000
45449  -45.781  9.966  -33.763 3902.0000000000
46247  -34.483  14.660  -9.294 3905.0000000000
46290  -36.929  -70.240  -36.217 3907.0000000000
36939  -17.038  -64.581  -35.286 3910.0000000000
71721  0.196  19.721  -20.923 3911.0000000000
36909  -8.788  72.636  -1.920 3912.0000000000
47443  -0.492  49.084  -16.349 3913.0000000000
37437  -56.733  -8.395  20.539 3914.0000000000
48541  -28.615  -72.594  1.348 3916.0000000000
37936  -1.326  -80.013  -20.318 3917.0000000000
71972  -14.985  79.843  -30.415 3919.0000000000
38060  -13.184  76.827  -2.961 3920.0000000000
72012  -40.583  -42.210  -33.228 3921.0000000000
38516  -23.320  -58.807  -31.771 3922.0000000000
40474  -31.343  -12.363  29.277 3923.0000000000
39373  -45.840  4.050  9.873 3924.0000000000
41711  -39.239  -18.089  4.283 3927.0000000000
40504  -39.892  -26.837  23.484 3928.0000000000
41297  -40.074  60.087  5.171 3929.0000000000
42102  -34.271  -46.967  2.048 3931.0000000000
42123  -8.289  70.357  17.532 3932.0000000000
42471  -16.394  -40.129  -8.556 3934.0000000000
42493  -34.127  -1.679  -21.739 3935.0000000000
42559  -29.347  33.375  36.809 3936.0000000000
41731  -18.691  -11.099  -32.273 3937.0000000000
42050  -46.827  1.077  -20.283 3938.0000000000
49798  -46.839  19.161  -11.524 3940.0000000000
42923  -40.988  58.680  -28.389 3942.0000000000
42511  -9.625  -60.551  -32.332 3943.0000000000
50884  -44.317  -67.089  -19.416 3945.0000000000
42977  -23.435  28.208  -37.779 3947.0000000000
42964  -58.393  14.369  -3.310 3948.0000000000
43083  -44.469  -16.349  23.037 3949.0000000000
43110  -57.299  -37.000  8.195 3950.0000000000
43838  -49.053  0.582  -23.006 3953.0000000000
44139  -46.385  -49.668  -35.629 3954.0000000000
72200  -4.557  13.646  39.042 3955.0000000000
44236  -18.028  28.979  -40.370 3956.0000000000
44219  1.354  6.250  -17.613 3957.0000000000
43070  -29.726  64.330  5.332 3958.0000000000
43351  -40.106  -26.915  21.085 3959.0000000000
45181  -6.238  23.253  50.482 3962.0000000000
45109  -4.683  67.349  23.453 3963.0000000000
45222  -22.515  53.328  15.864 3964.0000000000
44164  -46.149  -50.535  -35.922 3965.0000000000
44512  -31.844  3.701  -2.621 3966.0000000000
45073  -23.805  -79.967  -33.651 3968.0000000000
46536  -3.172  -42.908  14.348 3970.0000000000
45204  -15.639  29.030  -41.418 3971.0000000000
47128  -22.647  -34.152  26.615 3973.0000000000
47222  -51.941  -7.943  -34.908 3974.0000000000
46587  -38.505  0.423  -27.295 3976.0000000000
47249  -31.299  13.718  -51.074 3978.0000000000
47423  -26.528  -12.039  -36.781 3982.0000000000
47454  -43.543  -22.548  -19.563 3983.0000000000
48499  -8.855  -63.782  14.820 3985.0000000000
48480  -30.754  74.074  -15.914 3986.0000000000
48542  0.568  36.544  -4.853 3987.0000000000
48747  -9.668  -63.448  14.990 3988.0000000000
48726  -25.427  -10.738  -38.634 3989.0000000000
49001  -43.654  40.933  20.532 3990.0000000000
49388  -31.818  -58.879  29.407 3991.0000000000
49721  -38.437  -52.170  20.823 3994.0000000000
49796  -54.708  -2.008  -21.019 3995.0000000000
50110  -6.360  -52.888  21.835 3997.0000000000
50075  -43.839  -52.998  21.778 3999.0000000000
49720  -35.696  -53.622  27.434 4001.0000000000
49797  -54.056  -1.514  -20.870 4002.0000000000
50504  -2.499  -9.216  -16.326 4004.0000000000
50595  -5.356  60.267  -7.652 4006.0000000000
50883  -51.345  35.211  -8.235 4009.0000000000
50976  -9.037  -31.880  50.685 4011.0000000000
50977  -10.452  -30.746  51.223 4012.0000000000
51234  -16.706  -36.850  -24.627 4013.0000000000
51266  -36.819  12.916  -59.605 4014.0000000000
51288  -5.939  -67.225  -20.664 4015.0000000000
50412  -64.715  -17.969  -11.775 4016.0000000000
50577  -33.617  24.223  40.705 4019.0000000000
51991  -40.245  35.436  -7.593 4020.0000000000
51992  -12.040  -48.876  -19.301 4021.0000000000
50926  -21.032  -59.784  26.365 4022.0000000000
51209  -38.448  -1.198  -26.005 4024.0000000000
52313  -9.366  -56.480  25.271 4028.0000000000
51925  -51.706  19.786  -14.398 4029.0000000000
52769  -48.290  15.612  22.578 4030.0000000000
52880  -18.341  -67.248  -25.355 4032.0000000000
52022  -1.475  -62.730  -24.643 4033.0000000000
52794  -39.654  24.719  34.853 4034.0000000000
53336  -37.943  -55.624  24.604 4035.0000000000
53972  -4.810  40.876  5.916 4043.0000000000
8930  -41.072  46.316  -3.997 4046.0000000000
57516  -34.454  -58.360  13.794 4048.0000000000
48923  -35.992  -53.136  24.302 4049.0000000000
58277  -43.538  53.524  -13.727 4051.0000000000
49002  -42.840  40.334  20.039 4052.0000000000
49270  -27.220  -71.288  0.332 4054.0000000000
50074  -43.449  -52.422  20.932 4057.0000000000
49771  -14.285  -30.534  -25.187 4059.0000000000
50024  -2.219  -2.528  37.267 4060.0000000000
50484  -16.270  -79.920  3.646 4062.0000000000
50620  -19.913  50.543  -38.855 4064.0000000000
50899  -2.854  32.734  42.634 4066.0000000000
50885  -8.828  -59.689  26.689 4067.0000000000
52274  -11.144  40.383  13.555 4068.0000000000
51193  -40.541  6.266  32.947 4069.0000000000
51176  -22.387  -16.867  51.960 4070.0000000000
51235  -38.605  55.811  11.739 4071.0000000000
51267  -41.852  28.498  -55.184 4072.0000000000
51289  -28.459  44.471  -35.412 4073.0000000000
59311  -7.166  39.623  26.934 4074.0000000000
50413  -2.071  -2.190  36.159 4075.0000000000
59744  -55.143  2.258  26.931 4076.0000000000
52008  -28.802  4.475  31.319 4081.0000000000
51993  -11.829  -47.763  -19.527 4082.0000000000
50912  -5.577  -35.345  -4.031 4083.0000000000
52314  -47.203  52.906  -0.906 4088.0000000000
60095  -16.495  39.482  24.856 4089.0000000000
51926  -33.598  64.697  7.521 4090.0000000000
52770  -37.301  16.916  -58.792 4091.0000000000
52881  -43.994  -62.820  -23.679 4092.0000000000
52795  -23.082  34.451  19.373 4095.0000000000
53337  -38.202  -56.315  24.881 4096.0000000000
53435  -3.323  -58.858  22.759 4097.0000000000
53380  -53.987  16.626  21.471 4099.0000000000
53767  -57.844  -10.937  14.216 4100.0000000000
53444  -20.473  -19.775  45.678 4102.0000000000
54710  -42.770  -46.482  -15.463 4105.0000000000
57701  -2.531  -71.897  -15.603 4109.0000000000
1693  -19.532  -41.437  29.954 4111.0000000000
58281  -56.528  -14.431  -39.172 4112.0000000000
58341  -24.120  19.140  -30.987 4113.0000000000
58342  -39.067  -70.867  -14.315 4114.0000000000
3260  -51.686  -16.441  -45.743 4116.0000000000
2885  -32.855  -19.266  -3.263 4117.0000000000
58909  -39.444  -2.672  -39.186 4119.0000000000
58756  -46.975  -42.053  -26.996 4122.0000000000
59044  -43.789  -50.653  8.914 4123.0000000000
59045  -59.712  -34.673  5.535 4124.0000000000
59080  -5.899  -6.850  8.179 4125.0000000000
59091  -7.563  -33.791  2.682 4126.0000000000
59240  -37.807  48.389  -2.079 4127.0000000000
59253  -33.561  -33.536  17.803 4128.0000000000
59269  -23.470  63.530  -9.619 4129.0000000000
59283  -25.811  -46.317  -22.820 4130.0000000000
59297  -40.310  25.082  18.465 4131.0000000000
5875  -42.998  60.603  -19.979 4134.0000000000
59745  -25.756  29.924  31.728 4136.0000000000
59912  -3.062  -7.858  44.590 4137.0000000000
3917  -15.751  -55.607  -9.173 4138.0000000000
59071  -23.462  26.681  -55.786 4141.0000000000
7182  0.426  4.563  -28.401 4146.0000000000
7649  -25.556  40.021  -9.840 4149.0000000000
7586  -18.095  -39.331  -19.105 4150.0000000000
6280  -4.418  20.363  -29.182 4151.0000000000
7674  -20.340  33.999  -38.306 4152.0000000000
60225  -28.949  -49.294  19.787 4153.0000000000
60663  -4.398  -39.670  12.427 4154.0000000000
8296  -35.093  -21.401  39.267 4156.0000000000
60676  -35.527  8.789  -63.836 4158.0000000000
10036  -60.035  -7.543  3.423 4163.0000000000
10311  -11.201  -1.611  25.526 4164.0000000000
1618  -23.297  29.809  22.285 4172.0000000000
1920  -18.784  25.783  47.209 4173.0000000000
2866  -52.590  -24.502  34.096 4174.0000000000
2867  -58.366  -10.071  -46.142 4175.0000000000
3357  -44.862  48.589  -33.628 4180.0000000000
4386  -38.023  17.092  10.655 4181.0000000000
4427  -45.743  -27.162  -33.875 4183.0000000000
4450  -15.439  -6.936  -31.832 4184.0000000000
4497  -35.182  -50.272  3.557 4185.0000000000
4511  -51.144  13.937  4.239 4186.0000000000
4696  -15.409  -60.548  10.909 4187.0000000000
59291  -50.544  -24.737  -31.255 4188.0000000000
6112  -31.564  -27.927  -35.565 4189.0000000000
5908  -2.814  -66.266  -2.719 4190.0000000000
5873  -32.218  -77.763  -11.502 4192.0000000000
3918  -14.771  -55.375  -8.712 4195.0000000000
3524  -15.965  -59.894  11.684 4196.0000000000
6058  -17.485  26.076  40.291 4197.0000000000
4387  -40.221  -65.523  -0.585 4198.0000000000
6113  -32.711  -28.249  -36.000 4200.0000000000
5874  -31.037  49.311  -36.119 4203.0000000000
5893  -36.563  66.310  3.912 4204.0000000000
6021  -12.541  -24.444  -22.948 4206.0000000000
6135  -18.078  -78.267  -12.213 4210.0000000000
7840  -11.285  -28.943  29.458 4211.0000000000
7841  -48.088  -17.669  -9.364 4212.0000000000
8790  -19.121  -49.022  20.177 4215.0000000000
8791  -26.490  67.591  -0.035 4216.0000000000
8929  -41.202  46.786  -3.157 4217.0000000000
8333  -29.165  -36.394  46.822 4218.0000000000
8828  -46.292  -33.960  -11.559 4219.0000000000
10348  -36.895  15.637  -35.439 4221.0000000000
61743  -49.108  -44.928  -12.080 4225.0000000000
2790  -38.278  23.367  1.644 4226.0000000000
2845  -15.926  62.548  10.249 4227.0000000000
25109  -35.680  -34.672  -38.827 4228.0000000000
65747  -58.155  -36.934  -33.155 4229.0000000000
3164  -24.451  -46.024  44.449 4230.0000000000
3305  -6.053  81.107  -5.741 4231.0000000000
4426  -21.902  48.760  12.056 4235.0000000000
4496  -34.988  -48.995  3.542 4237.0000000000
5997  -14.285  -52.916  -3.314 4244.0000000000
5998  -21.289  63.669  6.775 4245.0000000000
6059  -33.566  65.500  7.882 4246.0000000000
4385  -38.843  18.556  10.929 4247.0000000000
27261  -59.371  1.738  -2.144 4248.0000000000
28065  -44.380  51.722  -35.176 4249.0000000000
6111  -31.975  -29.118  -34.684 4251.0000000000
5909  -9.096  46.179  1.002 4253.0000000000
7162  -37.663  -28.002  -37.542 4255.0000000000
7194  -42.286  51.724  -3.579 4256.0000000000
7587  -16.647  -23.296  27.979 4258.0000000000
6091  -30.219  -27.301  -36.071 4259.0000000000
6145  -25.412  -36.494  49.534 4261.0000000000
7842  -35.864  -1.199  -37.745 4263.0000000000
66209  -12.733  -15.524  -23.262 4264.0000000000
29686  -36.557  15.653  19.052 4266.0000000000
8315  -29.836  -49.019  21.121 4267.0000000000
7624  -35.834  63.109  2.388 4268.0000000000
30588  -1.422  -60.302  -18.093 4269.0000000000
8792  -30.757  55.952  17.208 4270.0000000000
8829  -59.464  -31.732  12.964 4273.0000000000
10037  -54.963  1.617  17.249 4274.0000000000
8928  1.444  32.943  -10.145 4276.0000000000
10312  -61.500  6.851  -32.303 4277.0000000000
25124  -14.919  12.108  42.299 4280.0000000000
26185  -3.944  60.744  28.564 4281.0000000000
26166  -28.426  1.566  -46.550 4283.0000000000
26212  -53.916  25.511  12.950 4284.0000000000
26686  -30.418  -14.726  -2.252 4286.0000000000
27262  -26.672  4.973  -48.884 4289.0000000000
27414  -33.393  -26.330  -27.138 4290.0000000000
27675  -44.086  -24.193  8.310 4292.0000000000
28064  -44.639  51.107  -34.823 4293.0000000000
28652  -31.452  15.399  -52.840 4297.0000000000
27263  -31.682  8.414  -51.024 4299.0000000000
29026  -10.792  60.878  20.924 4303.0000000000
28563  -4.758  -23.955  6.709 4305.0000000000
28539  -19.465  51.367  -36.078 4306.0000000000
29706  -32.573  2.260  -50.733 4307.0000000000
29708  -45.416  19.735  12.420 4308.0000000000
28653  -17.441  42.393  26.030 4309.0000000000
30587  -9.508  -69.714  -20.484 4312.0000000000
30622  -32.587  39.294  -39.323 4313.0000000000
30712  -52.974  -49.148  -0.219 4315.0000000000
29707  -32.170  4.261  -51.527 4316.0000000000
30586  -21.110  -80.858  -6.029 4319.0000000000
30713  -51.398  -47.812  -0.896 4320.0000000000
31691  -17.128  72.878  8.642 4322.0000000000
32350  -8.449  13.782  -35.490 4323.0000000000
32396  -26.160  -32.647  -34.100 4326.0000000000
32779  -27.609  -59.109  -27.268 4327.0000000000
26658  -3.075  -47.501  2.900 4330.0000000000
53172  -39.956  26.639  -52.056 4332.0000000000
71285  -40.663  -8.526  44.608 4333.0000000000
27228  -34.583  -20.865  -25.250 4334.0000000000
27658  -44.367  2.093  -49.106 4337.0000000000
27242  -34.684  -23.557  -41.648 4340.0000000000
28671  -53.767  -31.971  -17.434 4343.0000000000
28682  -1.890  -73.242  -33.414 4344.0000000000
27415  -33.863  -25.935  -28.245 4345.0000000000
54194  -53.885  22.662  16.859 4346.0000000000
71396  -58.792  8.405  19.788 4348.0000000000
28063  -2.878  -58.931  -14.792 4349.0000000000
29007  -0.811  0.460  -4.417 4350.0000000000
29069  -3.818  76.713  -38.689 4352.0000000000
29772  -39.486  16.415  -53.532 4356.0000000000
28651  -31.497  14.559  -52.143 4357.0000000000
54738  -64.132  -4.789  -31.600 4358.0000000000
30607  -6.049  60.630  18.538 4360.0000000000
30608  -5.972  61.451  18.886 4361.0000000000
29685  -35.756  10.803  -18.179 4362.0000000000
30662  -56.204  -20.839  -28.687 4365.0000000000
56242  -12.856  -23.161  -14.262 4366.0000000000
31073  -56.262  -43.542  -31.200 4367.0000000000
31954  -46.120  23.044  -41.054 4368.0000000000
31972  -8.498  -54.749  -26.763 4370.0000000000
32397  -43.656  -25.140  2.121 4373.0000000000
32780  -13.969  -49.690  -20.359 4374.0000000000
32619  -8.123  -37.710  -4.002 4375.0000000000
53183  -53.676  35.569  -7.608 4376.0000000000
53561  -12.692  -58.685  22.279 4377.0000000000
1176  -59.043  -1.900  -31.140 4378.0000000000
53573  -28.264  -76.529  -7.399 4379.0000000000
54141  -2.942  -58.586  21.353 4382.0000000000
54205  -17.305  73.108  -24.664 4384.0000000000
50328  -51.576  9.507  28.665 4385.0000000000
2650  -34.773  4.402  -22.227 4386.0000000000
45854  -5.846  60.094  -1.757 4387.0000000000
41580  -43.757  58.185  -27.472 4388.0000000000
53904  -12.167  -50.228  17.116 4390.0000000000
54716  -45.478  27.561  -42.393 4393.0000000000
54130  -36.753  59.709  -11.964 4395.0000000000
54129  -6.412  48.320  12.306 4396.0000000000
3683  -26.578  49.542  6.887 4398.0000000000
3755  -19.641  -44.465  -4.793 4399.0000000000
41579  -44.092  57.577  -28.746 4404.0000000000
55548  -10.412  59.619  22.392 4405.0000000000
54678  -31.395  -52.300  20.535 4406.0000000000
55598  -23.380  50.294  -27.614 4408.0000000000
54717  -16.829  32.373  35.419 4409.0000000000
55549  -6.763  -34.436  -11.285 4411.0000000000
4767  -6.005  -72.179  0.031 4412.0000000000
56221  -10.029  -11.102  53.148 4413.0000000000
55625  -8.529  -34.718  -10.859 4414.0000000000
56199  -31.222  -54.986  19.191 4415.0000000000
56657  -56.534  -22.929  26.675 4416.0000000000
7076  0.270  -78.101  -18.441 4418.0000000000
56684  -2.294  19.292  -28.771 4420.0000000000
1484  -3.992  -67.791  -21.902 4423.0000000000
2553  -58.538  -7.852  10.695 4426.0000000000
2579  -51.990  20.941  -25.168 4427.0000000000
3589  -29.048  64.596  11.884 4428.0000000000
3590  -37.165  -18.276  0.546 4429.0000000000
3608  -33.248  -17.564  49.500 4430.0000000000
3645  -20.437  -78.006  -8.791 4431.0000000000
3701  -10.150  -53.398  -2.517 4433.0000000000
2648  -49.200  2.574  -23.833 4435.0000000000
2649  -34.935  4.071  -21.792 4436.0000000000
44895  -50.567  -37.704  -17.624 4437.0000000000
55290  -28.230  -49.405  26.705 4438.0000000000
4746  -46.037  -52.262  -2.251 4440.0000000000
3237  -50.742  -16.609  -45.494 4441.0000000000
5207  -64.548  -13.538  -32.533 4442.0000000000
4878  -7.286  -38.223  25.121 4443.0000000000
3588  -23.379  -46.100  43.278 4445.0000000000
3629  -55.378  4.155  -20.631 4446.0000000000
3664  -11.652  55.883  27.764 4447.0000000000
55324  -12.131  -56.635  20.441 4448.0000000000
4747  -31.072  66.142  10.457 4449.0000000000
6467  -58.873  -16.574  -7.116 4451.0000000000
6468  -59.996  -17.202  -6.086 4452.0000000000
6432  -64.544  -27.011  -6.433 4454.0000000000
7116  -12.000  -39.263  -19.026 4455.0000000000
6521  -45.189  -58.649  -1.128 4456.0000000000
7576  -34.783  43.112  -28.069 4458.0000000000
7471  -18.666  46.232  29.077 4459.0000000000
3220  -12.256  41.732  -43.698 4460.0000000000
4879  -59.888  -34.110  -18.015 4464.0000000000
71290  -17.545  -85.871  -28.108 4467.0000000000
71405  -25.249  -26.879  35.640 4468.0000000000
71279  -14.563  79.352  -21.854 4469.0000000000
71406  -18.813  -20.008  40.289 4470.0000000000
71681  -10.842  -63.316  7.846 4473.0000000000
71577  -28.942  79.462  -25.158 4476.0000000000
71235  -37.593  -45.535  14.360 4478.0000000000
71686  -9.796  78.908  -27.583 4480.0000000000
71680  -40.291  -71.353  -12.957 4482.0000000000
71909  -22.817  79.455  -28.847 4483.0000000000
71434  -23.863  -34.144  44.705 4484.0000000000
72647  -7.879  55.775  -14.425 4489.0000000000
72673  -30.872  -22.161  -36.291 4492.0000000000
72674  -51.764  20.268  5.146 4493.0000000000
72756  -9.014  56.047  -15.547 4502.0000000000
72843  -32.574  -49.922  -31.159 4504.0000000000
72672  -24.871  -29.424  42.623 4510.0000000000
