#!ascii label  , from subject FreeSurferMNI152_0.5 vox2ras=TkReg
391
25774  2.802  53.084  -39.927 1.0000000000
26662  51.594  33.366  -51.372 3.0000000000
28761  41.141  -74.827  -21.213 5.0000000000
30961  54.624  42.678  -11.423 6.0000000000
29970  53.395  60.544  -24.519 7.0000000000
32908  55.503  54.790  -6.862 8.0000000000
31005  14.244  64.256  -19.953 9.0000000000
24891  42.783  14.632  -67.754 11.0000000000
73278  25.085  16.590  -40.412 13.0000000000
25775  36.550  58.460  7.973 14.0000000000
64915  32.163  -17.809  33.142 16.0000000000
28449  30.134  -60.904  0.422 17.0000000000
26496  24.833  -23.928  -33.257 18.0000000000
30962  54.218  54.852  -3.311 19.0000000000
28762  1.259  48.245  -35.293 20.0000000000
66598  15.662  -69.223  25.902 21.0000000000
32907  56.719  53.685  -7.644 26.0000000000
64675  5.498  27.717  -39.517 30.0000000000
65354  52.692  -36.465  4.243 31.0000000000
65356  53.813  -27.408  -4.196 32.0000000000
64916  26.579  19.821  52.038 33.0000000000
31326  30.968  -55.947  26.973 34.0000000000
65802  7.947  84.230  -35.377 35.0000000000
65355  15.191  63.343  -19.179 36.0000000000
32186  48.932  -62.961  -13.030 37.0000000000
66127  5.724  5.546  28.404 38.0000000000
65819  9.288  56.009  7.854 39.0000000000
34540  15.113  -1.818  20.484 41.0000000000
35587  15.878  -75.466  -28.026 42.0000000000
37501  31.703  9.297  -43.715 44.0000000000
66947  21.391  12.645  53.159 45.0000000000
67234  60.384  7.416  27.762 47.0000000000
32188  48.223  -62.474  -13.548 50.0000000000
31327  3.664  -48.156  -14.524 51.0000000000
33101  2.580  1.298  13.269 52.0000000000
33103  40.006  0.692  22.171 53.0000000000
32187  47.931  -62.276  -12.998 54.0000000000
32468  57.840  -34.974  -2.395 55.0000000000
34524  21.090  -24.353  58.980 56.0000000000
33427  24.728  30.943  28.398 58.0000000000
33529  42.995  -42.273  26.897 59.0000000000
34525  19.810  -24.855  59.466 60.0000000000
35588  42.991  -64.876  -3.692 63.0000000000
39466  3.638  -7.363  46.550 68.0000000000
38878  32.114  -22.819  51.956 69.0000000000
33102  61.853  -3.114  29.130 70.0000000000
33405  58.383  -4.122  27.611 71.0000000000
33472  14.854  -60.138  -7.871 72.0000000000
33508  25.245  -17.074  46.957 73.0000000000
34523  66.777  -27.253  17.788 74.0000000000
34581  1.816  5.820  -30.681 75.0000000000
33439  33.597  -8.060  -39.138 76.0000000000
72770  39.281  -65.916  -0.648 77.0000000000
72769  62.843  -23.048  -39.684 78.0000000000
60244  46.460  68.444  -5.334 79.0000000000
34618  25.408  -10.594  48.672 80.0000000000
72921  37.999  32.935  -12.420 82.0000000000
60899  47.398  -56.988  -6.927 83.0000000000
35918  18.162  -20.380  60.420 84.0000000000
61656  70.951  -0.445  -25.972 86.0000000000
37518  51.391  27.354  18.860 87.0000000000
39465  27.699  -21.901  -29.430 88.0000000000
59775  69.350  -30.826  -18.996 92.0000000000
59777  2.597  0.464  -25.173 93.0000000000
59797  5.885  -52.278  -6.997 94.0000000000
59813  31.929  -10.209  -31.271 95.0000000000
59827  8.037  64.963  -5.294 96.0000000000
60235  51.045  1.080  -5.052 97.0000000000
59776  69.750  -29.465  -18.595 99.0000000000
59786  17.564  18.444  -48.688 100.0000000000
59805  45.433  -28.097  43.625 101.0000000000
59822  68.759  8.494  -21.781 102.0000000000
59881  50.300  24.665  24.890 103.0000000000
36585  65.487  -37.277  0.487 104.0000000000
36584  43.593  -47.304  -17.185 105.0000000000
60478  29.382  54.001  31.160 107.0000000000
60485  71.257  1.676  -28.915 108.0000000000
60900  3.303  58.553  26.970 109.0000000000
61665  49.781  38.214  27.727 111.0000000000
60968  49.878  -3.644  -25.298 112.0000000000
60979  21.196  2.868  -30.866 113.0000000000
38944  53.332  1.841  -2.163 114.0000000000
61666  4.233  -56.198  10.668 117.0000000000
61670  44.472  18.778  17.913 118.0000000000
41217  58.144  51.556  -18.490 119.0000000000
62766  35.412  -58.431  26.395 121.0000000000
36586  4.278  -34.146  -7.243 122.0000000000
36913  48.600  15.882  -49.656 124.0000000000
36970  40.445  -10.998  -0.985 125.0000000000
36988  19.435  -69.688  -37.153 126.0000000000
37024  27.864  -37.783  -35.479 127.0000000000
37381  56.750  13.526  -10.675 128.0000000000
37023  41.913  -44.917  -38.485 132.0000000000
37037  42.334  23.066  21.287 133.0000000000
37405  6.630  -33.552  52.853 134.0000000000
37783  67.489  -8.429  1.586 135.0000000000
38010  41.618  43.725  23.863 137.0000000000
38945  39.944  19.710  -11.909 139.0000000000
41301  55.238  13.642  -61.721 142.0000000000
39303  61.608  -44.060  -12.764 143.0000000000
41202  4.297  53.146  -16.579 144.0000000000
41302  43.069  13.375  -12.159 146.0000000000
41315  6.480  -2.280  9.448 147.0000000000
42744  17.970  -3.724  -35.509 148.0000000000
42745  37.319  6.096  -37.653 149.0000000000
44451  48.713  20.071  -65.314 150.0000000000
36600  50.137  13.213  -52.162 151.0000000000
36615  57.105  25.240  22.051 152.0000000000
36929  3.319  -1.269  23.155 153.0000000000
37605  11.927  -27.842  40.192 156.0000000000
70366  30.801  -56.332  35.356 159.0000000000
74825  49.678  -24.914  -2.470 160.0000000000
39006  5.491  2.654  10.328 166.0000000000
38045  49.512  -45.917  19.115 167.0000000000
70727  4.333  -70.666  -15.172 169.0000000000
39286  31.868  59.824  -37.137 172.0000000000
70935  17.401  84.739  -31.753 174.0000000000
41369  2.949  -59.947  -14.447 176.0000000000
43513  60.921  -4.283  -37.241 178.0000000000
42710  7.764  -38.742  -15.079 179.0000000000
71219  4.631  -25.241  2.208 180.0000000000
42780  31.346  -7.593  42.411 181.0000000000
254  14.789  41.010  -38.257 182.0000000000
256  22.566  44.587  28.934 183.0000000000
43591  46.688  40.355  -16.814 184.0000000000
255  39.132  -62.409  -31.603 185.0000000000
291  12.075  56.682  -38.734 186.0000000000
1932  13.855  81.919  3.932 187.0000000000
1174  43.790  4.591  34.288 188.0000000000
1933  19.553  -32.013  -15.844 189.0000000000
70502  19.316  -85.097  -30.447 192.0000000000
70503  34.335  78.226  -33.459 194.0000000000
70365  49.011  19.740  -58.818 195.0000000000
70372  18.230  82.205  -26.006 196.0000000000
70515  41.997  -4.580  -2.995 197.0000000000
52169  47.339  37.934  -51.536 203.0000000000
70523  51.597  22.851  18.562 204.0000000000
54006  53.267  -55.452  7.196 206.0000000000
52208  66.456  22.166  1.706 209.0000000000
70733  21.479  64.116  18.243 210.0000000000
70944  23.799  71.624  18.429 214.0000000000
70947  47.181  26.001  30.602 215.0000000000
71154  57.447  11.817  -31.373 217.0000000000
54921  25.898  47.309  39.036 219.0000000000
71351  28.058  -17.771  -24.484 221.0000000000
312  56.725  -36.902  -2.715 222.0000000000
71514  43.730  -45.173  33.251 224.0000000000
1985  6.365  67.169  -44.952 226.0000000000
1238  72.140  -9.267  -12.339 227.0000000000
71637  51.656  61.108  -25.094 228.0000000000
71638  50.156  61.053  -25.032 230.0000000000
2687  53.556  -6.097  -6.791 231.0000000000
52121  2.570  26.592  12.376 232.0000000000
52136  47.560  5.822  -14.126 234.0000000000
1210  27.580  44.583  30.373 235.0000000000
52960  43.473  42.165  31.449 238.0000000000
1239  67.136  -3.861  -46.552 241.0000000000
3268  54.020  -46.643  15.427 246.0000000000
54218  31.435  -61.884  -33.176 249.0000000000
54897  20.424  -15.323  -37.677 250.0000000000
55350  27.242  47.115  35.975 252.0000000000
55890  37.005  -72.569  -10.159 253.0000000000
55257  65.898  -32.828  -28.360 254.0000000000
8211  47.278  -51.198  -20.746 255.0000000000
55891  14.708  32.092  -37.593 256.0000000000
55899  56.209  27.718  5.639 257.0000000000
56435  2.307  8.328  33.933 258.0000000000
56442  5.641  74.651  -26.412 259.0000000000
56760  62.015  30.842  5.143 260.0000000000
9878  44.098  -8.483  19.989 262.0000000000
57065  39.169  26.384  5.499 263.0000000000
57525  52.352  -47.720  -4.404 265.0000000000
1028  4.216  1.014  -3.732 266.0000000000
1030  27.973  -83.104  -10.426 268.0000000000
2747  3.861  -36.712  36.452 270.0000000000
1029  3.841  2.236  -3.808 273.0000000000
1175  60.393  24.202  -37.252 274.0000000000
2748  46.257  -20.917  -14.404 277.0000000000
2889  8.097  69.855  -45.326 279.0000000000
6115  20.909  86.386  -4.951 283.0000000000
5107  6.345  -3.735  8.931 284.0000000000
5133  6.012  -4.868  8.707 285.0000000000
6116  65.848  -29.967  -16.286 287.0000000000
6133  2.965  -19.256  42.126 288.0000000000
6517  3.237  62.421  -46.027 289.0000000000
7108  6.818  44.491  43.835 291.0000000000
8210  25.628  58.070  31.702 293.0000000000
8099  23.528  -40.392  -12.769 296.0000000000
9268  70.845  1.814  -14.574 299.0000000000
9081  8.449  -56.925  -9.432 300.0000000000
9269  70.822  1.616  -16.008 301.0000000000
9270  70.672  2.782  -15.080 302.0000000000
10379  68.143  -21.698  14.482 303.0000000000
47241  20.961  20.512  -63.002 306.0000000000
2749  47.303  -21.895  -12.439 307.0000000000
2808  24.116  39.393  23.835 309.0000000000
2858  48.706  32.837  -48.100 310.0000000000
2770  48.300  63.457  -35.846 313.0000000000
47558  33.678  -3.853  -51.476 315.0000000000
5091  17.179  8.997  47.668 318.0000000000
48972  2.715  43.520  -21.521 319.0000000000
6495  24.513  -59.635  -35.433 320.0000000000
6483  66.952  -22.456  17.550 322.0000000000
49857  41.803  4.380  -46.631 324.0000000000
7124  46.016  11.283  -20.779 326.0000000000
8100  22.974  -39.327  -12.971 330.0000000000
51491  43.668  29.434  7.981 331.0000000000
8209  26.966  58.180  30.940 332.0000000000
9069  3.308  -50.658  7.692 333.0000000000
52947  61.211  -2.654  -40.901 335.0000000000
9663  60.168  -48.517  -12.481 336.0000000000
9854  20.361  -69.181  2.098 337.0000000000
47242  2.600  30.833  17.047 342.0000000000
47240  14.640  -4.370  18.577 345.0000000000
47265  22.749  -1.665  -48.239 347.0000000000
48641  55.578  10.823  -11.181 350.0000000000
48922  25.908  -22.914  -15.358 352.0000000000
49728  41.117  2.182  -12.654 355.0000000000
50772  44.141  -46.152  -17.504 359.0000000000
50813  50.094  -21.233  38.390 360.0000000000
51946  2.214  43.834  -28.169 362.0000000000
51947  22.262  -58.752  35.781 363.0000000000
975  2.661  70.044  -42.636 366.0000000000
976  67.016  -31.661  -15.047 367.0000000000
53264  8.408  43.949  -46.071 368.0000000000
53265  8.626  44.884  -45.684 371.0000000000
53266  5.935  -52.749  9.779 372.0000000000
48909  33.404  -80.201  -13.894 375.0000000000
48606  36.573  -0.173  -2.043 378.0000000000
68890  2.486  66.687  -36.910 380.0000000000
49777  39.714  23.594  -11.844 382.0000000000
69531  15.450  -48.059  14.282 384.0000000000
49769  49.818  -16.592  -44.318 385.0000000000
29  10.725  -41.665  25.871 386.0000000000
50790  1.502  -6.086  3.960 388.0000000000
27  10.682  -42.455  26.307 390.0000000000
1232  3.537  -35.531  -4.064 392.0000000000
974  33.018  60.988  11.364 394.0000000000
28  9.903  -42.349  26.589 395.0000000000
1233  3.664  -35.782  -5.618 396.0000000000
1176  52.950  28.792  -22.496 397.0000000000
1177  53.735  29.765  -22.347 400.0000000000
1178  40.650  33.910  -39.194 401.0000000000
3659  10.323  -61.789  -33.270 402.0000000000
3135  62.160  -31.360  -42.265 403.0000000000
68883  42.419  2.596  -1.717 404.0000000000
42577  36.886  -2.312  -44.811 409.0000000000
42920  26.881  -47.388  -28.367 411.0000000000
69205  23.577  -56.051  40.617 413.0000000000
69536  10.019  7.122  56.039 416.0000000000
43983  10.707  60.855  -42.793 419.0000000000
1274  19.671  -62.389  21.801 421.0000000000
69740  52.031  24.023  21.773 422.0000000000
2293  33.706  -59.804  29.992 424.0000000000
1234  57.093  -25.680  -41.775 425.0000000000
1603  17.703  -47.634  -25.906 426.0000000000
45961  55.199  8.837  11.767 429.0000000000
3114  33.317  -62.392  -31.686 430.0000000000
3115  47.315  48.100  -24.190 431.0000000000
47520  43.823  33.467  -18.827 433.0000000000
3745  32.835  -3.927  -48.436 434.0000000000
42552  40.100  -11.347  -3.225 435.0000000000
42622  8.022  -58.241  -25.521 437.0000000000
43866  30.241  9.560  -66.474 439.0000000000
42553  63.208  0.634  9.639 440.0000000000
42554  37.693  -0.219  1.519 441.0000000000
42603  2.846  -37.758  8.094 442.0000000000
39437  53.190  -55.705  -26.952 443.0000000000
43892  3.660  46.473  -28.288 445.0000000000
39439  25.493  -42.769  50.641 447.0000000000
44537  2.503  -3.915  21.636 449.0000000000
44564  45.518  13.836  -22.024 451.0000000000
44565  45.320  14.481  -21.841 452.0000000000
46610  41.764  22.966  20.338 453.0000000000
45343  11.892  28.095  21.306 455.0000000000
45344  5.153  -71.889  8.834 456.0000000000
46599  6.804  -57.107  17.654 457.0000000000
46549  42.944  22.851  20.124 461.0000000000
46930  35.562  26.699  -63.914 462.0000000000
43865  36.397  -17.437  -35.071 466.0000000000
43917  17.959  -65.591  -36.322 468.0000000000
43893  3.078  -58.285  -21.426 471.0000000000
72199  13.534  2.251  27.575 473.0000000000
72331  43.034  7.884  -8.708 474.0000000000
39438  38.951  53.909  18.439 475.0000000000
44500  2.612  -28.710  35.755 476.0000000000
44828  51.766  -0.382  -55.127 478.0000000000
46609  38.862  8.095  -59.648 480.0000000000
45366  7.509  -25.503  44.255 481.0000000000
45947  39.789  4.284  -2.626 484.0000000000
47398  61.763  16.554  21.515 486.0000000000
46637  1.264  30.420  2.917 487.0000000000
46674  72.083  -11.787  -10.762 488.0000000000
47502  19.466  -27.838  -32.415 490.0000000000
308  5.505  30.346  -42.970 492.0000000000
72315  39.513  -74.561  -24.392 497.0000000000
72198  42.428  0.508  28.835 499.0000000000
72333  54.610  -59.039  -20.210 502.0000000000
55031  36.113  63.623  14.129 506.0000000000
68944  69.475  -1.104  -0.061 507.0000000000
68817  55.358  -51.649  0.663 509.0000000000
72440  28.572  -50.887  26.575 510.0000000000
68951  24.063  -44.705  -31.500 511.0000000000
72660  3.324  39.178  30.715 514.0000000000
72775  38.782  -65.328  -0.318 517.0000000000
72784  64.881  0.802  23.292 518.0000000000
72663  49.596  -15.033  -44.444 521.0000000000
72852  66.077  -10.483  11.502 525.0000000000
68548  13.304  -48.380  -26.878 528.0000000000
68549  66.737  -26.568  -4.360 529.0000000000
54831  63.596  28.464  8.138 530.0000000000
54767  28.445  33.999  -35.194 532.0000000000
68816  60.948  38.500  -9.487 533.0000000000
12960  32.531  9.881  36.920 536.0000000000
55738  12.566  -61.146  -33.474 540.0000000000
69148  33.151  73.989  5.614 542.0000000000
56271  4.137  -29.970  21.855 544.0000000000
69558  36.500  -76.215  -7.308 546.0000000000
69363  46.678  5.336  17.199 547.0000000000
69462  6.664  68.307  -30.423 549.0000000000
56814  42.059  49.377  -19.559 551.0000000000
69646  5.279  -48.536  40.343 553.0000000000
69723  28.782  -68.856  8.524 555.0000000000
69777  44.396  53.186  18.763 557.0000000000
54811  19.963  46.497  40.538 558.0000000000
54781  3.445  49.145  -16.543 567.0000000000
55701  7.026  19.393  -38.351 571.0000000000
56119  22.613  42.784  -36.438 576.0000000000
56270  68.985  -31.346  -11.356 577.0000000000
56874  10.746  50.910  5.555 581.0000000000
57357  47.874  48.496  -21.079 583.0000000000
18415  42.917  -3.384  38.233 584.0000000000
57428  1.346  25.394  2.273 585.0000000000
57669  43.616  33.199  -30.272 586.0000000000
12676  6.841  22.077  34.146 587.0000000000
12467  61.829  -32.926  -14.753 588.0000000000
12486  27.054  -55.118  -28.520 589.0000000000
14026  32.253  77.900  -20.245 592.0000000000
12468  11.822  -29.138  -23.298 594.0000000000
12469  60.661  -7.836  -19.324 595.0000000000
12498  71.316  -25.109  -20.333 596.0000000000
14068  42.754  -0.727  -10.795 598.0000000000
14184  30.160  42.283  31.852 600.0000000000
15515  30.473  -46.863  13.500 602.0000000000
15812  43.273  71.929  -1.873 604.0000000000
17466  25.302  52.679  -31.252 605.0000000000
16817  12.255  19.159  23.195 607.0000000000
17847  32.230  -45.102  44.786 608.0000000000
14027  31.877  76.918  -20.388 612.0000000000
14048  33.886  -29.353  -26.881 614.0000000000
14128  55.561  25.056  -37.396 615.0000000000
14162  2.615  3.163  47.200 616.0000000000
47208  27.497  -59.455  -32.650 618.0000000000
14069  32.954  79.234  -19.966 619.0000000000
46353  63.848  12.781  -27.436 621.0000000000
15762  13.401  61.256  -8.345 623.0000000000
15788  40.215  -39.967  40.049 624.0000000000
15315  20.255  11.474  -29.294 625.0000000000
70951  6.618  -60.570  -10.064 627.0000000000
17816  28.991  71.832  -3.713 631.0000000000
16801  35.769  12.921  31.847 632.0000000000
18382  50.208  -0.657  42.629 633.0000000000
18400  65.174  -10.569  27.750 635.0000000000
45448  10.900  -41.866  37.655 636.0000000000
45449  62.440  -28.776  5.907 637.0000000000
46264  36.040  -29.711  32.023 640.0000000000
47617  48.243  -17.993  -41.050 645.0000000000
47207  1.110  33.458  -15.018 647.0000000000
47618  37.837  25.146  -65.175 651.0000000000
47209  48.686  57.263  9.931 652.0000000000
47630  44.642  -59.840  -33.541 653.0000000000
48768  32.784  81.900  -29.892 655.0000000000
46265  5.749  -15.956  30.256 656.0000000000
46266  31.622  7.943  -53.734 657.0000000000
46325  49.636  -44.058  -15.064 658.0000000000
47244  47.461  57.900  10.725 661.0000000000
69159  44.168  -15.221  35.279 663.0000000000
47616  50.163  -20.357  -40.226 666.0000000000
43009  6.647  -61.937  -11.261 668.0000000000
48419  29.107  17.352  50.970 670.0000000000
69154  51.144  -1.851  -53.382 676.0000000000
41785  59.590  -47.669  -26.891 680.0000000000
41798  8.176  -48.707  40.020 683.0000000000
42816  35.756  33.075  -9.365 684.0000000000
69635  8.493  47.358  -45.491 687.0000000000
41427  44.019  56.031  16.024 688.0000000000
41759  2.516  -42.757  16.445 689.0000000000
41771  7.262  -49.987  40.874 691.0000000000
42749  65.459  26.523  -1.000 695.0000000000
42769  48.676  27.811  25.019 696.0000000000
42832  57.503  -46.223  -28.693 697.0000000000
