49580  -9.7420  -27.3510  -24.2040  1    1112  -6.2410  6.8770  56.2260  1
49614  -26.0440  -26.3420  -26.0240  2    3701  0.2370  -36.8620  19.2340  2
49615  -26.9270  -26.1750  -25.8610  3    3756  -36.5220  -12.1530  -31.0710  3
49616  -27.7740  -25.9710  -25.6140  4    3772  -42.2470  -26.0310  -45.1610  4
49617  -28.6090  -25.7550  -25.4420  5    2649  0.4770  -42.1420  29.8620  5
50714  -9.2390  -25.5850  -24.1150  7    40250  -42.2670  -18.0620  22.5270  7
50715  -9.3710  -26.1710  -24.5100  8    2534  -10.6050  50.9000  3.0160  8
50716  -9.5410  -26.6070  -25.0170  9    2553  -35.9030  49.7240  2.0700  9
50725  -9.4890  -25.8760  -25.3620  10    42395  -36.2140  26.9820  -40.8820  10
50726  -9.9000  -26.1460  -26.0130  11    3196  0.0660  -52.4120  -16.6690  11
50728  -29.9320  -25.5710  -25.3740  12    44895  -10.8820  43.1340  -36.6320  12
50735  -10.4710  -25.6470  -27.0200  13    4746  -26.3140  58.7350  26.4830  13
50737  -21.4980  -26.6140  -28.1590  14    4878  -44.7920  32.2450  -22.0380  14
50739  -22.8150  -26.5430  -27.4290  15    5222  -46.5920  -68.3470  -16.8350  15
50740  -23.7120  -26.3610  -27.1520  16    5262  -29.8490  -14.4660  -29.4230  16
50741  -24.6460  -26.2010  -26.8930  17    3664  -33.7130  -3.5390  25.2840  17
50742  -25.5440  -26.0090  -26.6710  18    5347  -59.3310  0.7750  -23.7840  18
50745  -28.1970  -25.4330  -25.9780  21    5757  -38.3530  -52.3360  -16.1070  21
50748  -30.9860  -25.3880  -25.8190  24    55290  0.6950  -56.3820  0.6160  24
50756  -11.3360  -24.6840  -28.6140  25    45002  -30.0390  -3.8590  53.4960  25
50757  -11.0240  -25.2890  -27.9470  26    4811  -53.6030  1.9370  -8.0430  26
50758  -19.1380  -26.1670  -30.5410  27    6487  -44.6440  62.7400  -26.7850  27
50759  -19.8650  -26.3240  -29.7530  28    6469  -14.6110  -15.7200  -34.9230  28
50760  -20.8540  -26.4860  -28.7640  29    5206  0.4750  16.5950  45.5280  29
50761  -21.5660  -26.2830  -28.4500  30    4879  -44.1150  32.9680  -21.2280  30
50762  -22.2930  -26.2210  -28.1760  31    45158  -10.8090  -70.4390  23.8980  31
50763  -23.1110  -25.9200  -28.0880  32    69195  -7.9010  73.8970  21.3850  32
50764  -24.1670  -25.8230  -27.6250  33    69234  -16.0220  -10.6470  -33.0690  33
50766  -25.9480  -25.4550  -27.1000  35    69248  -2.2860  -14.7920  27.0370  35
50767  -26.9050  -25.2780  -27.0220  36    69256  -3.2060  -14.2380  26.5420  36
50770  -31.7150  -24.4900  -26.9950  39    47072  -40.7710  -58.0760  15.8390  39
50776  -11.9010  -25.1540  -29.1330  41    6433  -67.0540  -11.3400  6.4980  41
50777  -17.0940  -25.9940  -32.0080  42    7423  -10.4850  -64.9520  26.5580  42
50778  -18.3110  -26.2230  -31.2470  43    6501  -20.3490  -69.7980  4.2750  43
50779  -23.2040  -25.4770  -28.5570  44    46516  0.3990  -53.0040  7.9920  44
50781  -24.6670  -25.2430  -27.9710  46    46559  -57.6700  -34.3110  13.9360  46
50783  -26.2700  -25.0510  -27.5100  48    45379  -47.6250  13.7400  -49.3520  48
50788  -13.0860  -25.5290  -30.3880  50    7077  -20.8230  -67.8380  -31.8450  50
50789  -14.2850  -25.8810  -31.5180  51    7577  -25.2430  11.0840  -47.3010  51
50790  -15.8030  -26.2000  -32.2520  52    7443  -27.6140  41.0510  -23.0880  52
51846  -9.5850  -24.0670  -22.6680  53    867  -20.4860  46.5500  -35.5610  53
51865  -9.4180  -23.3060  -22.6580  54    37807  -29.2740  6.6940  -39.8830  54
51866  -9.3220  -24.0880  -23.5070  55    38813  -26.1860  5.4470  -39.1590  55
51897  -9.0700  -23.7800  -24.2930  57    40269  -7.1980  -42.7390  -5.9860  57
51898  -9.1230  -24.6400  -24.7830  58    40251  -37.8750  -5.8950  -3.4840  58
51916  -9.2710  -24.2190  -25.6550  60    2504  -10.1920  40.9180  -36.6660  60
51917  -9.5800  -24.9320  -26.0440  61    42396  -54.8530  40.2020  -8.3870  61
51930  -10.1590  -24.4700  -27.1460  63    43753  -16.0100  20.3450  -42.7740  63
51931  -10.0890  -25.2680  -26.6780  64    43752  -43.5840  15.5990  -10.0930  64
51932  -29.3860  -24.7250  -26.3990  65    44896  -10.8620  40.7900  -36.0880  65
51934  -30.7060  -24.8560  -26.1920  67    44894  -9.6490  36.3350  -42.6500  67
51935  -31.1490  -25.0040  -26.2260  68    45717  -34.5830  22.2950  -12.2810  68
51939  -10.7680  -24.3520  -28.0820  69    44608  -8.0400  -22.0020  15.6180  69
51942  -19.3370  -25.8980  -30.5020  72    45042  -4.8470  57.5760  -3.3300  72
51943  -20.1350  -25.9430  -29.7980  73    45052  -37.0380  -7.3480  43.8240  73
51944  -20.9700  -25.8950  -29.2360  74    45122  -21.5410  -49.5070  14.5420  74
51948  -27.6020  -24.7840  -27.3660  78    45380  -9.4480  17.6540  25.1430  78
51949  -28.6980  -24.6970  -26.8390  79    45412  -10.4270  -56.0800  11.0850  79
51956  -11.8230  -24.2320  -29.4370  84    5646  -52.6490  7.3780  19.0660  84
51957  -16.1850  -25.4850  -32.2990  85    5718  -13.7970  -47.4260  9.7650  85
51958  -17.5670  -25.5550  -31.8030  86    45043  -26.5400  66.9600  -35.7680  86
51960  -19.4450  -25.5720  -30.6780  88    6079  -36.5730  -3.2890  -15.6410  88
51961  -20.2700  -25.5290  -30.1040  89    45123  -10.5960  30.1110  47.3800  89
51962  -21.2420  -25.3530  -29.7730  90    45159  -20.4770  44.3720  -37.6260  90
51963  -22.4980  -25.4050  -28.9790  91    45369  -44.1370  17.8740  -13.6560  91
51966  -25.2130  -24.7580  -28.3970  94    46604  -47.0520  19.0620  21.1430  94
51968  -27.1490  -24.4360  -28.1720  96    6176  -0.4230  74.1430  -25.7760  96
51969  -28.1660  -24.2600  -27.8570  97    45413  -23.9920  61.5050  -0.3460  97
51970  -29.1970  -24.0120  -27.5670  98    45435  -11.3560  -56.5730  11.5370  98
51971  -30.1850  -23.8300  -27.3800  99    6579  -30.4210  -11.0330  -31.8480  99
51972  -31.2240  -23.9270  -27.3280  100    6651  -2.0920  -29.0050  -3.3160  100
51974  -32.1270  -23.7760  -28.2000  102    47073  -21.1400  -46.2860  -30.5580  102
51976  -12.5960  -24.5090  -30.2620  103    45829  -60.9810  6.7340  -10.5780  103
51977  -13.7290  -24.8980  -31.3570  104    47348  -7.8490  58.1990  -6.4520  104
51978  -14.9820  -25.2970  -32.0990  105    46124  -15.1270  15.0310  -47.3020  105
51979  -21.3770  -25.0150  -30.2170  106    7403  -57.4600  -35.2200  18.7700  106
51980  -21.9830  -24.9740  -29.8910  107    46461  -1.0630  -19.4470  17.2470  107
51981  -22.9050  -24.8170  -29.5770  108    46517  -10.7690  64.6720  25.8510  108
51982  -23.8410  -24.5950  -29.3480  109    46560  -33.4250  -20.4060  -45.8930  109
51984  -25.8040  -24.2910  -28.8640  111    7929  -41.8530  0.4080  29.3930  111
53129  -9.6470  -21.6520  -21.8860  114    74093  -46.3480  -23.5150  3.0230  114
53147  -9.3520  -22.6850  -22.8360  116    40217  -7.1470  -73.7380  -20.6280  116
53170  -9.1290  -22.8480  -23.9880  117    455  -47.0420  38.4650  -39.4950  117
53171  -9.0030  -23.4850  -24.7460  118    456  -38.0100  -74.6090  -26.1890  118
53191  -8.9790  -22.7320  -24.9360  119    457  -36.8030  -61.6520  -38.4820  119
53192  -9.1300  -23.3830  -25.5830  120    477  -14.8540  20.0920  53.8820  120
53210  -9.3670  -23.1830  -26.4390  122    2488  -48.7690  -46.5840  -32.8840  122
53224  -9.7060  -23.0040  -27.1310  124    4287  -0.6040  -75.7860  -20.2070  124
53225  -10.2460  -23.4610  -27.7250  125    4286  -1.3400  -76.3090  -20.7340  125
53228  -10.8680  -23.4120  -28.6670  126    5520  -1.6920  -6.5910  37.8280  126
53231  -16.2510  -24.9210  -32.2940  129    5717  -2.1210  63.9950  3.1450  129
53232  -17.4740  -25.0090  -31.9760  130    6040  -21.1760  -16.7050  54.8450  130
53234  -19.5420  -25.2430  -30.9470  132    6092  -18.6660  -59.0040  -16.5350  132
53235  -20.3090  -25.2010  -30.5070  133    7353  0.2990  1.8210  32.4420  133
53237  -27.6270  -23.9170  -28.6810  135    6177  -14.9690  -44.8130  -9.4220  135
53238  -28.6810  -23.6560  -28.4740  136    6215  -46.1530  63.1620  -26.6590  136
53240  -30.6680  -23.2870  -28.0290  138    6599  -67.5300  -19.0980  -5.0610  138
53242  -31.8920  -23.3160  -28.3810  140    6680  -50.4330  -43.6860  30.2760  140
53245  -11.2730  -23.0540  -29.3720  141    5647  -50.8300  29.0470  -11.1310  141
53246  -12.0020  -23.4750  -30.0400  142    5663  -35.3520  21.6390  44.6430  142
53247  -13.0910  -23.8330  -31.1230  143    6888  -3.7480  -26.2980  54.8340  143
53248  -14.6720  -24.3340  -32.1390  144    5719  -20.2420  -59.5490  -15.6820  144
53249  -16.1250  -24.2660  -32.4260  145    6022  -35.0060  -1.7560  29.0510  145
53250  -17.4870  -24.5270  -32.1800  146    6060  -41.3340  18.7950  -36.5480  146
53254  -21.5100  -24.7200  -30.5650  150    7515  -41.9240  38.8550  20.9290  150
53255  -22.3510  -24.4900  -30.3030  151    10179  -56.5470  -4.8480  -40.5540  151
53256  -23.2960  -24.2470  -30.0370  152    7887  -8.0460  52.6870  -2.2630  152
53257  -24.2910  -24.0130  -29.7880  153    7888  -11.7960  -47.9440  7.7700  153
53259  -26.6640  -23.7450  -29.2860  155    6178  -44.1900  -34.9680  -32.5410  155
53260  -28.0220  -23.1360  -29.4540  156    6198  -33.4320  39.4080  -47.7920  156
53261  -29.2360  -23.0250  -28.9940  157    6559  -21.8420  -69.8730  5.3450  157
53263  -31.0230  -22.7250  -28.7000  159    6652  -53.0760  -12.0250  24.8390  159
53265  -32.1200  -22.9920  -29.0390  161    8844  -52.5350  -15.5440  -4.0550  161
53281  -20.1520  -24.7160  -31.3620  162    7381  -49.6520  -45.6840  10.1750  162
53285  -23.6750  -23.6310  -30.4680  166    7889  -11.2360  -49.2210  7.5090  166
53286  -24.7360  -23.3860  -30.2400  167    7906  -14.1670  9.3520  45.8630  167
53287  -25.8650  -23.2240  -30.1080  168    8254  -22.8290  -52.9690  -23.8090  168
53288  -26.9670  -22.9730  -30.0720  169    8297  -49.0970  -24.4460  -13.0960  169
53290  -32.2400  -22.6500  -29.7330  171    8931  -9.8210  59.0240  -28.2230  171
54448  -9.6120  -21.3470  -22.9760  172    70211  -15.7660  -11.3870  -37.4400  172
54489  -9.1230  -22.1540  -25.7010  174    2471  -0.4380  16.4750  50.3950  174
54503  -9.2450  -21.7680  -26.2200  176    55161  -21.0400  13.6910  52.9830  176
54521  -10.0130  -22.3220  -27.8710  178    5190  -41.0850  42.7180  24.5890  178
54536  -10.2440  -21.8740  -28.4560  180    56178  -1.2730  -32.2390  -6.6080  180
54537  -10.6560  -22.3530  -28.8820  181    5683  -2.6490  7.4340  38.8750  181
54547  -11.4660  -22.3940  -29.8740  182    5696  -21.5310  46.2640  -42.1100  182
54548  -12.4320  -22.6890  -30.7690  183    6860  -21.5980  -80.6390  -4.8670  183
54549  -13.5560  -23.0620  -31.6580  184    7002  -1.0070  3.7930  -6.0390  184
54550  -14.7920  -23.3210  -32.3260  185    7030  -1.3330  28.0930  6.6440  185
54551  -16.1420  -23.4500  -32.5950  186    7271  -6.8800  -57.3070  -21.5830  186
54552  -17.7400  -24.1760  -32.3720  187    7306  -57.9490  -16.6780  -34.7030  187
54553  -18.9770  -24.5210  -31.9480  188    7335  -41.6720  20.9790  3.3470  188
54556  -29.7460  -22.4270  -29.4110  191    8431  -1.0050  -68.8200  -33.1500  191
54557  -30.5490  -22.1780  -29.3200  192    8447  -0.3470  69.3420  14.0040  192
54558  -31.2980  -22.1620  -29.3040  193    8793  -21.1740  54.1760  10.3900  193
54559  -31.8930  -22.1220  -29.6100  194    8830  -40.0800  17.5590  -36.4200  194
54560  -32.1260  -22.4500  -29.6250  195    8870  -58.9870  11.9980  14.9900  195
54574  -16.1350  -22.9820  -32.7720  196    58303  -42.1810  73.9770  -18.9400  196
54575  -16.9170  -23.4370  -32.7540  197    71419  -45.9240  1.1190  19.7250  197
54576  -18.2010  -23.8890  -32.7270  198    71437  -9.1930  88.6160  -19.3910  198
54577  -19.7650  -24.3910  -32.1290  199    10053  -48.2640  5.0520  31.8910  199
54578  -20.9620  -24.0970  -31.8870  200    10153  -56.4570  -12.9700  -1.4030  200
54579  -21.9520  -23.6750  -31.5100  201    10201  -48.6950  25.5850  -24.5610  201
54584  -27.2780  -22.3130  -30.6400  206    10946  -25.5510  -63.5920  21.3340  206
54585  -28.3040  -22.3310  -30.2450  207    8392  -38.6480  13.3050  -2.3090  207
54590  -32.3670  -22.2530  -30.2130  212    11005  -2.8950  6.7640  27.3810  212
54595  -18.3490  -23.6820  -33.0470  213    59305  -30.4840  -30.5680  22.1460  213
54597  -20.1130  -23.8360  -32.7450  215    59316  -0.8590  51.6200  37.0610  215
54598  -21.1810  -23.4560  -32.3480  216    59449  -55.1160  -31.7890  -12.4430  216
54599  -22.1870  -22.9540  -31.8570  217    59470  -1.6940  -17.9670  -12.1290  217
54600  -23.2890  -22.5620  -31.5060  218    59489  -3.3340  -7.8170  39.7780  218
54601  -24.4250  -22.2780  -31.2930  219    59509  -27.6110  -11.3010  -44.7230  219
54602  -25.5360  -22.0760  -31.1880  220    59533  -22.3060  18.4210  -40.1710  220
55722  -9.5660  -20.8440  -24.1690  222    53219  -1.2640  -74.9130  3.7270  222
55742  -9.3100  -21.1100  -25.3960  223    54255  -66.0730  -12.1350  16.4310  223
55743  -9.4160  -20.6810  -25.9740  224    8476  -38.2680  -59.3810  -25.8080  224
55754  -9.4230  -21.1870  -26.4680  226    55162  -19.7470  13.5660  52.6060  226
55766  -9.6850  -21.4990  -27.3690  227    55748  -65.1580  -4.0800  6.0070  227
55791  -10.3960  -21.5540  -28.7940  229    57553  -39.3900  9.1580  -30.6050  229
55807  -10.8630  -21.3340  -29.4840  231    58049  -24.3040  71.1580  -1.3180  231
55808  -11.7640  -21.4800  -30.5300  232    58072  -50.3960  -59.1770  6.9890  232
55809  -12.7980  -21.9700  -31.3120  233    58092  -31.4110  33.4390  -44.5630  233
55810  -13.8200  -22.2940  -31.9700  234    58283  -24.5700  71.4290  -1.7460  234
55811  -14.7810  -22.5880  -32.4490  235    58294  -45.8130  54.4510  0.4710  235
55820  -12.2850  -21.0990  -31.1530  239    58093  -0.1780  49.8020  -45.6380  239
55821  -13.0580  -21.2790  -31.6970  240    58101  -20.4050  10.2490  -56.3950  240
55822  -14.0680  -21.6660  -32.2690  241    58289  -38.6890  -58.5140  -2.6490  241
55825  -17.1300  -23.2090  -33.0380  244    59294  -51.8820  -31.4680  -13.2110  244
55827  -27.8690  -21.7470  -30.9500  246    58799  -34.1630  -45.6950  35.5360  246
55828  -28.8760  -21.5940  -30.7010  247    58800  -0.1380  62.8450  -45.4450  247
55829  -30.1350  -21.3050  -30.4050  248    58319  -48.7340  4.7000  -30.8400  248
55830  -31.0850  -21.2320  -30.1700  249    16543  -24.5440  -24.4040  41.2050  249
55831  -31.7570  -21.3210  -30.1830  250    16544  -25.5570  -24.4910  41.3400  250
55833  -32.3410  -21.6530  -30.6330  252    59085  -52.2320  29.0850  4.7990  252
55838  -15.7030  -22.1240  -33.0720  253    16494  0.0640  -74.3230  7.4160  253
55847  -25.9310  -21.4000  -31.6080  262    59543  -61.8540  -8.8050  -2.9110  262
55849  -28.2740  -21.1610  -31.3320  264    17579  -24.4420  -30.6620  -28.8140  264
55850  -29.2300  -20.9460  -31.2050  265    58811  -59.7740  -44.7090  -9.4040  265
55856  -18.5420  -23.0220  -34.0890  268    17535  -38.9290  -62.8380  -4.6220  268
55857  -19.5400  -22.9290  -34.0940  269    17559  -21.4350  33.8640  31.5960  269
55858  -20.6320  -22.4960  -33.6580  270    18969  -22.7810  -68.8180  23.3700  270
55859  -21.6370  -21.8530  -32.9780  271    59482  -18.2080  17.6100  -39.4850  271
55860  -22.8040  -21.3100  -32.4650  272    19046  -49.9810  12.2710  -63.6150  272
55861  -24.0500  -21.0070  -32.1710  273    59521  -41.5770  1.0270  14.2860  273
55863  -26.2190  -20.7660  -32.0000  275    19498  -5.3630  60.4130  -41.8380  275
56962  -9.6010  -20.2630  -26.5490  279    10133  -45.8970  20.9750  0.6630  279
56973  -9.8110  -20.5150  -27.5010  280    10794  -4.6920  64.6230  -0.1030  280
56998  -10.1890  -20.3380  -28.4540  281    10815  -22.5170  -48.8110  -14.9510  281
57018  -10.5510  -20.3210  -29.2290  282    15521  -25.7510  7.6530  35.7570  282
57019  -11.1000  -20.3140  -30.0790  283    15522  -39.9700  12.9320  -9.0110  283
57020  -11.7370  -20.5860  -30.7800  284    15558  -43.4350  12.2880  -13.6120  284
57031  -11.5140  -19.8480  -30.6640  285    15559  -43.0920  12.5610  -12.3910  285
57032  -12.2050  -20.2350  -31.3600  286    15570  -32.5180  -43.6400  43.0640  286
57033  -13.2770  -20.5040  -32.0670  287    16375  -4.1780  -10.5810  -5.6150  287
57034  -14.3030  -21.1550  -32.5740  288    16407  -2.3060  -7.6720  8.4800  288
57039  -32.1410  -20.7750  -31.0950  293    18071  -9.6120  -21.3470  -22.9760  293
57046  -13.7600  -20.2940  -32.4970  294    16391  -6.9690  -19.1120  -13.9250  294
57047  -14.4530  -20.6950  -32.9280  295    16429  -25.3850  -36.0360  29.4350  295
57048  -15.4960  -21.4710  -33.4940  296    16518  -50.1130  21.5090  31.0710  296
57049  -16.7000  -22.2430  -33.9670  297    17476  -54.0890  -40.4030  -20.3090  297
57052  -28.5350  -20.5800  -31.7530  300    17580  -25.4350  -31.7520  -28.8440  300
57053  -29.5490  -20.1850  -31.7720  301    17704  -53.2640  -41.9020  -19.5760  301
57054  -30.5300  -20.4730  -31.1660  302    16545  -65.9980  -12.6350  16.7130  302
57057  -32.2670  -20.4340  -31.6930  305    18111  -18.6470  22.1510  -39.0100  305
57062  -16.0270  -21.3730  -34.1780  306    17477  -54.2670  -38.9720  -20.3940  306
57063  -16.9950  -21.7040  -34.6070  307    17494  -36.4110  51.6780  -4.4800  307
57066  -20.8940  -21.6610  -34.0110  310    18991  -15.8820  60.4410  -41.0430  310
57068  -23.2690  -20.2500  -32.8000  312    19064  -48.7610  57.5710  -3.8340  312
57069  -24.5390  -20.3310  -32.4650  313    19425  -32.7300  8.8410  -43.1880  313
57072  -27.5660  -20.3290  -32.1480  316    17581  -1.0790  -28.8740  17.2050  316
57074  -29.2550  -19.6580  -32.2970  318    17703  -35.9170  -60.3490  -30.5710  318
57078  -17.7010  -21.4880  -35.0760  319    18905  -43.1830  24.4710  -34.4950  319
57079  -18.7710  -21.5700  -35.2200  320    18923  -67.2900  -29.1770  -14.0990  320
57081  -21.1970  -20.8030  -34.3460  322    19047  -45.2150  22.7900  21.3670  322
57083  -22.9430  -19.6530  -33.3380  324    19444  -17.9640  -19.1800  44.0310  324
58116  -9.6940  -19.4380  -26.5040  325    10094  -55.2190  -12.9770  -1.4420  325
58129  -9.9500  -19.5390  -27.3030  326    10154  -30.7210  -0.6490  -35.0820  326
58160  -10.7000  -18.9210  -29.3110  329    15523  -14.0090  16.0440  -44.2560  329
58176  -11.0500  -19.0680  -30.0450  331    15538  -47.3820  24.7890  1.4200  331
58192  -11.6830  -19.0390  -30.9180  332    15611  -27.2430  37.3440  39.1690  332
58193  -12.4520  -19.2590  -31.7230  333    16359  -48.3080  55.6610  0.9690  333
58214  -30.8100  -19.7780  -31.8270  340    18034  -46.8320  11.6740  -15.9130  340
58215  -31.5380  -19.7000  -31.8750  341    18051  0.5510  -0.4750  22.3010  341
58216  -32.0470  -19.7180  -32.0330  342    18091  -33.1120  51.9850  23.4430  342
58217  -32.3150  -19.7200  -32.2650  343    18406  -38.5860  43.8210  4.8330  343
58232  -14.0780  -19.2710  -33.3340  344    71184  -28.2710  -72.2970  14.5800  344
58233  -14.7910  -19.7230  -33.9450  345    59895  -22.8240  0.0700  -39.5680  345
58238  -25.9280  -19.7150  -32.8170  350    19499  -7.8450  -50.0620  44.1410  350
58242  -29.9520  -19.1380  -32.4340  354    18000  -43.4370  -12.2430  -46.6260  354
58243  -31.0700  -19.0570  -32.2560  355    60215  -1.9990  -55.1600  -8.6990  355
58262  -16.5440  -20.1450  -35.0590  358    59985  0.4380  38.6430  18.8170  358
58264  -19.1060  -20.8080  -35.6460  360    20086  -2.9280  27.4740  -18.7430  360
58266  -21.4500  -19.9250  -34.6110  362    20160  -49.6510  36.4900  -42.1170  362
58268  -23.9180  -19.3470  -33.2580  364    19426  -33.3040  8.1770  -42.6320  364
58270  -26.3180  -19.1050  -33.2290  366    60751  -53.8270  9.7160  2.8110  366
58271  -27.2960  -19.0020  -33.1720  367    60891  -9.9310  -56.3340  -7.2930  367
58272  -28.2080  -18.8370  -33.0920  368    60926  -58.1080  -0.8110  8.6410  368
58286  -18.3360  -20.0440  -35.8410  371    60697  -2.6830  65.0850  -10.0590  371
58287  -19.4290  -20.0390  -35.9860  372    71702  -35.9680  -75.4760  -12.4240  372
58289  -21.6820  -19.2000  -34.9600  374    61818  -30.8870  -46.2140  26.2910  374
58290  -22.2540  -18.7320  -34.6180  375    61836  -40.1490  36.6490  -28.5860  375
59434  -10.4160  -18.8590  -28.3730  376    57317  -19.7650  35.3900  -43.4480  376
59450  -10.6230  -18.5970  -28.8120  377    57318  -19.1730  35.9290  -43.5130  377
59451  -11.0160  -18.0180  -29.2380  378    57329  -40.8270  -45.5130  37.9730  378
59462  -11.3910  -17.8940  -30.1980  379    58094  -50.5860  -45.8230  19.0610  379
59476  -11.9280  -17.9690  -31.1560  380    58401  -4.0420  61.2010  -45.5930  380
59477  -12.4240  -18.3680  -31.8050  381    58890  -53.8260  -52.9220  -3.0690  381
59497  -12.2880  -17.5210  -31.6290  382    18696  -33.4560  -33.4990  49.2950  382
59498  -12.7650  -18.1330  -32.2820  383    58901  -23.5270  42.8630  -36.6640  383
59499  -13.3700  -18.3470  -32.9990  384    21832  -40.8600  -21.4840  20.1350  384
59510  -15.1230  -18.8880  -34.4790  386    59984  -36.2220  41.2650  -47.3890  386
59513  -31.4260  -18.3970  -32.6690  389    60214  -3.3130  -55.9460  -7.2940  389
59514  -31.9920  -18.4000  -32.8210  390    61098  -0.4800  3.6220  30.3430  390
59515  -32.3880  -18.4580  -33.0320  391    61119  0.0900  -72.9380  -19.2080  391
59526  -15.3680  -18.3180  -34.8610  392    22917  -9.4300  55.2700  1.1610  392
59527  -16.4160  -19.0300  -35.3510  393    59986  -63.9710  -30.1770  4.6790  393
59529  -23.6200  -18.6320  -33.8790  395    61863  -13.1340  -66.7990  24.2690  395
59530  -24.6540  -18.6300  -33.7500  396    60750  -3.3450  -14.0080  -5.3710  396
59534  -28.4650  -18.2030  -33.4580  400    62091  -12.3270  -26.5870  39.7810  400
59535  -29.2280  -17.8480  -33.4530  401    25942  -37.4930  9.9720  -7.0320  401
59536  -30.1660  -18.0160  -33.0690  402    60216  -0.2740  49.8050  31.2120  402
59553  -16.8550  -18.3730  -35.7750  406    25313  -20.8540  -26.4860  -28.7640  406
59554  -18.0490  -18.9570  -36.1660  407    60698  -3.9160  -36.1590  12.7890  407
59555  -19.8980  -19.4000  -36.3390  408    61781  -38.9870  1.8360  29.5540  408
59560  -25.1850  -17.9830  -34.1300  413    25469  -1.3740  51.8300  -31.2130  413
59561  -26.1790  -17.9300  -34.0900  414    25800  -9.3920  66.3800  -9.0470  414
59575  -18.4230  -18.3350  -36.6650  418    61782  -63.9840  9.8540  -41.0730  418
59577  -20.6010  -18.8860  -36.6430  420    61819  -31.3760  -45.1160  25.9480  420
60691  -11.6530  -16.7600  -29.2370  422    16719  -27.2460  -54.9280  -35.9590  422
60702  -11.8460  -16.8300  -30.2970  423    17705  -62.8360  -17.0470  13.6840  423
60716  -12.3110  -15.9820  -30.4900  425    18697  -65.1600  -27.5980  13.2490  425
60738  -12.4720  -16.6900  -31.7590  427    19843  -34.8720  28.2410  -17.2770  427
60753  -12.7490  -16.1310  -32.1150  429    21844  -30.4670  -33.1340  -38.9350  429
60754  -13.2520  -16.9760  -33.1150  430    21833  -3.8100  -3.6230  24.3890  430
60755  -14.1500  -17.9540  -34.0100  431    22770  -35.0630  36.4950  -42.4440  431
60757  -13.6050  -16.3820  -33.6730  432    22789  -16.1820  -44.6610  -3.9380  432
60758  -14.5090  -17.2590  -34.4980  433    22771  -29.6740  -71.3240  16.6190  433
60761  -29.8590  -17.3430  -33.5840  436    25972  -43.9730  -48.0410  -19.2330  436
60762  -30.5990  -17.1940  -33.4550  437    26005  -44.8250  -47.5280  -20.5270  437
60763  -31.3420  -17.1090  -33.3920  438    23441  -14.5120  11.5210  -47.1790  438
60764  -31.9400  -17.0340  -33.5310  439    23442  -37.1550  11.4890  -4.9600  439
60765  -32.4440  -16.8950  -33.8800  440    23481  -62.1140  8.7940  18.0790  440
60779  -14.9280  -16.7210  -34.9790  441    22932  -49.7540  -51.2170  -17.9420  441
60780  -15.9570  -17.4000  -35.5360  442    22918  -22.9210  69.0760  -2.0800  442
60782  -21.9590  -18.1250  -35.9320  444    25391  -6.9180  -25.5620  18.6240  444
60783  -22.6160  -17.7530  -35.3320  445    25392  -62.0380  -18.2830  14.7420  445
60784  -23.6150  -17.4900  -34.8490  446    25429  -39.4870  0.7210  15.7380  446
60787  -26.5810  -17.2210  -34.4140  449    25801  -37.4900  75.0540  -4.3600  449
60788  -27.5600  -17.1690  -34.2530  450    25941  -39.5990  1.1610  15.0050  450
60804  -16.4160  -16.7700  -35.9830  455    25336  -45.6590  22.8430  15.8380  455
60805  -17.4750  -17.4230  -36.4970  456    25314  -46.2990  -15.7770  -17.9060  456
60806  -18.9160  -18.0420  -37.0630  457    26978  -44.8930  -10.8040  -11.7580  457
60807  -20.1400  -18.3770  -37.2060  458    27357  -24.3150  76.8020  -8.3090  458
60809  -22.2690  -17.4840  -36.2330  460    25393  -3.1380  -9.8410  -13.8260  460
60810  -23.1700  -16.9750  -35.5780  461    25430  -4.1280  18.6080  54.5000  461
60811  -24.2430  -16.7420  -35.1120  462    25470  -47.4130  57.2290  -0.8740  462
60821  -17.8300  -16.8280  -37.0000  465    26979  -41.9500  -6.3210  40.6150  465
60824  -20.9300  -17.8140  -37.5240  468    27358  -26.0870  -39.5410  -28.4350  468
62099  -12.7460  -15.2830  -30.6570  470    19855  -0.1780  -23.8870  20.0520  470
62100  -12.9580  -14.9870  -31.0240  471    67590  -2.5440  -35.3830  14.8120  471
62117  -12.9520  -15.3060  -31.9280  473    22720  -44.7390  -5.3700  -0.9660  473
62124  -13.7660  -15.7610  -33.8630  475    22882  -59.3170  11.2520  -3.1900  475
62127  -31.5780  -16.4630  -33.7730  478    23443  -60.0160  14.8050  -27.1450  478
62128  -32.0580  -16.4120  -33.9110  479    23482  -20.7560  11.6340  -41.6700  479
62142  -14.3430  -15.8780  -34.5850  480    22948  -41.2290  29.4650  -29.0610  480
62143  -15.0740  -16.2850  -35.1930  481    25281  -49.2710  19.7620  -22.2340  481
62144  -26.4540  -16.7390  -34.7010  482    27855  -13.8070  12.0760  44.3960  482
62146  -27.9590  -16.4760  -34.6410  484    25943  -45.8330  30.4710  -28.6700  484
62147  -29.0840  -16.1040  -34.5910  485    25973  -0.6040  -36.6500  -4.8120  485
62148  -30.2680  -16.2540  -34.1150  486    26006  -20.5610  -43.2000  31.3760  486
62152  -32.6560  -15.8690  -34.6420  490    26043  -11.8440  -57.0960  34.7150  490
62166  -23.7830  -16.0350  -35.9150  496    27498  -19.7610  -38.8840  39.3290  496
62167  -24.9720  -16.0790  -35.2990  497    27537  -45.0680  6.8800  10.4110  497
62169  -27.2260  -15.9640  -35.0780  499    63585  -17.3660  -68.0840  3.4700  499
62176  -16.2040  -15.5840  -36.2600  502    26922  -22.4510  8.9270  -39.3720  502
62178  -18.1090  -16.5750  -37.5080  504    28412  -20.4640  -86.9660  -14.4620  504
62179  -19.0820  -17.0810  -38.0400  505    28461  -61.6780  -15.7900  -19.0180  505
62180  -20.3970  -17.4150  -38.2670  506    28491  -33.8020  74.9180  -23.5150  506
62181  -22.0150  -16.9590  -37.6950  507    28522  -37.6560  23.2230  12.0680  507
62182  -23.1010  -16.1070  -36.8420  508    69333  -15.0620  50.1720  37.3450  508
62193  -17.7070  -15.8470  -37.5990  510    69314  -66.6340  1.8950  1.5230  510
62194  -18.4940  -16.2230  -38.1940  511    69319  -16.3320  8.3600  45.8790  511
62195  -19.6660  -16.6490  -38.6250  512    73632  -25.1210  -7.9950  37.0000  512
62196  -20.9640  -16.9000  -38.7140  513    69480  -63.2110  -27.4400  -12.4920  513
63437  -13.4360  -14.2740  -30.6730  515    67594  -4.4490  17.5670  -33.4320  515
63454  -13.4850  -14.1340  -31.7100  516    67896  -21.1420  54.8480  32.4540  516
63488  -13.9010  -13.7640  -33.2580  519    37362  -7.1010  -55.9520  24.1340  519
63489  -14.0370  -14.3960  -34.1790  520    68587  -40.7910  54.4220  -6.2150  520
63491  -30.6550  -15.4750  -34.4840  522    68894  -0.2550  72.8730  -8.6380  522
63492  -31.3050  -15.1320  -34.5170  523    40611  -25.6660  0.7610  -31.8000  523
63493  -31.9330  -15.1930  -34.5980  524    40678  -10.8830  -73.3530  -37.7920  524
63503  -14.7430  -14.5970  -35.1820  527    66157  -34.4370  57.9170  -8.9290  527
63505  -24.7450  -15.5120  -35.8140  529    69342  -21.0540  73.7360  -10.2230  529
63506  -25.6480  -15.5050  -35.5590  530    63584  -18.0590  -67.9300  3.1320  530
63508  -27.4360  -15.1730  -35.5160  532    40549  -43.7440  -31.3210  38.4010  532
63510  -29.2840  -15.1750  -35.1220  534    68895  -44.6690  -15.0980  26.4370  534
63513  -32.3810  -14.5800  -35.4130  537    40944  -15.7150  7.1440  -35.9580  537
63516  -16.1750  -14.8600  -36.6270  538    65575  -1.4640  52.4030  -34.9140  538
63519  -23.4000  -15.3630  -37.1060  541    41487  -68.3230  -9.4170  -30.9120  541
63522  -26.1710  -14.9010  -35.8110  544    63586  -21.2150  -50.9950  -14.7950  544
63533  -18.8480  -15.6360  -38.9470  547    42563  -3.7180  68.7100  -31.7250  547
63535  -21.4180  -16.4220  -38.9920  549    69334  -8.6640  86.0640  -28.7780  549
63545  -19.0510  -15.1920  -39.4140  552    69481  -38.0440  -8.4900  32.6560  552
64594  -14.7480  -12.7760  -30.9230  556    34809  -1.4280  56.0390  8.1420  556
64611  -13.9940  -13.3690  -31.8470  557    35893  -24.5570  -13.4460  49.9540  557
64612  -14.5410  -12.7080  -31.8090  558    35908  -42.2370  -59.2690  24.3060  558
64639  -14.2620  -12.9680  -33.0130  560    37375  -37.1740  -5.0980  -14.2750  560
64654  -14.4050  -13.2070  -34.3190  564    39570  -15.7600  -47.7590  45.0530  564
64655  -14.7980  -13.7670  -35.3860  565    40218  -5.6500  -71.4440  -37.0630  565
64658  -28.6850  -14.5350  -35.6380  568    40547  -44.8590  -30.8260  39.2040  568
64659  -29.7860  -14.2210  -35.5040  569    40584  -59.0230  -25.5480  -44.4570  569
64662  -32.1010  -14.1270  -35.4700  572    40914  -37.2330  48.2760  27.5960  572
64666  -14.7000  -12.8830  -35.0110  574    40219  -7.6510  -64.4000  21.4250  574
64667  -15.3280  -13.3780  -36.0560  575    40234  -33.4180  16.8070  30.3550  575
64668  -16.2450  -14.1670  -37.0300  576    41378  -25.5060  -11.1680  37.4330  576
64671  -24.7130  -14.4790  -36.7280  579    41488  -28.8080  -7.0160  52.1410  579
64672  -25.7770  -14.1990  -36.4110  580    41499  -38.1570  67.5110  -35.2460  580
64673  -26.9940  -14.4830  -35.9330  581    40548  -44.5950  -31.7630  38.9230  581
64675  -28.8290  -13.7880  -35.9740  583    40585  -67.4010  -19.0000  -31.0770  583
64676  -29.4570  -13.5560  -35.9200  584    40599  -66.9190  -0.4220  -11.9130  584
64677  -32.2050  -13.5600  -36.0320  585    40945  -29.1010  27.4340  -58.0310  585
64686  -15.9700  -13.3730  -36.9920  586    41379  -26.4510  -10.5810  36.0680  586
64687  -16.9490  -14.0840  -37.9600  587    41400  -14.6890  -18.4860  20.5090  587
64689  -22.7940  -15.4120  -38.6740  589    42825  0.2390  -0.7260  45.8270  589
64691  -24.2280  -14.1990  -37.6580  591    41489  -28.5170  -6.9320  51.1750  591
64702  -17.1700  -13.6690  -38.5570  594    42581  -33.2620  -26.8780  17.3090  594
64703  -18.1010  -14.3380  -39.1910  595    42564  -24.5080  -46.2520  -25.4570  595
64704  -19.4510  -14.9820  -39.7710  596    43719  -0.5870  81.1820  -17.6570  596
64707  -23.1720  -14.8770  -39.0060  599    42824  -13.7290  75.5610  14.2070  599
64715  -18.3130  -13.8160  -39.6860  601    43720  -64.2350  -35.5920  1.5810  601
64717  -20.1560  -14.7600  -40.2520  603    44022  -6.6480  -11.1320  26.6660  603
64718  -21.5490  -15.0350  -40.0730  604    44035  -53.9860  -48.9320  18.6310  604
65781  -16.3750  -11.5720  -30.4950  607    72985  -60.8910  -20.5170  -31.1720  607
65795  -15.2130  -11.9280  -31.7710  608    37395  -50.5990  -22.6060  -42.5260  608
65796  -16.1050  -11.3040  -31.3740  609    63348  -33.8960  -10.8610  32.0290  609
65823  -14.8380  -12.0580  -33.0320  610    37410  -47.9040  -48.7770  -17.9960  610
65838  -14.7740  -12.0910  -34.0720  611    39590  -23.7480  83.4170  -7.3780  611
65839  -30.4930  -13.9040  -35.4520  612    40612  -3.0960  67.6310  -25.8050  612
65840  -30.9990  -13.6970  -35.5030  613    40628  -64.2040  -25.5790  18.4910  613
65841  -31.6000  -13.5110  -35.6830  614    40687  -5.2340  18.0070  28.9210  614
65845  -14.8510  -12.1400  -34.9890  616    40270  -4.6370  -38.6120  48.4470  616
65846  -15.1100  -12.0770  -35.5970  617    41083  -45.9500  -11.9310  29.2790  617
65848  -27.0720  -13.7030  -36.3990  619    41817  -1.3870  -7.6140  -18.4720  619
65851  -30.1170  -13.2910  -35.8970  622    40648  -14.7950  2.4530  -44.1340  622
65852  -31.0110  -12.9650  -35.9890  623    65536  0.1350  -21.9270  20.7190  623
65855  -32.2240  -12.9720  -36.5580  626    40961  -27.5320  -67.9750  1.0500  626
65863  -16.0320  -12.7900  -37.3600  628    42526  -12.3000  53.0940  -46.3460  628
65864  -24.3880  -13.8870  -38.0450  629    42875  -24.8660  -18.4250  -38.6900  629
65866  -25.9390  -13.4810  -36.9460  631    41798  -2.3780  46.7700  25.2030  631
65867  -27.0570  -12.9960  -36.9170  632    72565  -35.1170  38.6210  -12.3480  632
65868  -28.0340  -12.6620  -36.9080  633    72406  -41.3800  69.2300  -16.3600  633
65869  -28.6600  -12.4240  -36.8630  634    65921  -23.4390  -33.0260  53.0390  634
65880  -16.5750  -13.0180  -38.1540  635    42771  -58.0440  -0.4340  -6.5030  635
65882  -23.4210  -14.4700  -39.2760  637    43131  -0.6950  -42.1260  43.2250  637
65892  -17.7370  -13.2890  -39.4660  640    43976  -49.6060  -50.4020  -24.8510  640
65893  -18.4730  -13.3780  -40.0710  641    44622  -19.6470  -39.0530  37.9400  641
65895  -20.9060  -14.3920  -40.5960  643    44609  -36.6440  -6.8600  45.3310  643
65896  -22.8300  -14.4760  -40.0780  644    44117  0.1180  -41.0090  9.7340  644
65897  -23.8150  -14.0340  -39.6290  645    66771  -27.9140  2.1940  -56.6150  645
65907  -19.0660  -13.1940  -40.5680  646    66754  -68.2160  -11.6750  -22.6610  646
65908  -20.0330  -13.5400  -40.8790  647    73864  -55.5120  29.7880  -3.3920  647
65909  -21.3840  -14.0040  -41.0110  648    73870  -58.5660  -2.3470  2.4650  648
66962  -16.5390  -10.7360  -31.7460  651    63349  -38.5640  -8.0020  -1.9010  651
66991  -16.0220  -10.6470  -33.0690  653    63605  -26.0820  -47.4040  40.8520  653
67014  -15.6590  -10.7600  -34.1810  655    64588  -58.1870  -44.5350  4.6730  655
67022  -15.3770  -11.1730  -35.4110  657    65340  -24.7620  -12.4040  38.7520  657
67025  -31.1360  -12.1290  -36.5600  660    65549  0.6310  -14.2470  -5.7420  660
67026  -31.7850  -12.2320  -36.5180  661    28169  -43.1080  -72.1680  -17.8660  661
67027  -32.0890  -12.2390  -36.7990  662    28170  -29.9080  43.6460  -10.9740  662
67033  -15.5340  -11.5260  -36.6990  664    65468  -27.7020  -77.8730  -3.9880  664
67036  -26.1330  -12.7180  -37.6260  667    65885  0.5600  12.7320  35.9600  667
67037  -27.1270  -12.2660  -37.5020  668    65905  -0.2240  69.2190  -28.0730  668
67039  -29.3230  -12.1720  -36.8440  670    28542  -54.7490  9.4000  10.3470  670
67040  -30.2560  -11.8330  -36.8860  671    28879  -4.2630  58.3330  -9.6050  671
67051  -15.7660  -11.3870  -37.4400  674    28048  -54.5970  0.8000  -43.7900  674
67052  -16.3310  -12.0660  -38.3620  675    65755  -45.5420  11.5500  39.3950  675
67055  -25.1680  -12.9280  -38.5030  678    65886  -3.6020  18.2770  -30.2960  678
67056  -26.1870  -11.9900  -38.5360  679    65895  -2.2910  68.1580  -25.4260  679
67057  -27.2390  -11.6910  -38.0370  680    30088  -16.1540  -58.2620  38.4820  680
67067  -16.6850  -11.8860  -39.0340  682    29599  -61.4090  -30.9290  -24.7520  682
67068  -17.4580  -12.3500  -39.7630  683    66415  -0.4590  -15.0670  -7.8270  683
67071  -24.4220  -13.4570  -39.6610  686    66435  -37.3740  -20.1040  20.0050  686
67072  -25.3190  -12.3570  -39.7200  687    31511  -49.9740  62.0670  -21.9470  687
67081  -17.9060  -12.0750  -40.3870  689    31190  -22.1720  4.8310  -54.7880  689
67082  -18.9490  -12.3750  -40.9430  690    66756  -53.5630  8.5780  -60.6650  690
67083  -20.4840  -13.1270  -41.3100  691    67090  -24.2110  -21.4860  -31.8660  691
67084  -21.8070  -13.5990  -41.4270  692    67184  -36.2110  -76.1420  -15.6010  692
67085  -23.3900  -13.7550  -41.0110  693    66772  -9.8560  12.1650  -34.1580  693
67086  -24.7420  -12.9000  -40.8410  694    66778  -10.5230  12.6210  -34.1700  694
67101  -19.8740  -12.3350  -41.5560  696    67091  -65.9910  -20.3390  -30.2650  696
67103  -22.2560  -13.2770  -41.9300  698    67192  -1.8020  19.4960  27.4020  698
67104  -23.3950  -13.2610  -41.8650  699    67200  -0.7710  65.2210  -29.0670  699
68107  -17.0660  -10.0280  -32.2350  701    22859  -3.5020  -10.5520  -11.5610  701
68131  -16.4910  -10.0620  -33.3720  702    22860  -41.3100  -3.5890  18.8540  702
68160  -16.0030  -10.1760  -34.4410  703    24891  -9.5440  38.7950  -45.0840  703
68171  -15.7300  -10.3030  -35.5050  704    28047  -54.2490  1.8030  -44.1720  704
68181  -29.4700  -11.4570  -37.3380  710    28543  0.3180  17.6810  45.8330  710
68184  -31.8720  -11.1560  -37.3360  713    28171  -22.9230  -64.8800  0.7470  713
68185  -32.2560  -11.2100  -37.6270  714    28462  -61.4170  -14.4830  -19.3790  714
68193  -15.8420  -10.6590  -37.6090  715    28510  -7.6650  -32.4320  18.3040  715
68197  -28.4490  -11.1630  -37.8970  719    28544  -0.1920  19.5880  46.5830  719
68199  -30.1940  -10.5390  -37.7780  721    28878  -3.1480  59.1180  -10.0070  721
68209  -15.9890  -10.4450  -38.2750  722    28524  -42.8850  20.9880  -59.3260  722
68210  -16.5030  -11.0420  -39.2350  723    29615  -27.7560  -15.5770  43.3450  723
68213  -26.3680  -11.3820  -39.4110  726    30087  -46.6610  9.3610  -14.4800  726
68214  -27.1560  -10.7550  -39.1560  727    30086  -47.0830  8.8550  -13.9560  727
68223  -16.8340  -10.8460  -39.9740  728    31191  -28.2290  28.4340  -61.5680  728
68224  -17.6720  -11.3010  -40.6220  729    31199  -20.2300  -50.9230  26.3470  729
68226  -24.9490  -12.5960  -41.2840  731    31512  -1.0000  -37.9630  7.8280  731
68228  -26.2610  -11.0880  -40.3570  733    31527  -3.1330  54.1550  -30.3690  733
68242  -18.9010  -11.4760  -41.4780  735    33574  -19.8670  26.5250  -65.2260  735
68243  -20.1200  -11.8250  -42.0780  736    32334  -39.9640  -48.9470  -26.4630  736
68244  -21.3640  -12.4860  -42.3630  737    28258  -19.6000  -29.8970  52.9010  737
68245  -22.6450  -12.9010  -42.5250  738    25640  -16.0680  12.5380  46.9930  738
68246  -24.3470  -12.6800  -42.1160  739    18332  -56.2110  -7.8590  -36.4980  739
68247  -25.2620  -12.0730  -41.8610  740    19879  -42.1490  -44.5130  -21.5780  740
68256  -20.7220  -11.7350  -42.6120  741    30804  -37.8650  50.3970  -0.9230  741
68257  -21.6280  -12.1010  -42.9250  742    26746  -13.7630  17.4230  52.3450  742
68258  -22.8600  -12.4580  -43.1080  743    18334  -49.7240  15.1150  -62.7310  743
69369  -17.1420  -8.9600  -34.1640  747    72195  -61.4630  -19.9430  24.1180  747
69388  -16.3070  -9.4090  -35.3480  748    28049  -4.7090  3.6740  25.4090  748
69389  -17.0300  -8.6880  -34.8340  749    65416  -4.9110  -30.8450  49.7220  749
69398  -16.0350  -9.4830  -36.4210  750    28066  -1.3970  -33.2750  16.5680  750
69401  -31.9650  -10.5020  -37.8090  753    28994  -30.9000  36.1670  -7.2660  753
69411  -28.5760  -10.3550  -38.4740  757    30168  -27.4590  -1.0270  -49.6330  757
69412  -29.5800  -10.0490  -38.3350  758    30452  -43.7780  22.0530  -61.0150  758
69414  -31.4770  -9.8670  -38.1320  760    72635  -47.8750  -56.1130  8.0330  760
69426  -16.0380  -9.6960  -38.3900  762    31137  -22.0940  23.8510  -41.4730  762
69427  -16.3160  -9.9730  -39.3770  763    31165  -30.5930  -13.5780  46.2870  763
69429  -27.5970  -10.0550  -39.5310  765    30155  -0.0180  52.7310  2.1210  765
69430  -28.6660  -9.7320  -38.9840  766    67167  -51.5170  -22.4340  2.1770  766
69441  -16.7990  -10.1750  -40.2900  768    31488  -26.5110  -0.6280  -50.6970  768
69442  -17.4620  -10.6060  -40.9010  769    33575  -30.6150  38.5000  -14.0610  769
69444  -26.6410  -10.3870  -40.8110  771    31606  -0.4900  -56.9030  33.0230  771
69445  -27.2200  -9.7920  -40.3700  772    67672  -17.9820  3.4470  58.3170  772
69455  -19.0260  -10.7550  -42.1170  775    33586  -60.9860  -22.2570  3.1060  775
69458  -25.8030  -11.2550  -42.0670  778    32687  -22.1280  60.4960  12.6700  778
69459  -26.4130  -10.4370  -41.6910  779    67969  -14.6060  87.4140  -15.0790  779
69467  -19.5480  -10.5760  -42.6710  780    67958  -31.5290  -8.7570  45.6060  780
69468  -20.5360  -11.0560  -43.1150  781    34400  -53.5450  49.9760  -3.5420  781
69469  -21.8120  -11.6780  -43.5370  782    34639  -63.3900  2.7410  13.8690  782
69471  -24.5370  -11.9880  -43.3270  784    18333  -34.0210  -2.3120  19.4050  784
69472  -25.4610  -11.1440  -43.6580  785    73103  -48.3720  6.6460  7.7090  785
69478  -21.0730  -10.9090  -43.7910  786    68242  -3.5380  -8.4530  24.8900  786
69479  -22.0130  -11.1900  -44.1890  787    73154  -63.8330  -21.0190  -30.6920  787
69480  -23.3160  -11.4600  -44.3940  788    73204  -46.5570  -36.9990  -28.9770  788
70696  -16.5690  -8.4900  -36.2470  792    65906  0.7570  -15.0280  -7.8080  792
70709  -16.2340  -8.5550  -37.3740  793    66493  -9.2130  -11.3720  -23.4670  793
70711  -30.7700  -9.3160  -38.5730  795    66707  -40.8180  71.9100  -31.0600  795
70712  -31.6070  -9.0590  -38.7540  796    66747  -54.1670  8.3110  -60.0530  796
70713  -32.1910  -9.2780  -38.7940  797    44945  -57.9990  34.0620  -10.9770  797
70725  -16.1070  -8.6930  -38.5540  798    66696  1.3250  -70.2270  -20.7160  798
70729  -29.8070  -8.8460  -39.2400  802    66708  -45.5060  -5.8310  -6.9230  802
70730  -30.8300  -8.7100  -39.0190  803    45808  -18.8700  22.3150  -47.6810  803
70743  -16.1530  -8.4690  -39.3270  805    67137  -49.7510  -9.2300  -22.2820  805
70746  -27.7890  -9.2380  -40.4480  808    67166  -0.1750  -40.4040  -7.0540  808
70747  -28.8150  -8.7670  -39.9470  809    46975  0.0500  12.1610  24.3630  809
70756  -17.0470  -9.3410  -41.2310  811    67662  -56.2950  -18.5780  -34.3120  811
70757  -17.9520  -9.6670  -42.0280  812    67951  -27.2690  -23.7230  44.7460  812
70760  -26.8450  -9.7140  -41.8170  815    67673  -30.1440  -8.8080  46.8690  815
70761  -27.4880  -9.1090  -41.3900  816    48211  -48.8080  0.5300  -57.0570  816
70769  -18.3940  -9.4450  -42.6040  817    47955  -54.8430  -23.2330  7.4390  817
70770  -19.3200  -9.8690  -43.1300  818    67960  -12.1540  45.6980  -39.3850  818
70772  -26.2260  -10.5200  -42.9950  820    67970  -31.7060  -20.0600  -35.2050  820
70773  -26.7560  -9.8440  -43.5500  821    67974  -15.7150  28.7970  -37.3820  821
70782  -19.8220  -9.6370  -43.8110  822    49695  -51.0630  5.3730  -11.9230  822
70783  -20.8520  -10.1350  -44.2770  823    68247  -2.1030  17.0190  10.8880  823
70784  -22.2310  -10.5320  -44.9540  824    68495  -38.7990  53.3310  -5.6340  824
70785  -23.6530  -10.8800  -45.0870  825    68570  -23.0230  -76.0370  -5.8510  825
70787  -26.0700  -10.4000  -44.6170  827    68316  -60.8220  -18.7890  -34.8470  827
70788  -26.7670  -9.8550  -44.4660  828    50978  -47.7270  18.4630  -60.1410  828
70796  -22.9670  -10.1940  -45.5150  829    50957  -1.6580  -36.7140  32.0330  829
70797  -24.0520  -10.2510  -45.6180  830    52014  -22.4160  -11.6690  -28.9980  830
70798  -25.2950  -10.2950  -45.5280  831    51144  -29.6970  -27.2840  -29.0730  831
72019  -16.8780  -7.7800  -36.5180  833    43286  -65.2240  -25.8370  14.3750  833
72036  -16.6520  -7.4430  -37.3160  834    43287  -12.9510  -15.9320  18.7210  834
72057  -16.2660  -7.5860  -38.5300  837    44536  -39.7320  -55.8970  13.5590  837
72060  -31.6820  -8.2930  -39.4290  840    3792  -68.2130  -14.9810  -29.9500  840
72061  -32.1680  -8.3110  -39.7470  841    44944  -3.8700  32.7900  33.0530  841
72075  -16.1950  -7.8060  -39.6000  842    45752  -2.3160  -20.3250  52.4010  842
72076  -16.4550  -8.2070  -40.6660  843    46905  -48.8810  32.6360  13.3140  843
72079  -29.9070  -8.0540  -40.0140  846    45807  1.0760  15.9320  -12.7660  846
72080  -30.9390  -7.7180  -39.9670  847    45806  -32.6850  12.0340  35.0520  847
72092  -17.0240  -8.5010  -41.6660  849    46938  -10.7800  -28.0630  45.6910  849
72095  -28.0180  -8.5250  -41.5490  852    46974  1.2270  8.2270  -14.6920  852
72096  -28.9800  -7.9370  -40.9930  853    7360  -28.2230  38.4440  -50.9460  853
72097  -29.6390  -7.5500  -40.9430  854    5004  -34.8010  -4.7150  -14.7030  854
72110  -17.3530  -8.2330  -42.2870  855    47956  -56.8370  -20.1730  9.7230  855
72114  -27.7600  -8.5970  -43.2710  859    7359  -28.9720  39.8190  -52.1180  859
72129  -18.6300  -8.4000  -43.6630  860    49696  -1.9880  44.7610  12.4200  860
72131  -21.0810  -9.4650  -45.0030  862    50905  -42.3850  -68.9920  -14.9950  862
72134  -27.4270  -9.2410  -44.4060  865    49761  -49.8740  39.3830  -16.1150  865
72148  -20.4130  -8.5930  -45.1570  867    50906  -21.0550  68.7820  20.3820  867
72150  -22.9100  -9.3200  -46.1310  869    50967  -23.7390  -12.3880  -43.1220  869
72153  -26.5890  -9.8190  -45.7000  872    50979  -8.3470  20.0860  19.1440  872
72166  -23.1990  -8.7280  -46.6440  874    52015  -37.6080  -3.9130  -20.5950  874
72168  -25.5660  -9.2400  -46.6010  876    52052  -14.0930  47.7480  39.7340  876
73295  -16.7930  -6.5660  -37.7400  879    1003  -50.6040  -20.9470  -46.9410  879
73316  -16.3670  -6.7030  -38.7610  880    1004  -48.3430  -10.9220  -26.9110  880
73317  -16.9850  -5.8550  -38.0440  881    1005  -47.7320  -12.0030  -26.1740  881
73336  -16.2070  -6.9080  -39.9660  883    3394  -55.6240  -0.1560  -11.4410  883
73337  -16.4370  -7.5610  -41.0080  884    4657  -3.2280  -18.6900  54.9090  884
73339  -31.0360  -7.0130  -40.7170  886    5005  -55.3290  12.4550  6.7180  886
73340  -31.8490  -7.2060  -40.6040  887    3794  -36.2860  2.9750  -2.9350  887
73357  -16.2490  -6.7580  -40.8300  888    4658  -3.7730  -17.8980  55.1110  888
73358  -16.7280  -7.3740  -41.7140  889    4679  -0.5650  -38.3540  17.7650  889
73361  -29.9010  -6.8500  -41.5950  892    5006  -15.7960  20.6970  -36.2870  892
73379  -17.8970  -7.7400  -43.3070  895    8517  -24.4280  -82.8760  -5.9230  895
73381  -28.9470  -7.2180  -42.9580  897    7358  -6.8520  21.5150  37.1890  897
73382  -29.6100  -6.5070  -42.7910  898    7405  -20.2310  -25.7360  53.4870  898
73397  -19.0520  -7.9050  -44.4750  900    10950  -25.7210  71.4650  -2.7510  900
73398  -27.7940  -8.9130  -44.8150  901    11388  -24.8970  -61.5140  0.1300  901
73399  -28.1770  -8.2900  -44.3530  902    8911  -34.8900  -16.3890  -0.6240  902
73400  -28.9290  -7.2700  -44.2710  903    8932  -1.9340  -32.4190  47.9550  903
73413  -20.5670  -7.9900  -45.7290  906    10963  -46.2080  -55.0520  -17.8340  906
73416  -28.3860  -8.3420  -46.0920  909    9914  -0.8840  36.1150  45.3600  909
73431  -21.1950  -7.7980  -46.2520  910    10985  -28.4610  -71.9340  3.4060  910
73432  -22.2630  -8.1720  -46.5990  911    11023  -2.3580  7.9810  27.2440  911
73434  -24.9700  -8.6100  -47.1680  913    12635  -29.0400  -29.7810  18.9680  913
73435  -26.6670  -8.7710  -47.4040  914    12706  -52.0480  -12.3390  -2.9150  914
73436  -27.8770  -9.2670  -47.0000  915    11389  -24.4870  -62.4420  0.3870  915
73437  -28.3030  -8.0550  -47.2700  916    11412  -65.2120  -6.5370  18.6770  916
73454  -26.4370  -8.1750  -47.9780  919    12705  -39.1960  -13.1250  20.0200  919
74604  -16.6040  -5.7420  -38.8640  920    3361  -37.2820  -18.6650  -3.2750  920
74605  -17.7730  -4.7630  -37.7960  921    1115  -4.0650  33.5750  -44.0270  921
74633  -16.2300  -5.6590  -40.0330  922    3412  -35.6100  -74.9120  -15.7560  922
74634  -16.8880  -4.8220  -38.8730  923    70782  -20.3590  82.0180  -24.9910  923
74640  -31.5320  -6.4970  -41.3500  924    5035  -58.6580  -19.4360  5.3910  924
74641  -32.0270  -6.6870  -41.3560  925    5053  -53.8610  -41.5410  -10.4100  925
74656  -16.2790  -6.2610  -41.2920  926    4706  -15.8080  -19.4070  57.0300  926
74658  -30.3100  -6.0940  -42.3870  928    7430  -58.7210  -35.6610  18.7660  928
74660  -31.8720  -5.9890  -41.9460  930    58485  -45.7890  63.7340  -24.6060  930
74661  -32.2410  -6.2600  -41.9940  931    58486  -42.1090  -45.1390  -28.9620  931
74671  -17.2110  -6.9030  -42.9550  932    7323  -49.1860  -49.2800  -6.8890  932
74674  -29.8220  -5.9360  -43.5960  935    7497  -21.2490  -81.6720  -6.1870  935
74675  -30.5610  -5.3940  -43.0450  936    71258  -17.4600  87.4900  -13.8320  936
74683  -17.3490  -6.3540  -43.3760  937    71338  -39.4830  23.4630  -57.2760  937
74684  -18.0140  -6.6620  -44.0800  938    8891  -27.9860  -1.2190  -30.3010  938
74686  -29.6030  -6.7360  -45.0040  940    8994  -19.1700  82.7230  -0.3320  940
74696  -19.6080  -6.8960  -45.5720  943    10949  -6.2720  -46.3550  48.2150  943
74698  -29.3110  -7.5860  -46.6650  945    9944  -40.3820  29.3420  -18.4550  945
74699  -29.7760  -6.6850  -46.4620  946    59789  -42.7150  11.5860  -11.8000  946
74708  -22.4400  -7.4180  -47.0930  949    12327  -59.6380  -34.7470  -41.3670  949
74710  -27.8030  -8.7640  -47.8020  951    13053  -57.5760  -47.3470  5.6710  951
74712  -29.0650  -7.4360  -48.3140  953    11447  -9.0800  55.5970  -6.6840  953
74723  -21.7310  -6.6830  -47.1430  954    60080  -62.4780  13.3760  -11.5790  954
74725  -24.2840  -7.1760  -47.8690  956    12661  -0.4380  56.6090  12.8700  956
74728  -28.5610  -7.4540  -48.9190  959    71695  -8.7870  88.2120  -23.3310  959
74729  -28.6520  -6.5670  -49.0250  960    60281  -21.8590  -48.8210  13.7820  960
75888  -16.6540  -4.2170  -39.5470  961    57164  -23.2670  -51.9220  20.2210  961
75916  -16.0240  -5.0370  -41.1090  962    57176  -21.0690  49.4780  -42.1160  962
75923  -31.1960  -5.1820  -42.9130  964    58490  -9.6030  8.1280  23.0240  964
75926  -32.4470  -5.9510  -42.5480  967    58499  -20.6360  67.1750  0.9100  967
75932  -16.2730  -4.7070  -42.3260  968    58263  -42.0680  -26.8810  -44.8700  968
75933  -16.6100  -5.8690  -42.5500  969    58256  -58.4300  3.2500  -27.6800  969
75935  -30.8710  -4.8520  -43.7730  971    13034  -48.4390  -52.9670  -30.8230  971
75937  -32.0130  -5.0300  -43.1810  973    13054  -26.4050  -46.2810  47.3920  973
75938  -32.4680  -5.4560  -43.2970  974    13403  -64.0210  -33.0310  -7.4040  974
75944  -16.4650  -4.4450  -42.9370  975    13963  -24.4470  68.3180  6.0080  975
75945  -17.1930  -5.2940  -43.7330  976    58747  -59.8100  -42.4350  -19.3940  976
75946  -18.0830  -6.0700  -44.4800  977    59219  -6.5230  30.4830  14.7010  977
75947  -30.2740  -6.1730  -45.7970  978    59400  -52.5760  13.3440  -11.2320  978
75948  -30.4130  -5.3580  -45.2070  979    14026  -58.3830  -50.2090  -10.0840  979
75949  -30.5440  -4.9670  -44.4180  980    13033  -9.8920  -41.2470  -16.2510  980
75956  -17.5930  -4.8740  -44.5310  981    13998  -33.7560  36.4260  -30.5480  981
75957  -18.5260  -5.5960  -45.2430  982    59220  0.7090  -54.6720  -3.9090  982
75960  -29.9790  -6.0350  -47.0820  985    15487  -20.5190  -73.4110  -6.7240  985
75968  -18.9830  -5.1070  -45.9480  987    15455  -37.9360  60.0550  -38.0630  987
75969  -19.9720  -5.7550  -46.5270  988    59643  -7.6490  -42.1150  -15.1000  988
75971  -28.9050  -6.0300  -48.6980  990    16522  -47.8900  -63.5310  -2.0300  990
75980  -20.5070  -5.2630  -47.1570  992    17248  -27.6810  -53.9010  -36.3440  992
75981  -21.4470  -5.8470  -47.4330  993    60081  -35.0320  23.3310  -12.9880  993
75982  -23.1900  -5.9240  -48.2360  994    60573  -64.6280  -16.7820  10.8960  994
75984  -26.6080  -6.8830  -48.7700  996    60762  -64.2990  -16.9130  -15.6690  996
75985  -27.9460  -6.7250  -49.1950  997    60781  -32.7180  -45.8440  28.0170  997
77070  -16.3490  -3.7600  -40.2010  1004    11228  -14.2050  36.0260  46.6970  1004
77086  -16.0790  -3.7830  -41.1900  1005    11275  -26.8100  75.6730  -34.8610  1005
77102  -16.0470  -3.7370  -42.3260  1011    12477  -58.0330  -40.0400  -17.5700  1011
77106  -31.4340  -4.4120  -44.5800  1015    13032  -27.8400  -45.2270  47.3720  1015
77107  -31.9300  -4.3840  -44.4290  1016    13070  -52.1790  -59.8560  -19.2500  1016
77120  -30.3490  -5.4300  -46.6160  1021    14027  -30.0220  -44.5100  46.3790  1021
77121  -30.8750  -4.9580  -46.3250  1022    14039  -40.5010  -48.4710  3.1330  1022
77131  -19.1160  -4.5950  -46.3510  1024    16141  -26.5380  -2.3280  -30.0110  1024
77133  -29.8560  -5.9130  -48.2470  1026    15488  -51.7730  -54.1950  -26.8640  1026
77134  -29.9860  -5.4290  -47.7110  1027    15508  -65.4510  -10.9210  -36.8940  1027
77146  -21.8580  -5.1950  -48.0640  1030    17521  -23.9050  -24.3590  40.2110  1030
77147  -28.0650  -6.2060  -49.5460  1031    17622  -41.5140  12.9760  -12.6700  1031
77149  -29.4020  -6.1120  -49.3430  1033    16523  -51.4470  -57.0360  -29.1890  1033
77150  -29.5120  -5.6240  -48.9690  1034    16549  -56.6240  17.3340  -52.7530  1034
77161  -21.4640  -4.5340  -48.2260  1035    17270  -37.7410  1.1030  24.8800  1035
77163  -23.7790  -4.8110  -49.0800  1037    18747  -11.3670  -71.7030  6.9180  1037
77164  -25.2200  -4.9860  -49.2680  1038    15778  -6.9930  65.0490  -6.2800  1038
77165  -27.1760  -5.5650  -49.4160  1039    9842  -1.3830  -29.9880  -5.4970  1039
77166  -28.0930  -5.1190  -49.7290  1040    8187  -23.6220  10.8080  -47.9870  1040
77175  -24.9110  -4.2790  -49.6450  1042    14274  -54.5060  -43.4530  -19.8600  1042
78258  -16.4900  -3.0200  -40.3010  1043    11229  -48.9280  39.3540  21.2360  1043
78277  -16.0890  -2.4410  -40.9950  1044    11297  -7.1390  57.6280  -30.9740  1044
78294  -16.0310  -2.8710  -43.0200  1045    12678  -36.1880  -17.6490  50.9960  1045
78295  -16.5800  -3.5980  -43.8340  1046    13979  -32.0620  50.8520  29.4410  1046
78301  -32.0240  -4.6510  -45.1720  1050    13420  -0.6330  70.3560  -10.7100  1050
78308  -16.2230  -2.4170  -43.7640  1051    70867  -53.4140  -23.6560  8.4470  1051
78309  -16.9470  -3.1880  -44.6690  1052    14007  -29.3030  -45.7890  45.9710  1052
78310  -17.7990  -3.8850  -45.3850  1053    15134  -19.0800  -38.2360  -18.2280  1053
78311  -30.4280  -5.1350  -47.2270  1054    15526  -1.7020  -80.5010  -24.4900  1054
78312  -30.6740  -4.8320  -46.7630  1055    15544  0.4690  37.7120  -4.8270  1055
78313  -31.1130  -4.7210  -46.0130  1056    49409  -37.9510  30.0830  40.2900  1056
78314  -31.3910  -4.5200  -45.7360  1057    49644  -50.4870  37.6220  -23.3380  1057
78315  -31.6090  -4.6120  -45.6660  1058    49698  -12.5670  -57.0340  10.5700  1058
78322  -17.3860  -2.7840  -45.5240  1059    49336  -56.6950  -49.1730  9.1170  1059
78323  -18.2830  -3.4630  -46.1950  1060    15470  -0.6640  13.5280  -10.4390  1060
78325  -29.5030  -5.1350  -48.4980  1062    16566  -57.5570  -46.3290  3.9320  1062
78327  -30.1480  -4.8680  -47.5170  1064    49368  -23.8530  -45.3030  -15.8870  1064
78335  -18.7970  -3.0420  -47.0080  1065    8434  0.6150  -56.1790  -17.7570  1065
78336  -19.8300  -3.6280  -47.5200  1066    17249  -1.5750  76.6080  13.3990  1066
78338  -28.7710  -5.2780  -49.7550  1068    17639  -61.4170  -19.9720  -18.1590  1068
78339  -28.7010  -4.8760  -49.2030  1069    17656  -1.0700  8.4120  25.1460  1069
78351  -20.3910  -3.1720  -48.2630  1071    18727  -33.0730  -68.4070  -16.8520  1071
78356  -27.0050  -4.0950  -49.7340  1076    8186  -0.5550  11.2400  15.6990  1076
78357  -28.1440  -4.3790  -49.7890  1077    8185  -0.2990  9.7770  15.4160  1077
78370  -21.8120  -3.1420  -49.2090  1079    71393  -8.6090  -49.8300  17.4740  1079
78372  -23.8810  -3.8290  -49.7130  1081    19522  -52.2240  -47.3990  21.0000  1081
79409  -15.8340  -1.5070  -41.7800  1084    46895  -19.0110  -45.0070  1.6240  1084
79425  -15.7710  -1.7150  -43.1150  1085    48456  -43.9440  57.9220  -38.6200  1085
79426  -16.2730  -1.8900  -44.2290  1086    49303  -32.1030  24.2910  9.7570  1086
79440  -29.4390  -4.6270  -48.9200  1094    50213  -21.4960  5.8490  37.7870  1094
79442  -29.9110  -4.5010  -48.3230  1096    49392  -8.8140  38.5630  47.2140  1096
79443  -30.2780  -4.5130  -47.8840  1097    7498  -21.7670  -82.4990  -6.5790  1097
79444  -30.5140  -4.6880  -47.5220  1098    7560  -0.5250  -2.4290  -19.1240  1098
79445  -30.4770  -5.0350  -47.5820  1099    49645  -52.2120  38.1970  -22.5600  1099
79454  -28.5530  -3.7440  -49.3680  1103    50968  -48.7890  17.3480  -20.9220  1103
79455  -28.9920  -4.2160  -49.1190  1104    51059  -27.6710  46.1830  12.6980  1104
79458  -29.5820  -5.1760  -48.6420  1107    50598  -22.3220  29.6760  35.7170  1107
79459  -29.9820  -5.4840  -47.9270  1108    50580  -3.6690  20.1250  -37.6340  1108
79467  -19.7990  -2.6410  -48.1030  1109    9721  -46.0390  -23.5120  -15.4360  1109
79469  -26.8350  -3.2450  -49.8550  1111    52042  -63.5510  9.9620  -42.0890  1111
79470  -27.4980  -3.2590  -49.7670  1112    52025  -64.3850  -33.8640  4.1200  1112
79484  -22.0280  -2.6680  -49.6190  1115    11253  -1.7010  -30.4480  -6.9090  1115
79485  -23.1470  -3.0040  -50.0300  1116    52809  -19.2080  -21.7680  43.9940  1116
79498  -23.5470  -2.3790  -50.5160  1121    52808  -11.6620  -26.4130  49.5810  1121
79500  -25.6130  -1.9810  -50.5810  1123    11375  2.3560  -19.8910  -10.3240  1123
80677  -15.6480  -0.5500  -42.2320  1124    4884  -19.2910  77.0970  -22.6070  1124
80678  -15.6630  -0.8740  -43.5820  1125    6475  -1.9970  62.6680  16.4480  1125
80688  -16.3240  -0.9920  -45.0280  1126    6508  -0.6330  -45.1020  24.8110  1126
80689  -17.0350  -1.7120  -45.7050  1127    7406  -50.8910  -26.9870  -11.3520  1127
80690  -29.6410  -4.0860  -48.6920  1128    7499  0.8510  -77.3190  -26.7790  1128
80703  -28.4350  -2.9720  -49.6480  1135    8535  -4.9770  -28.0790  51.6170  1135
80705  -29.0580  -3.1780  -49.2110  1137    8536  -8.6070  -18.3650  51.3450  1137
80706  -29.4460  -3.4490  -48.9360  1138    8618  -52.3920  -57.8510  -25.6270  1138
80708  -29.2680  -3.9580  -49.0410  1140    7500  1.2540  -75.7220  -26.2660  1140
80717  -17.9310  -0.9480  -47.3370  1142    8448  -35.4550  37.5850  -59.5770  1142
80718  -18.9920  -1.5720  -48.0460  1143    8435  -38.5180  -53.6380  -15.0430  1143
80720  -27.2960  -2.3490  -49.7320  1145    10136  -8.9120  -75.5680  -36.8650  1145
80723  -28.8690  -3.5360  -49.6960  1148    8832  -46.1350  -64.5550  1.1700  1148
80724  -29.1300  -4.6770  -49.3090  1149    8812  -45.2160  -35.3970  -34.6020  1149
80733  -19.6700  -1.1130  -48.9160  1150    9733  -0.8640  50.7060  37.4020  1150
80734  -20.8390  -1.7630  -49.4250  1151    9722  -38.0640  -18.0510  -7.3450  1151
80750  -21.5120  -1.1840  -50.2970  1156    11276  -22.4780  -40.3570  -15.2090  1156
80751  -22.4290  -1.6860  -50.4940  1157    11254  -1.9520  -29.7470  -6.7160  1157
80752  -23.9080  -1.6580  -51.0340  1158    12837  -8.4840  36.0450  15.1630  1158
81856  -15.5650  -0.3190  -43.9450  1162    6492  -55.8990  -2.6070  34.1880  1162
81886  -28.4950  -1.8020  -49.5340  1163    8537  -42.7310  -18.2910  -1.6640  1163
81888  -28.7690  -2.5490  -49.2150  1165    8619  -26.2360  55.2420  13.4960  1165
81889  -29.0860  -2.6930  -49.1800  1166    8657  -43.0830  -62.7720  0.1090  1166
81902  -27.8910  -1.3490  -49.4670  1168    10160  -49.8100  26.9210  -24.3260  1168
81903  -28.2310  -1.4990  -49.4750  1169    8575  -21.4530  53.8140  11.4350  1169
81904  -28.4020  -1.0320  -49.3890  1170    55082  -47.9640  -22.9830  -20.6850  1170
81905  -28.9230  -2.2570  -49.2510  1171    8849  -8.1160  42.6850  45.3220  1171
81918  -26.9940  -0.7910  -50.0800  1173    11390  -0.2250  53.8880  -6.4370  1173
81920  -28.8930  -2.2320  -50.0170  1175    10260  -33.2240  -1.3830  26.6620  1175
83162  -28.8340  -1.5730  -49.4490  1177    55083  -42.3070  8.6780  -27.6270  1177
83173  -28.2510  0.0750  -49.1450  1180    55458  -30.8740  71.7700  6.9980  1180
83174  -28.5960  -0.0690  -49.1470  1181    55084  -54.9480  -53.2440  4.2290  1181
83177  -29.2780  -1.1620  -49.5240  1184    55727  -11.2000  32.8180  -37.8140  1184
83187  -27.6710  0.2000  -49.4400  1185    55459  -2.7090  6.0910  27.7140  1185
84520  -28.3330  1.0960  -48.8480  1187    22794  -41.5890  -6.4550  -39.4190  1187
84522  -28.9570  0.7600  -48.7870  1189    22849  -41.8160  -72.5840  -11.4880  1189
84524  -29.4650  -0.1460  -49.2010  1191    22921  -34.8870  -35.5460  27.1500  1191
