145692  -8.3150  82.0740  -38.2490  1    56265  -2.4220  67.3510  1.3960  1
145697  -7.5970  81.4260  -39.2020  3    56264  -32.6320  38.7740  -9.9570  3
146104  -10.1820  82.8110  -31.1120  5    68837  -29.6560  -55.5110  -36.8240  5
146113  -9.6150  83.2780  -33.0220  6    68987  -65.8460  -12.9690  -19.5210  6
146135  -8.7070  83.1550  -36.3460  9    69254  -16.6610  79.7570  -6.3380  9
146144  -7.7460  82.4610  -37.8050  11    56281  -43.6980  57.5520  9.0340  11
146152  -6.6310  81.8920  -38.8270  13    69687  -1.4100  -24.8730  39.2850  13
146153  -7.4460  81.9790  -38.6040  14    56263  0.0970  32.0400  13.9860  14
146160  -6.4510  81.4740  -39.3610  16    56749  -35.5700  -77.8850  -15.8800  16
146449  -11.3060  82.0580  -28.6050  18    72104  -38.5120  11.4000  -7.1290  18
146469  -10.9230  82.4510  -29.4110  19    68685  -2.6340  72.0580  -3.8140  19
146480  -10.0150  83.1060  -31.2840  20    5482  -31.9140  -39.5490  30.6890  20
146502  -9.1550  83.6700  -34.7350  25    7235  0.7390  -61.9490  3.2720  25
146512  -7.9540  83.2580  -36.2900  27    8869  -58.2290  11.7980  14.1500  27
146513  -8.7210  83.4410  -35.5840  28    69264  -28.0630  7.2260  49.7230  28
146521  -6.5790  82.6970  -37.5410  30    8868  -47.5940  9.0510  -33.5270  30
146530  -0.9950  80.2920  -38.2320  33    69528  -7.0940  -14.1640  23.8020  33
146531  -6.5730  82.2890  -38.2140  34    69692  -6.2580  -62.6200  18.8940  34
146537  -1.8330  80.4490  -39.4520  36    69683  -56.4130  -9.7940  27.9690  36
146542  -2.8810  80.4120  -40.3780  38    69719  -23.4380  7.8690  37.7450  38
146543  -4.0670  80.8220  -40.3680  39    10423  -12.2840  -7.1110  18.4950  39
146544  -5.2820  81.1650  -39.9600  40    69775  -22.5470  57.4420  24.3480  40
146790  -11.4230  81.6140  -27.4030  42    1383  -65.4170  -30.4760  -10.9150  42
146803  -11.3400  82.0670  -28.0820  43    27629  0.3400  -0.5010  5.9120  43
146818  -11.0070  82.4180  -28.9940  44    28081  -56.8610  -18.3900  -19.6040  44
146832  -9.9970  83.1550  -30.7820  45    5480  -48.9050  -45.7020  28.9940  45
146843  -9.3560  83.6420  -32.5120  47    5481  -31.4350  -38.9740  31.0150  47
146854  -8.6760  83.8740  -34.1330  50    7233  -40.4510  37.3630  -55.9780  50
146865  -0.4880  80.6330  -34.8410  53    6999  -49.2400  -1.1470  -26.2170  53
146866  -8.2340  83.7810  -34.8490  54    7234  -37.2310  -75.9040  -26.8090  54
146876  -6.9310  83.3410  -36.2610  58    7319  -51.0480  51.6290  0.6060  58
146885  -1.4290  81.1460  -37.5240  61    8826  -65.7390  -0.1200  -25.4710  61
146894  -2.5140  81.4990  -38.5570  64    9635  -40.5740  -9.9520  -2.2330  64
146895  -4.0630  82.2100  -38.3190  65    9890  -30.6440  -8.5960  -32.3220  65
146903  -4.0090  81.7370  -39.0960  68    10424  -31.8720  -3.1560  -34.8500  68
146904  -5.1880  82.0830  -38.6710  69    10488  -37.4020  19.0650  35.2080  69
147126  -10.9510  82.3090  -27.2700  73    27628  -40.1400  -7.1930  -40.9800  73
147127  -11.2660  81.6380  -26.7350  74    1835  -50.4990  28.3680  -7.1370  74
147141  -9.6590  83.1950  -30.4070  78    28496  -55.1710  -15.0770  34.5680  78
147152  -8.8280  83.5780  -31.7320  80    29533  -17.9040  6.1500  -52.1540  80
147153  -9.4050  83.2950  -31.0760  81    5563  -23.9890  -70.5080  6.1000  81
147165  -7.7070  84.1760  -33.3260  83    7299  -15.0020  -55.6910  -12.8590  83
147176  -0.4880  81.3470  -32.7070  86    6134  -6.6930  10.9720  20.8620  86
147185  -0.8540  81.9480  -34.2710  89    7000  -0.7920  1.2250  -6.9050  89
147186  -5.8920  83.9230  -35.4410  90    32135  -8.2780  -58.0710  31.1970  90
147194  -1.8750  82.4690  -35.9090  92    8198  -22.0500  10.8950  -47.9660  92
147195  -3.8970  83.3360  -36.3110  93    9247  1.4960  4.0560  -14.4800  93
147204  -1.9860  82.0420  -37.1530  96    8827  -65.4060  0.7810  -25.6000  96
147385  -11.2390  82.8790  -26.3420  102    44500  -3.7830  -64.2810  -15.6350  102
147393  -10.3230  83.3810  -28.4440  105    27978  -36.2480  -26.1860  30.4060  105
147395  -0.6270  81.7790  -27.9280  107    28043  -61.3120  -19.6130  11.0080  107
147397  -10.0440  83.4770  -29.1240  108    28407  -42.9930  3.2030  12.2900  108
147399  -0.5550  81.8660  -29.0330  110    28387  -57.8580  -24.5450  32.0810  110
147406  -0.5800  81.9580  -31.0160  114    28478  -0.9560  -34.7890  32.3820  114
147418  -0.8090  82.4590  -32.1600  119    29514  -48.9800  -24.2860  9.8710  119
147419  -7.5380  84.3660  -32.7500  120    46119  -64.2790  -19.0810  -41.6090  120
147430  -1.6740  83.3000  -33.6940  122    30571  -41.2440  67.8780  -16.1870  122
147431  -2.9190  84.1140  -34.1180  123    46944  -18.7430  9.2720  -37.3000  123
147432  -5.6070  84.5280  -34.1070  124    46312  0.4280  53.2030  15.5520  124
147440  -2.0240  83.1600  -34.9270  126    31614  -62.7270  -0.6060  8.5960  126
147607  -0.7690  82.7360  -22.9560  133    25889  -12.5180  16.9550  54.6130  133
147611  -0.9650  82.7530  -24.2080  134    26473  -24.7260  -43.4800  33.6410  134
147614  -1.0400  82.7340  -25.2950  137    26496  -22.4090  -29.4130  -26.3260  137
147615  -10.0290  84.8260  -28.1300  138    45254  -57.2950  -9.5440  28.7970  138
147616  -10.5190  84.0820  -27.7180  139    44890  -21.2540  13.1280  -45.4060  139
147617  -1.1460  83.7000  -26.7490  140    56935  -37.6130  46.6920  28.5970  140
147618  -0.9950  82.8180  -26.3110  141    44910  -38.1190  -66.8440  16.9020  141
147621  -0.9350  83.1320  -27.3210  144    45297  -18.5710  30.5810  33.8570  144
147622  -0.8500  82.1470  -26.8000  145    27608  -23.8270  -42.8610  32.4270  145
147623  -8.6690  84.8390  -30.1160  146    45599  -52.2280  33.2740  20.2230  146
147624  -9.2990  84.2970  -29.7390  147    45268  -16.4790  10.0250  -36.6280  147
147625  -0.9770  83.4550  -28.6950  148    45321  -61.9180  -10.2660  -36.0250  148
147629  -1.1760  83.6860  -30.3540  152    45613  -64.8710  -10.7790  -36.7100  152
147631  -7.9310  84.6150  -31.4510  154    45726  -41.4770  12.8500  -32.6210  154
147633  -2.3730  84.5550  -32.0320  156    57493  -53.1010  -58.7860  -5.1440  156
147794  -0.9140  83.6640  -19.1930  165    56084  -20.4660  -63.7380  -36.9710  165
147797  -0.9190  83.7900  -20.5920  166    56145  -1.2540  -74.2760  -1.7850  166
147803  -1.2400  84.3520  -23.3190  168    56443  -24.0200  72.7150  -15.3310  168
147804  -11.6000  85.8770  -25.9010  169    63528  -16.6600  82.2740  -0.6600  169
147805  -12.4900  84.9110  -25.5940  170    44481  -28.2520  -9.2050  -32.5440  170
147807  -1.3460  84.3910  -24.7150  171    56459  -35.9020  47.9800  0.1420  171
147808  -10.2810  86.0620  -26.9140  172    56960  -2.4280  -23.4810  36.5350  172
147809  -11.1950  85.1170  -26.5760  173    56733  -8.5160  -32.8750  -21.5970  173
147811  -1.7070  85.0820  -26.2760  175    56714  -3.8660  -0.1620  24.7460  175
147817  -8.6640  86.0640  -28.7780  181    63863  -1.2350  -75.3840  3.1790  181
147819  -1.6400  84.8360  -28.1420  183    57061  -35.6320  -25.5610  29.6680  183
147820  -8.5110  85.4880  -29.6520  184    57255  -21.7280  -43.4980  -29.5580  184
147822  -2.0130  85.1320  -29.5270  186    57232  -15.2850  -45.5410  -12.6110  186
147825  -3.2710  85.5230  -31.0810  189    57462  -47.7950  26.3770  12.7180  189
147826  -5.3110  85.8060  -31.4090  190    57550  -2.8390  -46.6130  36.1170  190
147943  -2.1110  86.1320  -20.3260  199    66983  -25.5260  -7.8710  48.5300  199
147944  -10.9950  87.5180  -24.3460  200    63527  -45.3260  -61.0670  14.3320  200
147945  -11.6700  87.2490  -24.4240  201    67197  -12.8140  87.3140  -7.2490  201
147946  -13.0730  86.5390  -24.4910  202    63407  0.1310  51.2380  17.7590  202
147951  -1.9200  85.8620  -22.0790  204    63473  -52.9280  -10.7130  -7.4470  204
147952  -8.3260  87.7390  -25.1270  205    67411  1.2370  -24.1300  -1.6200  205
147956  -12.9880  85.5800  -25.1290  209    56353  -0.2960  -39.0830  20.1110  209
147957  -2.1220  85.9950  -23.9150  210    63491  -0.1510  6.9110  8.3890  210
147959  -9.4790  87.0210  -26.1290  212    63801  -44.5640  68.4580  -12.6460  212
147961  -2.0350  85.5730  -26.1860  214    63669  -59.2150  12.1590  -27.5730  214
147963  -8.1390  87.2760  -26.6820  216    67571  -4.0470  -16.1500  29.3580  216
147964  -9.1260  86.5970  -27.2570  217    63806  -39.6150  0.5220  -2.9350  217
147966  -3.2570  86.5910  -26.8650  219    67601  -15.0430  80.3550  6.1910  219
147967  -6.6820  87.1330  -27.9970  220    64060  -53.0850  -58.6160  -10.2330  220
147970  -2.4870  85.9120  -27.5720  223    63881  -26.4340  11.5820  44.0900  223
147971  -4.1890  86.7810  -28.0100  224    67710  -9.2110  -64.6840  -35.6170  224
147972  -6.0850  86.9920  -28.4380  225    67724  -6.8190  -17.1680  29.2730  225
147974  -2.9220  86.0730  -28.7540  227    57934  -4.8400  -49.4400  -3.7080  227
147975  -4.6180  86.5670  -29.2560  228    61039  -27.4440  -35.4850  -28.3040  228
147979  -4.8560  86.1860  -30.4240  232    57933  -17.1600  -53.5410  -1.1420  232
148051  -3.0620  86.6460  -17.8810  234    66611  -0.5140  73.7330  5.4450  234
148052  -4.5290  87.6980  -18.4620  235    68912  -42.3540  0.8290  31.1660  235
148053  -6.1530  88.2840  -18.5910  236    68922  -44.9810  -19.1180  -45.8920  236
148054  -7.3310  88.5250  -19.0270  237    68925  -4.2810  72.5160  23.0310  237
148055  -9.9760  88.5360  -19.3730  238    66749  -68.0820  -11.0740  -23.2210  238
148056  -10.8360  88.5110  -19.8040  239    69025  -39.6780  63.6230  7.5910  239
148060  -3.1840  87.1050  -19.4380  240    66937  -34.9240  -75.1440  -15.1610  240
148061  -4.7030  88.0210  -20.2760  241    69086  -46.3340  63.0920  -28.6360  241
148062  -5.9240  88.3730  -21.2520  242    69145  -25.2330  78.0790  -8.3820  242
148063  -11.0290  88.1640  -22.8690  243    67211  -0.6900  -11.4780  35.1700  243
148065  -13.0410  87.7800  -22.8630  245    69057  -30.4950  -77.2160  -37.1250  245
148069  -3.2540  87.2320  -21.1620  246    67001  -33.3360  13.4300  32.3090  246
148070  -4.8410  88.0520  -21.9930  247    69233  -0.7770  -15.0820  27.2170  247
148071  -6.8880  88.2990  -22.6000  248    69240  -2.3050  85.8900  -25.6780  248
148072  -8.7870  88.2120  -23.3310  249    69410  -30.7720  -74.4600  4.9340  249
148075  -13.7400  87.1330  -23.5870  252    67242  -37.9270  -43.8840  -3.2220  252
148078  -3.4150  87.2330  -22.9280  253    67123  -43.3150  -10.6450  21.7730  253
148079  -5.3250  87.9520  -23.7050  254    69404  -38.4490  43.1100  28.8800  254
148080  -7.6620  87.9950  -24.6100  255    67410  -60.7990  -34.8810  -38.2920  255
148081  -9.5110  87.8510  -24.3530  256    67409  -45.4830  3.9560  -7.2490  256
148083  -3.7200  87.2050  -24.6280  258    67392  -29.9490  -11.1980  33.8460  258
148084  -5.6340  87.7040  -25.2780  259    69474  -5.1870  77.6920  -12.9920  259
148085  -7.1120  87.6290  -25.9790  260    67422  -40.0690  51.4860  -0.8320  260
148086  -4.1860  87.2000  -26.0560  261    67563  -22.1480  -51.7720  43.3660  261
148087  -5.8450  87.4890  -26.5430  262    69485  -32.3430  -74.7110  4.2490  262
148089  -4.8450  87.1700  -27.1710  264    67610  -8.3820  -8.7200  -25.0580  264
148134  -12.7530  88.2730  -20.2310  272    66770  -27.6040  2.2080  -55.9500  272
148138  -8.2340  88.6850  -19.9740  276    69154  -35.4290  43.2970  -19.1660  276
148140  -11.6320  88.3980  -20.7700  278    69904  -36.7210  34.2310  -36.1550  278
148146  -9.0230  88.5850  -21.3820  282    69255  -60.6620  -18.6540  5.3230  282
148147  -10.7060  88.3550  -22.1370  283    69337  -20.3490  6.9780  -36.3510  283
