102392  -1.7450  19.1890  10.1110  1    40225  0.5250  -40.3870  14.7670  1
103477  -1.8240  19.8680  9.9640  2    59463  -28.1000  -68.4910  1.0220  2
103478  -1.9020  19.9650  9.7650  3    59473  -1.3390  26.0540  7.8210  3
103479  -2.1510  19.7800  9.8670  4    59492  -41.3130  28.6580  12.0010  4
103480  -2.4090  19.8200  9.7870  5    59540  -30.6540  -11.0730  -1.4160  5
103481  -2.2470  19.8880  9.8580  6    58871  -13.5880  -36.1970  45.8820  6
103495  -2.0120  20.3270  9.6990  7    59462  -43.4720  -15.1460  -43.0610  7
103496  -2.0570  20.5830  9.5750  8    10077  -0.2980  53.9460  -5.3390  8
104553  -1.8100  20.5000  9.9260  9    7894  -37.5730  -11.1410  -48.4570  9
104563  -2.1360  20.1230  9.7490  10    9003  -15.0710  8.9480  45.3490  10
104564  -2.0390  20.7970  9.6050  11    7937  -25.0530  -31.8740  -25.1060  11
104574  -2.6270  20.7770  9.5440  13    10075  -46.6590  37.4890  -28.2440  13
104575  -2.3210  20.8280  9.6330  14    10113  -29.2270  71.4030  -5.4570  14
104576  -2.1260  21.0070  9.5900  15    9004  -15.1420  8.3810  45.1240  15
104577  -2.0890  21.3100  9.3690  16    8344  -45.9030  63.2470  -28.2650  16
104597  -2.1790  20.9380  9.5840  17    12104  -44.8250  13.9610  -53.0390  17
104599  -2.4880  21.3090  9.3600  19    10076  -33.3780  -65.9220  23.3080  19
105609  -8.6860  22.0980  18.5190  20    2396  -2.7450  -82.8660  -0.7020  20
105610  -8.9020  22.1680  18.7860  21    2759  -38.0840  44.6380  29.1000  21
105611  -9.1340  22.0280  19.1330  22    902  -32.3250  55.2090  21.6260  22
105627  -7.8310  22.4000  18.0900  23    3447  -19.1790  63.5110  9.2370  23
105688  -0.8690  21.4300  10.0540  26    7242  -32.7880  -8.6070  -31.6330  26
105689  -1.3350  21.2520  9.8150  27    7314  -7.5190  47.0530  -45.0350  27
105690  -1.7840  21.4240  9.5230  28    7915  -16.2800  -47.6190  -11.6280  28
105712  -2.3010  21.8400  9.2150  31    10103  -51.1500  36.9390  20.1040  31
105713  -2.1770  21.6370  9.2700  32    10475  -6.9360  -57.2780  -20.9560  32
105733  -2.4640  21.6570  9.2470  34    12118  -44.6250  63.4220  -0.5090  34
106600  -9.3370  23.0880  18.9070  38    23216  -7.2760  38.0690  -43.8240  38
106614  -5.0190  23.5960  19.2820  39    25772  -11.7620  11.1950  48.8190  39
106615  -6.1190  23.3340  18.4540  40    26098  0.4110  -47.1120  33.2000  40
106616  -7.2980  23.4210  17.9080  41    26176  0.3150  37.7520  -3.8350  41
106617  -8.1840  23.2320  17.8560  42    26177  0.4870  35.7330  -3.3680  42
106618  -8.6590  23.5760  18.0220  43    26306  -10.4140  -29.9220  57.7740  43
106619  -9.0180  23.3490  18.4540  44    24824  -63.4070  0.0840  15.0500  44
106620  -9.2710  23.8040  18.4870  45    23231  -64.1240  -1.1040  12.7560  45
106633  -7.6030  24.1170  17.6600  46    26175  -22.6190  35.0090  -57.1150  46
106665  0.1230  22.4170  12.0150  49    29225  -33.6290  -71.5410  -18.0600  49
106673  -0.1360  22.2730  10.7050  50    29853  -44.9390  31.7030  -48.7400  50
106683  -0.2490  22.7460  10.1410  52    30700  -50.9330  50.9340  -31.9560  52
106684  -0.7150  22.1770  9.8510  53    30688  -50.0250  24.7730  -59.7220  53
106685  -1.4190  22.1230  9.4730  54    31589  -24.8880  24.8660  -41.1740  54
106686  -1.8210  22.2980  9.2820  55    31621  -38.3030  42.9960  -17.9990  55
106694  -1.9930  22.5050  9.1150  56    31656  -38.1060  -70.5880  8.2610  56
106707  -2.0320  22.7460  8.9000  58    32188  -20.4070  -52.3120  24.0480  58
106723  -2.1460  22.8180  8.9370  60    34133  -0.2760  -23.9810  27.1780  60
106724  -2.0210  22.8530  8.8050  61    33159  -44.4700  -37.3130  -37.1660  61
106725  -1.9310  23.0590  8.7040  62    33160  -46.1100  -38.6630  -38.1770  62
107591  0.2100  24.3110  19.5830  63    24337  -54.5190  30.7580  -27.2910  63
107592  -0.7230  24.6860  20.4900  64    24338  -52.2010  33.3460  -39.3230  64
107600  0.3580  24.4770  18.4110  66    24473  -3.8960  24.1100  52.8030  66
107603  -4.3050  24.6950  19.7870  69    25748  -23.3300  35.3210  -54.3360  69
107604  -5.5650  24.4110  18.7710  70    25783  -37.4200  75.4780  -5.0070  70
107608  -9.2330  24.4200  18.1250  74    26631  -28.1330  -64.0520  3.3550  74
107622  -6.9980  24.5420  17.7750  77    26198  -51.3720  33.0600  -42.2660  77
107624  -8.5720  24.5490  17.5570  79    26307  -42.6140  -23.7700  34.1600  79
107625  -8.9760  25.1270  17.4390  80    39320  -14.6530  24.3860  -39.2790  80
107635  0.2090  24.0540  16.0340  81    27306  -0.0140  -24.4030  15.8870  81
107647  -0.0070  23.8190  14.4240  82    28287  -7.0930  -31.6550  55.0360  82
107657  0.1860  23.5900  12.9230  83    29226  -34.9860  -71.7560  -17.1240  83
107664  0.2690  23.4280  11.5930  84    29854  -20.1790  34.7100  47.0940  84
107673  -0.4000  23.2240  9.7320  86    31356  -36.7850  -6.2700  -7.9340  86
107675  -1.5310  22.7980  9.2540  88    31622  -22.9890  -57.6920  30.1020  88
107686  -1.7050  23.2390  8.9910  91    31657  -38.8830  -70.2190  7.8990  91
107697  -1.8220  23.3810  8.6940  93    32189  -21.0280  -49.3300  -28.9970  93
107705  -1.9460  24.0010  8.2560  95    34152  -27.2840  -8.9230  35.1900  95
107706  -1.9800  23.7800  8.4040  96    34417  -35.6000  -10.5730  33.3100  96
107708  -1.8290  23.9500  8.5130  98    45401  -23.4470  7.2900  27.4920  98
107719  -1.4960  24.1460  8.3210  99    34114  -41.4490  -46.0260  -0.8020  99
108615  -0.0520  25.6860  19.1100  103    38687  -41.3060  41.6010  26.7730  103
108617  -2.7920  25.6170  20.2310  105    38688  -41.9260  40.9350  24.8640  105
108618  -4.7470  25.6080  19.1680  106    39145  -26.1510  -62.2270  -37.9070  106
108621  -9.4990  25.4140  17.7890  109    38727  -62.2020  16.7660  -37.1850  109
108630  0.4590  25.3220  17.5090  110    38919  -12.8570  24.3250  -39.4060  110
108632  -6.0130  25.5900  18.1620  112    39189  -8.5160  -29.3440  36.4840  112
108633  -7.1950  25.4880  17.3260  113    40134  0.5520  -41.6650  14.9740  113
108634  -8.2050  25.6130  16.9060  114    40429  -42.2210  63.0020  -37.0490  114
108635  -8.8740  25.7210  16.9850  115    39321  -26.3240  34.5910  -34.3700  115
108637  -9.3720  25.8940  17.3050  117    39322  -12.5390  52.8010  36.6490  117
108650  0.2610  25.1080  15.6480  118    40079  -18.5410  84.1580  -5.8750  118
108651  -8.4000  26.1380  16.5320  119    40441  -24.9820  -6.0690  53.3630  119
108665  0.1020  24.8360  13.9790  121    41530  -15.1890  -15.2720  19.0700  121
108676  0.3220  24.5840  12.4870  122    42436  -58.6400  -17.7930  -35.2110  122
108685  0.3730  24.4190  11.1810  123    43511  -46.6690  59.9200  -0.0510  123
108693  0.0740  24.2830  9.9240  124    44055  -41.5850  0.6060  45.2360  124
108703  -0.0470  24.7270  9.3910  126    44558  -42.2720  0.3110  41.4550  126
108704  -0.5320  24.1950  9.0760  127    44541  -42.2160  18.4830  -12.3100  127
108705  -1.2340  24.0630  8.7180  128    45349  -0.3360  -22.6570  49.9120  128
108706  -1.6420  24.1090  8.6020  129    45390  -53.2000  -34.0440  -0.5780  129
108723  -1.4980  24.4220  8.2290  132    46494  -52.2090  32.4700  16.0260  132
108724  -1.6070  24.5900  8.0800  133    46526  -10.1210  30.9340  15.4400  133
108735  -1.3190  24.9030  8.0370  135    46478  -53.0160  -32.2970  17.6040  135
108736  -1.3230  25.1570  7.9220  136    46479  -3.9520  65.3690  -45.2330  136
108737  -1.3420  25.0150  8.1130  137    46504  -56.4380  -34.0480  14.0550  137
109705  -3.3240  26.6400  19.7190  140    39133  -49.6540  -49.8970  -36.8580  140
109707  -9.8230  26.2310  17.5780  142    38728  -3.5040  19.8810  32.2010  142
109711  -0.2010  26.9010  18.9510  143    38920  -13.1110  24.9150  -39.3350  143
109712  -2.1230  27.5760  19.6530  144    72776  -32.1530  -26.9150  18.5830  144
109713  -3.8450  27.3750  19.1400  145    72779  -18.2790  81.0410  -3.4140  145
109714  -5.2100  26.7700  18.3510  146    40105  -36.9600  -73.9510  -35.1170  146
109716  -7.5020  26.2360  16.8160  148    40120  -35.8850  -10.4470  -29.3430  148
109719  -9.3350  26.5800  16.7960  151    40580  -21.1630  -47.1760  44.2090  151
109730  0.4280  26.5150  17.0250  153    40080  -66.6640  -27.8340  -12.8260  153
109734  -8.9850  26.6660  16.4860  157    40555  -21.3430  33.5740  26.9620  157
109735  -9.2570  27.0350  16.4270  158    54733  -9.4390  -23.4940  -22.6930  158
109749  0.3140  26.1780  15.1910  159    41531  -53.5750  -4.7160  -52.6240  159
109762  0.3080  25.8070  13.5020  160    42437  -59.7100  -6.8930  -20.0520  160
109773  0.4000  25.5430  12.0470  161    43512  -7.1060  -50.7710  16.5270  161
109782  0.4350  25.3770  10.7790  162    44056  -1.1650  8.8530  38.9940  162
109790  -0.1970  25.1890  9.0640  164    45314  0.0180  55.4730  29.7690  164
109791  -0.8490  24.9450  8.5750  165    45350  -26.5180  -22.0530  54.2890  165
109799  -1.2120  25.2040  8.3040  167    57486  -0.4440  -32.8920  12.9510  167
109800  -1.5520  24.9690  8.2970  168    45402  -23.2540  6.8100  27.8860  168
109807  -1.5300  25.3580  7.9250  169    46546  1.3630  -63.5590  13.5540  169
109818  -1.3270  25.6870  7.6760  171    47046  -1.3690  -62.5180  25.5760  171
109819  -1.2290  25.8950  7.6570  172    47061  -18.8900  -35.3540  -29.6230  172
109832  -1.2290  26.4070  7.4320  175    73611  -51.7120  7.8030  -10.8490  175
110707  -9.8440  27.1000  16.9930  177    53829  -23.4480  17.0960  -33.3890  177
110711  0.0480  27.5990  17.9570  178    54465  -17.6010  -45.5940  42.6930  178
110712  -1.0570  28.3340  18.8150  179    54449  -0.2540  58.9070  26.0920  179
110713  -2.9420  28.2470  18.9960  180    54450  -41.4720  -53.2070  4.1950  180
110714  -4.5710  27.9920  18.2390  181    54525  -25.7410  69.5640  9.0370  181
110717  -9.5730  27.3010  16.5580  184    54109  0.5210  28.5630  26.1950  184
110721  0.2670  27.7860  16.6670  185    54821  -44.8150  40.1530  -24.7160  185
110723  -5.0880  28.3790  17.5580  187    54524  -20.7060  -46.1630  42.8580  187
110725  -7.1160  27.6160  16.1850  189    55110  -28.3790  -72.9120  4.3060  189
110726  -8.0100  27.2900  15.8650  190    55739  -20.3280  27.2000  39.7410  190
110727  -8.6800  27.3290  15.9150  191    55389  -25.6530  20.1470  48.0220  191
110738  0.3400  27.1160  14.6050  194    54943  -38.4110  -60.6250  -34.6160  194
110768  0.4450  26.4670  11.6250  200    53941  -31.8520  52.3580  -35.2850  200
110780  0.4190  26.3000  10.3830  201    53942  -22.3220  -48.9930  24.5020  201
110788  0.2140  26.0780  9.3620  202    57520  0.9660  -74.7800  1.3260  202
110789  -0.3500  25.9660  8.5680  203    57485  -0.8950  -34.0280  12.2720  203
110797  -0.4200  26.5080  8.1680  205    57504  -22.6610  27.9600  37.5790  205
110798  -1.0860  25.9800  8.0080  206    57487  -1.0530  -33.5180  12.8020  206
110807  -1.3440  26.3510  7.6840  208    57849  -5.5500  49.7710  -44.0810  208
110817  -1.3360  26.1520  7.5980  212    58213  -56.1230  4.8460  -28.4010  212
110835  -1.1680  26.9390  7.3260  213    59395  -3.5560  66.3930  -7.1240  213
110836  -1.2230  26.7050  7.3230  214    58520  -44.3030  36.7650  -20.3200  214
110837  -1.3470  27.1730  7.1550  215    58519  -42.9040  37.0080  -20.3400  215
111563  -10.1090  27.7370  16.8750  216    53830  -41.3110  20.5230  15.0680  216
111568  -1.4330  29.0670  18.5410  217    54448  -36.9820  -59.1240  -1.5420  217
111571  -9.8450  27.9620  16.3990  220    54110  0.4310  30.2080  26.9460  220
111576  0.1580  28.9230  16.7620  221    45113  -28.6380  -46.0770  -13.5850  221
111579  -3.9280  29.2100  17.8050  224    54535  -9.2320  -53.9780  2.5290  224
111582  -9.2910  28.2320  15.6800  227    55370  -32.8770  27.0680  44.6000  227
111583  -9.5140  28.1690  15.9250  228    54734  -17.4240  -18.4470  47.1110  228
111589  -4.1600  29.6930  17.1910  230    72652  -55.8180  -45.6290  17.4230  230
111591  -6.6560  28.5970  15.9800  232    55111  -38.0700  -71.1670  6.9530  232
111592  -7.7480  28.5290  15.2930  233    55728  -11.4510  34.0520  -37.7390  233
111593  -8.5280  28.4740  15.1210  234    55754  -36.7090  -28.9180  31.3300  234
111601  0.3330  27.8940  13.9760  237    45844  -37.8400  20.0360  14.0550  237
111609  0.3830  27.5700  12.5790  238    46963  -12.4880  -78.6040  11.2500  238
111622  0.3730  27.7450  9.1990  242    48334  -5.2970  67.1260  29.0510  242
111623  0.1310  27.1150  8.5870  243    57512  -43.8130  -19.3770  45.8270  243
111624  -0.5080  27.1270  7.9040  244    57827  -49.0700  27.5140  18.8060  244
111630  -1.1000  27.2610  7.3410  245    57995  -46.5970  -30.6850  -12.1680  245
111631  -1.4150  27.7430  7.1500  246    48753  -50.2100  36.2930  -15.8790  246
111637  -1.3660  26.9900  7.3230  247    58525  -52.4610  30.6340  9.4310  247
111638  -1.4390  27.3970  7.1760  248    58214  -56.7200  10.6680  10.0240  248
111658  -1.0630  27.4660  7.2670  250    59394  -6.9550  -54.9760  -6.9760  250
111659  -1.2750  27.7150  6.8180  251    59502  -20.3670  18.1710  -38.7370  251
111660  -1.4570  27.9050  6.9080  252    58547  -14.9270  -14.2260  46.2970  252
111661  -1.2270  28.3640  6.6540  253    73120  -37.6940  8.9790  -5.3440  253
111671  -1.3510  28.1010  6.7020  254    73281  -10.2630  -73.6890  -37.5860  254
111672  -1.4420  28.5720  6.4650  255    73286  -7.8260  -76.7960  -33.8940  255
112404  -10.1050  28.6110  16.3230  256    44577  -19.0210  30.7720  49.4960  256
112412  -2.6410  30.1510  17.5320  259    45115  -44.0740  -41.3280  4.6180  259
112414  -9.8200  28.8970  15.7680  261    44932  -58.7990  -38.8700  -2.4870  261
112419  0.2030  29.5650  16.2750  262    45215  -9.7110  -37.1210  -14.8960  262
112421  -2.7750  30.5500  17.1520  264    45114  -26.2840  -44.7670  -12.8520  264
112423  -5.5740  30.0120  15.8010  266    45911  -33.7950  -28.9790  48.5790  266
112424  -7.0410  29.3820  15.1460  267    46175  -16.8270  13.8150  -46.0760  267
112425  -8.0320  29.1650  14.7590  268    46229  -6.9970  -45.4680  -12.0820  268
112426  -8.7220  29.1500  14.7790  269    46254  -38.6030  35.6260  -15.0200  269
112427  -9.1700  29.3050  14.9470  270    46281  -0.7610  -26.2700  46.5690  270
112428  -9.5320  29.1000  15.3130  271    45456  -63.9370  -36.9940  -2.0480  271
112435  -5.7470  30.4830  15.2820  273    46142  -21.7370  -45.9940  -29.3410  273
112436  -6.3990  30.2520  14.9730  274    46161  -33.3150  45.1120  -17.5180  274
112437  -7.4100  29.9630  14.4970  275    46216  -53.1070  -55.1790  9.1220  275
112438  -8.2830  29.8250  14.2940  276    46241  -43.5590  -70.8370  -9.8260  276
112439  -8.8120  29.8190  14.4490  277    46269  -6.0340  39.5370  14.3530  277
112455  0.3680  28.5270  12.4170  279    47908  -55.2010  -9.7520  24.2530  279
112458  0.4670  28.4360  11.0670  280    48252  -61.7860  -13.9620  27.4210  280
112461  0.3320  28.2770  8.8000  282    48418  -1.5670  -34.6370  -8.3710  282
112462  -0.0010  27.8070  8.0860  283    48417  -59.8080  -38.8810  -27.3460  283
112466  -0.4240  28.1750  7.4630  285    48718  -1.6040  68.9150  -46.4120  285
112478  -1.0020  28.3580  6.7920  287    48754  -4.2390  42.0670  10.0170  287
112496  -1.5480  28.5130  6.7010  289    50752  -21.7960  52.3010  10.8890  289
112497  -1.1360  28.9200  6.2760  290    50754  -13.5220  -31.4330  18.2730  290
112498  -1.0140  29.1550  6.2170  291    49949  -6.3840  50.3900  8.6110  291
112505  -1.2630  28.9680  6.2940  292    51390  -22.1270  7.3660  53.5580  292
112506  -1.1630  29.2820  6.1260  293    50753  -21.8830  51.9200  10.1210  293
112507  -1.0850  29.7440  5.7960  294    50767  -43.2340  31.3880  9.6830  294
113279  -10.1020  29.5710  15.6990  297    44933  -59.2600  -38.3320  -2.9120  297
113287  -4.0350  31.0230  16.1910  301    40259  -53.7800  27.3280  -37.7460  301
113289  -9.4200  29.6760  14.8990  303    46295  -22.9450  -22.9390  52.0410  303
113290  -9.7480  30.0200  14.9500  304    45457  -10.8200  -12.9270  -24.8160  304
113295  0.0620  30.2790  15.7400  305    40244  -3.6180  -38.4200  48.4380  305
113299  -6.6150  30.8040  14.4040  309    47009  -64.0440  4.5250  -8.8080  309
113300  -7.6660  30.6370  13.9080  310    47028  -0.6140  68.2990  -35.2640  310
113301  -8.5300  30.5030  13.8630  311    47047  -0.7150  -61.9860  24.8240  311
113302  -9.1500  30.3470  14.3550  312    46547  -5.9890  -54.1910  7.4990  312
113303  -9.5150  30.9690  14.2570  313    71846  -0.6590  -46.7670  -4.4430  313
113314  0.4290  29.7200  13.9760  314    46964  -9.9470  38.9550  12.1960  314
113315  -8.0630  31.0290  13.5030  315    71919  -37.9070  11.8680  -5.8800  315
113319  0.4000  29.6240  12.4080  317    47925  -26.7990  13.0550  -55.0200  317
113322  0.3820  29.5350  11.0130  318    48265  -44.1930  -17.9910  -41.2850  318
113324  0.4070  29.4550  9.6350  319    48351  -52.1670  7.4840  31.5270  319
113325  0.3550  29.0580  8.6010  320    48419  -0.9320  -35.3620  10.0840  320
113335  0.2430  29.3800  7.9330  322    48643  -55.7180  -24.5810  6.7760  322
113336  -0.2310  29.3100  7.0100  323    48733  -0.3740  52.3600  11.0870  323
113352  -0.6680  29.6270  6.3680  324    49005  -23.1630  -50.2960  29.8920  324
113366  -1.0120  29.6920  6.0030  325    50777  -23.9390  -79.7030  1.4060  325
113367  -0.9280  30.2410  5.7690  326    49960  -51.3170  35.8700  -16.9300  326
113373  -1.1690  29.7950  5.6910  327    51403  -19.2560  27.2690  -64.4330  327
113374  -1.0850  30.2800  5.3860  328    51431  -0.4060  19.7990  -21.0500  328
113375  -1.0550  30.5230  5.3730  329    51020  -37.0740  25.8260  22.8980  329
113376  -1.0630  30.9850  5.2260  330    46064  -17.2210  56.4440  27.7800  330
113383  -1.3120  30.7540  5.0940  331    72388  -24.2400  3.3770  -32.3240  331
113384  -1.3610  31.1520  4.9150  332    72408  -0.4760  -54.8750  8.9780  332
114158  -10.0350  30.6620  15.1360  333    39428  -2.7220  -62.4480  -13.3560  333
114163  -1.4050  31.4150  16.5540  334    40243  0.2170  -40.4800  -5.5680  334
114166  -9.8660  31.2240  14.4580  337    39767  -36.7500  -9.7400  31.9690  337
114176  -2.3390  32.2380  15.8430  340    40242  -27.9700  9.0530  -41.6520  340
114177  -4.0360  32.0690  15.4350  341    40275  -19.0510  9.3210  50.8090  341
114178  -5.5090  31.8150  14.5420  342    41519  -20.1130  25.0310  38.8620  342
114179  -6.7570  31.3800  13.8730  343    41555  -52.0190  4.8160  -44.6490  343
114181  -8.7580  31.0560  13.7010  345    41850  -28.4680  -7.2890  49.3990  345
114182  -9.1410  31.4790  13.6700  346    41852  -11.5280  -45.3870  37.8890  346
114183  -9.5670  31.8310  13.8680  347    40533  0.5090  -41.3820  13.5490  347
114194  0.3820  30.8550  13.8150  348    41148  -36.3510  4.1380  -0.2960  348
114195  -6.0090  32.0710  13.9030  349    41532  -61.9110  18.2690  -8.7690  349
114196  -6.8120  31.9290  13.4240  350    41568  -16.5710  -46.4720  -12.6340  350
114197  -7.7860  31.6740  13.1130  351    41629  -39.3280  41.5640  24.3140  351
114198  -8.5550  31.7760  13.1220  352    41851  -46.8810  -56.5650  21.9130  352
114199  -8.9760  32.2100  13.0900  353    41869  -46.9640  -55.7720  22.8070  353
114202  0.4170  30.7590  12.4160  354    42425  -46.9910  26.8400  -43.5410  354
114205  0.3500  30.6550  11.0150  355    42908  -54.0850  -22.9720  12.4330  355
114208  0.3870  30.6340  9.7670  356    43183  -7.9620  -13.6330  -21.5540  356
114219  0.3170  30.5680  8.6440  357    43277  -60.1380  -17.1680  -35.0970  357
114220  0.1880  30.4690  7.4690  358    44126  -15.8200  53.0830  21.9850  358
114221  -0.1770  30.1640  6.6530  359    44184  -31.7640  9.8720  37.7490  359
114236  -0.4130  30.7350  6.0880  361    45265  -34.0700  4.9650  -4.9090  361
114248  -0.8380  31.1680  5.4300  362    45292  -30.7760  -1.6250  53.6490  362
114252  -1.2880  31.0370  5.0790  363    46176  -10.8520  31.4240  43.9350  363
114253  -1.3270  31.5570  4.8530  364    46178  -45.4170  -54.5380  9.0660  364
114260  -1.6960  31.8720  4.5050  366    46632  -20.7450  -71.7050  21.4060  366
114261  -1.5450  31.8210  4.6880  367    46177  -31.0280  48.6350  20.0860  367
114262  -1.5690  32.0490  4.6440  368    46192  -11.2260  30.3270  44.0490  368
115024  -10.0610  31.7360  14.6440  369    39442  -21.7340  30.2390  40.4770  369
115028  -9.9550  32.2300  14.0000  370    39790  -8.7290  53.5150  -39.5490  370
115041  -0.0720  31.7490  14.9160  371    41149  -17.7800  9.7350  48.5940  371
115043  -2.3310  32.8400  15.3510  373    41470  -10.7180  -16.5270  21.9880  373
115044  -3.9100  32.8190  14.9640  374    41503  -0.0940  59.2060  2.6720  374
115046  -9.3160  32.2400  13.3480  376    41885  -35.8930  -7.0080  -17.0980  376
115047  -9.6960  32.7620  13.3060  377    40556  -56.3360  41.6480  -7.3050  377
115056  0.0970  32.0400  13.9860  378    41164  -1.2150  61.2290  -33.3940  378
115058  -2.2490  33.4980  14.8580  380    71214  -29.9450  -51.0250  29.9250  380
115059  -3.8990  33.4430  14.4830  381    71218  -31.6850  -23.4940  32.3070  381
115060  -5.5520  32.8550  13.7000  382    42459  -40.9660  -60.5270  18.5050  382
115061  -6.8180  32.5770  12.9000  383    42479  -49.7320  -25.7890  -16.7830  383
115062  -7.8590  32.3270  12.5420  384    42516  -17.0010  -28.8700  58.0080  384
115063  -8.6090  32.6300  12.4940  385    42794  -24.8130  9.2650  39.6980  385
115064  -9.2260  32.8730  12.7370  386    41936  -40.2190  13.6700  28.9210  386
115065  -9.6650  33.3510  12.6220  387    71232  -53.3500  38.1720  -10.5350  387
115068  0.3560  31.8980  12.4920  388    42438  -58.5130  -7.1140  -19.9400  388
115069  -7.2210  32.8960  12.3630  389    31681  -30.4890  -14.9110  43.4270  389
115070  -7.8580  32.9670  12.0790  390    71344  -8.5090  -31.6940  15.3740  390
115071  -8.4660  33.1710  11.9270  391    31716  -17.2290  -52.8210  30.8300  391
115073  0.2740  31.7960  11.1090  392    42916  -39.3390  46.2510  -17.2050  392
115075  0.1730  31.6830  9.7740  393    43200  -15.6680  53.4310  23.6240  393
115087  0.1700  31.5950  8.4850  394    43293  -3.9060  23.1670  36.6160  394
115088  0.0850  31.5640  7.3750  395    44145  -20.3860  51.6130  23.3730  395
115100  -0.0910  31.6180  6.5010  396    44203  -3.9370  22.8830  35.2600  396
115101  -0.4320  31.7290  5.7500  397    45273  -30.5900  -31.9420  18.8720  397
115113  -0.8880  31.9910  5.1930  398    45315  -0.2350  56.8020  30.5390  398
115117  -1.3890  32.3450  4.7280  400    46077  -3.2320  -7.2440  39.5660  400
115122  -2.1170  32.8010  4.0870  401    46621  -6.6720  -62.3590  26.7130  401
115123  -2.0910  32.7190  4.3180  402    38210  -51.6240  -50.8590  21.5770  402
115125  -1.7000  32.8690  4.4470  404    37053  -0.5150  21.2960  26.9460  404
115131  -2.1970  33.3010  4.0550  405    71825  -26.5120  -17.9680  -21.5760  405
115851  -10.1170  32.7190  14.2030  407    28618  -11.8910  -2.4400  -39.5000  407
115856  -10.0600  33.1550  13.5660  408    29110  -45.8030  33.3170  12.5880  408
115869  -9.9880  33.5890  12.8860  409    29584  -55.5740  -47.5480  -6.9260  409
115878  -0.0660  32.8510  13.7160  410    31217  -4.9000  -45.5640  -11.3490  410
115880  -2.1920  34.1690  14.2910  412    31498  -53.2150  29.3200  -24.4020  412
115881  -4.0840  33.9930  13.8940  413    31537  -58.4640  -15.1380  -19.3530  413
115882  -5.6080  33.4360  13.1160  414    31624  -24.5910  -14.9110  42.0320  414
115885  -9.4160  33.5740  11.9930  417    31718  -9.5460  -52.4290  24.0690  417
115886  -9.8890  33.9430  12.1950  418    30671  -43.1310  6.1090  -64.1050  418
115890  0.0520  33.1200  12.7500  419    31218  -58.8450  -36.3060  -6.8600  419
115891  -0.5290  34.3320  13.6970  420    31216  -20.6690  -52.4500  26.5000  420
115894  -5.6040  33.9290  12.6450  423    31623  -22.4390  -48.2730  -14.9270  423
115895  -6.8230  33.5370  12.0180  424    31700  -30.8330  -14.7340  44.2390  424
115896  -7.8450  33.5350  11.5940  425    32644  -57.1360  9.8940  6.6420  425
115897  -8.7650  33.6390  11.5050  426    31717  -18.2700  -54.5450  31.9320  426
115898  -9.3440  34.0170  11.3410  427    31740  -21.5590  -42.1960  -33.0790  427
115901  0.1770  32.9200  11.2140  428    32535  -48.0920  -43.0200  -37.7910  428
115904  -0.0570  32.7650  9.7820  429    33114  -51.7630  29.7150  -41.2640  429
115917  -0.0600  32.6760  8.3070  430    33206  -7.6320  -57.7870  26.1880  430
115918  -0.0570  32.2880  7.1410  431    34574  -34.8530  28.3710  -35.6460  431
115932  -0.2830  32.6590  6.3740  433    35525  -67.9330  -11.7000  -7.9360  433
115933  -0.4970  32.4290  5.5060  434    35601  -6.6080  60.7330  -29.9630  434
115949  -0.7910  32.9020  5.0200  436    36684  -51.3660  -3.4950  -0.1150  436
115967  -2.3150  33.2020  4.1610  439    32845  -49.0910  -19.0640  31.8110  439
115968  -1.9470  33.3800  4.2590  440    37930  -0.9810  -60.6110  19.2060  440
115974  -2.1240  33.8880  3.9220  441    35755  -25.8040  -30.9310  -37.2440  441
115975  -2.2460  33.7090  3.9160  442    32844  -23.0390  -24.3440  -33.7760  442
116651  -10.1920  33.6110  13.7770  445    28639  -10.5740  -55.0990  32.6830  445
116656  -10.2190  33.9730  13.1470  446    29119  -66.5800  -10.1660  -17.9110  446
116664  -10.1890  34.3580  12.4470  447    29608  -38.1750  33.7440  10.9840  447
116674  -2.7220  34.6240  13.9810  448    31536  -66.9470  -18.4490  -28.6540  448
116677  -10.1020  34.6890  11.6200  451    30689  -16.9910  23.4100  -40.8120  451
116681  -0.0910  33.9100  12.4890  452    32211  -8.2520  -9.9650  -21.1930  452
116684  -4.0640  34.8980  13.1190  455    31658  -21.8520  50.9070  -34.3110  455
116685  -5.6160  34.5520  12.1320  456    32592  -59.4500  -40.3530  -38.0590  456
116686  -6.9280  34.1410  11.4580  457    32629  -35.5080  -63.9050  -7.0660  457
116687  -7.9560  34.1110  11.0960  458    32660  -0.9850  -4.2430  9.0900  458
116688  -8.8510  34.2550  10.8900  459    32692  -55.3960  -29.4200  -31.7000  459
116689  -9.6670  34.6090  10.8850  460    32883  -46.2970  -10.8110  -22.2540  460
116690  -10.0880  35.1630  10.9710  461    9268  -24.8820  -54.2680  -25.0250  461
116693  -0.0780  34.1110  11.4950  462    32547  -30.2650  -51.8270  23.8910  462
116694  -0.5000  35.1290  12.3980  463    10750  2.4370  -19.9450  -9.5030  463
116695  -6.1570  34.7690  11.4540  464    10848  -45.7800  -51.7650  -28.0350  464
116696  -7.0390  34.7190  11.0030  465    69139  -31.6500  -81.4740  -24.6520  465
116697  -8.0390  34.6910  10.5820  466    69152  -27.0950  -77.7480  -38.4870  466
116698  -8.9220  34.8260  10.3630  467    11975  -44.4420  -55.8840  -30.7910  467
116699  -9.4880  35.1530  10.3400  468    10895  -7.4710  63.5660  -0.9610  468
116702  -0.2610  33.8350  9.8550  469    33131  -27.4140  5.8690  -62.7710  469
116713  -0.3820  33.8310  8.5530  470    33229  -60.4980  13.2100  -15.3740  470
116725  -0.4540  33.8400  7.2710  471    34596  -3.0630  -24.2120  4.3730  471
116726  -0.4210  33.4920  6.2000  472    35543  -21.9730  -58.4840  22.9700  472
116738  -0.5390  33.8720  5.5010  474    35618  -25.7670  -24.5590  -39.6070  474
116739  -0.7930  33.6320  4.7530  475    36696  -7.3370  8.5470  49.7540  475
116755  -1.0120  34.1070  4.4360  477    15042  -42.0050  3.8480  36.3730  477
116767  -1.5770  34.1140  4.1670  478    37931  -40.0120  54.1720  -39.3680  478
116778  -2.0050  34.2130  3.7390  480    34301  -53.8590  3.7270  -42.0650  480
116779  -1.9620  34.4030  3.5860  481    18505  -32.9960  -8.2270  -7.0880  481
116780  -2.0070  34.2240  3.9130  482    38415  -7.7810  -55.4290  22.8470  482
116785  -1.7770  34.4860  3.7620  483    35756  -24.2530  -10.3500  43.7370  483
116786  -1.6010  34.5390  3.2970  484    70278  -16.3500  20.1950  -48.2750  484
117428  -10.3350  34.7950  12.7660  486    8242  -47.6770  -18.0510  -5.6210  486
117434  -10.3690  35.1860  12.0010  487    8736  0.4610  6.4010  -29.5240  487
117452  -2.3860  35.5890  13.0400  490    10752  -58.5740  -2.6430  -22.9580  490
117453  -4.0460  35.5200  12.6130  491    10806  -19.0820  -17.0810  -38.0400  491
117456  -10.1840  35.7810  10.5730  494    9284  -45.9620  -68.4870  -10.4150  494
117461  -0.3080  34.9850  11.3480  495    11416  -58.7190  -1.4030  26.6390  495
117462  -0.7650  35.9490  12.6300  496    10751  -17.7000  -16.7420  -36.9500  496
117463  -2.4740  36.1220  12.5060  497    10767  -21.3970  53.2830  9.3780  497
117464  -4.2560  35.9900  12.0800  498    10822  -61.5330  1.0350  -26.4790  498
117465  -5.8430  35.4820  11.2380  499    10865  -50.6080  -42.2810  -10.9640  499
117466  -7.0990  35.3230  10.5350  500    11692  -45.9630  22.4150  -44.8890  500
117467  -8.1100  35.2720  10.1020  501    11938  -36.5350  -35.8440  34.4760  501
117470  -10.0620  36.2140  10.0890  504    10894  -3.3390  -54.1170  -20.8770  504
117473  -0.3360  34.8980  10.0260  505    11459  -58.8580  -0.0920  26.9520  505
117480  -0.4490  34.9140  8.7150  506    12437  -8.4180  -34.8040  11.8160  506
117491  -0.5930  34.9550  7.4670  507    12451  -22.1190  59.0980  15.5870  507
117502  -0.5670  34.9330  6.3090  508    15004  -52.7120  -55.3510  -24.9010  508
117503  -0.5830  34.8310  5.3050  509    15005  -16.2430  -55.7320  -33.4250  509
117517  -1.0170  34.7430  4.0000  511    16043  -15.2890  16.5060  -49.7940  511
117529  -1.4800  34.8790  3.6770  512    16077  -22.9500  -47.6710  17.6110  512
117546  -1.6230  35.1430  3.2220  514    16881  -14.4320  -69.9320  25.2450  514
117559  -1.6120  34.9150  3.4160  515    19166  -30.8640  -24.3440  22.9230  515
117560  -1.6600  34.9790  3.2000  516    19202  -53.8110  -43.3180  -19.9570  516
117561  -1.6770  35.3270  3.0410  517    18506  -62.4060  8.2040  -44.4730  517
117562  -1.5460  35.8210  2.6780  518    18522  -0.3340  -48.1970  -14.1150  518
117566  -1.5400  35.1590  3.1520  519    19185  -5.7000  -60.8150  -10.2660  519
117567  -1.4670  35.5600  2.8480  520    19215  -10.8020  -51.1340  46.4150  520
118253  -10.5070  36.0660  11.5380  521    8754  -39.1890  -9.2230  -1.4550  521
118272  -0.5660  35.7540  11.3920  524    11417  -31.6550  -1.4910  -34.9420  524
118273  -0.9480  36.7560  12.2220  525    11436  -32.2400  26.0100  -42.6000  525
118274  -2.9170  36.7280  12.1190  526    11512  1.4550  -73.3320  -0.6840  526
118275  -4.7140  36.4650  11.5360  527    11637  -1.1210  -4.5000  27.7740  527
118276  -6.1230  36.0970  10.5570  528    11672  -36.5530  -35.0110  -41.3060  528
118277  -7.2320  35.8370  9.9870  529    11918  -24.1580  67.2100  10.2860  529
118278  -8.1830  35.8750  9.6840  530    11958  -24.7790  66.8100  9.6110  530
118279  -9.0430  36.0810  9.5820  531    12000  -64.5250  -15.0980  -2.2340  531
118286  -0.4540  36.1190  10.4900  534    11481  0.6680  -81.4830  -12.8100  534
118287  -0.7500  37.0830  11.4090  535    62664  -58.7380  -0.1110  17.7040  535
118291  -9.0840  36.7240  9.1970  539    62947  -26.6250  -61.4260  13.2090  539
118314  -0.5920  35.9190  6.0280  543    15006  -16.8600  -55.1110  -33.0930  543
118315  -0.6220  35.4470  4.9960  544    15024  -13.1430  22.0940  -37.6130  544
118326  -0.7210  35.6850  4.2350  546    15068  -10.3120  -68.5250  -37.8690  546
118327  -0.9850  35.3190  3.6300  547    16064  -0.6540  39.3570  -34.3250  547
118337  -1.1240  35.7250  3.1580  549    16087  -40.6690  -54.7450  -28.5710  549
118350  -1.2810  36.0420  2.6210  550    16898  -52.3230  11.4570  -33.9100  550
118366  -1.5460  35.6980  2.6900  551    19232  -1.2380  27.4150  -18.8120  551
118367  -1.5300  36.1430  2.3340  552    19317  -28.1080  30.8140  -36.7370  552
118368  -1.3430  36.4220  2.1590  553    18567  -66.2290  -28.2960  -12.1330  553
118381  -1.5160  36.5750  1.7230  555    2799  -9.5180  -47.9390  13.4440  555
119101  -10.5800  36.9540  11.0090  556    61959  -29.9990  -6.9250  -45.9210  556
119114  -1.8380  37.3410  11.8940  558    62673  -13.9380  -19.5540  -20.4740  558
119115  -3.5870  37.2940  11.7390  559    62684  -10.6860  -65.7790  22.1710  559
119116  -5.2030  36.8930  10.8920  560    62724  -30.8090  -46.0610  43.5820  560
119119  -10.0790  37.4110  9.7160  563    52109  -0.2050  23.9610  -25.9340  563
119126  -0.4230  37.1010  10.3580  564    63187  -29.0930  -10.3590  33.4520  564
119127  -0.9020  37.8570  11.5700  565    62707  -45.8850  -17.5230  -20.4070  565
119128  -2.5060  37.9960  11.6410  566    74116  -37.8010  -60.1060  16.8660  566
119129  -4.3160  37.7850  11.1870  567    74122  -24.9610  -25.9680  -32.1070  567
119130  -6.1170  37.1560  10.1350  568    63304  -23.5860  52.5850  -28.7720  568
119131  -7.4090  37.1390  9.2440  569    53164  -4.9460  -52.2220  4.4440  569
119132  -8.3840  37.1290  8.9470  570    63332  -65.0780  -5.3940  -44.9420  570
119141  -0.2150  37.1890  8.9900  574    63210  -42.8340  2.4620  29.1630  574
119144  -8.9740  38.0190  8.7740  577    53442  -45.3560  -36.5220  -39.7420  577
119148  -0.4330  37.1670  7.4060  578    63395  -57.3350  -0.2200  16.1840  578
119154  -0.6000  37.0390  5.9610  579    53843  -29.1110  74.3910  -7.6420  579
119163  -0.6260  36.8310  4.7220  580    64043  -41.3560  -72.3760  -15.3010  580
119164  -0.6640  36.5880  3.7900  581    64383  -56.6070  5.1600  27.3950  581
119173  -0.8020  36.5400  3.1760  582    55104  -43.4990  -29.4160  -36.4150  582
119174  -0.9790  36.5910  2.6530  583    750  -38.5740  -1.2430  -16.9800  583
119182  -1.1490  36.8300  2.1850  584    751  -38.9030  -1.2930  -17.9510  584
119197  -1.2960  37.2710  1.6950  586    1528  -18.9980  42.2570  28.1890  586
119213  -1.6230  36.7050  1.4650  587    4356  -55.8120  -31.3390  29.0040  587
119214  -1.3860  36.7960  1.3490  588    4400  -31.2510  -39.8970  32.6250  588
119215  -1.3830  37.3510  1.4500  589    2800  -8.2780  -48.9750  13.9060  589
119216  -1.5210  37.8660  1.3200  590    3155  -51.2110  -29.6450  -46.1250  590
119224  -1.3740  37.2500  1.3360  591    4377  -35.8900  -44.0430  30.6260  591
119225  -1.2240  37.6020  1.4030  592    4417  -34.7760  -66.9910  -7.2090  592
119226  -1.4020  37.9710  1.2040  593    4733  -40.9630  -25.5060  -45.7840  593
119876  -10.4990  37.8940  10.4770  594    51770  -18.5900  -48.6720  27.8860  594
119891  -0.5100  38.1550  10.4560  596    52898  -34.7110  -47.4710  -38.2490  596
119892  -1.5020  38.6800  11.4520  597    52909  -26.7260  50.9180  -32.8610  597
119893  -3.2360  38.6950  11.3520  598    53101  -24.7090  76.4040  3.7380  598
119894  -5.0730  38.3270  10.5400  599    53120  -13.9040  -56.1860  1.3410  599
119895  -6.5830  37.8870  9.5790  600    53144  -18.7430  -85.9550  -9.1010  600
119898  -9.6660  38.4930  9.1580  603    52551  -30.9960  8.4270  -62.8570  603
119908  -0.1930  38.6740  9.1330  605    30935  -21.1600  -73.8490  -7.1290  605
119909  -0.6100  39.2540  10.8360  606    52899  -44.3640  -45.8290  -4.2980  606
119910  -2.1280  39.5000  11.2430  607    53093  -62.6550  13.4320  8.4250  607
119911  -3.9640  39.4570  10.9600  608    53110  -10.1940  25.6000  19.2800  608
119912  -5.8230  38.9910  9.9740  609    53132  -10.9380  -44.8200  -24.2440  609
119913  -7.4460  38.3420  9.0580  610    53155  -38.6710  -53.0570  6.1070  610
119914  -8.5170  38.4470  8.7010  611    54123  -1.9400  19.4680  52.4650  611
119929  -0.5060  38.0030  5.5810  615    54563  -34.0450  51.2450  -35.2860  615
119935  -0.5410  37.7120  3.9750  616    54822  -44.8410  -60.2630  14.6290  616
119944  -0.5860  38.0930  3.2830  618    55114  -57.2590  -50.2240  -21.3370  618
119945  -0.7060  37.5630  2.7910  619    55105  -63.4970  -4.0260  6.7700  619
119954  -0.7050  38.0730  2.2450  621    55679  1.0500  -73.8450  3.0860  621
119955  -0.9380  37.7520  1.9850  622    749  -39.3480  -0.0340  -17.9400  622
119964  -1.2240  38.1820  1.3550  623    1562  -64.6550  -2.1690  -8.0380  623
119993  -1.1480  37.8910  1.2440  626    5373  -1.1700  29.7630  5.7320  626
119994  -1.2160  38.2890  0.9710  627    5416  0.4590  38.0080  -17.9330  627
119996  -1.3570  38.9370  0.6200  629    36184  -23.4440  22.9800  30.5350  629
120001  -0.9880  38.3500  1.0000  630    57640  -44.3030  30.5360  10.0860  630
120002  -0.9440  38.8960  0.8240  631    57659  -4.9900  -18.1970  53.2170  631
120620  -10.3570  38.9440  9.9870  632    52110  -43.0530  29.6340  31.7130  632
120641  -1.1760  40.1290  10.8760  637    30936  -14.4810  -70.8880  6.8770  637
120642  -2.6820  40.3490  11.0160  638    54059  -4.1210  75.7140  -2.7840  638
120643  -4.7520  40.4350  10.3850  639    54081  -44.4310  -64.8800  -0.7320  639
120644  -6.7660  39.6410  9.4430  640    54100  -47.1050  48.5640  -36.0180  640
120646  -8.7950  39.0980  8.5580  642    31067  -53.5810  30.3530  -37.7550  642
120647  -9.2510  39.3260  8.8510  643    30457  -21.4400  45.6050  -41.9340  643
120657  -0.1240  39.7090  8.5710  645    30934  -20.9210  -74.5160  -6.9420  645
120659  -5.1370  41.2560  9.9280  647    31005  -26.7030  7.8980  -55.2110  647
120660  -6.3260  40.7360  9.4450  648    71852  -2.0250  5.7720  25.7880  648
120661  -7.6350  40.2100  8.8040  649    71856  -35.7640  -75.5260  -13.8950  649
120671  -0.2570  39.2910  6.7990  652    31626  -3.7260  -39.5680  -13.7280  652
120677  -0.3290  39.0150  5.1450  653    54823  -28.0640  -47.7750  41.7070  653
120693  -0.2320  39.3530  2.9930  656    33949  -20.6490  -28.5440  -31.5110  656
120694  -0.5070  38.8040  2.3980  657    55686  -19.7790  58.1390  26.1840  657
120706  -0.5820  39.3060  1.7820  659    34386  -41.1560  62.3590  -25.5760  659
120707  -0.8350  38.8750  1.5590  660    56060  -10.5800  -44.5240  -26.1780  660
120718  -1.0810  39.0190  0.7790  661    56536  -47.2520  28.5080  23.6290  661
120732  -1.0490  39.0530  0.5510  662    57671  -67.9040  -24.5910  -24.6530  662
121364  -10.1700  39.7160  9.5870  667    29543  -49.1640  63.0380  -19.9730  667
121371  -9.9170  40.2850  9.2080  668    30004  -64.9910  -28.0130  3.4100  668
121380  -2.8780  41.2040  10.7250  671    30967  -36.5240  -0.4540  0.8480  671
121392  -1.5230  41.6940  10.5620  677    30953  -22.9760  -73.5920  -6.7830  677
121393  -3.0270  42.0470  10.5060  678    30986  -53.5810  13.4850  -55.8750  678
121394  -4.4690  41.9790  9.9720  679    31026  -31.1260  54.0080  -27.0690  679
121396  -7.2800  41.2620  8.6830  681    32051  -35.3080  40.6690  35.6190  681
121397  -8.3460  40.8190  8.2830  682    32446  -49.3360  28.2620  -24.8210  682
121399  -9.3480  41.1880  8.3110  684    30471  -0.8930  26.1610  -25.9340  684
121407  -0.1010  41.5030  8.9150  686    31625  -5.1000  -38.7480  7.4860  686
121408  -8.0690  41.5130  8.1570  687    32073  -11.9550  -70.2770  6.1810  687
121415  -0.0850  40.2830  6.4190  689    33038  -45.1120  -40.4900  -32.3060  689
121419  -0.1660  40.1140  4.8540  690    33804  -25.2190  69.6740  -16.4520  690
121426  -0.1370  39.8750  2.6310  692    33965  -18.5080  -65.7740  -37.4120  692
121436  -0.5910  39.8100  1.3920  694    34405  -8.5360  -51.7830  24.3100  694
121446  -0.8480  39.8280  0.8870  695    35343  -34.3170  -7.5480  -50.3640  695
121471  -0.8130  40.4940  -0.4040  698    37782  -20.5020  7.5960  45.1560  698
121472  -0.8410  40.2870  -0.2140  699    37226  -1.6320  9.2410  44.2340  699
121473  -0.7560  40.6940  -0.4520  700    37225  -65.4740  9.5500  -0.2360  700
121479  -0.8390  41.1590  -0.8160  701    38544  -0.6140  34.4460  0.5790  701
121481  -0.9080  41.2640  -0.8090  703    37781  -30.9140  5.5510  -40.3740  703
122138  -9.8480  41.0760  8.7490  704    11639  0.1020  -65.6130  -15.4780  704
122154  -6.5390  42.1650  8.6970  710    32038  -19.1790  -76.6490  -8.0540  710
122156  -8.8560  41.3080  8.0930  712    32477  -16.0310  -2.8710  -43.0200  712
122165  -0.4530  42.6400  9.1620  716    33049  -20.8080  -56.9600  33.1880  716
122166  -2.1810  43.4690  9.7280  717    68585  -6.2340  57.5520  36.7710  717
122167  -4.0920  43.4080  9.2730  718    68592  -42.5340  -10.5240  19.0650  718
122168  -5.7740  43.0340  8.5710  719    68601  -13.3410  -48.7480  -30.0420  719
122178  0.0890  41.3810  6.1520  724    33805  -25.9390  70.5600  -16.4420  724
122182  0.0300  41.2620  4.6150  725    33829  -20.8340  -45.0220  22.7770  725
122186  -0.0270  40.4840  2.1550  727    34387  -38.6980  76.6910  -15.0070  727
122204  -0.3940  40.9840  0.7510  731    16443  -10.6540  77.3130  16.1520  731
122205  -0.6180  40.7620  0.3940  732    35342  -32.5300  -15.6580  -24.4110  732
122219  -0.6500  41.0060  -0.2340  733    17325  -10.9190  -17.4080  46.2570  733
122226  -0.6910  41.5170  -0.7410  735    18484  -12.7330  -0.6310  -38.9020  735
122230  -0.8030  41.5670  -1.0240  736    38248  -35.2980  8.0730  -4.0340  736
122231  -0.9660  41.6290  -1.0100  737    38557  -1.6120  34.9150  3.4160  737
122232  -0.7420  41.7240  -1.0500  738    38590  -42.1490  14.9300  30.3500  738
122233  -0.8320  41.7380  -0.9350  739    19013  -17.6660  -50.5470  46.2220  739
122234  -0.6370  42.1120  -1.1870  740    18931  -39.5870  -32.7850  28.9490  740
122241  -0.7640  41.9420  -1.3110  741    19532  -37.6480  25.9360  -10.6010  741
122242  -0.8600  42.1660  -1.3980  742    19568  -59.2850  -27.9420  -14.0660  742
122243  -0.7990  42.3720  -1.4790  743    19014  -44.2050  -48.5630  -0.2940  743
122949  -9.4560  42.3040  7.5840  744    12141  -55.2080  45.8610  -18.4800  744
122958  0.0870  42.7010  7.6160  746    13331  -1.6650  29.1210  -21.3630  746
122959  -0.7960  43.8450  8.9780  747    13500  -36.6540  29.8810  -19.1990  747
122960  -2.8390  44.3580  9.0340  748    13370  -30.7920  -66.8070  -12.8470  748
122961  -4.9170  43.8900  8.4960  749    13372  -31.2530  -67.4790  -14.9080  749
122962  -6.5060  43.6160  7.7090  750    15114  -12.5200  -21.1410  -17.9980  750
122963  -7.8330  43.0290  7.4110  751    14948  -30.3110  -45.8500  44.8350  751
122964  -8.6280  42.7020  7.2350  752    14347  -24.8900  42.6160  33.6360  752
122966  -9.3910  42.8520  7.1400  754    12716  -26.2240  80.5000  -7.9620  754
122973  0.2620  42.5660  5.9820  756    13332  -0.5490  30.9510  -24.7040  756
122974  -0.1200  44.1180  7.5390  757    13333  -7.9280  29.0340  -38.9230  757
122984  0.1570  42.5840  4.3860  764    14791  -50.1100  27.9280  -44.5720  764
122985  0.3040  43.5050  5.7880  765    14792  -50.9660  28.3150  -44.4260  765
122987  0.1460  42.2890  2.7410  766    15790  -2.6930  28.7610  -41.6880  766
122994  0.1250  41.9390  1.2700  767    15850  -0.6680  59.4740  -33.0030  767
123003  0.0860  42.2610  0.5690  769    16460  -23.7420  47.8490  25.5000  769
123004  -0.2070  41.7990  0.2790  770    16444  -38.4450  72.3840  -14.1030  770
123019  -0.2180  42.2890  -0.2530  772    17326  -11.0340  -17.1850  45.4600  772
123038  -0.4390  43.0780  -2.0060  781    19012  -24.7780  -70.6310  -9.0060  781
123039  -0.2230  43.3740  -2.1190  782    18951  -41.6010  2.9510  -24.4620  782
123046  -0.4910  43.2570  -2.1050  783    7437  -47.9910  9.1900  -32.2110  783
123047  -0.4560  43.5140  -2.2970  784    6256  -16.9290  -59.1420  -16.1260  784
123804  -3.2790  44.9670  8.6590  785    13371  -30.5260  -66.9490  -12.7960  785
123813  -0.3780  45.3410  7.5320  790    14827  -6.7520  30.3520  -41.4950  790
123814  -1.8300  45.3620  8.6310  791    13736  -7.7690  29.6250  -39.5440  791
123818  -8.1500  44.0680  6.4790  795    14949  -23.9620  71.6260  -11.0100  795
123820  -9.2670  43.4880  6.7100  797    14348  -24.9700  41.4710  35.0550  797
123828  0.2440  43.8070  3.8560  801    514  -1.6800  45.1460  28.6760  801
123835  0.2330  43.2950  2.1190  803    15851  -4.9610  72.9450  -13.4730  803
123860  0.2510  43.4070  0.1100  806    2459  -32.0460  29.1210  -7.4460  806
123861  0.0830  42.9330  -0.2660  807    17361  -53.3670  16.3720  29.9820  807
123873  0.1340  43.4250  -0.8080  809    3543  -22.8480  72.1060  3.4370  809
123874  -0.1190  43.0590  -1.0500  810    18485  -12.5120  0.3750  -38.8370  810
123878  -0.6300  43.3810  -2.1640  812    19887  -44.0160  -18.6250  45.8550  812
123879  -0.4110  43.4800  -2.2440  813    19908  -9.0400  4.0790  27.0740  813
123880  -0.1740  43.7220  -2.5240  814    5217  -4.9680  11.0050  22.3570  814
123884  -0.6200  44.0890  -2.8200  816    6228  -43.4790  5.4270  38.0950  816
123885  -0.4560  43.9070  -2.6530  817    6255  -50.5080  60.2410  -27.1890  817
124621  -9.7580  43.9560  6.7090  820    55080  -52.0180  -36.8080  -44.7810  820
124628  -2.9280  46.1810  7.9630  823    56205  -53.3960  -41.1790  -19.0630  823
124629  -5.0820  45.6160  7.3080  824    65199  -58.3520  4.6820  -46.3060  824
124630  -6.6400  45.1090  6.6130  825    65210  -56.5220  -23.4250  5.8850  825
124631  -7.7940  44.7770  6.2080  826    65220  -2.4760  -9.0270  -15.2930  826
124633  -9.0700  44.5200  6.0240  828    55766  -55.6210  -43.8540  -11.3540  828
124641  -4.4710  46.3900  7.1990  833    56260  -28.3410  -28.9450  -39.3470  833
124642  -5.9700  45.9280  6.4950  834    54158  -53.9550  25.9990  0.2990  834
124657  0.2620  44.7370  3.0810  840    1444  -1.0180  4.5520  38.4180  840
124665  0.2560  44.2230  1.4740  842    1888  -18.4170  -53.5920  -14.9660  842
124701  0.2400  44.1500  -1.6990  847    5080  -26.9990  -38.3070  32.0040  847
124708  -0.2260  44.3640  -3.0120  852    6367  -30.8530  41.7670  -19.3470  852
124709  0.0240  44.5870  -2.9600  853    5360  -0.6400  -37.0730  16.4860  853
125393  -9.4680  45.0170  5.9390  862    55555  -3.3710  -11.8770  8.3030  862
125404  -7.7120  46.0100  5.4830  869    52066  -11.0560  -10.7270  17.8020  869
125405  -8.8100  45.6140  5.3550  870    50133  -6.6460  9.3800  25.2280  870
125406  -9.3200  46.0580  5.2700  871    48930  -34.0660  0.0540  -57.6690  871
125410  -0.0180  46.2950  6.2480  872    516  -35.8680  -61.7700  -37.8420  872
125412  -4.4880  47.4560  6.8660  874    56248  -0.8010  32.5870  15.4230  874
125413  -5.6250  47.3380  6.3050  875    54824  -51.5000  -47.2850  -21.1930  875
125414  -6.9180  47.0410  5.6220  876    53133  -50.3520  -33.7830  0.8340  876
125415  -7.9940  46.7430  5.1320  877    51300  -24.4130  7.9360  27.3630  877
125416  -8.6610  46.7660  4.8590  878    48931  -33.7950  0.5580  -58.1350  878
125424  0.3450  46.0020  4.3180  880    515  -1.7240  43.6750  28.2200  880
125430  0.2210  45.5530  2.2790  881    1445  -50.1890  -10.7990  19.4740  881
125441  0.2100  45.0390  0.6820  883    2460  -46.0340  39.0990  -40.9460  883
125457  0.1910  45.3800  0.0570  885    57929  -4.2160  -48.8160  -4.4960  885
125458  0.2860  44.8860  -0.4840  886    3544  -7.2770  -37.5860  47.5510  886
125470  0.3300  45.4340  -1.0190  888    5081  -65.6520  -29.7770  1.6090  888
125478  0.3780  45.1970  -2.1950  890    5218  -5.5350  10.4250  21.7740  890
125487  -0.0830  45.9900  -3.6140  893    6226  -0.0440  -5.3200  35.9380  893
125488  0.0000  45.7130  -3.5700  894    6303  -43.2100  -17.8550  3.1510  894
125489  0.0690  45.9190  -3.5670  895    6350  -22.4600  57.7910  24.9400  895
126173  -1.1580  47.2770  7.5320  901    56204  -53.2740  -40.9980  -19.5070  901
126177  -9.4210  47.0090  4.8640  905    48929  -58.3190  2.8670  -11.7130  905
126183  -2.2750  48.4600  7.5530  908    39192  -21.8170  -0.4910  57.3490  908
126187  -8.1670  47.6170  4.8470  912    56681  -22.6260  20.1790  41.8840  912
126188  -8.9100  47.5730  4.5460  913    56842  -33.3810  -8.0430  47.6490  913
126189  -9.3140  47.8410  4.5190  914    38318  -20.1670  0.3220  57.8860  914
126196  -6.6460  48.8440  5.7630  916    39299  -43.7120  0.3630  -10.4680  916
126197  -7.4830  48.6670  5.1380  917    40141  -15.6650  -16.1460  20.4290  917
126198  -8.2840  48.4620  4.5700  918    40178  -44.1900  -45.5330  -21.0460  918
126215  0.1120  46.2480  1.7050  922    57397  -55.7280  -21.5490  10.1420  922
126242  0.0790  46.1690  -0.7400  927    42361  -52.8910  -31.9770  34.2270  927
126253  0.4050  46.2320  -1.9520  930    59012  -22.4660  -52.8530  -11.5170  930
126261  0.4040  46.3440  -2.7340  931    59380  -1.9430  -36.0470  14.2340  931
126268  0.3180  46.6520  -3.4630  934    59588  -43.2290  -35.1660  -27.0020  934
126271  0.2200  47.0900  -4.0600  935    6258  -65.7780  -33.8970  -21.2170  935
126272  -0.0040  47.1300  -4.0630  936    59866  -1.3180  24.8770  8.0400  936
126273  0.0320  46.8840  -4.0040  937    45227  -53.8670  -54.0250  10.0200  937
126275  0.3570  47.8210  -4.1630  939    73139  -51.8200  54.5570  -23.6040  939
126280  0.4090  47.8690  -4.5850  942    45228  -5.4940  -47.3190  35.8210  942
126967  -4.3660  49.6640  7.1050  946    39257  -13.9010  24.5080  -39.1600  946
126973  0.0790  48.7110  5.3870  949    39193  -33.3550  16.2430  32.3460  949
126974  -0.8310  50.2500  6.8340  950    39191  -44.9930  68.3370  -21.2190  950
126976  -4.8350  50.7570  6.6710  952    39276  -25.9230  15.2530  -40.8540  952
126981  -9.4130  49.2300  3.8730  957    8645  -2.4440  -29.1250  -3.9050  957
126987  0.3700  48.7310  3.5660  958    39692  0.0330  54.2470  -37.4140  958
126994  0.1730  48.3770  1.8180  960    40640  -3.2100  56.3560  -29.8150  960
127008  -0.0980  47.1160  0.5460  961    41437  -34.1380  -4.1200  -2.8730  961
127030  0.1940  47.6730  -1.8880  965    43234  -2.2600  -63.9830  -14.3350  965
127031  0.4340  47.1620  -2.5420  966    43971  -25.3690  -68.5850  -38.6910  966
127041  0.4440  47.6700  -3.2520  968    44477  -36.4980  76.6510  -30.7840  968
127049  0.4470  48.1060  -3.9450  969    44497  -38.4800  46.1400  -38.1840  969
127053  0.4330  48.1950  -4.6470  971    45229  -54.4530  -44.4420  -10.5150  971
127054  0.5260  48.8190  -4.6950  972    44935  -37.2180  -16.9600  18.9260  972
127058  0.5040  48.0360  -4.7480  973    45576  -6.7000  65.7500  -40.1910  973
127059  0.6610  48.3190  -4.9510  974    45668  -14.6090  -28.2600  -23.3200  974
127061  0.6260  49.0330  -5.2430  976    45241  -1.0710  -3.0490  48.5080  976
127067  0.7810  49.2500  -5.9280  979    45667  -11.1450  -42.0530  39.0720  979
127711  -1.0360  51.8420  6.1980  981    8823  -45.0150  -53.4640  -30.2470  981
127712  -3.4390  52.2930  6.2530  982    39852  -56.0200  -22.3470  1.8200  982
127714  -7.0260  50.6230  4.9600  984    40123  -40.3290  7.0660  -7.5340  984
127715  -7.9460  50.0530  4.2520  985    40161  -54.3450  -18.7150  -33.5090  985
127717  -9.2320  49.8450  3.5880  987    8644  -5.3920  -36.0480  14.6070  987
127720  0.2360  50.7140  3.6570  988    8824  -17.7190  -34.1220  43.3250  988
127722  -3.9060  53.0360  5.4200  990    8822  -45.3770  -64.5710  0.4060  990
127724  -6.4920  51.6480  4.7390  992    9770  -50.4880  -30.5970  22.0310  992
127733  0.2880  49.9560  1.6510  996    40924  -15.7220  8.4510  -35.6390  996
127745  0.0620  49.4450  0.1310  997    41457  -27.2570  -7.0640  51.4750  997
127762  0.0260  49.1340  -1.1720  998    42379  -41.9120  11.0300  43.0420  998
127776  0.1640  49.0780  -2.3220  999    43251  -30.2030  -49.1660  37.9650  999
127788  0.3740  49.0830  -3.4260  1000    43983  -37.6250  2.9110  -50.8920  1000
127798  0.4330  49.6340  -4.0200  1002    15666  2.4460  -2.2750  -30.5330  1002
128443  -6.0830  52.4550  4.1640  1012    9458  -45.1050  -26.4400  -13.8910  1012
128445  -8.0350  50.9190  3.2800  1014    9771  -29.9520  -23.1550  28.1580  1014
128446  -8.9930  50.6400  2.9410  1015    8926  -51.2310  53.5040  -2.4070  1015
128449  0.0780  51.9090  2.8400  1016    9365  -47.3370  22.7640  -42.2860  1016
128451  -4.9870  53.4490  3.4510  1018    9457  -7.0200  77.2090  18.0810  1018
128459  0.2580  51.2170  1.1880  1023    12026  -13.8710  -76.3340  -39.1890  1023
128471  0.2050  50.7550  -0.2910  1024    12002  -41.2370  -12.9640  -37.4200  1024
128486  0.2090  50.4750  -1.6190  1025    12003  -41.8230  -12.1770  -37.6870  1025
128503  0.2310  50.3610  -2.8340  1026    13145  -24.6730  7.3950  -36.1950  1026
129175  -1.2380  53.3820  4.5610  1027    9317  -3.3720  -23.1220  -13.1540  1027
129187  -6.4750  52.4620  2.3060  1036    10420  -24.3810  57.9430  -35.3600  1036
129188  -7.5230  51.6960  1.9350  1037    10433  -0.7320  -20.6670  51.5480  1037
129189  -8.7910  51.1770  1.7520  1038    9886  -49.1500  -41.9950  -10.5050  1038
129193  -0.7050  53.7180  2.2490  1040    59573  -50.7220  15.5140  -57.7000  1040
129194  -4.9750  53.6220  2.1740  1041    59614  -21.4980  4.1530  38.1010  1041
129198  -8.8610  51.6380  0.4300  1045    59668  -7.1250  -64.2470  -11.5920  1045
129215  0.2960  52.1120  -0.7470  1047    12004  -41.3620  -10.9140  -37.8370  1047
129974  -1.5900  54.5050  1.3910  1052    39458  -17.1560  54.1130  36.0230  1052
129975  -3.5370  54.3680  1.2430  1053    73001  -53.7690  38.6130  -17.8020  1053
129977  -6.3940  52.7080  0.5540  1055    60012  -48.7660  -11.9060  -4.8540  1055
129978  -7.5310  52.0800  0.0280  1056    60035  -30.9550  59.9840  -32.5240  1056
129992  -0.2590  53.7300  0.1910  1057    60535  -15.7710  -1.7150  -43.1150  1057
129993  -1.3000  54.6450  0.2700  1058    39459  -40.4240  69.1390  -33.5980  1058
