#!ascii label  , from subject FreeSurferMNI152_0.5 vox2ras=TkReg
1237
13086  -28.116  14.896  -54.772 1.0000000000
13476  -38.905  -73.071  -4.458 3.0000000000
13549  -55.981  15.451  -11.262 4.0000000000
13890  -43.143  53.793  4.342 5.0000000000
13972  -3.974  22.188  -33.267 6.0000000000
13413  -4.169  -72.878  -1.337 7.0000000000
13412  -4.294  -73.281  -0.677 8.0000000000
13492  1.087  -60.178  -2.864 9.0000000000
13918  -46.951  -1.060  24.844 11.0000000000
14968  -12.362  39.249  -35.161 13.0000000000
14982  -57.726  27.741  0.481 14.0000000000
15013  -29.272  -30.794  -26.768 15.0000000000
15060  -10.886  74.139  -42.530 16.0000000000
13451  -33.106  0.331  -34.164 17.0000000000
15144  -48.471  18.544  33.965 19.0000000000
15166  -0.737  -75.187  8.446 20.0000000000
15190  -39.314  64.441  7.111 21.0000000000
69049  -6.069  -30.546  47.159 22.0000000000
69054  -4.311  -79.155  -24.462 23.0000000000
5974  -20.300  37.651  23.554 25.0000000000
28360  -10.714  -29.371  -25.628 26.0000000000
28823  -63.335  -11.788  -17.707 27.0000000000
29480  -47.882  38.749  -8.445 28.0000000000
30431  -5.704  20.415  -32.724 29.0000000000
30905  -34.386  -34.340  30.137 30.0000000000
31414  -17.679  18.358  -32.874 31.0000000000
31426  -41.540  -7.195  -5.716 32.0000000000
31886  1.474  -71.352  -21.630 33.0000000000
32808  -4.202  -38.315  6.989 35.0000000000
32807  -24.115  58.977  13.364 36.0000000000
32854  -11.027  -65.406  -36.482 37.0000000000
32935  -30.703  5.700  -63.287 38.0000000000
32487  -23.605  32.727  -50.823 40.0000000000
33453  -40.038  -54.789  30.080 41.0000000000
33809  -64.303  -30.023  -33.549 42.0000000000
32833  -15.871  -54.185  30.929 45.0000000000
32855  -11.089  -66.951  -37.301 46.0000000000
32873  -46.408  -64.406  -1.299 47.0000000000
32958  -51.598  56.356  -11.099 48.0000000000
32992  -29.709  5.240  -62.917 49.0000000000
34273  -31.566  -5.201  -45.662 50.0000000000
34305  -28.584  -54.813  28.175 51.0000000000
34329  -51.404  -14.515  -21.483 52.0000000000
34396  -56.426  27.664  -30.582 53.0000000000
33492  -27.848  31.608  -62.419 54.0000000000
32079  -23.563  -17.221  -25.455 55.0000000000
30659  -27.111  -68.895  -35.227 57.0000000000
28030  -3.714  4.273  25.811 58.0000000000
27837  -19.818  9.336  -55.757 59.0000000000
28793  -28.676  -22.272  32.618 60.0000000000
27351  -15.568  41.435  44.523 61.0000000000
28839  -57.965  -16.618  32.989 62.0000000000
29813  -22.542  -79.635  -3.454 63.0000000000
30448  -38.656  -18.668  27.180 64.0000000000
30925  -48.743  -16.368  31.246 65.0000000000
70824  -8.139  87.276  -26.682 66.0000000000
31925  -31.603  -43.574  -36.282 68.0000000000
31953  -15.232  45.622  -44.521 69.0000000000
32502  -13.989  -18.569  27.221 72.0000000000
33474  -59.742  -43.702  4.373 73.0000000000
33810  -1.333  55.907  9.021 74.0000000000
32809  -59.241  -30.236  -34.300 77.0000000000
33918  -43.041  -3.268  -53.565 78.0000000000
33939  -40.984  3.727  13.989 79.0000000000
34217  -35.991  1.887  1.121 80.0000000000
34254  -42.887  -26.380  -38.192 81.0000000000
34292  -7.463  14.004  -35.793 82.0000000000
32078  -3.950  62.988  -14.951 84.0000000000
32077  -6.087  -46.074  -11.506 86.0000000000
43173  0.065  23.665  20.232 87.0000000000
71448  -11.401  38.880  43.649 88.0000000000
71452  -12.559  -41.730  -25.830 89.0000000000
71456  2.035  -75.568  -14.660 90.0000000000
29068  -28.869  -3.536  -49.696 91.0000000000
26526  -23.402  -9.975  46.069 92.0000000000
71517  -34.942  -74.431  -13.326 93.0000000000
71580  -19.921  -18.356  -21.380 96.0000000000
36939  -1.829  18.550  -36.615 97.0000000000
45246  -0.996  50.678  -19.609 98.0000000000
29703  -58.793  -16.054  31.984 99.0000000000
29704  -20.143  -2.870  -48.267 100.0000000000
30350  -0.337  -63.925  -2.910 101.0000000000
29705  -20.799  -1.860  -49.327 102.0000000000
30709  -64.825  -4.005  -42.320 104.0000000000
30786  -54.966  -34.523  -7.540 105.0000000000
31132  -52.207  5.465  17.391 106.0000000000
31209  -61.950  3.978  19.126 107.0000000000
31283  -41.485  -26.625  -34.767 108.0000000000
31319  -18.863  23.771  -42.288 109.0000000000
30351  -1.194  60.007  -11.793 111.0000000000
30678  -37.293  51.248  -34.193 112.0000000000
30710  -57.202  1.950  -45.347 113.0000000000
30787  -6.919  -30.428  47.280 114.0000000000
31133  -52.821  7.855  -49.643 115.0000000000
31210  -22.431  5.711  -55.283 116.0000000000
31284  -50.209  4.023  -32.341 117.0000000000
31320  -42.065  14.176  -32.209 118.0000000000
32138  -57.443  -35.545  -7.970 121.0000000000
32180  -56.231  -18.725  34.660 122.0000000000
32222  -20.937  -48.658  -30.428 123.0000000000
32264  -23.342  25.085  -42.997 124.0000000000
32306  -41.425  -21.976  -36.777 125.0000000000
32778  -33.684  -21.330  28.376 126.0000000000
32951  -2.313  3.604  -37.946 127.0000000000
33646  -58.736  14.886  9.795 128.0000000000
33272  -24.119  -13.510  47.590 129.0000000000
33671  -41.842  -52.129  26.193 130.0000000000
35200  -35.849  53.249  -33.256 131.0000000000
35214  -35.067  39.691  -22.190 132.0000000000
36718  -51.399  11.350  34.252 133.0000000000
37685  -18.727  -42.166  0.440 134.0000000000
39026  -47.872  31.029  -56.750 135.0000000000
38581  -22.594  -42.551  50.966 136.0000000000
39039  -42.100  34.039  33.483 137.0000000000
39027  -43.687  -68.106  -1.550 138.0000000000
24732  -61.074  -27.111  5.190 139.0000000000
23188  -42.297  16.576  -23.115 141.0000000000
40645  -64.423  -26.875  16.868 143.0000000000
41039  -15.873  8.435  -35.778 144.0000000000
41136  -20.195  36.700  -42.834 145.0000000000
41513  -66.354  -5.829  -20.142 146.0000000000
41843  -29.966  -7.199  51.211 147.0000000000
41880  -41.746  -31.576  35.052 148.0000000000
42032  -14.987  77.689  -26.328 149.0000000000
42393  -43.100  10.560  42.061 150.0000000000
42746  -30.556  -70.508  -39.460 151.0000000000
42821  -27.614  -48.511  43.112 152.0000000000
42841  -6.925  -56.711  14.499 154.0000000000
42872  -8.339  54.400  -47.072 155.0000000000
43127  -37.744  19.905  -10.810 156.0000000000
42767  -54.066  -52.356  13.416 158.0000000000
42820  0.917  -56.083  14.854 159.0000000000
42819  -38.973  47.787  25.970 160.0000000000
42866  -24.298  -71.239  -8.142 161.0000000000
42883  -21.544  -48.870  34.038 162.0000000000
43151  -61.096  -38.600  -3.350 163.0000000000
43188  -45.991  26.388  -45.427 164.0000000000
44033  -6.922  -62.054  28.066 165.0000000000
44064  -0.143  -41.306  10.138 166.0000000000
44091  -2.460  -33.992  27.420 167.0000000000
44585  -30.535  -49.673  36.643 170.0000000000
43625  -16.893  -84.103  -1.096 171.0000000000
43710  -8.385  -66.241  -10.890 172.0000000000
43728  -33.749  17.392  -9.561 173.0000000000
44019  -8.035  -22.013  16.543 174.0000000000
44046  -47.856  -49.624  -24.931 175.0000000000
44078  -32.451  53.177  22.575 176.0000000000
44104  -1.270  -40.029  9.798 177.0000000000
44955  -58.530  -36.730  -2.952 179.0000000000
44986  -37.655  -18.884  17.424 180.0000000000
46058  -9.426  13.482  22.749 183.0000000000
46071  -12.304  9.992  47.921 184.0000000000
46120  -32.356  -12.711  -24.986 185.0000000000
46152  1.103  10.806  -33.702 186.0000000000
47331  -58.392  12.970  19.684 187.0000000000
47363  -38.806  -3.767  47.086 188.0000000000
34633  -17.377  -58.787  -29.060 189.0000000000
29771  0.391  -78.686  -2.906 191.0000000000
30769  -26.250  -48.383  -25.013 195.0000000000
28103  -41.139  -39.473  8.354 196.0000000000
29838  -65.725  -22.839  -32.200 197.0000000000
30606  -2.426  -28.187  -2.622 198.0000000000
31089  -16.490  -3.020  -40.301 202.0000000000
31182  -56.744  -35.759  -7.304 203.0000000000
31246  -31.959  -22.488  29.644 204.0000000000
31350  -21.320  74.413  -11.071 205.0000000000
31351  -22.342  75.394  -11.259 206.0000000000
29882  -8.490  -29.391  49.160 207.0000000000
45247  -6.477  -47.163  35.074 210.0000000000
32121  -13.843  -70.390  5.722 211.0000000000
32664  -25.029  5.858  -61.457 212.0000000000
32681  -31.172  11.394  34.609 213.0000000000
32708  -5.265  -12.515  -6.554 214.0000000000
32744  -30.840  27.331  -62.311 215.0000000000
71171  -37.952  60.686  -7.927 216.0000000000
71175  -3.261  61.301  33.328 217.0000000000
71181  -26.789  -12.758  -30.243 218.0000000000
71180  -11.059  -60.440  20.775 219.0000000000
71296  -9.384  88.673  -12.490 222.0000000000
71298  -50.669  50.298  1.304 223.0000000000
71306  -27.872  -83.971  -19.165 224.0000000000
71350  -9.424  31.599  49.308 225.0000000000
71422  -11.615  83.459  -29.590 228.0000000000
71418  -66.635  -13.828  4.862 229.0000000000
71424  -1.444  -81.980  -24.591 230.0000000000
33776  -37.106  28.135  -40.354 231.0000000000
71479  -64.124  4.693  -23.881 233.0000000000
71473  -19.933  75.187  -24.581 234.0000000000
71481  -7.955  12.390  54.134 235.0000000000
35227  -21.777  -30.873  -35.361 236.0000000000
47632  -4.257  12.382  23.472 238.0000000000
70240  -31.715  31.937  -63.228 240.0000000000
35408  -61.028  17.655  -32.812 241.0000000000
70734  -50.948  -45.776  -8.971 242.0000000000
70241  -32.606  31.766  -63.326 243.0000000000
36719  -24.072  25.420  47.974 244.0000000000
71834  -5.137  -42.743  23.203 245.0000000000
71831  -44.608  64.244  -21.270 246.0000000000
37686  -50.741  -25.052  -43.415 247.0000000000
71916  -24.632  38.426  33.380 248.0000000000
39074  -0.265  74.959  -23.026 249.0000000000
38582  -36.486  -30.175  -42.812 250.0000000000
72009  -43.379  -60.332  17.228 251.0000000000
39058  -50.442  -63.576  -12.072 252.0000000000
72069  -67.438  -20.010  -17.407 253.0000000000
23187  -63.354  -3.488  1.550 254.0000000000
72108  -23.971  26.337  46.981 255.0000000000
23186  -62.025  -3.374  2.249 256.0000000000
40659  -47.985  15.888  -39.829 257.0000000000
41055  -63.594  -8.455  -19.716 258.0000000000
41153  -20.707  38.926  -40.540 259.0000000000
41527  -31.940  -33.780  21.668 260.0000000000
41861  -54.318  -22.750  13.511 261.0000000000
41891  -37.938  1.238  -3.947 262.0000000000
42051  -37.292  -30.837  32.506 263.0000000000
42409  -45.235  -59.306  19.527 264.0000000000
42754  -54.558  -17.408  -34.371 265.0000000000
42787  -0.399  -38.456  39.196 266.0000000000
43591  -32.258  20.958  -8.606 267.0000000000
43608  -47.567  -5.276  -7.703 268.0000000000
43675  1.491  -66.871  -10.017 269.0000000000
43580  -20.514  44.493  -34.326 271.0000000000
44595  -20.323  30.446  49.057 272.0000000000
43638  -31.774  10.106  39.097 273.0000000000
72418  -51.775  -31.148  29.824 274.0000000000
72422  -35.238  -7.488  -15.093 275.0000000000
44847  -15.980  -21.319  51.563 276.0000000000
44857  -22.129  12.463  -47.413 277.0000000000
44891  -40.138  31.373  37.847 278.0000000000
44926  -31.660  51.853  20.984 279.0000000000
54633  -3.061  24.005  -29.147 281.0000000000
72515  -13.939  -37.122  46.535 282.0000000000
72524  -5.012  15.218  -36.847 283.0000000000
72529  -21.274  -41.227  -32.413 284.0000000000
72540  -25.542  -8.518  45.983 285.0000000000
72564  -63.748  5.075  15.384 286.0000000000
72567  -37.981  -20.098  30.912 287.0000000000
55201  -4.835  50.757  6.671 289.0000000000
72669  -40.924  11.048  -14.620 290.0000000000
47307  -52.297  20.387  23.302 291.0000000000
55855  0.035  59.988  -21.220 294.0000000000
48443  -24.129  77.930  6.803 295.0000000000
48422  -10.497  -28.399  -24.967 297.0000000000
48452  -41.622  -67.042  10.560 298.0000000000
56645  -58.560  -34.838  15.838 299.0000000000
72970  -2.851  62.508  -15.246 300.0000000000
72973  -55.897  -20.519  -32.774 301.0000000000
48510  -19.868  -74.335  17.010 302.0000000000
28101  -37.122  -42.001  32.383 308.0000000000
44362  -13.686  56.534  35.319 310.0000000000
44424  -54.421  6.498  -47.153 311.0000000000
44459  -25.717  -51.961  15.000 312.0000000000
44460  -2.831  57.414  -2.668 313.0000000000
44750  -51.308  31.810  22.923 319.0000000000
44461  -19.846  65.120  -38.017 320.0000000000
44892  -40.631  30.369  37.822 322.0000000000
46045  -54.876  40.323  -11.930 324.0000000000
46417  -14.914  -72.643  -39.163 325.0000000000
46500  -43.902  48.049  -21.608 326.0000000000
46875  -0.045  64.465  24.334 327.0000000000
47208  -20.295  -84.215  -8.422 328.0000000000
47649  -34.796  31.293  11.288 330.0000000000
47633  -18.170  15.372  -55.290 331.0000000000
48453  -4.768  -61.215  22.506 332.0000000000
48444  -22.873  78.255  7.920 333.0000000000
49528  -1.299  19.418  23.016 334.0000000000
49284  -64.297  -16.080  -36.680 335.0000000000
50745  -48.646  17.294  -59.923 336.0000000000
51495  -16.241  -57.079  3.010 337.0000000000
51948  -18.479  62.083  12.682 338.0000000000
52619  -1.427  70.279  -6.147 339.0000000000
52643  -5.330  60.270  34.680 340.0000000000
53020  -30.023  -37.251  27.967 341.0000000000
53550  -2.418  9.447  24.927 342.0000000000
53611  -37.826  -58.264  14.268 343.0000000000
53596  -22.153  -43.561  -28.840 345.0000000000
53710  0.011  63.407  7.643 346.0000000000
53822  -11.023  29.303  46.782 347.0000000000
54006  -6.810  -5.941  25.876 348.0000000000
54266  -50.613  6.510  18.963 349.0000000000
54291  -44.440  -21.952  42.978 350.0000000000
54359  -0.481  -23.504  39.723 351.0000000000
54602  -28.645  54.032  15.054 352.0000000000
54618  -16.898  79.100  -3.054 354.0000000000
54646  -8.342  -51.494  2.922 355.0000000000
54938  -6.100  -36.907  26.370 356.0000000000
54958  -45.489  66.975  -9.834 357.0000000000
55175  -60.063  -47.005  -22.556 358.0000000000
54950  -54.190  -32.655  16.921 360.0000000000
54970  -44.883  67.578  -9.238 361.0000000000
55185  -6.681  -38.349  49.960 362.0000000000
55824  -37.934  -60.977  -36.172 364.0000000000
55775  -4.142  -58.558  10.180 366.0000000000
55836  0.334  4.518  -27.150 368.0000000000
56445  -8.738  -32.738  -20.750 371.0000000000
56656  -35.406  26.543  21.523 373.0000000000
57496  -23.377  28.525  38.486 374.0000000000
57497  0.839  -57.874  -6.287 375.0000000000
57516  -32.562  -8.359  46.600 376.0000000000
57498  0.683  -55.870  -5.599 378.0000000000
57506  -44.200  56.350  -5.204 379.0000000000
43791  -18.046  -8.509  -33.368 380.0000000000
32164  -42.812  -3.051  -42.769 385.0000000000
38471  -20.082  -67.770  2.316 387.0000000000
41312  -15.575  74.431  17.506 388.0000000000
34634  -24.122  -10.464  51.792 389.0000000000
28102  -37.243  -41.064  32.886 392.0000000000
44346  -54.349  25.763  19.098 393.0000000000
44413  -27.972  -68.672  -38.553 394.0000000000
72520  -39.549  -56.130  11.612 395.0000000000
44740  -39.197  -48.763  37.335 396.0000000000
38470  -4.642  -83.336  -32.499 398.0000000000
45121  -48.647  7.058  -11.249 403.0000000000
45255  -58.562  -9.833  29.558 404.0000000000
46416  -20.917  -83.751  -6.384 406.0000000000
46766  -52.591  -19.651  12.917 407.0000000000
46891  -22.063  45.736  20.781 408.0000000000
47209  -9.784  -67.958  -12.798 409.0000000000
47661  -39.921  60.234  -6.870 410.0000000000
48467  -13.210  -80.156  8.924 411.0000000000
59634  -24.425  8.793  -57.659 413.0000000000
73136  -44.599  26.574  33.350 414.0000000000
50505  -50.895  -57.400  9.926 416.0000000000
73231  -26.232  -8.076  40.240 417.0000000000
73135  -24.954  78.430  -10.335 418.0000000000
73138  -62.484  -20.998  -30.689 419.0000000000
59819  -6.363  -29.637  19.997 420.0000000000
50746  -26.106  -58.396  4.689 421.0000000000
73229  -2.653  -63.115  26.611 422.0000000000
73237  -4.043  -80.164  -27.610 423.0000000000
73242  -6.753  65.307  -22.710 424.0000000000
73264  -26.716  13.933  -41.293 425.0000000000
51496  -56.092  -46.664  -19.869 426.0000000000
73375  -50.605  -2.434  -4.360 427.0000000000
73379  -13.272  -23.706  60.114 428.0000000000
73387  -48.918  3.560  16.342 429.0000000000
73390  -28.585  -62.932  29.797 430.0000000000
52620  -10.655  85.371  0.984 432.0000000000
73544  -21.268  13.004  -43.721 433.0000000000
73546  -26.794  -8.296  38.531 434.0000000000
73561  -15.866  10.331  -34.254 435.0000000000
52644  -44.546  -51.109  4.643 436.0000000000
73679  -58.700  1.031  13.231 437.0000000000
73681  -45.828  -54.009  3.141 438.0000000000
73714  -48.284  -54.514  2.785 439.0000000000
53021  -49.729  46.319  7.449 440.0000000000
73767  -29.395  -47.529  43.022 441.0000000000
73773  -2.067  -47.117  41.555 442.0000000000
73778  -11.934  -1.266  59.620 443.0000000000
61948  -59.696  27.351  -0.443 444.0000000000
53551  -27.326  12.064  -69.209 445.0000000000
53618  -53.180  -41.889  -12.033 446.0000000000
73880  -36.044  2.449  -59.867 447.0000000000
73885  -50.808  21.061  21.160 448.0000000000
73891  -44.067  -49.916  24.412 449.0000000000
53651  -49.792  0.451  -24.997 450.0000000000
73943  -65.184  -33.866  -4.580 451.0000000000
73945  -12.915  -89.043  -16.738 452.0000000000
73951  -57.618  30.790  -4.392 453.0000000000
53711  -0.916  72.642  -12.073 454.0000000000
73985  -44.285  -24.066  4.232 455.0000000000
73989  -20.958  -66.109  -30.849 456.0000000000
73995  -8.485  73.976  -14.019 457.0000000000
53823  -1.231  -86.274  -13.022 458.0000000000
74005  -47.472  -41.067  0.827 459.0000000000
74037  -62.545  -17.543  -35.961 460.0000000000
54267  0.273  26.463  43.004 462.0000000000
54292  -33.070  -3.726  25.858 463.0000000000
54360  -0.344  -22.168  39.740 464.0000000000
54923  0.214  32.488  0.330 466.0000000000
54930  -39.590  -1.869  31.054 468.0000000000
63763  -12.408  11.626  47.024 470.0000000000
55588  -36.262  -61.678  -36.811 471.0000000000
55597  -14.000  17.460  -33.001 472.0000000000
63934  0.187  -39.221  8.874 474.0000000000
56436  -33.977  78.873  -8.600 477.0000000000
64575  -49.880  -45.170  -39.144 484.0000000000
1428  -57.468  12.773  13.719 485.0000000000
1429  -58.590  13.910  13.430 486.0000000000
1483  0.904  -59.675  9.652 487.0000000000
1545  1.157  2.804  -1.091 488.0000000000
1592  -65.735  -2.186  -8.661 489.0000000000
1575  -7.640  65.077  -46.260 490.0000000000
54894  -9.245  48.330  4.301 492.0000000000
55308  -60.728  -36.695  -4.854 497.0000000000
55466  -27.620  69.701  10.205 498.0000000000
55186  -52.866  -31.387  34.945 499.0000000000
55764  -36.660  -60.808  -5.362 503.0000000000
55765  -7.936  -54.137  2.090 504.0000000000
1348  -44.717  2.979  -6.612 505.0000000000
55811  -67.682  -3.028  -36.690 506.0000000000
55489  1.427  -72.174  3.247 507.0000000000
55787  -58.457  31.877  -2.029 511.0000000000
535  -40.001  -5.024  -19.600 512.0000000000
56366  -56.022  -34.259  15.672 513.0000000000
729  -47.060  -53.856  -9.580 514.0000000000
763  -51.170  52.084  -11.421 515.0000000000
454  -57.324  23.780  -30.946 517.0000000000
57135  -46.819  -32.522  -9.313 518.0000000000
57418  -29.941  -23.019  -24.057 519.0000000000
57708  -52.545  -54.144  1.432 520.0000000000
57948  -4.537  42.516  -33.742 521.0000000000
58016  -20.312  -62.439  34.219 522.0000000000
58251  -57.340  5.093  -28.400 523.0000000000
58449  -42.872  3.188  40.885 524.0000000000
58679  -9.299  84.297  -29.739 525.0000000000
8015  -46.039  39.221  21.932 526.0000000000
8090  -45.259  20.442  2.058 527.0000000000
58725  -7.201  -77.468  -24.921 528.0000000000
58692  -64.796  -3.097  -42.740 530.0000000000
58714  -42.418  11.596  -10.322 531.0000000000
58926  -42.135  -39.544  14.057 533.0000000000
59163  -0.414  46.483  -8.944 534.0000000000
59176  -16.212  -36.065  -16.755 535.0000000000
59193  -0.865  11.279  49.827 536.0000000000
59232  -12.732  -33.593  -27.787 537.0000000000
59248  -21.787  -15.982  46.634 538.0000000000
59625  -10.096  -4.733  -33.848 540.0000000000
59641  -0.526  -53.251  -8.870 542.0000000000
10349  -33.519  -75.672  -36.433 544.0000000000
10367  -38.500  74.394  -31.052 545.0000000000
60096  -5.787  -65.373  -12.949 546.0000000000
60587  -0.950  37.307  16.036 547.0000000000
61059  0.343  -4.124  -35.938 548.0000000000
15104  -28.826  36.264  -33.790 550.0000000000
62698  -25.949  -50.370  8.804 552.0000000000
63123  -43.746  68.511  -8.724 553.0000000000
62959  -12.332  86.989  -16.405 554.0000000000
63307  -46.173  -9.803  -10.183 555.0000000000
63124  -12.353  -50.221  5.739 556.0000000000
63125  -22.034  -48.073  22.411 557.0000000000
63308  -30.183  -3.107  -36.378 558.0000000000
63309  -12.519  32.431  -34.930 559.0000000000
63326  -31.626  -11.028  32.705 560.0000000000
63520  -34.473  52.654  -29.789 561.0000000000
63521  -39.549  -35.912  32.118 562.0000000000
63601  -23.000  -66.580  17.944 563.0000000000
63712  -56.791  24.820  -42.601 564.0000000000
63602  -59.847  19.660  -19.287 565.0000000000
63603  -7.577  65.018  -11.639 566.0000000000
20507  -23.464  -9.324  55.684 568.0000000000
63764  -5.740  -37.796  5.302 569.0000000000
20998  -51.768  -38.995  2.072 571.0000000000
63935  0.028  -39.469  9.569 572.0000000000
20999  -52.918  51.522  -22.826 575.0000000000
64175  -0.694  -18.392  28.037 576.0000000000
64329  -1.805  -47.573  37.707 577.0000000000
23022  -25.438  83.048  -27.416 579.0000000000
1430  -57.890  13.885  12.395 581.0000000000
1456  -13.575  19.926  52.040 582.0000000000
1512  -1.836  -15.901  7.134 583.0000000000
65202  -52.880  -26.617  6.900 585.0000000000
65225  -14.138  -43.082  0.582 587.0000000000
2770  -3.380  67.552  27.987 588.0000000000
25865  -0.079  -37.262  12.526 589.0000000000
54893  -28.891  -73.945  4.800 591.0000000000
66853  -61.067  2.549  18.053 594.0000000000
66867  -6.796  -8.805  -21.055 599.0000000000
453  -13.460  20.350  52.359 601.0000000000
55763  -36.453  -59.578  -5.104 606.0000000000
67429  -45.286  1.945  -10.695 607.0000000000
281  -60.738  -29.057  4.189 608.0000000000
283  -29.689  -10.324  -38.077 609.0000000000
533  -0.770  -12.883  29.791 615.0000000000
534  -40.578  -3.685  -20.176 616.0000000000
571  -42.266  46.108  -37.057 617.0000000000
728  -50.557  -55.878  -11.428 618.0000000000
452  -12.903  21.868  51.985 623.0000000000
2877  -38.800  -30.287  27.305 629.0000000000
4050  -13.905  -20.679  59.704 631.0000000000
4797  -60.189  9.524  -48.126 632.0000000000
5308  -66.822  -8.191  12.410 633.0000000000
5802  -24.065  -21.198  55.639 634.0000000000
6333  -21.235  -81.301  -6.026 635.0000000000
6908  -16.141  82.825  0.683 636.0000000000
7100  -3.171  -11.248  8.165 637.0000000000
6907  -16.124  -47.785  -9.484 639.0000000000
6930  -58.115  27.345  12.377 640.0000000000
7996  -30.157  -65.867  25.881 641.0000000000
7099  -3.115  -9.714  8.401 643.0000000000
7951  -48.577  -20.462  32.371 644.0000000000
7975  -3.873  40.668  -46.399 645.0000000000
8169  -20.203  -83.210  -8.401 648.0000000000
8725  -49.406  60.971  -29.273 651.0000000000
9269  -38.749  -49.797  -24.949 652.0000000000
10268  -35.251  -3.750  28.471 653.0000000000
10350  -32.435  -76.738  -35.924 655.0000000000
10792  -17.801  36.711  47.023 658.0000000000
10791  -47.694  25.177  0.113 659.0000000000
11426  -38.590  36.570  -29.550 661.0000000000
11271  -29.689  45.996  16.921 662.0000000000
11289  -3.060  8.668  26.887 663.0000000000
11427  -23.616  57.273  17.287 665.0000000000
11504  -30.763  57.414  20.328 667.0000000000
11928  -24.882  17.797  -39.924 668.0000000000
12401  -60.572  18.058  -43.477 669.0000000000
12380  1.422  27.127  -6.206 670.0000000000
12445  -36.411  14.709  -5.889 671.0000000000
13107  -24.511  -63.152  0.391 672.0000000000
13091  -1.326  39.927  -32.887 673.0000000000
13152  -23.045  -75.783  -39.767 674.0000000000
14752  -30.424  -10.453  -1.976 676.0000000000
14730  -4.884  -40.236  -18.195 677.0000000000
15105  -27.785  44.856  -23.174 678.0000000000
16889  -48.946  -42.720  21.207 679.0000000000
16873  -51.418  -13.926  -6.486 680.0000000000
18346  -0.785  79.564  -16.966 681.0000000000
18894  -37.785  -8.121  46.156 682.0000000000
19042  -38.472  -4.054  21.357 683.0000000000
18875  -49.386  -12.218  -47.702 684.0000000000
18876  -45.833  17.022  -16.807 685.0000000000
19517  -35.932  48.161  -18.950 686.0000000000
19043  -37.567  -3.956  21.185 687.0000000000
19044  -2.666  4.691  -37.191 688.0000000000
19080  -20.602  35.571  29.454 689.0000000000
19518  -6.640  45.109  6.613 691.0000000000
19545  -49.685  6.520  19.673 692.0000000000
19578  -10.132  -61.574  10.316 693.0000000000
20009  -32.351  26.037  -9.829 694.0000000000
20432  -30.148  49.722  18.684 695.0000000000
20508  -57.253  -5.283  6.966 697.0000000000
21830  -1.559  -30.983  45.164 702.0000000000
23053  -27.199  68.173  -4.987 706.0000000000
23130  -9.954  -12.938  52.041 707.0000000000
23039  -20.041  43.164  20.616 708.0000000000
23077  -52.763  -26.975  36.904 709.0000000000
23142  -46.802  43.157  21.276 710.0000000000
24713  -32.275  -24.598  31.070 711.0000000000
24851  0.583  -62.517  -15.071 712.0000000000
25109  -39.076  -25.528  32.873 713.0000000000
24698  -26.009  46.301  -34.803 714.0000000000
24804  -51.025  6.069  -45.649 715.0000000000
25099  -23.681  1.863  -32.049 716.0000000000
66860  -39.871  5.504  -5.668 723.0000000000
26064  -66.545  -27.736  -25.339 727.0000000000
67035  -0.302  34.675  18.667 728.0000000000
28457  -43.477  -37.859  -31.411 729.0000000000
67177  -35.442  2.225  -59.694 730.0000000000
27981  -28.425  -8.832  39.484 736.0000000000
67423  -20.089  69.024  -36.602 737.0000000000
282  -30.494  -10.764  -37.536 739.0000000000
476  -17.006  15.840  -32.589 741.0000000000
685  -1.429  81.146  -37.524 744.0000000000
1318  -13.002  79.368  -38.474 745.0000000000
3715  -29.936  10.372  -43.435 748.0000000000
4068  -61.878  -43.052  -6.605 750.0000000000
5307  -60.707  -18.126  4.640 752.0000000000
5819  -5.197  -38.149  16.703 753.0000000000
6358  -64.897  -27.099  -10.852 754.0000000000
68822  -27.430  78.333  -5.993 755.0000000000
68851  -41.917  -69.009  -3.198 756.0000000000
68892  -46.091  -44.115  21.524 757.0000000000
6971  -0.130  -11.504  5.825 759.0000000000
7019  -61.099  -33.935  -36.223 760.0000000000
7230  -16.118  7.800  45.039 761.0000000000
7101  -61.289  -4.602  24.587 762.0000000000
7115  -41.081  -2.179  -17.994 766.0000000000
8498  -49.556  -50.523  -8.008 767.0000000000
69302  -21.028  -4.579  56.514 768.0000000000
8724  -45.676  44.524  21.614 769.0000000000
69442  -51.167  -7.238  -27.030 770.0000000000
69308  -55.529  6.433  -12.263 771.0000000000
9286  -34.141  45.535  -14.659 772.0000000000
69445  -18.183  -39.371  36.374 773.0000000000
69443  -18.137  -54.771  35.147 774.0000000000
10290  -5.781  35.695  15.986 775.0000000000
69594  -1.350  -30.435  43.483 776.0000000000
69529  -38.006  -24.182  41.515 777.0000000000
10857  -2.633  9.431  -33.882 778.0000000000
69600  -9.540  -76.106  13.588 780.0000000000
69595  -42.169  -23.865  41.101 781.0000000000
10870  -1.638  -36.681  36.452 782.0000000000
69684  -3.075  42.723  25.093 783.0000000000
11465  -36.903  -74.094  -1.013 784.0000000000
11332  -43.120  -16.195  -7.014 785.0000000000
69712  -39.341  -13.139  23.823 786.0000000000
11442  -10.436  -77.489  -38.206 787.0000000000
69767  -36.829  -61.167  -36.071 789.0000000000
69743  -65.869  -9.456  16.033 790.0000000000
12420  -23.869  17.361  -41.462 791.0000000000
40913  -36.467  48.940  27.687 792.0000000000
41410  -1.824  -59.979  17.624 793.0000000000
13127  -54.731  -4.794  -27.144 794.0000000000
41411  0.969  -54.190  16.759 796.0000000000
69872  -17.716  -76.290  10.556 797.0000000000
15062  -0.799  -43.574  42.675 798.0000000000
43429  -66.929  -9.156  -36.114 800.0000000000
70007  -29.385  -68.357  -37.977 801.0000000000
16903  -37.397  43.686  30.842 802.0000000000
18032  -48.141  12.640  -16.155 803.0000000000
70266  -22.822  73.414  -17.032 804.0000000000
70228  -64.920  -3.758  -24.291 805.0000000000
18347  -62.312  -21.845  24.732 806.0000000000
70403  -27.140  -57.475  34.383 808.0000000000
18937  -57.634  18.652  -15.270 809.0000000000
19192  -11.552  -29.405  14.651 810.0000000000
70489  -6.938  -53.665  27.046 811.0000000000
19977  -31.622  26.140  -8.829 812.0000000000
19994  -31.225  62.400  -33.082 813.0000000000
19892  -37.608  10.465  -2.439 814.0000000000
70477  -2.056  -68.025  -17.152 815.0000000000
70592  -38.218  -16.784  19.969 816.0000000000
20010  -42.230  35.805  -37.528 817.0000000000
70539  -41.002  75.173  -17.621 818.0000000000
70541  -12.427  88.184  -19.251 819.0000000000
70585  -16.131  87.179  -22.188 820.0000000000
20433  -30.337  48.879  19.142 822.0000000000
70607  -10.654  -28.245  -23.517 823.0000000000
20958  -67.735  -18.045  -12.589 825.0000000000
21025  -19.361  23.799  33.952 826.0000000000
46830  -19.868  -84.662  -7.644 829.0000000000
23023  -62.851  -17.032  -15.601 830.0000000000
48158  -14.779  -44.032  -8.690 832.0000000000
24642  -36.071  -74.888  -15.136 833.0000000000
24657  -63.183  -0.585  19.596 834.0000000000
49799  -5.282  18.538  21.342 836.0000000000
71026  -12.525  43.341  -37.472 837.0000000000
26061  -52.014  -46.723  20.571 838.0000000000
26086  -15.629  10.520  -51.183 839.0000000000
26123  -20.599  -81.641  1.369 840.0000000000
52039  -14.957  72.876  19.404 841.0000000000
71213  -51.993  40.357  -11.650 842.0000000000
71223  -32.659  -73.278  -7.522 843.0000000000
25863  -53.153  55.235  -14.696 846.0000000000
25891  -34.510  31.375  -34.163 848.0000000000
26063  -66.690  -27.270  -24.925 850.0000000000
26062  -65.838  -28.559  -24.467 851.0000000000
27932  -29.611  -9.667  38.824 855.0000000000
27980  -47.895  -13.592  -3.878 856.0000000000
28016  -40.095  22.224  -56.299 857.0000000000
28376  -51.452  5.717  20.564 858.0000000000
26528  -55.830  9.384  12.591 860.0000000000
28045  -68.146  -11.241  -15.011 865.0000000000
28388  -57.949  -27.361  30.989 866.0000000000
30374  -34.669  61.799  17.480 869.0000000000
32410  -41.656  34.150  -55.004 873.0000000000
32910  -12.720  -64.927  -36.660 874.0000000000
33300  -39.344  -75.209  -24.189 875.0000000000
33360  -31.063  -17.118  -26.881 876.0000000000
33438  -3.279  44.967  8.659 877.0000000000
33760  -9.142  -62.495  -8.728 878.0000000000
33834  -61.544  -0.058  -50.905 879.0000000000
33299  -52.178  35.857  10.203 880.0000000000
33315  1.609  14.423  -35.838 881.0000000000
33384  -27.237  43.952  -21.225 882.0000000000
33456  -6.773  -43.844  22.365 883.0000000000
33778  -27.232  35.437  40.005 884.0000000000
34343  -32.016  -79.670  -9.685 886.0000000000
34806  -20.717  -45.514  21.109 887.0000000000
35335  -46.726  -52.071  23.436 888.0000000000
35319  -22.658  61.056  -30.359 889.0000000000
36455  -0.563  -71.010  -33.196 890.0000000000
36113  -44.360  -36.828  9.222 891.0000000000
35820  -5.518  -68.844  -32.079 892.0000000000
35837  -32.886  4.929  -41.294 893.0000000000
36720  -48.245  -51.509  21.456 894.0000000000
36456  -20.131  -67.047  28.823 895.0000000000
36468  -43.337  -20.950  -45.224 896.0000000000
36756  -45.002  21.601  0.332 897.0000000000
38132  -12.165  -19.100  23.492 898.0000000000
38143  -34.599  -25.062  -44.318 899.0000000000
38472  -20.486  -66.569  1.262 900.0000000000
38797  -0.288  24.392  42.344 901.0000000000
38612  -1.467  35.560  2.848 902.0000000000
38596  -39.530  -49.119  -39.251 903.0000000000
38667  -21.920  23.752  29.578 904.0000000000
38812  -63.174  -1.514  -45.801 905.0000000000
38798  -0.935  -78.802  -21.602 906.0000000000
39075  0.743  -57.729  23.653 907.0000000000
39563  -21.537  32.927  28.237 908.0000000000
39281  -8.815  -50.702  18.905 909.0000000000
39261  -32.594  46.854  -14.510 910.0000000000
39509  -39.969  3.682  -45.017 911.0000000000
39586  -42.894  -56.230  27.214 912.0000000000
39564  -9.366  -84.584  -34.362 914.0000000000
39956  -8.884  -52.174  9.353 915.0000000000
39984  -57.564  -21.159  1.158 916.0000000000
40072  0.896  48.035  -14.614 917.0000000000
40071  -49.967  39.748  -5.976 918.0000000000
40434  -26.378  9.470  -40.791 920.0000000000
40466  -44.945  32.125  29.795 921.0000000000
40761  -35.786  -20.849  -46.511 922.0000000000
40850  -24.411  -6.698  52.223 924.0000000000
41286  -32.844  30.876  43.057 928.0000000000
41375  -40.133  -36.597  3.467 931.0000000000
41795  -31.701  2.979  52.190 934.0000000000
41844  -29.569  -7.294  50.043 936.0000000000
41892  -38.687  -68.909  -5.894 937.0000000000
43128  -41.199  36.909  -10.647 939.0000000000
43430  -66.562  -10.190  -36.471 941.0000000000
44365  -24.080  -52.274  10.249 942.0000000000
44427  -52.399  12.008  -49.822 943.0000000000
44383  -23.850  7.411  -39.102 944.0000000000
44366  -18.816  65.155  -38.414 945.0000000000
44428  -24.570  44.637  -37.117 946.0000000000
44873  -60.715  4.738  -47.217 947.0000000000
44893  -10.303  34.980  -42.941 948.0000000000
44874  -31.120  12.020  26.269 949.0000000000
45304  -26.504  -23.156  53.000 950.0000000000
45327  -36.339  50.474  21.763 951.0000000000
45616  -40.780  -0.759  -52.240 952.0000000000
45714  -58.119  -14.633  32.806 953.0000000000
45729  -40.197  39.277  -12.494 954.0000000000
45747  -55.711  -51.671  -27.450 955.0000000000
45655  -13.116  -14.012  -24.481 956.0000000000
45715  -53.128  12.565  -51.723 957.0000000000
45716  -52.627  20.077  25.250 958.0000000000
45737  -2.009  65.198  29.179 959.0000000000
45748  -0.716  74.886  -30.599 960.0000000000
46169  -27.025  -18.579  -43.504 961.0000000000
46170  -42.980  -4.030  40.546 962.0000000000
48159  -68.294  -14.018  -25.955 968.0000000000
48174  -1.011  -56.186  10.857 969.0000000000
49782  -55.247  -52.718  6.129 971.0000000000
49809  -13.064  -86.027  -3.644 972.0000000000
51808  -3.198  -63.309  -32.749 973.0000000000
51798  -51.375  -34.281  0.776 975.0000000000
51827  -21.005  -22.622  44.974 976.0000000000
52050  -13.544  47.849  38.800 977.0000000000
53125  -41.910  -23.393  44.289 978.0000000000
53172  -34.785  0.220  23.478 979.0000000000
53115  -52.180  38.981  -23.215 980.0000000000
53140  -2.095  -8.133  8.770 981.0000000000
25864  -44.945  -59.383  -36.687 982.0000000000
26529  -39.512  13.004  -30.382 988.0000000000
27931  -31.145  -19.245  -22.934 990.0000000000
27954  -24.719  -68.687  -33.493 992.0000000000
28409  -49.526  32.467  -44.815 994.0000000000
28432  -9.124  58.659  -9.592 995.0000000000
28504  -6.209  66.987  -10.188 996.0000000000
29551  -56.566  -21.427  9.170 999.0000000000
31546  -9.264  44.584  -42.674 1002.0000000000
30943  -10.982  -22.830  28.831 1003.0000000000
32424  -12.236  1.869  -38.031 1005.0000000000
32937  -32.248  33.499  41.896 1006.0000000000
33343  -9.258  -9.812  -24.826 1007.0000000000
33417  -21.019  61.256  10.912 1010.0000000000
33495  -34.769  53.023  -30.159 1011.0000000000
33815  -23.530  -8.250  35.935 1012.0000000000
34124  -34.770  31.102  -63.490 1014.0000000000
34125  -26.073  34.200  38.397 1015.0000000000
34356  -31.962  -13.671  42.859 1016.0000000000
72101  -28.351  -12.188  -42.382 1017.0000000000
72177  -40.842  22.645  20.370 1018.0000000000
72178  -40.787  22.131  19.455 1019.0000000000
34821  -23.311  70.145  -35.452 1020.0000000000
58726  -1.344  -51.055  -9.032 1021.0000000000
72179  0.196  -32.991  3.330 1022.0000000000
36094  -0.813  -26.032  2.905 1023.0000000000
59033  -40.873  -14.525  -44.468 1025.0000000000
36486  -46.494  -29.644  -10.296 1026.0000000000
59304  -29.267  -30.947  22.067 1029.0000000000
38205  -4.046  17.671  -37.640 1030.0000000000
60364  -9.760  -20.755  33.306 1032.0000000000
38187  -5.056  -13.743  -13.215 1034.0000000000
72577  -48.969  -41.245  12.106 1035.0000000000
38835  -27.160  6.378  -38.578 1036.0000000000
38629  -40.987  -49.104  -39.462 1037.0000000000
72691  -11.147  -27.038  50.982 1038.0000000000
39041  -50.029  -64.084  -11.467 1039.0000000000
72762  -59.581  10.159  -0.218 1040.0000000000
39480  -44.185  11.761  -26.456 1041.0000000000
40338  -63.903  -39.307  -19.149 1043.0000000000
40378  -25.313  7.690  -39.134 1045.0000000000
40800  -34.510  -61.854  -38.649 1046.0000000000
41317  -55.752  -29.705  -46.088 1048.0000000000
72975  -46.596  -22.998  -46.922 1051.0000000000
41815  -1.295  -6.354  -18.647 1053.0000000000
43085  -44.707  -19.141  -41.670 1054.0000000000
62830  -37.970  -27.219  40.236 1056.0000000000
73100  -58.997  -44.085  12.197 1058.0000000000
73126  -57.096  -20.176  -33.613 1059.0000000000
43175  -0.723  24.686  20.490 1060.0000000000
44080  -6.612  -51.459  15.974 1061.0000000000
44327  -25.631  -8.492  -32.236 1062.0000000000
72433  -43.966  40.204  25.898 1063.0000000000
72292  -42.821  7.768  -65.263 1065.0000000000
44399  -6.471  61.398  -44.415 1066.0000000000
44822  -37.105  -57.190  14.328 1067.0000000000
44848  -64.117  -2.826  -7.465 1068.0000000000
71878  -41.938  24.566  9.613 1069.0000000000
71966  -41.928  30.243  28.322 1070.0000000000
44912  -29.789  -61.605  31.123 1071.0000000000
45257  -13.567  10.161  47.299 1072.0000000000
73439  -38.309  4.283  -2.704 1074.0000000000
73405  -60.272  -42.033  -0.338 1075.0000000000
45328  -36.673  50.832  23.051 1076.0000000000
45617  -37.805  8.117  46.990 1077.0000000000
45656  -13.044  -12.642  -25.443 1078.0000000000
46392  -4.537  -58.147  14.693 1079.0000000000
46558  -18.362  63.018  27.583 1080.0000000000
46419  -8.073  -43.318  -8.092 1081.0000000000
73538  -29.683  -25.657  39.925 1082.0000000000
73614  -43.511  29.113  12.644 1084.0000000000
48185  -48.329  17.911  -18.436 1086.0000000000
48198  -38.710  -29.114  43.727 1087.0000000000
51788  -15.813  -18.566  51.750 1089.0000000000
74137  -22.451  -5.126  55.623 1091.0000000000
53090  -13.628  -29.840  15.613 1092.0000000000
53095  0.174  29.669  29.628 1093.0000000000
865  -34.977  45.715  31.808 1095.0000000000
866  0.173  48.377  1.818 1096.0000000000
921  -3.712  29.871  17.387 1097.0000000000
977  -0.011  66.732  -40.376 1098.0000000000
958  -38.159  -18.631  -47.343 1099.0000000000
7304  -14.129  -35.382  45.512 1100.0000000000
54439  -46.159  -13.536  20.021 1102.0000000000
54473  -46.678  53.704  1.820 1103.0000000000
7826  -16.722  -31.920  -22.506 1105.0000000000
6361  -4.390  -6.815  -27.229 1106.0000000000
7444  -1.322  -62.440  0.906 1108.0000000000
55101  -45.243  53.753  0.412 1110.0000000000
8730  -41.927  -54.642  -29.142 1111.0000000000
55355  -59.854  -46.219  -5.464 1113.0000000000
55378  -43.028  -12.636  19.915 1114.0000000000
55054  -37.710  51.023  -2.457 1116.0000000000
10448  -13.900  -48.439  5.690 1120.0000000000
52829  -57.174  -1.304  -26.935 1124.0000000000
50994  -38.305  -6.383  31.598 1125.0000000000
49827  -53.134  38.905  -15.796 1127.0000000000
57233  -16.185  -45.402  -13.373 1128.0000000000
57419  -20.886  -16.482  51.773 1129.0000000000
57441  -27.652  -57.270  2.071 1130.0000000000
57452  -24.609  -74.220  -5.146 1131.0000000000
57517  -55.141  -0.159  17.243 1135.0000000000
58036  -37.773  -44.653  37.873 1136.0000000000
58352  -65.782  6.565  -28.859 1137.0000000000
58353  -37.543  -58.144  -3.071 1138.0000000000
14938  -2.830  -86.328  -24.750 1139.0000000000
58561  -10.806  -4.922  -33.066 1140.0000000000
58562  -45.480  36.752  -20.492 1141.0000000000
58354  -9.314  -50.772  -12.317 1142.0000000000
58476  -51.756  29.296  7.235 1143.0000000000
58983  -19.858  21.690  34.587 1144.0000000000
58563  -4.753  42.320  -46.588 1146.0000000000
16538  -2.934  -56.053  -26.045 1148.0000000000
58982  -29.978  0.500  -37.843 1149.0000000000
58981  -29.264  0.460  -37.961 1150.0000000000
59298  -2.565  15.197  -36.727 1152.0000000000
60331  -7.957  57.162  -7.977 1155.0000000000
62180  -16.750  86.229  -7.354 1157.0000000000
62837  1.410  32.873  -12.380 1159.0000000000
62802  -13.795  46.557  40.672 1161.0000000000
62831  -34.426  -7.245  -9.731 1162.0000000000
62858  -15.138  5.812  -41.009 1164.0000000000
63328  -30.206  -68.975  20.826 1165.0000000000
63484  -33.979  -29.378  16.508 1166.0000000000
63329  -12.480  -59.565  -9.003 1168.0000000000
63485  -24.937  -27.949  -25.138 1170.0000000000
63511  -60.076  16.842  -46.690 1171.0000000000
63683  -45.842  -37.346  -38.163 1172.0000000000
63699  -56.205  25.288  -42.683 1173.0000000000
63703  -17.585  -17.808  -22.133 1174.0000000000
63700  -3.303  34.866  33.587 1175.0000000000
63872  -3.928  29.210  17.805 1176.0000000000
63890  -2.156  -75.569  3.077 1177.0000000000
63898  -45.964  -62.629  12.075 1178.0000000000
65052  -51.852  30.414  -21.137 1179.0000000000
65053  -45.560  47.265  -25.259 1180.0000000000
65474  -46.610  -10.979  28.124 1181.0000000000
66025  -22.008  17.327  -32.608 1182.0000000000
66589  -36.053  22.888  10.893 1183.0000000000
66695  -64.023  10.049  -19.948 1184.0000000000
67198  -3.893  -23.234  29.760 1185.0000000000
67711  -26.716  -56.820  -33.443 1186.0000000000
867  -20.486  46.550  -35.561 1187.0000000000
894  -27.243  50.213  -36.190 1188.0000000000
5758  -23.423  -47.975  12.633 1190.0000000000
7305  -63.369  -6.101  22.942 1192.0000000000
7352  -57.607  -1.695  30.991 1193.0000000000
6748  -11.219  -47.689  8.720 1195.0000000000
6337  -43.744  -69.429  -30.401 1196.0000000000
7303  -12.965  -35.386  45.907 1198.0000000000
7472  -36.458  -45.078  -39.244 1200.0000000000
8729  -44.450  -55.491  -30.547 1201.0000000000
8747  -4.271  -49.976  -24.266 1203.0000000000
9030  -11.481  -46.860  -9.939 1204.0000000000
7803  -26.515  66.277  17.463 1205.0000000000
8548  -23.452  -63.369  23.866 1207.0000000000
9544  -26.197  -64.526  24.331 1208.0000000000
11119  -2.396  -54.135  -22.740 1212.0000000000
11702  -47.759  18.203  -42.447 1213.0000000000
12267  -10.894  -46.199  46.855 1214.0000000000
12629  -37.673  58.256  17.968 1215.0000000000
12679  -29.063  9.240  28.781 1217.0000000000
12698  -23.921  48.386  32.757 1218.0000000000
13307  -44.309  -16.088  -40.272 1219.0000000000
13322  -44.311  -16.764  -40.742 1220.0000000000
13357  -18.968  -48.473  -14.196 1221.0000000000
14835  -24.410  59.331  -36.568 1222.0000000000
13878  -18.409  -47.665  2.001 1224.0000000000
15450  -10.523  36.331  11.008 1225.0000000000
15451  -10.629  37.214  11.430 1226.0000000000
14834  -44.247  -50.577  -29.865 1227.0000000000
14833  -42.664  -52.806  -29.432 1228.0000000000
16281  -48.748  -53.632  -33.006 1230.0000000000
16282  -49.331  -52.830  -32.188 1231.0000000000
15452  -24.294  -68.728  -38.862 1232.0000000000
15468  -64.355  11.323  -37.382 1233.0000000000
15536  -48.949  23.191  31.697 1234.0000000000
16280  -35.278  -60.628  -29.817 1235.0000000000
16374  -3.625  -10.559  -5.105 1237.0000000000
28971  -61.739  -40.848  -30.608 1239.0000000000
28972  -42.416  -33.097  36.538 1240.0000000000
28973  -10.006  -18.222  28.913 1243.0000000000
29162  -46.453  65.119  -19.892 1244.0000000000
29128  -21.251  51.810  -30.269 1245.0000000000
23954  -19.566  -57.635  -35.217 1246.0000000000
20827  -39.782  24.280  10.224 1247.0000000000
19760  -44.849  -41.568  17.865 1248.0000000000
28108  -30.568  -15.135  49.366 1249.0000000000
22402  -27.071  -71.119  16.742 1250.0000000000
19759  -16.326  -42.385  38.743 1251.0000000000
19758  -16.902  -41.692  38.180 1252.0000000000
30732  -6.539  12.603  -33.844 1253.0000000000
30771  -2.806  65.568  -12.473 1254.0000000000
36000  -0.480  -24.774  4.385 1255.0000000000
37790  -28.869  -53.783  24.268 1256.0000000000
7351  -47.157  -25.323  -12.636 1259.0000000000
7424  -0.449  -62.683  1.834 1260.0000000000
7865  -37.758  19.736  40.143 1261.0000000000
8512  -2.722  0.486  27.864 1264.0000000000
8513  -30.589  8.927  34.697 1265.0000000000
62560  -59.749  -34.585  -5.434 1266.0000000000
8728  -5.015  64.013  1.588 1269.0000000000
9029  -31.314  58.444  -32.071 1271.0000000000
8566  -42.009  23.132  -36.458 1273.0000000000
9570  -28.087  15.040  41.605 1274.0000000000
10472  -32.101  -2.534  -34.557 1275.0000000000
11138  -1.945  80.514  -3.461 1276.0000000000
11724  -54.219  21.194  -38.411 1277.0000000000
12291  1.636  -19.032  -11.770 1278.0000000000
12657  -56.995  26.456  -30.433 1279.0000000000
71911  -3.091  -21.418  33.180 1280.0000000000
71914  -54.681  39.353  -5.042 1281.0000000000
71923  -23.007  2.884  -41.790 1282.0000000000
13306  -44.262  -16.895  -39.988 1285.0000000000
13344  -0.428  -19.610  -12.403 1286.0000000000
13382  -26.405  -22.694  -17.001 1287.0000000000
14895  -52.390  13.118  -11.134 1288.0000000000
14883  -5.209  -48.856  -11.685 1289.0000000000
14049  -13.120  -61.575  16.644 1291.0000000000
72135  -24.618  -68.305  -36.542 1292.0000000000
15676  -34.695  51.256  26.572 1293.0000000000
15502  -39.998  51.911  -1.749 1295.0000000000
29917  -1.695  -38.729  -11.562 1300.0000000000
29967  -7.098  55.722  -27.519 1301.0000000000
29995  -23.389  -17.018  -22.512 1302.0000000000
68958  -32.111  -40.378  37.313 1304.0000000000
30337  -23.099  -48.811  -25.495 1305.0000000000
30355  0.320  -42.310  25.710 1306.0000000000
30462  -53.045  -34.662  17.248 1307.0000000000
30494  -28.150  -59.762  32.933 1308.0000000000
30754  -28.162  -15.129  41.256 1309.0000000000
27003  -45.889  32.325  -29.832 1310.0000000000
25971  -39.760  63.225  -17.740 1311.0000000000
61835  -35.583  18.404  -12.578 1312.0000000000
62111  -2.996  21.836  -20.322 1313.0000000000
62118  -10.928  -4.760  -38.492 1314.0000000000
62181  -47.719  -15.930  43.106 1315.0000000000
62291  -43.013  46.761  -20.516 1316.0000000000
27448  -4.854  -24.007  15.586 1317.0000000000
62551  -22.708  70.541  -12.805 1321.0000000000
62165  -10.035  -77.142  12.907 1323.0000000000
62182  -60.796  14.060  -15.850 1324.0000000000
62669  -11.309  -54.014  -12.422 1329.0000000000
62742  -59.830  10.343  -2.298 1330.0000000000
62952  -4.378  71.987  -15.701 1331.0000000000
63168  -18.880  71.542  -36.968 1332.0000000000
30609  -68.580  -18.520  -26.016 1333.0000000000
63813  -12.480  30.869  -37.610 1334.0000000000
63943  -18.373  13.965  -43.786 1335.0000000000
63963  -34.000  -10.835  30.881 1336.0000000000
63980  -28.905  45.013  35.660 1337.0000000000
63999  -52.633  29.660  -16.588 1338.0000000000
64013  -4.378  56.392  -29.182 1339.0000000000
34094  -37.830  77.573  -14.813 1340.0000000000
64486  -41.163  -22.804  -41.316 1341.0000000000
64330  -36.540  -26.665  35.581 1342.0000000000
64974  -9.464  55.959  -28.534 1343.0000000000
64975  -23.425  71.194  -19.021 1344.0000000000
64487  -54.667  9.548  -11.647 1345.0000000000
64491  -44.867  -50.387  3.391 1346.0000000000
64605  -51.843  -3.838  -2.171 1347.0000000000
65336  -1.714  -55.739  -24.826 1348.0000000000
65358  -35.075  -19.901  23.063 1349.0000000000
64983  -47.903  -20.760  -40.107 1350.0000000000
64976  -65.102  -29.639  7.767 1351.0000000000
65337  -52.411  53.605  -26.593 1352.0000000000
68935  -40.467  -4.355  -19.075 1353.0000000000
68945  -17.288  79.295  -5.323 1354.0000000000
68952  -47.464  -58.854  -35.176 1355.0000000000
45587  -51.509  25.867  18.353 1356.0000000000
69142  -18.930  -39.248  36.818 1358.0000000000
69150  -53.767  -7.522  -26.846 1359.0000000000
69157  -27.478  -66.055  25.281 1360.0000000000
69163  -0.376  76.486  -7.918 1361.0000000000
69169  -44.991  -60.885  -33.870 1362.0000000000
69177  -22.159  5.645  46.510 1363.0000000000
25940  -20.544  -9.142  39.115 1364.0000000000
27447  0.301  -31.929  35.716 1366.0000000000
26976  -1.422  -26.784  1.394 1367.0000000000
27611  0.093  -33.452  34.671 1369.0000000000
27971  -40.611  66.378  -6.671 1370.0000000000
28031  -3.066  3.542  26.147 1371.0000000000
28046  -68.155  -9.841  -15.175 1372.0000000000
28540  -10.558  -4.527  -38.792 1375.0000000000
28506  -20.957  -43.074  30.010 1376.0000000000
27982  -4.894  -2.587  -39.037 1377.0000000000
28627  -16.575  -19.636  -23.745 1378.0000000000
28673  0.544  -23.048  12.026 1380.0000000000
29354  -45.274  11.372  -22.641 1381.0000000000
29996  -30.935  5.326  -51.144 1382.0000000000
30610  -42.741  -1.647  -48.046 1383.0000000000
30972  -27.107  26.593  -39.902 1384.0000000000
30995  -19.810  46.296  -42.668 1385.0000000000
31116  -36.381  -46.521  0.819 1386.0000000000
31459  -30.022  16.343  44.653 1387.0000000000
30973  -50.288  40.804  8.864 1390.0000000000
30974  -49.643  40.821  8.433 1391.0000000000
31090  -59.718  -0.310  -44.973 1392.0000000000
31445  0.949  -13.946  -5.034 1393.0000000000
32565  -16.367  -68.865  4.729 1394.0000000000
34093  -8.644  67.954  -19.018 1395.0000000000
34140  -66.419  0.673  2.437 1397.0000000000
33571  -46.316  5.917  -63.206 1398.0000000000
34993  -40.434  -73.356  -29.589 1399.0000000000
34995  -25.447  -58.407  26.727 1400.0000000000
35112  -34.906  -71.364  -39.697 1401.0000000000
34095  -45.590  -37.452  -38.938 1402.0000000000
45561  -58.103  20.394  -48.243 1407.0000000000
45618  -37.854  50.489  21.558 1409.0000000000
45638  -41.753  -38.508  -26.535 1410.0000000000
46347  -5.148  -37.319  34.556 1411.0000000000
46376  -2.772  66.788  -33.824 1412.0000000000
46394  -23.666  57.597  -34.368 1413.0000000000
46422  -33.899  -11.685  -27.468 1414.0000000000
46702  -4.102  -32.511  24.179 1415.0000000000
25924  -52.555  -31.323  -46.840 1416.0000000000
59610  -7.041  -42.692  -14.313 1418.0000000000
27514  -33.780  -19.706  -23.669 1420.0000000000
27612  -32.721  -6.190  -43.472 1423.0000000000
27613  -32.661  -7.306  -42.406 1424.0000000000
28018  -52.186  38.053  -6.803 1425.0000000000
28507  -30.005  -15.136  46.740 1428.0000000000
27983  -26.154  17.439  49.228 1429.0000000000
28628  -29.261  -3.669  -49.077 1430.0000000000
28541  -15.613  7.055  -48.905 1431.0000000000
28674  -22.542  69.587  -12.177 1432.0000000000
29355  -45.522  12.465  -22.110 1433.0000000000
29997  -50.744  12.227  -53.690 1434.0000000000
30645  -4.553  -8.083  37.418 1435.0000000000
31035  -25.212  6.315  -56.479 1436.0000000000
31014  -8.376  74.534  -13.488 1437.0000000000
31134  -60.343  16.241  12.441 1438.0000000000
31053  -33.400  -13.090  -2.105 1441.0000000000
31508  -0.649  70.599  -28.318 1442.0000000000
33572  -46.529  15.077  36.871 1443.0000000000
32566  -22.396  -56.237  29.197 1444.0000000000
35383  -18.710  -10.238  -26.775 1445.0000000000
34139  -38.562  -8.723  -49.031 1447.0000000000
34491  -10.462  -53.230  28.233 1448.0000000000
35587  -40.021  -48.141  -16.591 1450.0000000000
34994  -35.004  39.604  -20.257 1451.0000000000
35011  -41.032  15.743  -35.246 1452.0000000000
45568  -38.184  -17.246  18.335 1456.0000000000
45603  -28.299  -58.351  10.196 1457.0000000000
73853  -42.965  26.732  25.575 1458.0000000000
46348  -50.265  -31.212  26.995 1460.0000000000
46362  -26.918  -48.675  42.882 1461.0000000000
46384  -54.518  -18.522  14.571 1462.0000000000
46409  0.179  65.573  -44.397 1463.0000000000
46446  -35.943  -1.743  50.682 1464.0000000000
73955  -2.488  -47.982  39.127 1465.0000000000
25958  -0.395  -37.899  -5.201 1466.0000000000
27004  -9.228  -70.415  10.986 1468.0000000000
27999  -27.846  -8.876  37.743 1470.0000000000
60039  -50.921  -4.301  20.174 1471.0000000000
60029  -10.469  -4.331  18.678 1472.0000000000
60538  -61.260  18.767  -9.282 1473.0000000000
60539  0.649  47.281  -14.288 1474.0000000000
60332  -8.548  56.970  -7.574 1475.0000000000
60149  -12.842  42.387  -37.606 1476.0000000000
60768  -31.995  -66.311  -10.933 1477.0000000000
60554  -1.889  65.480  -9.801 1478.0000000000
60808  -60.726  25.978  4.053 1479.0000000000
60779  -18.455  -51.832  -14.399 1480.0000000000
60821  -48.735  10.881  -14.566 1481.0000000000
30121  -28.959  26.529  -58.409 1482.0000000000
61229  -59.662  -2.508  11.441 1483.0000000000
61230  -61.093  -2.372  11.204 1484.0000000000
61250  -45.031  -19.127  32.542 1485.0000000000
61271  -55.429  22.838  -18.630 1486.0000000000
61288  -13.500  -4.463  -36.552 1487.0000000000
61421  -63.772  -17.053  7.303 1488.0000000000
61434  -2.469  1.536  -39.753 1489.0000000000
62023  -7.067  -78.067  12.263 1490.0000000000
62035  -41.427  11.948  -17.440 1491.0000000000
61510  -2.332  -72.300  -17.506 1492.0000000000
62699  -28.249  -25.338  39.188 1493.0000000000
62700  -42.948  4.343  12.438 1495.0000000000
62889  -5.661  72.309  -30.380 1496.0000000000
62022  -51.955  3.576  -43.080 1497.0000000000
63126  -22.236  -48.137  21.390 1499.0000000000
34508  -44.658  -47.435  -1.406 1500.0000000000
67346  -0.415  14.842  13.059 1503.0000000000
67360  -39.342  24.053  8.262 1504.0000000000
67380  -3.226  86.139  -11.276 1505.0000000000
67395  -43.990  4.240  -7.118 1506.0000000000
67706  -0.233  -18.745  16.448 1507.0000000000
67738  -0.117  54.711  33.186 1508.0000000000
67820  -27.946  -6.725  -49.195 1509.0000000000
67739  -8.925  -9.196  -24.867 1510.0000000000
67748  -50.880  28.855  -44.860 1511.0000000000
25959  -28.676  -35.261  21.791 1513.0000000000
27027  -1.538  6.787  10.976 1515.0000000000
28459  0.548  -23.149  14.209 1517.0000000000
28613  -55.686  -24.905  -31.432 1520.0000000000
28509  -51.944  -41.856  8.004 1521.0000000000
28974  -30.200  -11.408  -1.844 1523.0000000000
28656  -57.502  -24.466  -31.460 1524.0000000000
29464  -1.002  70.801  -23.696 1525.0000000000
29008  -65.046  -1.737  13.142 1526.0000000000
29500  -48.978  38.263  -7.691 1527.0000000000
29728  -1.476  -37.192  -10.224 1528.0000000000
30138  -0.543  -33.724  31.062 1529.0000000000
30481  -40.523  -18.893  27.962 1530.0000000000
30122  -10.124  35.333  10.785 1533.0000000000
31036  -26.018  8.141  -55.711 1534.0000000000
30482  -30.709  -16.368  -22.944 1535.0000000000
30483  -3.338  -7.769  -7.564 1536.0000000000
31117  -56.791  -21.123  6.491 1537.0000000000
31161  -9.556  -52.726  25.351 1538.0000000000
32599  -56.174  -1.195  12.565 1539.0000000000
32601  -39.411  0.639  -54.697 1540.0000000000
31603  -37.967  41.643  -18.499 1541.0000000000
34492  -10.436  -54.095  28.602 1542.0000000000
34562  -9.332  -29.353  39.836 1543.0000000000
34902  -31.812  -40.164  23.735 1544.0000000000
34930  -46.348  48.092  1.070 1545.0000000000
34963  -9.381  -34.131  28.094 1546.0000000000
32634  -59.691  -38.501  -38.203 1547.0000000000
46904  -32.935  51.075  18.587 1550.0000000000
46956  -47.699  -9.458  20.833 1551.0000000000
47426  -34.252  -18.293  -47.177 1552.0000000000
47427  -51.099  -4.724  39.931 1553.0000000000
72530  -23.233  -0.653  -39.097 1554.0000000000
27044  -53.970  0.038  -42.370 1555.0000000000
28460  -55.558  -16.561  34.886 1556.0000000000
28000  -6.584  -3.088  -39.179 1557.0000000000
28614  -57.012  -25.246  -31.643 1558.0000000000
28975  -30.752  -12.258  -1.445 1560.0000000000
28657  -20.077  -19.113  -22.544 1561.0000000000
29465  -31.650  -34.691  21.024 1562.0000000000
29009  -36.497  5.696  -49.876 1563.0000000000
29501  -10.013  40.058  11.547 1564.0000000000
29729  -16.027  -32.902  48.972 1565.0000000000
30153  0.197  38.543  36.230 1566.0000000000
72781  -7.064  -65.295  22.234 1567.0000000000
30533  -42.741  30.357  -33.339 1568.0000000000
30517  -21.276  -67.960  -35.759 1569.0000000000
30495  -3.801  -57.714  37.602 1570.0000000000
30572  -8.204  -44.939  -0.202 1572.0000000000
31118  -35.095  -18.706  -26.656 1575.0000000000
68542  -9.769  8.921  50.974 1576.0000000000
31162  -7.282  -47.109  -25.079 1577.0000000000
68931  -3.760  -79.099  -23.862 1578.0000000000
32600  -66.063  0.537  7.044 1579.0000000000
32624  -53.531  10.560  -60.255 1580.0000000000
31604  -5.854  51.703  -33.347 1581.0000000000
34541  -35.998  -40.390  -39.883 1582.0000000000
34623  -23.210  22.942  33.715 1583.0000000000
34913  -50.574  43.792  -24.194 1584.0000000000
34945  -25.322  -20.302  -36.516 1585.0000000000
34996  -0.442  47.694  38.196 1586.0000000000
45487  -45.802  24.842  34.593 1588.0000000000
67749  -4.907  86.846  -13.964 1589.0000000000
67991  -25.485  -56.072  -34.648 1590.0000000000
67861  -61.873  1.570  -10.297 1591.0000000000
67992  -34.843  31.829  -33.369 1593.0000000000
67996  -2.809  -79.005  -23.010 1594.0000000000
68172  -60.285  -36.541  -5.681 1595.0000000000
68031  -3.056  -50.076  40.179 1596.0000000000
68184  -5.850  86.641  -15.390 1597.0000000000
68241  -20.561  -68.120  -32.587 1598.0000000000
68315  -36.415  -8.227  41.995 1599.0000000000
68326  -22.937  72.916  -0.676 1600.0000000000
68406  -59.128  1.455  11.401 1601.0000000000
68415  -31.932  10.672  43.635 1602.0000000000
68422  -42.818  -4.790  44.186 1603.0000000000
68428  -43.490  -3.959  43.574 1604.0000000000
68654  -14.360  78.934  -5.327 1605.0000000000
50486  -47.546  -18.376  4.313 1607.0000000000
68868  -4.447  63.434  -43.684 1608.0000000000
68661  -38.965  13.730  29.291 1610.0000000000
69246  -14.902  79.692  -7.201 1611.0000000000
69252  -57.497  -6.143  -20.845 1612.0000000000
68869  -31.080  24.578  -56.935 1613.0000000000
46703  -58.211  -7.795  27.154 1615.0000000000
48073  -35.455  41.758  -53.013 1616.0000000000
47590  -1.139  -3.399  45.105 1617.0000000000
48102  -35.822  41.989  -52.022 1618.0000000000
48826  -22.108  -42.159  35.752 1619.0000000000
49240  -43.382  53.067  15.599 1620.0000000000
49273  -37.739  20.645  -56.176 1621.0000000000
49299  -42.835  -1.141  -55.684 1622.0000000000
49331  -43.721  -1.023  -55.726 1623.0000000000
49332  -50.539  8.472  -14.582 1624.0000000000
49642  -47.421  5.680  -13.479 1625.0000000000
50330  -12.671  69.017  22.672 1626.0000000000
50028  -17.735  57.881  -40.204 1627.0000000000
50488  -66.415  -9.093  -37.269 1629.0000000000
50540  0.046  32.021  7.441 1630.0000000000
50350  -46.005  -25.132  5.963 1631.0000000000
51930  -23.195  79.195  5.387 1632.0000000000
51950  -15.554  -8.080  -29.651 1633.0000000000
50522  -32.000  63.700  17.802 1634.0000000000
49333  -57.105  11.215  16.162 1635.0000000000
49643  -48.393  5.277  -12.641 1636.0000000000
50351  -46.006  -20.972  5.252 1637.0000000000
50331  -0.459  55.873  -41.806 1638.0000000000
50029  -36.871  -23.051  47.991 1639.0000000000
50656  -55.776  41.671  -16.967 1640.0000000000
50487  -66.872  -8.669  -38.543 1641.0000000000
50507  -30.627  64.772  17.869 1642.0000000000
50539  -28.441  10.059  -39.785 1643.0000000000
1265  -34.921  3.825  -2.208 1645.0000000000
1723  -36.591  -44.046  35.539 1646.0000000000
1740  -40.745  3.390  -17.794 1648.0000000000
69215  -41.988  7.164  -12.660 1649.0000000000
69226  -10.687  86.356  -26.148 1650.0000000000
69227  -45.239  0.627  29.743 1651.0000000000
69136  -40.253  7.591  -11.002 1652.0000000000
1243  -21.475  23.197  51.950 1653.0000000000
1695  -62.413  -37.212  -5.145 1654.0000000000
41250  -2.190  -10.835  28.007 1656.0000000000
40964  -54.176  -13.554  -16.989 1657.0000000000
