#!ascii label  , from subject FreeSurferMNI152_0.5 vox2ras=TkReg
2005
9689  48.991  -23.550  34.835 1.0000000000
10796  25.553  -46.594  -34.013 2.0000000000
10808  9.006  26.327  -23.813 3.0000000000
10837  2.338  42.657  -29.067 4.0000000000
11173  45.898  -16.075  -0.075 5.0000000000
13315  24.701  44.159  31.233 6.0000000000
13364  23.518  33.189  31.008 7.0000000000
13407  31.606  70.241  3.385 8.0000000000
13443  66.861  -35.387  -13.872 9.0000000000
71645  61.735  6.658  26.890 10.0000000000
14786  43.983  25.523  30.586 11.0000000000
47283  56.460  26.723  -9.052 12.0000000000
47284  46.997  23.741  18.251 13.0000000000
47324  12.689  57.375  -22.739 14.0000000000
47359  38.145  26.442  22.682 15.0000000000
49011  51.878  -50.734  19.817 16.0000000000
47285  44.657  28.492  14.004 17.0000000000
47310  60.532  -48.357  -19.448 18.0000000000
47344  54.210  -15.854  -16.650 19.0000000000
47561  27.423  40.466  42.580 20.0000000000
49433  45.340  -32.481  37.028 21.0000000000
49515  38.974  -0.650  -4.810 22.0000000000
49516  47.166  16.023  -28.888 23.0000000000
49529  33.217  -48.387  -36.616 24.0000000000
49012  64.342  -42.410  -23.538 25.0000000000
49083  23.867  -45.480  -14.818 26.0000000000
49345  46.608  -33.892  -3.625 27.0000000000
49375  40.034  -69.213  2.932 28.0000000000
49402  9.126  -12.956  -18.174 29.0000000000
49423  27.745  35.340  -44.934 30.0000000000
49502  23.228  -59.165  -29.041 31.0000000000
49096  32.280  -54.249  13.330 32.0000000000
52863  56.209  -31.675  24.117 34.0000000000
49702  38.798  25.602  21.553 35.0000000000
50412  56.129  30.005  -10.350 36.0000000000
52086  45.233  41.526  1.003 37.0000000000
51886  44.591  1.510  46.020 38.0000000000
51887  15.776  13.338  -32.299 39.0000000000
52095  31.036  53.874  -34.167 40.0000000000
52424  40.687  41.986  1.673 42.0000000000
52455  34.459  -55.095  3.794 43.0000000000
51888  39.307  31.401  -13.087 45.0000000000
52096  17.932  67.437  13.806 46.0000000000
52113  20.110  65.426  22.523 47.0000000000
52889  8.117  -54.625  8.199 49.0000000000
52456  19.186  65.861  22.047 50.0000000000
52508  35.083  26.384  10.043 51.0000000000
52823  30.024  67.423  9.777 52.0000000000
52816  9.471  -54.553  8.239 53.0000000000
52864  62.475  -18.091  29.519 54.0000000000
34046  5.071  86.957  -23.875 55.0000000000
73320  22.487  39.772  44.832 56.0000000000
73355  56.124  39.380  -18.994 57.0000000000
73373  61.251  12.952  14.247 58.0000000000
53474  42.086  2.115  -17.268 59.0000000000
52532  58.148  -41.197  5.841 60.0000000000
52638  34.861  39.906  -26.425 61.0000000000
52951  45.700  40.000  30.840 62.0000000000
52890  5.470  57.402  -32.432 63.0000000000
52986  15.851  -57.303  33.122 64.0000000000
53193  41.754  31.701  -16.324 65.0000000000
73492  53.780  59.369  -15.535 66.0000000000
52838  55.032  -53.817  10.106 67.0000000000
52972  44.423  22.673  -15.217 69.0000000000
73623  29.859  -72.859  -37.516 70.0000000000
73650  16.353  -39.449  -15.385 71.0000000000
73659  4.156  68.345  -16.519 72.0000000000
31496  44.379  -55.016  28.383 74.0000000000
29298  29.310  16.194  50.883 75.0000000000
29299  6.772  17.521  -37.107 76.0000000000
46110  5.571  60.142  -48.181 77.0000000000
46151  68.009  -34.556  -20.689 78.0000000000
46215  22.647  66.369  -37.236 79.0000000000
46283  37.265  -29.515  32.429 80.0000000000
47325  27.136  -50.730  18.482 81.0000000000
47326  20.999  64.002  -38.431 82.0000000000
32546  14.655  -1.211  22.632 83.0000000000
47841  35.781  6.245  -43.171 84.0000000000
47921  33.914  26.222  -65.778 85.0000000000
47952  47.598  -44.408  35.213 86.0000000000
47360  6.776  -58.949  -27.552 87.0000000000
47842  36.390  5.417  -42.233 88.0000000000
47864  17.212  -64.795  27.684 89.0000000000
47939  59.835  -6.767  -22.015 90.0000000000
49024  5.689  -36.210  34.564 91.0000000000
48054  23.656  10.929  49.135 92.0000000000
48755  20.584  -19.075  -13.557 93.0000000000
48773  62.463  -12.330  -17.236 94.0000000000
49037  34.721  -7.765  46.760 95.0000000000
49062  44.544  39.302  -38.463 96.0000000000
49577  10.515  26.593  18.298 97.0000000000
49593  44.927  23.599  5.436 98.0000000000
38999  19.711  75.940  1.112 100.0000000000
72158  21.616  59.884  16.131 101.0000000000
72171  15.832  -82.092  2.242 102.0000000000
72175  33.503  55.446  -29.074 103.0000000000
72218  27.721  12.272  -39.644 104.0000000000
32547  4.122  6.319  11.078 105.0000000000
29937  58.809  -26.682  -6.699 106.0000000000
29300  8.302  16.172  -36.759 107.0000000000
29307  21.643  46.148  -35.331 108.0000000000
46135  26.096  65.799  -36.365 109.0000000000
46200  17.937  -49.415  32.424 110.0000000000
41244  59.574  -48.335  -26.012 112.0000000000
32545  14.627  -0.439  24.187 113.0000000000
47824  28.289  -64.167  29.585 114.0000000000
47953  46.244  -44.776  35.553 115.0000000000
41946  53.508  -29.232  8.071 116.0000000000
47903  4.604  -38.044  -10.232 117.0000000000
48741  53.299  -2.874  -52.842 118.0000000000
48074  15.144  61.762  31.427 119.0000000000
72549  3.267  58.864  6.469 120.0000000000
48803  47.464  49.138  20.806 121.0000000000
49570  47.204  -18.877  -14.536 122.0000000000
49084  54.133  57.643  -30.196 123.0000000000
43209  6.907  65.397  -32.857 124.0000000000
72716  30.819  42.559  -21.620 125.0000000000
49812  2.632  68.643  -43.903 126.0000000000
50092  66.806  -28.455  -37.105 127.0000000000
49862  46.016  51.468  -2.886 128.0000000000
72728  65.590  14.707  -1.354 129.0000000000
72851  35.896  80.274  -11.073 130.0000000000
72862  9.997  -6.402  -27.717 133.0000000000
72758  22.096  -19.428  58.462 134.0000000000
44959  24.544  8.080  -55.595 135.0000000000
72943  33.438  73.205  -8.430 138.0000000000
72986  5.036  0.930  26.558 139.0000000000
72988  27.770  -84.150  -25.241 140.0000000000
72994  28.770  -83.621  -25.142 141.0000000000
46152  41.913  1.776  -1.617 142.0000000000
73064  51.848  -56.154  8.445 144.0000000000
73066  69.665  -10.216  7.118 145.0000000000
47078  3.222  15.597  25.360 146.0000000000
37940  14.296  61.979  -21.192 149.0000000000
38016  22.489  11.248  -56.079 151.0000000000
39000  63.720  -33.965  -4.894 153.0000000000
37941  50.805  -50.504  -20.050 154.0000000000
37939  31.955  54.629  21.489 155.0000000000
38028  19.221  -42.465  52.897 156.0000000000
40314  11.740  -79.572  -25.156 157.0000000000
39025  36.532  40.523  -9.449 158.0000000000
41243  48.943  -56.449  -28.976 159.0000000000
40370  38.837  -0.690  25.017 161.0000000000
40956  62.189  11.874  -0.276 162.0000000000
41726  14.744  89.153  -18.347 163.0000000000
41245  41.336  -39.801  -40.245 164.0000000000
41263  49.218  -55.235  -26.810 165.0000000000
41764  67.637  -34.149  -12.479 166.0000000000
42585  1.837  46.327  -25.482 167.0000000000
43195  39.569  -42.419  41.324 171.0000000000
43159  45.093  58.051  -17.278 173.0000000000
43197  16.065  -39.972  -14.330 175.0000000000
44029  56.335  -14.855  37.753 176.0000000000
43967  2.716  58.595  -19.311 178.0000000000
44000  69.635  -0.303  0.577 179.0000000000
44030  26.612  8.941  -55.350 181.0000000000
44987  47.455  50.342  -24.159 183.0000000000
45804  23.743  -45.264  -13.938 184.0000000000
44911  19.146  -8.056  53.986 185.0000000000
46136  53.049  -42.940  -15.156 186.0000000000
44935  24.550  -24.426  43.831 189.0000000000
46983  32.421  33.340  -40.640 194.0000000000
47011  50.674  -27.619  34.625 195.0000000000
46153  44.457  5.682  -55.103 198.0000000000
46688  3.160  45.962  -31.140 202.0000000000
29496  53.596  -32.725  25.975 205.0000000000
30509  24.636  22.589  31.579 207.0000000000
29552  18.543  -72.857  -30.935 209.0000000000
31011  57.168  -25.855  -41.019 210.0000000000
31387  3.616  33.764  29.142 211.0000000000
40933  1.082  0.836  6.753 213.0000000000
31997  27.930  -17.006  48.586 214.0000000000
41278  47.692  59.425  -38.194 215.0000000000
40353  23.737  -72.399  -36.453 216.0000000000
40976  62.690  1.387  7.960 217.0000000000
41746  36.164  61.117  -32.402 218.0000000000
41765  7.275  -26.414  38.420 222.0000000000
41813  10.363  75.003  -19.141 223.0000000000
41800  12.992  89.344  -18.551 224.0000000000
33852  3.883  52.371  -7.176 225.0000000000
42586  7.726  61.862  -30.801 226.0000000000
71821  16.886  -15.147  -34.150 230.0000000000
34494  59.465  16.141  -8.946 231.0000000000
72003  8.090  -42.789  -6.157 232.0000000000
43160  2.767  72.298  -38.823 233.0000000000
43196  38.624  -43.162  42.166 234.0000000000
44105  17.443  -61.305  -11.259 236.0000000000
34472  23.436  29.442  34.048 237.0000000000
72009  50.893  -17.502  -20.525 238.0000000000
43968  2.917  57.049  -19.143 239.0000000000
35375  36.515  -50.980  -35.519 241.0000000000
36824  27.601  -33.018  53.133 243.0000000000
45805  64.365  -42.841  -17.845 244.0000000000
44912  53.142  -3.847  18.598 245.0000000000
40180  44.146  -42.307  -9.661 249.0000000000
46710  68.902  -6.894  -21.373 251.0000000000
47024  37.769  52.985  -29.591 252.0000000000
47012  36.089  -17.430  49.370 253.0000000000
47079  25.333  39.998  44.036 254.0000000000
47110  7.619  18.867  54.520 255.0000000000
47136  28.412  -67.980  9.649 256.0000000000
29495  47.543  -33.207  -32.408 264.0000000000
29567  38.099  -22.293  -42.599 266.0000000000
30455  32.978  -6.282  -33.840 268.0000000000
30968  16.484  75.803  13.167 270.0000000000
31028  30.721  -35.315  -37.286 271.0000000000
31386  53.303  21.752  31.989 273.0000000000
31012  6.098  -14.700  7.828 276.0000000000
31388  10.548  43.578  7.507 277.0000000000
32038  43.839  -34.593  0.749 280.0000000000
32037  43.741  -35.140  -0.140 281.0000000000
32688  55.371  -1.828  -28.582 282.0000000000
32734  39.352  22.826  12.933 283.0000000000
32716  70.748  -2.247  -24.254 284.0000000000
33518  5.438  -54.929  36.915 285.0000000000
34426  49.209  -34.857  -3.027 286.0000000000
33827  41.903  -3.113  27.638 288.0000000000
34471  2.844  24.174  10.571 289.0000000000
34427  63.091  -30.293  -16.329 290.0000000000
35374  2.723  60.362  -8.030 294.0000000000
36190  13.907  -17.715  -29.590 295.0000000000
35340  36.203  -17.954  -27.499 296.0000000000
36823  50.275  -36.727  -33.014 299.0000000000
36206  26.055  -45.529  22.542 300.0000000000
36191  39.447  -10.319  49.427 301.0000000000
37194  1.862  19.259  -11.531 302.0000000000
37196  50.265  25.816  6.724 303.0000000000
37301  47.334  51.859  -38.128 304.0000000000
37369  48.899  -66.981  -20.275 305.0000000000
36308  49.550  64.994  -23.992 307.0000000000
36841  41.548  43.791  -18.180 308.0000000000
38934  27.824  74.682  -1.591 310.0000000000
37195  49.661  24.544  5.899 311.0000000000
37300  46.538  50.566  -38.029 314.0000000000
37355  3.877  44.507  -2.808 315.0000000000
37486  49.711  -3.249  -29.421 316.0000000000
39157  55.762  -0.649  17.301 317.0000000000
39191  24.689  23.420  -42.086 318.0000000000
24914  3.677  49.514  28.425 321.0000000000
38816  38.014  -76.186  -30.188 324.0000000000
16545  31.051  38.358  -33.576 326.0000000000
16875  11.136  1.698  29.381 327.0000000000
16968  58.681  1.136  33.676 328.0000000000
30469  28.537  -49.340  -26.959 329.0000000000
16516  62.029  -0.217  23.183 330.0000000000
30969  16.444  77.328  13.524 331.0000000000
31042  40.504  -54.415  29.563 332.0000000000
17598  39.736  27.036  -39.673 333.0000000000
30487  13.037  58.302  -24.266 334.0000000000
17616  22.463  52.966  16.839 336.0000000000
31998  60.672  2.383  16.273 337.0000000000
32051  37.975  -21.303  -44.085 338.0000000000
18650  3.059  61.162  11.658 339.0000000000
32689  52.062  26.292  16.499 340.0000000000
33519  5.178  73.498  -21.092 343.0000000000
34774  56.116  -42.058  -36.461 345.0000000000
20074  43.229  -18.536  27.729 346.0000000000
70539  6.991  -4.876  -36.797 347.0000000000
34442  64.466  -29.705  -16.700 348.0000000000
35402  11.291  38.696  -36.484 350.0000000000
70714  34.540  -9.408  33.042 351.0000000000
36222  63.655  -6.394  -40.360 352.0000000000
35341  58.100  -12.803  -0.493 353.0000000000
35436  48.865  -67.007  -19.005 354.0000000000
22905  23.942  -58.839  -27.202 355.0000000000
16145  25.428  51.843  17.908 356.0000000000
37129  39.142  69.796  -20.140 357.0000000000
36253  57.152  8.151  -45.258 358.0000000000
38815  2.571  29.302  28.651 359.0000000000
22136  3.805  22.263  48.708 360.0000000000
22264  42.204  10.167  -55.964 361.0000000000
37317  47.932  -61.470  -9.942 362.0000000000
37460  52.056  16.818  34.001 363.0000000000
23907  40.586  -1.937  29.053 365.0000000000
36289  60.404  43.269  -3.458 366.0000000000
23895  3.468  49.623  29.797 370.0000000000
40181  2.924  69.302  -19.236 371.0000000000
39158  33.589  -1.106  -48.680 375.0000000000
39192  39.127  -70.225  -41.214 376.0000000000
37810  17.954  2.237  -43.334 377.0000000000
24913  40.440  43.038  18.068 379.0000000000
15469  8.191  -7.595  -22.007 384.0000000000
15899  25.883  52.716  -29.743 385.0000000000
15880  69.928  -26.036  -27.007 386.0000000000
16029  68.554  -25.065  -29.025 387.0000000000
2015  8.653  58.229  0.032 388.0000000000
16546  31.599  67.245  4.055 390.0000000000
16193  52.891  -10.440  28.600 392.0000000000
16028  68.075  -26.075  -29.288 393.0000000000
17003  39.233  34.116  10.517 394.0000000000
17536  22.558  59.659  14.741 397.0000000000
17245  53.549  -30.632  18.222 399.0000000000
17563  11.961  47.711  -42.437 400.0000000000
17599  2.958  46.962  9.522 402.0000000000
18084  33.702  67.117  1.566 403.0000000000
18117  21.452  58.309  15.909 405.0000000000
19078  36.192  44.474  -21.525 406.0000000000
18594  36.544  -26.638  29.234 407.0000000000
19196  10.045  45.116  6.097 409.0000000000
19102  3.294  -36.720  21.612 410.0000000000
19079  24.515  56.433  15.445 411.0000000000
19197  28.925  63.182  8.167 412.0000000000
20219  28.516  72.682  -5.424 414.0000000000
19714  10.237  32.543  50.767 415.0000000000
19698  49.634  -54.093  21.379 416.0000000000
20694  48.084  -6.685  -27.883 417.0000000000
21779  28.166  32.742  44.957 420.0000000000
20221  16.518  -24.760  30.044 421.0000000000
20220  66.818  -30.676  -28.559 422.0000000000
22135  63.593  18.632  16.803 423.0000000000
20695  63.012  2.467  -28.084 424.0000000000
22318  58.742  -46.450  -16.100 426.0000000000
22596  46.594  -24.206  -33.843 427.0000000000
21136  53.578  6.909  -11.653 429.0000000000
10136  45.915  31.843  -32.950 431.0000000000
12897  12.297  18.054  26.854 432.0000000000
21780  27.541  32.468  46.052 433.0000000000
5175  59.025  -21.685  -12.575 434.0000000000
22623  46.109  2.809  40.611 440.0000000000
11722  3.869  -20.015  34.570 443.0000000000
24912  4.595  -69.219  -15.573 446.0000000000
25337  60.839  -26.220  -2.120 451.0000000000
25364  43.755  -58.516  -5.779 452.0000000000
24006  37.442  22.008  44.526 453.0000000000
24900  29.504  -52.784  -35.708 456.0000000000
65344  55.855  1.026  15.167 459.0000000000
15525  62.391  -12.301  2.569 460.0000000000
15768  27.773  -6.643  37.754 461.0000000000
15925  5.268  38.085  16.702 463.0000000000
65703  21.268  13.567  -41.935 464.0000000000
16048  46.462  2.802  34.219 466.0000000000
16547  56.308  -34.684  26.214 469.0000000000
2672  56.907  6.817  -44.017 472.0000000000
2035  70.345  -20.126  -28.245 473.0000000000
16969  44.224  4.156  24.786 474.0000000000
17537  20.755  -29.535  -32.241 475.0000000000
3274  14.603  -24.834  59.897 476.0000000000
17564  50.901  47.084  -22.455 477.0000000000
17932  7.040  8.969  52.637 478.0000000000
66536  7.736  14.831  55.125 479.0000000000
18085  42.867  73.746  -5.257 480.0000000000
18452  30.239  67.003  1.685 481.0000000000
19123  38.335  -13.643  20.143 482.0000000000
18595  35.676  -27.109  28.904 483.0000000000
4986  27.922  -31.658  29.699 484.0000000000
66884  37.212  -65.027  -18.951 486.0000000000
19162  32.333  36.325  -35.855 487.0000000000
67009  14.859  -13.188  43.703 489.0000000000
20237  50.614  -39.875  -14.416 490.0000000000
20046  2.835  -42.700  10.425 491.0000000000
7149  60.987  27.158  -28.956 492.0000000000
5968  33.198  -71.017  -4.949 493.0000000000
6062  44.211  32.557  -35.469 495.0000000000
7165  18.704  -7.169  55.934 496.0000000000
20061  5.294  -76.904  -5.039 497.0000000000
67460  17.996  -31.023  -17.308 498.0000000000
67461  61.830  11.025  1.989 499.0000000000
21813  48.740  25.800  27.616 500.0000000000
20607  3.770  -47.203  -4.586 501.0000000000
8484  2.861  40.109  14.298 508.0000000000
22710  62.027  -26.729  29.482 510.0000000000
8797  31.211  -6.161  51.722 511.0000000000
10138  5.825  34.797  20.491 512.0000000000
12896  12.579  19.365  26.733 513.0000000000
8141  9.895  -57.761  15.427 514.0000000000
5177  5.765  -3.614  8.777 515.0000000000
5176  66.541  15.936  -36.631 516.0000000000
23908  21.734  16.557  -34.507 518.0000000000
9516  36.351  -16.803  -33.560 519.0000000000
22924  47.740  1.597  24.585 520.0000000000
10137  12.983  35.847  48.520 522.0000000000
8837  42.630  -37.265  32.183 523.0000000000
8838  3.041  77.190  -7.597 524.0000000000
25338  40.221  -13.994  -47.977 528.0000000000
25365  35.359  53.002  28.800 529.0000000000
23986  48.140  22.225  -28.839 530.0000000000
10212  30.698  12.150  31.372 531.0000000000
25913  61.292  -45.117  4.132 533.0000000000
24990  36.440  -63.308  9.445 534.0000000000
10797  26.130  -47.000  -34.467 535.0000000000
60459  54.292  36.451  -34.865 537.0000000000
75338  31.987  32.728  -37.127 538.0000000000
65359  11.474  -2.992  24.459 539.0000000000
724  4.124  29.328  -34.655 540.0000000000
723  35.113  25.337  -7.758 541.0000000000
787  48.839  -22.000  -11.820 543.0000000000
942  5.460  35.082  34.407 544.0000000000
1384  48.585  35.459  -31.768 545.0000000000
1428  6.489  -61.246  -30.953 546.0000000000
2014  26.249  -53.838  -12.959 548.0000000000
2204  19.008  26.263  47.414 551.0000000000
1526  2.490  -18.035  50.546 552.0000000000
2631  50.424  -34.065  -5.145 555.0000000000
2881  20.423  -73.604  -35.575 556.0000000000
2882  21.457  -74.644  -36.138 558.0000000000
2979  12.265  41.891  -41.817 559.0000000000
3557  10.332  70.901  -45.966 561.0000000000
3425  7.262  49.799  -47.745 562.0000000000
3527  57.169  28.537  -18.734 563.0000000000
3572  25.856  45.800  25.755 564.0000000000
4496  13.061  73.353  22.424 565.0000000000
3906  41.913  59.480  10.983 566.0000000000
3923  42.321  60.565  -38.282 567.0000000000
4984  46.671  -49.999  -17.808 568.0000000000
5510  62.576  -3.337  -51.790 570.0000000000
4820  53.425  -34.120  -7.070 571.0000000000
4497  63.410  -42.496  -2.951 572.0000000000
4931  29.157  -4.622  -49.685 573.0000000000
5969  42.011  47.535  -1.637 574.0000000000
5970  27.557  49.750  -30.826 575.0000000000
6075  40.913  44.497  21.364 576.0000000000
6137  39.105  12.078  45.826 577.0000000000
4985  16.274  86.469  -1.662 579.0000000000
6688  5.989  -52.272  -17.658 580.0000000000
5534  19.934  -59.028  17.279 581.0000000000
5511  19.723  6.756  56.526 582.0000000000
5911  43.180  -19.925  20.868 583.0000000000
6043  16.493  61.475  -43.102 584.0000000000
6120  24.464  5.255  55.618 588.0000000000
7460  36.362  -1.137  -2.737 589.0000000000
6583  61.283  25.985  -29.172 590.0000000000
8022  57.279  54.625  -15.732 591.0000000000
6997  60.935  -21.510  -13.126 592.0000000000
6689  49.070  -41.034  -41.390 593.0000000000
7065  61.687  19.809  -33.805 594.0000000000
7148  46.171  12.610  -20.094 595.0000000000
7166  19.472  -6.113  56.722 598.0000000000
8554  12.980  -20.398  -19.122 601.0000000000
8023  56.712  55.908  -15.200 603.0000000000
8836  58.456  -44.754  18.607 604.0000000000
8593  4.743  43.162  17.059 610.0000000000
10157  44.208  11.580  -24.919 612.0000000000
10213  32.207  11.648  31.172 613.0000000000
10275  14.940  58.089  -0.060 614.0000000000
9540  36.670  27.621  -35.791 617.0000000000
10347  2.896  77.525  -13.444 618.0000000000
9602  63.525  11.236  -26.849 619.0000000000
10722  31.612  77.275  -15.803 623.0000000000
10348  2.740  77.930  -12.647 624.0000000000
60357  5.712  30.485  -21.293 626.0000000000
60356  32.956  60.255  4.930 627.0000000000
60458  9.221  79.117  15.055 628.0000000000
60639  2.989  -31.855  12.316 630.0000000000
60675  2.892  17.736  24.432 631.0000000000
60720  9.280  -51.556  9.734 632.0000000000
725  4.338  30.642  -33.689 633.0000000000
759  39.357  16.604  -2.504 634.0000000000
803  13.096  -76.801  -30.748 635.0000000000
1306  28.070  18.003  -38.178 636.0000000000
1406  11.009  66.714  29.699 637.0000000000
1458  23.861  -70.041  1.607 638.0000000000
1558  31.148  12.538  40.997 644.0000000000
2016  25.041  -43.084  25.826 645.0000000000
2653  9.682  -81.503  -8.558 648.0000000000
61972  65.407  16.135  -26.139 650.0000000000
3014  28.446  -83.123  -18.893 651.0000000000
3273  17.631  56.002  -43.674 652.0000000000
62419  37.845  20.986  15.693 653.0000000000
4317  14.562  -61.731  26.093 654.0000000000
62625  70.078  2.561  -36.063 657.0000000000
4835  12.834  -25.054  56.151 658.0000000000
4299  44.941  47.437  -1.159 659.0000000000
5990  2.382  25.635  -15.724 660.0000000000
62684  25.490  79.499  6.037 661.0000000000
63127  63.277  -31.869  14.684 664.0000000000
63128  45.705  -32.294  -28.353 665.0000000000
63187  2.773  -17.151  37.156 666.0000000000
5554  5.878  -66.105  20.552 667.0000000000
4883  43.206  -3.319  -3.711 668.0000000000
62862  2.833  -4.773  37.745 669.0000000000
63141  32.587  51.576  18.166 676.0000000000
63129  3.004  -7.696  53.174 677.0000000000
7009  28.835  17.193  34.311 678.0000000000
5598  50.113  12.963  38.135 679.0000000000
63412  5.379  -1.249  24.391 680.0000000000
6571  27.810  59.565  3.453 685.0000000000
63660  6.423  -23.250  4.626 686.0000000000
8064  62.680  -32.152  17.574 687.0000000000
7032  7.367  29.202  -41.262 688.0000000000
64240  29.113  6.836  -31.962 689.0000000000
8460  39.697  28.457  -17.751 690.0000000000
8485  38.222  -73.733  -7.730 693.0000000000
8537  57.185  53.524  -20.117 695.0000000000
64518  4.548  -20.976  27.750 699.0000000000
9132  2.381  0.556  43.957 700.0000000000
8526  42.874  -37.288  32.780 703.0000000000
8573  44.122  -17.049  1.093 705.0000000000
1072  44.859  -7.870  -47.714 706.0000000000
8798  29.429  -6.111  52.506 707.0000000000
10158  44.387  17.329  -23.662 708.0000000000
1795  58.833  -37.079  -4.455 709.0000000000
1917  12.600  55.273  -0.703 712.0000000000
9541  40.814  34.591  -62.965 713.0000000000
9586  27.737  -75.098  9.990 714.0000000000
2615  49.642  -15.599  5.225 715.0000000000
11322  5.207  7.429  40.132 717.0000000000
10781  4.278  85.522  -11.215 718.0000000000
59973  2.449  10.922  -32.583 720.0000000000
60192  56.958  6.096  -29.796 721.0000000000
60385  43.043  -45.486  -38.671 722.0000000000
60394  10.903  -33.685  17.131 724.0000000000
60607  23.126  45.006  22.374 725.0000000000
60648  9.356  11.065  -33.095 726.0000000000
60687  27.193  -48.207  24.470 727.0000000000
47180  39.345  -43.118  33.725 729.0000000000
60913  46.839  -55.908  -6.530 730.0000000000
61011  6.053  71.352  -17.975 731.0000000000
61160  40.067  2.224  -2.790 732.0000000000
61180  47.596  -64.562  -3.967 733.0000000000
51107  4.329  9.012  44.187 737.0000000000
61370  54.247  -26.821  6.113 740.0000000000
51155  6.954  -47.670  26.110 745.0000000000
73486  10.872  -47.820  37.198 746.0000000000
61617  24.276  -36.488  -30.195 747.0000000000
51106  3.889  9.165  46.150 749.0000000000
52069  42.424  25.573  13.142 750.0000000000
73343  21.968  17.317  -39.789 751.0000000000
61976  5.595  40.957  15.456 753.0000000000
74988  2.680  29.481  -28.075 754.0000000000
74989  16.594  -49.025  2.126 755.0000000000
62434  3.815  57.680  20.066 756.0000000000
53981  40.565  61.980  14.566 758.0000000000
75071  18.461  -62.375  33.679 761.0000000000
75072  11.975  -37.910  44.196 762.0000000000
75099  55.727  -33.952  34.266 763.0000000000
74990  20.571  -45.164  3.603 764.0000000000
62643  2.777  22.723  17.234 765.0000000000
62450  43.418  69.973  -6.034 766.0000000000
53904  27.572  -48.776  21.659 767.0000000000
54631  49.898  -34.092  -31.195 771.0000000000
62466  8.768  -35.500  16.193 772.0000000000
55544  48.607  41.211  24.315 773.0000000000
75075  54.616  -42.515  29.353 774.0000000000
63147  3.842  -44.310  -12.452 775.0000000000
63148  50.066  -11.541  0.079 776.0000000000
63199  44.144  64.868  -9.780 777.0000000000
62661  2.972  2.499  25.103 778.0000000000
54561  72.244  -17.562  -19.544 779.0000000000
63428  30.497  -44.244  -15.371 783.0000000000
55200  51.490  -10.919  25.253 784.0000000000
63597  6.448  -34.634  12.535 786.0000000000
55581  3.454  -66.023  -0.138 787.0000000000
75217  37.671  -26.723  24.454 788.0000000000
63165  40.308  -75.067  -27.985 789.0000000000
55607  44.206  41.905  22.667 790.0000000000
63847  49.226  61.836  -8.889 793.0000000000
602  52.925  4.307  22.991 795.0000000000
63666  54.215  -51.721  -20.973 796.0000000000
75336  17.855  -64.108  25.444 797.0000000000
63872  35.163  10.172  -40.151 800.0000000000
370  49.760  -26.967  -40.006 802.0000000000
601  54.086  5.080  24.305 805.0000000000
669  9.102  69.701  -41.477 806.0000000000
1073  43.269  -7.902  -48.975 807.0000000000
1159  24.265  63.203  -37.126 808.0000000000
1341  32.585  0.398  -54.912 809.0000000000
1796  24.330  80.252  4.769 810.0000000000
1916  40.608  46.298  30.006 813.0000000000
371  9.198  -25.352  43.564 814.0000000000
1994  11.815  -69.084  10.910 822.0000000000
2560  72.006  -9.357  -15.629 823.0000000000
2506  60.018  25.136  -38.212 824.0000000000
2836  63.965  -10.591  -18.001 825.0000000000
3145  35.880  -38.545  25.848 826.0000000000
3146  9.107  66.895  -45.248 828.0000000000
45505  6.235  65.224  -45.570 830.0000000000
45839  4.742  26.858  24.971 831.0000000000
45935  32.461  33.696  -11.092 832.0000000000
45969  26.718  75.054  -11.671 834.0000000000
46363  17.891  -34.400  42.408 835.0000000000
46628  24.432  29.878  28.642 836.0000000000
46728  50.679  3.975  -7.680 837.0000000000
46785  35.470  24.082  -7.297 838.0000000000
46911  1.685  31.967  1.994 839.0000000000
47138  12.223  53.496  8.118 840.0000000000
47923  32.322  -80.116  -8.825 842.0000000000
47955  5.872  -39.720  41.889 843.0000000000
48355  38.944  52.889  -30.451 844.0000000000
48379  46.744  -15.640  31.408 845.0000000000
48453  69.715  -5.629  11.467 846.0000000000
48888  2.782  -43.603  8.939 847.0000000000
48469  20.842  60.500  31.423 848.0000000000
49291  53.593  40.589  -24.255 849.0000000000
48775  59.459  13.965  -30.877 850.0000000000
48804  47.990  47.593  21.246 851.0000000000
48862  27.838  -16.943  -42.496 852.0000000000
49040  30.976  18.551  48.651 855.0000000000
49720  39.183  -60.173  -38.200 856.0000000000
49466  55.024  42.774  5.567 860.0000000000
49666  17.107  -40.062  -11.041 861.0000000000
50057  27.628  -49.251  27.237 864.0000000000
50093  69.989  -12.988  -18.820 866.0000000000
50081  67.688  -6.788  3.983 867.0000000000
51176  24.347  10.393  43.421 871.0000000000
50509  25.352  75.092  -18.478 874.0000000000
50540  48.433  -14.855  -46.012 875.0000000000
50840  34.633  59.291  23.691 877.0000000000
50863  32.913  59.717  23.851 878.0000000000
50876  31.702  61.125  23.495 880.0000000000
51953  59.053  -30.761  -4.371 881.0000000000
51170  32.992  72.464  6.946 883.0000000000
51891  21.549  44.106  -42.563 888.0000000000
51890  14.920  -62.236  20.344 890.0000000000
53017  59.592  -32.445  -4.801 893.0000000000
53285  45.357  -51.870  -0.972 895.0000000000
53336  2.372  43.583  -28.603 896.0000000000
53574  32.584  64.859  20.339 897.0000000000
53635  50.498  -2.329  -7.194 898.0000000000
52593  9.044  -12.820  28.597 899.0000000000
52592  64.236  -16.576  28.745 900.0000000000
53906  61.670  -33.071  25.315 902.0000000000
53905  59.286  -32.939  -5.447 903.0000000000
36100  46.555  18.602  -10.478 905.0000000000
72676  66.308  -8.909  -46.394 906.0000000000
53286  1.998  25.305  -12.743 908.0000000000
53295  2.276  44.724  -46.207 909.0000000000
53356  35.210  -79.988  -22.865 910.0000000000
53592  3.152  2.633  11.000 911.0000000000
53654  49.395  -2.653  -6.727 912.0000000000
53707  43.851  -1.066  -8.462 913.0000000000
54562  52.850  -5.880  41.656 914.0000000000
53997  37.892  -34.437  29.975 918.0000000000
54365  52.979  30.211  11.764 922.0000000000
54374  11.923  34.577  -32.867 923.0000000000
54544  31.214  -6.327  -47.729 924.0000000000
55278  33.661  39.701  -31.590 929.0000000000
55608  3.684  -65.478  -1.107 934.0000000000
54621  40.627  -25.812  30.498 935.0000000000
55277  51.743  27.841  -4.153 937.0000000000
55919  4.971  28.190  7.646 939.0000000000
1824  27.265  6.798  -62.781 941.0000000000
56138  51.532  -40.433  -12.322 942.0000000000
55228  35.768  -8.390  36.685 945.0000000000
1943  6.775  3.406  35.433 946.0000000000
369  49.309  -27.132  -39.052 948.0000000000
603  54.926  5.805  24.116 950.0000000000
670  50.814  62.545  -32.637 951.0000000000
1105  53.307  -11.757  32.665 952.0000000000
1218  41.851  -1.592  -55.655 953.0000000000
1342  33.298  0.686  -56.132 954.0000000000
1918  38.699  -45.186  28.492 959.0000000000
1971  49.076  10.300  -13.601 961.0000000000
2548  5.700  45.054  27.498 962.0000000000
2507  4.344  22.237  44.064 963.0000000000
2837  65.537  -11.391  -17.550 964.0000000000
2589  53.679  -21.594  -13.023 966.0000000000
57594  5.295  7.942  53.159 967.0000000000
3186  46.833  -26.576  -46.699 968.0000000000
22511  38.684  28.623  -40.738 970.0000000000
45479  4.094  -25.265  2.947 971.0000000000
45529  22.811  -28.763  -31.171 972.0000000000
45559  5.951  18.901  -26.220 973.0000000000
24028  41.688  22.390  -30.677 974.0000000000
45863  26.241  16.087  -69.632 975.0000000000
45984  47.292  -28.772  -31.890 977.0000000000
46378  6.355  53.416  6.991 978.0000000000
46641  24.308  -65.146  30.587 979.0000000000
46739  4.163  12.926  51.641 980.0000000000
46801  3.284  -48.774  31.674 981.0000000000
46921  45.619  -38.014  2.059 982.0000000000
28405  8.116  26.291  20.756 984.0000000000
28387  2.831  6.898  13.485 985.0000000000
71648  8.577  44.211  10.066 986.0000000000
47179  30.548  -45.001  -14.936 987.0000000000
48425  29.677  -44.245  -15.912 988.0000000000
71759  60.858  -38.927  -0.909 989.0000000000
71859  47.464  -17.105  34.279 990.0000000000
29395  46.844  60.139  -23.198 991.0000000000
71798  28.588  -7.871  -47.272 992.0000000000
47968  39.094  -20.348  -41.624 993.0000000000
48964  35.688  -7.693  46.879 996.0000000000
71870  29.370  -50.755  32.006 997.0000000000
71966  31.319  64.231  6.845 998.0000000000
31618  11.243  82.344  8.859 999.0000000000
71913  58.623  -24.694  0.287 1000.0000000000
48490  9.321  32.367  16.916 1001.0000000000
49378  22.049  -45.341  6.861 1002.0000000000
50041  26.029  24.832  50.440 1006.0000000000
32508  55.734  18.475  -39.250 1008.0000000000
72002  64.465  -8.938  10.037 1009.0000000000
49305  8.079  64.783  31.557 1010.0000000000
72067  27.026  33.061  26.039 1011.0000000000
50162  2.643  60.838  22.898 1012.0000000000
50839  34.247  60.674  23.214 1015.0000000000
72221  48.094  -20.914  -40.857 1017.0000000000
51108  49.630  22.079  2.971 1020.0000000000
34551  53.314  42.221  -14.113 1021.0000000000
34607  3.896  41.820  27.975 1024.0000000000
51532  54.249  29.294  -12.240 1025.0000000000
50449  5.867  -36.770  34.967 1026.0000000000
50851  41.802  5.977  -0.462 1028.0000000000
33600  50.640  -20.369  -43.894 1029.0000000000
72387  47.013  -42.349  -10.403 1031.0000000000
51089  8.892  1.422  58.421 1033.0000000000
52510  34.437  40.030  -47.538 1043.0000000000
51863  35.204  35.727  -26.727 1045.0000000000
72337  29.848  84.192  -9.803 1046.0000000000
72343  15.111  -5.183  59.262 1047.0000000000
53016  19.036  81.878  -36.608 1048.0000000000
72561  6.359  57.122  -30.049 1049.0000000000
72568  29.593  84.308  -13.242 1050.0000000000
72388  27.778  -16.258  -21.840 1051.0000000000
52616  45.879  38.050  -53.406 1052.0000000000
51931  45.133  -33.231  -28.530 1053.0000000000
35963  1.202  35.707  -15.781 1054.0000000000
36032  31.876  -18.817  -24.896 1056.0000000000
35092  22.793  30.649  33.457 1058.0000000000
25711  65.993  -38.267  -23.878 1059.0000000000
37830  2.795  6.016  -32.292 1062.0000000000
53018  69.311  10.979  -2.076 1063.0000000000
53323  34.706  -32.284  31.145 1065.0000000000
53388  61.296  -25.985  -43.281 1066.0000000000
53626  3.242  43.662  -47.038 1067.0000000000
36006  11.765  59.796  -8.956 1070.0000000000
54136  42.170  55.158  -2.356 1075.0000000000
37831  56.992  28.035  -41.659 1079.0000000000
36624  37.352  -19.351  -26.250 1080.0000000000
54661  54.004  -6.997  -3.193 1090.0000000000
55001  48.171  22.505  -19.974 1094.0000000000
55557  21.814  -51.067  5.162 1095.0000000000
55588  55.384  -16.798  -20.409 1096.0000000000
38196  57.907  7.445  -30.932 1097.0000000000
55276  62.728  28.959  10.485 1101.0000000000
39647  3.700  -27.339  39.875 1103.0000000000
56504  49.342  -16.957  -22.110 1105.0000000000
40562  28.852  -52.497  25.121 1106.0000000000
56732  40.199  4.321  -60.937 1107.0000000000
40607  55.483  -30.644  9.981 1108.0000000000
40097  67.201  -4.137  22.471 1113.0000000000
55662  9.665  82.727  7.540 1114.0000000000
56449  40.995  41.244  22.522 1123.0000000000
41558  8.722  70.809  -24.849 1125.0000000000
57099  53.967  36.444  -41.054 1127.0000000000
57558  8.227  8.826  53.574 1129.0000000000
57108  34.277  -24.903  25.540 1130.0000000000
57841  4.061  7.412  51.425 1132.0000000000
57627  59.240  -1.332  -24.044 1133.0000000000
22464  49.011  -37.301  -27.697 1134.0000000000
22510  48.844  27.747  -48.577 1137.0000000000
23029  68.203  -13.409  -38.119 1138.0000000000
23990  2.463  38.896  -40.246 1139.0000000000
24554  51.811  44.779  -31.473 1141.0000000000
25573  14.173  39.661  -45.355 1142.0000000000
25435  3.507  11.238  25.055 1143.0000000000
25595  65.008  19.272  11.576 1144.0000000000
25574  4.092  -52.076  36.695 1145.0000000000
26070  38.339  19.926  13.366 1146.0000000000
26058  11.474  12.029  22.061 1147.0000000000
26925  28.943  -11.829  -37.272 1148.0000000000
26905  5.354  -0.986  24.670 1149.0000000000
27564  22.086  -52.203  33.155 1150.0000000000
28424  18.057  -72.970  -29.563 1151.0000000000
27957  67.554  14.355  5.100 1152.0000000000
27949  65.972  -24.130  -39.923 1153.0000000000
28425  15.405  -47.963  -27.255 1156.0000000000
29394  47.487  -58.307  -35.481 1157.0000000000
29478  56.006  15.563  -56.599 1158.0000000000
29553  3.531  45.763  11.581 1159.0000000000
29779  22.092  -11.998  -41.458 1160.0000000000
30015  58.599  -15.677  -20.440 1161.0000000000
28547  6.979  -14.621  7.790 1162.0000000000
28531  60.654  11.850  17.465 1163.0000000000
29106  39.499  50.786  -2.610 1164.0000000000
29479  19.138  23.498  -63.680 1167.0000000000
29554  2.881  45.354  10.775 1168.0000000000
29780  38.270  -7.309  -4.237 1169.0000000000
30118  2.356  37.565  -21.455 1171.0000000000
30101  29.403  41.643  37.929 1172.0000000000
30598  15.050  63.996  -19.085 1173.0000000000
30634  20.869  28.527  -57.551 1175.0000000000
30947  11.911  58.471  -25.799 1176.0000000000
30985  63.341  -28.301  -6.315 1177.0000000000
31077  36.788  -57.393  26.270 1178.0000000000
31059  16.433  -64.526  -11.942 1179.0000000000
32150  5.690  -19.588  19.082 1180.0000000000
31590  2.582  41.736  33.659 1182.0000000000
31640  68.619  -25.464  8.142 1183.0000000000
32526  30.049  31.210  38.924 1184.0000000000
32646  4.111  -50.591  37.603 1185.0000000000
31999  51.784  7.639  29.782 1186.0000000000
31719  59.654  26.277  18.191 1187.0000000000
32478  24.208  -71.228  -33.163 1188.0000000000
33497  44.637  43.311  28.714 1189.0000000000
32490  49.703  -12.395  8.082 1191.0000000000
32527  15.501  -44.154  -0.745 1192.0000000000
33726  26.985  29.010  -65.655 1194.0000000000
33727  50.039  34.288  9.978 1195.0000000000
32647  21.241  -47.376  -14.163 1196.0000000000
32703  35.432  -73.342  -24.897 1198.0000000000
33575  15.983  88.004  -24.501 1204.0000000000
33611  69.537  -0.294  -37.357 1205.0000000000
33674  56.805  -37.325  -43.334 1206.0000000000
33743  62.172  -25.683  5.487 1207.0000000000
33728  42.175  43.398  31.703 1208.0000000000
34172  55.992  23.999  26.535 1209.0000000000
35036  40.969  -18.795  19.648 1211.0000000000
34553  55.901  -48.609  -4.696 1212.0000000000
34552  32.154  50.468  17.255 1213.0000000000
35152  6.583  -45.556  -5.240 1214.0000000000
34653  47.561  -42.760  -9.521 1215.0000000000
25713  53.497  -5.012  29.057 1216.0000000000
34676  59.615  16.361  -7.918 1218.0000000000
34708  19.270  76.765  7.783 1220.0000000000
34905  41.839  -44.630  -35.604 1221.0000000000
35964  36.095  -76.288  -27.385 1223.0000000000
36062  50.817  10.707  7.584 1226.0000000000
36101  41.251  25.942  9.906 1227.0000000000
36550  53.221  57.744  -8.510 1228.0000000000
25239  6.967  -76.793  -17.888 1230.0000000000
27244  3.568  69.091  -16.579 1232.0000000000
37846  0.980  45.437  -19.372 1233.0000000000
35996  11.957  58.707  -8.773 1234.0000000000
37244  48.646  25.116  6.195 1239.0000000000
37274  26.817  40.555  26.654 1247.0000000000
37338  44.507  73.390  -29.251 1248.0000000000
38133  42.418  26.306  9.100 1250.0000000000
38132  66.085  14.396  -11.325 1251.0000000000
38725  28.292  -72.268  15.033 1252.0000000000
38216  7.691  -70.579  17.332 1255.0000000000
38761  2.764  59.481  -10.719 1259.0000000000
39628  30.668  -43.520  -13.160 1260.0000000000
39710  26.206  11.512  -41.811 1262.0000000000
39175  30.813  15.275  -53.089 1265.0000000000
39206  50.332  -2.012  -29.514 1266.0000000000
39709  38.403  4.692  -0.370 1268.0000000000
40506  26.246  74.467  -2.672 1269.0000000000
40563  2.104  61.105  -28.330 1271.0000000000
38937  31.454  -23.702  52.489 1273.0000000000
40125  11.508  -5.290  -31.948 1277.0000000000
40098  33.035  -0.580  -49.306 1279.0000000000
40887  57.956  8.204  -34.233 1280.0000000000
40977  63.798  1.319  7.616 1281.0000000000
41695  57.997  -49.358  -17.167 1285.0000000000
42277  38.583  26.602  27.063 1287.0000000000
41869  30.716  -52.256  19.487 1288.0000000000
41886  36.863  -36.370  46.427 1289.0000000000
42823  68.573  -20.358  -36.597 1290.0000000000
42824  69.062  -20.008  -35.596 1291.0000000000
42337  3.618  -54.324  15.045 1292.0000000000
42354  44.433  -62.346  -15.457 1293.0000000000
66448  38.368  43.123  19.521 1294.0000000000
19857  68.916  3.377  -25.849 1295.0000000000
67340  7.313  26.248  -37.374 1296.0000000000
21500  57.263  -3.775  34.310 1297.0000000000
22800  41.935  -14.363  -42.607 1299.0000000000
22832  27.810  2.004  -32.188 1300.0000000000
23046  14.378  82.083  -31.093 1301.0000000000
14004  12.724  -43.859  51.711 1302.0000000000
14037  37.864  -74.103  -11.490 1303.0000000000
14630  29.864  -76.155  5.113 1304.0000000000
25628  51.041  62.429  -18.813 1306.0000000000
25436  35.511  12.341  -68.294 1307.0000000000
16160  18.602  -43.007  -12.966 1308.0000000000
25608  51.977  62.271  -18.856 1309.0000000000
17235  23.642  60.589  15.455 1310.0000000000
68520  24.470  -8.609  39.292 1311.0000000000
26078  32.873  -53.672  36.957 1312.0000000000
19292  41.784  31.121  -63.881 1313.0000000000
20045  2.468  -46.235  8.084 1314.0000000000
69029  28.934  68.413  -35.053 1315.0000000000
68714  31.411  1.566  -54.251 1316.0000000000
68761  61.855  -9.052  3.014 1317.0000000000
26945  53.274  -6.561  30.180 1318.0000000000
69253  62.302  -13.934  -16.569 1321.0000000000
69283  58.743  -18.358  24.132 1322.0000000000
69299  46.035  7.652  -6.889 1323.0000000000
69393  38.913  -18.620  44.765 1324.0000000000
69407  25.791  -55.252  39.651 1325.0000000000
69424  13.881  -29.454  19.084 1326.0000000000
69030  57.707  -45.533  -9.617 1327.0000000000
69032  32.942  -20.387  42.018 1328.0000000000
69126  19.024  -71.291  4.975 1329.0000000000
69151  9.733  -16.010  25.594 1330.0000000000
29514  59.089  -39.907  25.000 1334.0000000000
29582  5.703  55.145  37.392 1335.0000000000
69425  24.553  3.045  -32.786 1338.0000000000
69434  35.245  -17.857  46.320 1339.0000000000
69516  49.273  39.838  -11.896 1340.0000000000
69523  12.577  -36.339  38.299 1341.0000000000
69529  4.183  3.510  -33.669 1342.0000000000
28727  3.974  -45.304  27.395 1343.0000000000
69641  46.652  61.155  -38.128 1345.0000000000
69638  38.549  21.812  -7.648 1346.0000000000
69648  26.789  15.725  31.984 1347.0000000000
69730  11.618  7.959  53.733 1348.0000000000
69735  37.902  -72.473  1.752 1349.0000000000
30135  16.389  -64.207  -11.342 1350.0000000000
69829  30.463  82.179  -16.446 1352.0000000000
69834  8.950  -42.249  40.237 1353.0000000000
69888  24.504  15.018  -57.751 1354.0000000000
69895  43.077  -6.152  34.925 1355.0000000000
69906  27.186  -84.609  -22.856 1356.0000000000
31101  52.567  -31.352  23.364 1357.0000000000
32151  6.349  -18.788  18.646 1358.0000000000
21781  28.228  31.797  45.175 1359.0000000000
70008  9.727  -36.800  35.010 1362.0000000000
70013  53.378  7.449  13.343 1363.0000000000
70018  8.127  -37.768  35.655 1364.0000000000
32672  33.339  14.403  37.276 1365.0000000000
32015  33.024  42.931  36.490 1366.0000000000
33498  42.702  43.922  30.403 1368.0000000000
22398  42.907  16.576  -31.304 1369.0000000000
33752  36.918  15.053  37.772 1372.0000000000
33753  36.514  23.786  11.528 1373.0000000000
32846  2.786  32.194  27.613 1374.0000000000
34608  34.195  -64.009  25.898 1376.0000000000
22713  8.581  73.597  -27.411 1380.0000000000
70404  12.489  -79.200  -15.564 1382.0000000000
70415  19.523  -85.598  -28.934 1383.0000000000
23851  40.772  -69.581  -20.912 1384.0000000000
35056  22.396  40.031  25.816 1385.0000000000
25110  15.975  -47.208  3.220 1386.0000000000
25168  25.897  -56.271  -30.747 1387.0000000000
35982  43.044  -30.049  45.820 1393.0000000000
35965  38.553  58.777  -34.230 1394.0000000000
36033  38.033  -4.631  -31.607 1395.0000000000
36063  50.922  11.008  7.992 1396.0000000000
36437  46.486  70.520  -19.787 1397.0000000000
24761  13.385  54.720  6.014 1398.0000000000
24598  32.987  29.231  -45.630 1403.0000000000
25712  62.174  -31.253  9.004 1405.0000000000
37245  3.735  30.642  31.920 1410.0000000000
37320  45.166  -44.501  -7.971 1411.0000000000
36539  1.765  -14.698  -2.020 1412.0000000000
26855  8.575  -34.525  12.852 1413.0000000000
27166  48.185  -38.755  3.627 1415.0000000000
26184  16.795  -77.822  9.831 1416.0000000000
37228  61.985  8.806  24.576 1417.0000000000
37275  26.807  39.281  24.712 1418.0000000000
27167  23.185  87.498  -15.001 1421.0000000000
38726  27.336  -72.512  14.531 1423.0000000000
38217  42.151  -49.876  -38.548 1426.0000000000
38560  63.079  8.639  23.301 1428.0000000000
38762  9.802  -45.165  -9.043 1429.0000000000
28731  2.840  -23.340  17.072 1430.0000000000
28730  5.098  80.504  -40.813 1431.0000000000
29804  31.462  -37.299  -26.556 1433.0000000000
27911  29.085  -49.088  -26.168 1434.0000000000
39176  54.101  24.674  19.277 1436.0000000000
29128  23.120  -6.358  -33.006 1441.0000000000
40149  2.641  68.734  -20.079 1446.0000000000
41208  14.504  -27.451  14.073 1449.0000000000
40996  54.761  -44.559  -11.817 1450.0000000000
41647  16.151  -61.008  -9.466 1452.0000000000
41859  7.712  -26.006  47.720 1454.0000000000
31878  35.128  -37.469  22.520 1458.0000000000
32343  66.674  -2.440  -24.115 1460.0000000000
7299  24.916  -19.030  40.429 1466.0000000000
9301  44.260  -52.588  -22.584 1467.0000000000
9327  63.452  19.598  -10.190 1468.0000000000
10854  55.193  -8.252  -18.385 1469.0000000000
10877  47.719  -9.576  -23.779 1470.0000000000
11417  48.100  31.755  -47.365 1471.0000000000
11439  33.670  -68.513  -5.654 1472.0000000000
11928  7.089  -59.190  17.066 1473.0000000000
12457  51.902  15.715  -16.363 1474.0000000000
13384  20.002  -61.281  21.753 1475.0000000000
14005  70.826  -26.601  -21.997 1477.0000000000
14615  37.018  -61.568  12.932 1479.0000000000
15153  58.229  -5.050  -23.406 1481.0000000000
15133  61.339  -15.562  -36.040 1482.0000000000
16234  48.427  43.289  5.506 1483.0000000000
16146  47.420  45.745  -20.914 1484.0000000000
18153  29.589  33.759  -62.796 1486.0000000000
18220  41.975  3.627  -26.005 1487.0000000000
18221  41.791  1.619  -24.503 1488.0000000000
17308  19.237  6.529  43.990 1489.0000000000
17216  66.178  -39.491  -18.047 1490.0000000000
17828  34.354  -24.063  -26.415 1492.0000000000
18173  22.588  -42.438  -15.103 1493.0000000000
19302  42.821  74.145  -6.759 1494.0000000000
19650  19.766  -43.928  8.583 1495.0000000000
19736  20.535  22.855  52.258 1496.0000000000
18247  3.581  -63.926  2.541 1497.0000000000
18222  41.046  1.123  -23.741 1499.0000000000
18704  41.297  -69.790  -20.361 1501.0000000000
19274  46.711  -50.220  -19.746 1503.0000000000
19303  59.479  -39.082  0.164 1504.0000000000
19651  55.905  -27.559  32.675 1505.0000000000
19737  28.906  -56.307  -36.146 1506.0000000000
19822  65.174  -23.925  24.243 1507.0000000000
19912  14.921  -77.502  -21.594 1508.0000000000
22110  66.242  -24.273  -29.109 1511.0000000000
22399  40.191  28.095  -40.019 1514.0000000000
22711  64.784  -21.834  19.945 1515.0000000000
22736  3.358  -45.784  39.751 1516.0000000000
22851  24.322  18.768  -36.328 1517.0000000000
23748  53.586  3.341  -30.376 1521.0000000000
22712  36.668  -20.151  -32.497 1522.0000000000
22833  28.925  0.392  -31.196 1524.0000000000
23720  59.674  42.733  -6.676 1529.0000000000
24670  3.076  47.962  -4.215 1531.0000000000
23749  67.510  13.362  -36.649 1532.0000000000
25109  58.697  -50.758  -24.725 1536.0000000000
25212  3.047  -1.900  -23.223 1539.0000000000
25822  38.130  -50.707  -37.142 1543.0000000000
26279  12.390  -43.554  -25.938 1547.0000000000
25240  6.056  -76.845  -17.914 1548.0000000000
26135  47.610  -10.101  19.926 1549.0000000000
26856  47.366  -26.013  -2.254 1551.0000000000
8330  46.806  -6.818  -26.012 1552.0000000000
26208  3.762  16.353  -33.655 1553.0000000000
26234  25.220  -43.670  -26.575 1556.0000000000
26297  46.468  -34.844  5.411 1557.0000000000
27832  62.896  12.227  18.675 1560.0000000000
27287  66.725  1.571  19.620 1562.0000000000
27659  12.861  33.468  17.122 1563.0000000000
27711  36.272  10.447  -42.051 1565.0000000000
28651  43.838  -23.260  24.565 1566.0000000000
28652  43.521  -24.204  25.243 1567.0000000000
28782  14.229  -57.926  -8.777 1570.0000000000
27910  46.271  60.400  -22.629 1571.0000000000
28275  24.874  -10.598  56.087 1576.0000000000
29205  41.430  -72.935  -31.829 1579.0000000000
29276  67.987  12.151  -32.636 1582.0000000000
29310  48.336  -58.448  -35.448 1583.0000000000
30161  17.229  42.848  39.083 1585.0000000000
30257  31.264  -12.694  54.255 1587.0000000000
30438  64.686  2.963  17.466 1588.0000000000
31223  56.761  -39.086  6.151 1590.0000000000
31314  6.622  -50.194  40.350 1592.0000000000
31259  23.696  -40.626  -1.083 1593.0000000000
31829  49.789  6.801  29.735 1597.0000000000
31894  38.970  -44.128  27.906 1599.0000000000
5723  5.378  55.661  -48.889 1603.0000000000
7632  26.499  27.979  -43.088 1604.0000000000
9359  20.799  70.501  16.360 1605.0000000000
11477  5.182  -45.906  42.806 1607.0000000000
11963  12.382  -49.081  -25.466 1608.0000000000
12474  52.572  14.515  -48.145 1609.0000000000
13408  23.976  -41.300  42.890 1610.0000000000
14080  34.655  69.532  8.785 1611.0000000000
14660  4.248  52.904  20.882 1612.0000000000
16211  34.117  82.140  -23.765 1614.0000000000
65279  51.796  -25.942  6.972 1617.0000000000
65519  3.464  -59.628  11.389 1618.0000000000
18274  30.544  76.165  -21.033 1619.0000000000
18275  23.505  -40.680  37.557 1621.0000000000
17292  7.404  21.576  28.558 1622.0000000000
17061  46.775  33.862  -58.722 1624.0000000000
65526  55.018  -41.663  -27.196 1626.0000000000
66010  6.714  84.148  -35.651 1627.0000000000
66030  17.005  -73.647  19.513 1628.0000000000
18674  34.932  36.912  -35.053 1631.0000000000
19338  35.487  80.284  -30.963 1634.0000000000
19697  48.725  -55.126  21.482 1635.0000000000
19778  12.638  79.181  -30.224 1636.0000000000
19858  46.208  28.397  -33.777 1637.0000000000
22111  13.258  -7.216  -27.605 1639.0000000000
2345  33.540  -56.513  24.453 1640.0000000000
2878  28.370  26.605  43.452 1641.0000000000
22762  64.144  -26.139  -0.694 1642.0000000000
1674  16.663  84.737  -27.700 1644.0000000000
4028  1.688  4.935  2.424 1647.0000000000
22950  35.264  76.648  -8.155 1651.0000000000
4098  28.524  -59.120  28.072 1653.0000000000
4640  8.901  5.377  57.178 1655.0000000000
23721  58.853  42.444  -7.070 1661.0000000000
5007  20.155  61.208  -39.434 1663.0000000000
5055  50.555  -36.271  37.804 1666.0000000000
24762  37.688  -50.178  -36.605 1667.0000000000
25111  5.205  53.247  -37.696 1669.0000000000
24599  28.861  -79.131  -35.226 1672.0000000000
6645  58.741  -48.694  -7.431 1673.0000000000
8329  47.124  -7.497  -26.513 1683.0000000000
26235  29.489  71.747  -13.807 1687.0000000000
26280  11.174  -43.314  -24.598 1688.0000000000
4222  22.862  21.064  -38.850 1690.0000000000
7832  25.119  36.026  -56.796 1691.0000000000
27660  30.634  -74.900  -15.060 1693.0000000000
27690  2.608  -25.570  22.799 1694.0000000000
28653  17.789  -16.453  -21.167 1696.0000000000
9155  48.142  44.436  21.534 1698.0000000000
68862  3.872  6.847  24.816 1700.0000000000
29805  31.683  -36.720  -26.820 1701.0000000000
28235  2.964  55.634  2.586 1704.0000000000
28258  11.996  8.743  -34.012 1706.0000000000
9576  34.475  -31.016  51.804 1711.0000000000
30207  50.211  -37.838  8.150 1714.0000000000
30162  4.104  50.381  24.371 1715.0000000000
31224  17.150  80.406  9.972 1719.0000000000
30802  6.819  21.275  31.539 1720.0000000000
31812  13.399  61.234  -5.856 1723.0000000000
11360  38.110  6.034  -3.337 1724.0000000000
31856  49.589  31.892  31.388 1725.0000000000
12366  32.386  -59.250  15.526 1727.0000000000
12900  28.515  -42.041  -14.486 1730.0000000000
49166  33.010  -80.213  -14.745 1733.0000000000
62405  40.283  -17.101  -46.143 1734.0000000000
62842  24.479  -46.427  44.446 1735.0000000000
63096  62.456  -14.856  -46.452 1736.0000000000
63337  1.204  50.701  -35.245 1737.0000000000
63543  52.834  -26.237  13.251 1738.0000000000
63612  66.528  -27.749  -3.602 1739.0000000000
64008  34.843  46.087  -19.470 1740.0000000000
61796  34.253  34.574  -63.469 1741.0000000000
53606  50.635  56.919  -36.655 1743.0000000000
53731  30.691  34.804  -32.975 1744.0000000000
61795  20.921  -86.118  -26.929 1745.0000000000
65297  59.551  -29.119  31.397 1747.0000000000
54262  46.352  31.574  -20.913 1748.0000000000
75120  23.328  -52.784  -10.977 1749.0000000000
65667  16.976  84.249  -30.877 1751.0000000000
65318  33.709  37.490  39.620 1753.0000000000
54250  30.038  -61.500  -33.027 1757.0000000000
65668  37.063  5.435  -42.263 1759.0000000000
1513  40.215  46.289  1.122 1767.0000000000
1512  43.172  39.795  19.921 1769.0000000000
1613  14.951  -70.118  8.834 1770.0000000000
726  4.240  30.376  -34.531 1771.0000000000
2344  56.195  49.066  2.061 1772.0000000000
2879  18.627  28.239  -37.490 1773.0000000000
2343  31.670  43.102  -41.991 1780.0000000000
4047  34.563  34.264  -46.390 1781.0000000000
3360  42.498  15.382  39.106 1785.0000000000
4029  44.287  13.437  -16.229 1789.0000000000
6863  44.279  36.273  11.241 1800.0000000000
4667  28.586  14.041  35.874 1801.0000000000
6644  6.732  -53.041  -17.948 1802.0000000000
5179  3.625  10.559  47.961 1803.0000000000
5201  58.719  31.131  -26.048 1804.0000000000
5651  32.855  39.461  -10.168 1805.0000000000
6864  44.078  37.094  10.748 1806.0000000000
6875  47.419  -15.817  2.854 1810.0000000000
6643  9.234  -55.670  -19.942 1813.0000000000
4221  57.542  8.350  -10.339 1822.0000000000
7866  60.623  25.346  -31.285 1823.0000000000
7813  51.018  -52.446  -22.088 1824.0000000000
8119  35.215  -63.002  -36.091 1826.0000000000
8155  10.089  -57.180  14.429 1827.0000000000
8527  26.508  -30.290  52.519 1829.0000000000
61897  40.523  72.902  -19.380 1830.0000000000
9154  47.792  45.177  21.761 1831.0000000000
9185  69.654  5.886  -4.485 1833.0000000000
8376  58.868  -15.100  -34.072 1837.0000000000
9637  5.725  -56.966  12.928 1840.0000000000
10194  8.236  -2.427  58.618 1841.0000000000
10159  44.722  16.543  -21.454 1842.0000000000
10731  53.818  20.770  31.811 1845.0000000000
10981  43.286  -43.152  -8.358 1846.0000000000
10784  49.233  -24.611  32.989 1848.0000000000
11278  26.364  26.081  -39.506 1850.0000000000
11825  67.205  -22.192  14.066 1854.0000000000
12238  28.602  85.077  -13.016 1856.0000000000
12735  55.954  -47.185  -15.650 1859.0000000000
49186  24.351  67.051  21.560 1861.0000000000
49167  39.519  -69.494  3.606 1862.0000000000
49826  9.360  28.288  18.932 1863.0000000000
49813  15.390  -24.544  37.250 1864.0000000000
50492  18.171  24.960  49.611 1865.0000000000
50480  22.680  62.809  22.008 1866.0000000000
50902  10.784  68.473  -45.863 1867.0000000000
50894  53.436  27.477  16.771 1868.0000000000
51253  14.032  -32.448  -25.755 1869.0000000000
51240  49.873  42.397  -24.768 1870.0000000000
51846  34.316  -11.813  -24.339 1871.0000000000
51616  46.859  24.335  -32.084 1872.0000000000
53730  52.334  29.433  14.085 1873.0000000000
52619  17.587  44.841  -44.385 1874.0000000000
53591  59.709  -21.015  34.015 1876.0000000000
53656  39.075  -66.009  15.619 1877.0000000000
54268  46.026  -6.307  -46.738 1878.0000000000
54331  38.112  -14.651  26.484 1879.0000000000
54269  45.602  32.410  -20.453 1885.0000000000
54332  38.036  -14.035  25.802 1886.0000000000
54516  2.285  31.917  -18.842 1887.0000000000
1514  19.139  49.954  -43.570 1893.0000000000
57468  15.882  -52.932  -7.260 1897.0000000000
1531  59.573  0.057  -55.298 1900.0000000000
1640  2.448  66.137  -44.738 1901.0000000000
57431  13.843  83.719  3.166 1905.0000000000
3361  25.966  20.224  -38.841 1910.0000000000
3385  10.376  51.433  -45.712 1911.0000000000
4641  8.539  4.130  57.546 1913.0000000000
59056  11.755  58.383  -46.424 1914.0000000000
4543  30.156  -31.153  29.340 1924.0000000000
5178  6.394  5.474  55.868 1927.0000000000
5076  12.826  57.134  -46.424 1930.0000000000
5636  4.510  -51.953  -17.874 1931.0000000000
6865  35.869  41.671  -16.443 1938.0000000000
6876  15.966  -16.174  -32.812 1939.0000000000
50022  14.000  -16.147  28.174 1942.0000000000
60375  4.721  -74.712  -18.941 1944.0000000000
60343  58.936  -51.399  -11.275 1945.0000000000
6771  8.591  58.616  36.168 1947.0000000000
8154  33.356  -57.923  21.754 1948.0000000000
8328  46.666  -7.771  -25.446 1952.0000000000
9153  49.177  32.699  31.791 1954.0000000000
4220  55.255  6.773  34.114 1960.0000000000
9577  33.837  -31.781  51.874 1967.0000000000
8375  64.138  -31.883  16.710 1968.0000000000
10175  45.585  2.553  -16.472 1971.0000000000
10732  45.972  26.851  -27.462 1976.0000000000
11264  47.974  -47.631  -15.374 1978.0000000000
10766  23.347  -1.621  57.230 1979.0000000000
11813  26.308  47.491  15.143 1982.0000000000
11339  41.183  -0.072  -17.929 1983.0000000000
12348  44.386  -55.838  -26.327 1986.0000000000
12219  21.285  -11.124  -28.630 1987.0000000000
12367  15.747  -55.287  11.858 1988.0000000000
12901  28.009  -43.464  -14.559 1989.0000000000
12715  3.505  -3.057  52.091 1990.0000000000
50512  17.543  25.029  49.544 1991.0000000000
36800  59.070  7.738  -29.957 1992.0000000000
37923  20.349  -42.505  52.675 1993.0000000000
72537  45.347  1.443  -51.863 1995.0000000000
72410  49.499  2.710  26.689 1996.0000000000
72497  28.365  -26.608  52.008 1998.0000000000
54543  30.672  -6.874  -46.873 1999.0000000000
53907  39.197  -13.921  27.090 2000.0000000000
53655  57.133  30.741  14.854 2002.0000000000
54495  13.184  48.749  7.870 2003.0000000000
57475  34.367  43.253  -16.582 2006.0000000000
44235  51.883  21.219  -22.282 2010.0000000000
57231  32.848  30.879  -9.955 2011.0000000000
57268  12.954  -43.207  -3.368 2012.0000000000
44431  9.145  5.656  -37.734 2013.0000000000
43817  52.527  -4.171  20.065 2014.0000000000
57713  41.391  33.854  -31.839 2020.0000000000
58127  23.007  -42.944  -3.241 2022.0000000000
46073  15.495  -48.204  11.118 2023.0000000000
46102  47.872  -63.952  -13.724 2024.0000000000
58307  40.998  -66.877  -1.048 2025.0000000000
46380  7.194  -57.534  18.357 2028.0000000000
58559  3.570  -47.744  28.956 2035.0000000000
46943  69.480  -19.867  -12.519 2036.0000000000
59566  7.082  -18.498  16.918 2038.0000000000
59373  51.720  60.090  -16.436 2042.0000000000
50043  13.087  -78.781  -16.337 2048.0000000000
61544  60.251  -19.469  32.339 2050.0000000000
39495  17.705  -10.722  45.550 2053.0000000000
60396  2.951  80.581  -7.856 2055.0000000000
60407  49.293  -28.299  8.667 2057.0000000000
49618  53.627  -22.599  39.318 2063.0000000000
50021  34.180  -20.888  36.215 2067.0000000000
50884  8.785  -80.401  -2.159 2070.0000000000
61096  51.160  -11.917  8.165 2074.0000000000
61114  58.865  -45.383  15.586 2075.0000000000
49324  30.134  -18.116  -43.336 2079.0000000000
51750  5.356  -7.270  42.668 2081.0000000000
61736  49.723  -52.369  5.957 2083.0000000000
62007  57.889  12.438  19.412 2086.0000000000
62204  10.802  13.772  22.402 2087.0000000000
62435  25.942  79.218  6.722 2090.0000000000
52304  37.125  -4.042  -5.669 2091.0000000000
52824  57.801  -34.033  25.320 2093.0000000000
52880  62.171  -18.646  27.943 2095.0000000000
53238  51.935  27.116  3.110 2097.0000000000
53496  60.455  42.503  -4.368 2099.0000000000
62980  50.026  62.994  -8.130 2102.0000000000
63219  1.640  51.177  -36.303 2103.0000000000
63429  47.436  65.948  -11.504 2104.0000000000
63371  43.396  38.713  -35.989 2105.0000000000
42562  32.934  36.484  -27.712 2109.0000000000
42564  40.012  -10.243  -2.941 2110.0000000000
43450  15.528  -12.978  42.455 2113.0000000000
43818  51.269  -4.517  20.658 2114.0000000000
42563  48.526  51.314  -22.460 2117.0000000000
42976  3.450  -56.262  22.537 2119.0000000000
43962  40.489  48.378  28.979 2120.0000000000
44782  36.159  23.971  -56.365 2124.0000000000
46100  34.476  -68.644  11.888 2135.0000000000
45219  58.101  1.551  -3.674 2136.0000000000
45276  3.447  34.176  -37.286 2139.0000000000
47253  56.250  30.630  0.532 2143.0000000000
46166  68.458  11.890  -7.864 2144.0000000000
46101  35.926  -63.088  -37.418 2145.0000000000
46414  4.865  32.861  4.931 2147.0000000000
46944  65.443  -18.117  -37.652 2148.0000000000
47254  31.716  43.109  -20.070 2150.0000000000
47255  26.881  -57.794  -33.319 2151.0000000000
47692  2.722  3.483  23.973 2154.0000000000
48257  17.431  -69.940  5.104 2155.0000000000
48327  4.916  -27.833  -3.108 2157.0000000000
48328  62.033  -0.228  -53.377 2158.0000000000
39494  53.649  -39.947  -39.327 2160.0000000000
50164  66.753  -37.112  -10.072 2168.0000000000
50163  38.887  79.775  -17.624 2169.0000000000
50023  49.322  -12.025  -18.309 2172.0000000000
49323  24.158  -28.546  -32.522 2174.0000000000
50841  35.150  59.873  23.208 2183.0000000000
50885  23.663  -27.562  -35.079 2185.0000000000
50249  2.844  41.514  1.980 2190.0000000000
52091  14.619  -39.326  -26.279 2199.0000000000
51777  2.107  16.960  7.747 2200.0000000000
52245  23.686  -58.834  -30.555 2202.0000000000
52525  8.805  -18.025  59.615 2205.0000000000
52305  48.041  22.093  1.694 2207.0000000000
52866  19.445  5.342  -49.819 2211.0000000000
52825  56.513  -33.281  25.546 2212.0000000000
52907  4.414  57.225  -32.615 2214.0000000000
53252  16.023  -32.422  -28.511 2216.0000000000
53239  27.535  37.993  -53.051 2217.0000000000
53825  67.978  -1.957  -43.854 2218.0000000000
52916  66.510  22.141  0.049 2219.0000000000
53480  61.904  -44.767  -29.092 2220.0000000000
53826  67.430  -1.441  -42.559 2221.0000000000
54031  36.311  47.530  -16.516 2222.0000000000
53856  26.982  37.884  -56.183 2223.0000000000
26857  30.420  -11.009  -37.629 2226.0000000000
43854  38.964  5.486  -38.871 2228.0000000000
42609  54.085  20.246  -56.925 2229.0000000000
42588  7.416  -8.756  39.088 2230.0000000000
29367  10.591  -65.231  -11.861 2231.0000000000
44432  10.006  6.544  -36.824 2234.0000000000
28496  66.587  -31.279  5.845 2235.0000000000
44849  21.721  16.754  -66.414 2236.0000000000
29328  21.992  46.555  -36.069 2237.0000000000
29727  10.058  -43.966  27.367 2242.0000000000
30827  31.724  16.172  43.446 2244.0000000000
44783  10.534  -42.384  38.544 2247.0000000000
28519  3.880  -61.911  4.998 2249.0000000000
31896  10.396  88.756  -21.270 2250.0000000000
46155  21.073  37.864  -43.161 2251.0000000000
45218  59.413  1.689  -3.909 2252.0000000000
45125  38.216  63.207  -34.910 2255.0000000000
31917  6.529  -78.362  -3.814 2261.0000000000
32834  50.811  -23.607  -42.079 2262.0000000000
46074  32.441  67.569  -35.893 2263.0000000000
32820  54.906  -11.516  -48.022 2265.0000000000
72062  59.579  -21.136  22.378 2271.0000000000
35060  43.471  52.933  16.340 2272.0000000000
33812  7.602  6.093  27.731 2274.0000000000
39496  43.395  -8.796  -48.182 2280.0000000000
35642  45.951  -16.366  44.424 2282.0000000000
36392  14.992  -26.974  18.270 2283.0000000000
51138  8.176  -47.604  26.761 2284.0000000000
36381  35.314  25.629  8.526 2289.0000000000
36640  17.376  -14.867  43.598 2294.0000000000
49619  52.937  -21.072  39.583 2295.0000000000
37641  14.866  12.363  -42.312 2296.0000000000
50275  50.737  23.172  4.308 2298.0000000000
50150  6.414  -36.813  34.369 2307.0000000000
38547  14.749  -76.652  -31.215 2310.0000000000
38633  34.026  37.191  -43.459 2312.0000000000
51751  1.481  3.791  -13.914 2313.0000000000
51762  48.370  -18.042  -46.621 2315.0000000000
52118  51.901  -22.568  -8.971 2316.0000000000
52340  42.442  41.598  0.994 2318.0000000000
52879  15.624  -22.009  32.840 2322.0000000000
41396  8.684  -39.641  -13.183 2332.0000000000
41626  4.765  35.707  -44.227 2334.0000000000
26873  14.097  66.278  -9.294 2337.0000000000
26858  2.748  -6.371  30.647 2338.0000000000
27242  60.172  -48.041  2.090 2340.0000000000
27406  1.625  9.227  -34.150 2341.0000000000
27421  3.195  79.650  -38.637 2342.0000000000
28302  66.209  -20.379  22.120 2343.0000000000
28391  11.115  -33.455  11.802 2345.0000000000
28497  46.591  -24.204  -36.782 2346.0000000000
28829  14.902  30.553  46.253 2347.0000000000
26859  52.544  -3.510  26.874 2349.0000000000
27661  30.026  -75.648  -15.611 2355.0000000000
28896  28.351  48.068  -35.138 2362.0000000000
30654  9.775  26.481  53.027 2364.0000000000
30329  27.612  48.167  23.682 2373.0000000000
30351  24.441  -11.640  -42.644 2374.0000000000
30653  10.608  27.270  52.780 2376.0000000000
31407  13.802  28.502  51.133 2380.0000000000
31501  39.720  -43.203  -31.465 2381.0000000000
31535  38.412  23.870  -36.930 2382.0000000000
31831  34.118  7.576  -37.192 2383.0000000000
32736  29.651  33.295  27.137 2388.0000000000
32749  3.568  -51.334  35.421 2389.0000000000
32787  10.486  -35.019  6.070 2390.0000000000
33786  41.146  43.265  -21.365 2395.0000000000
34711  48.336  -35.521  -43.421 2399.0000000000
35997  3.825  48.831  14.334 2403.0000000000
35077  31.453  -81.741  -16.696 2404.0000000000
35998  8.164  -45.281  -7.117 2411.0000000000
37080  53.525  8.704  -46.616 2412.0000000000
37079  4.129  -0.214  -37.730 2415.0000000000
37640  51.989  7.375  22.833 2422.0000000000
39111  61.666  -42.517  12.301 2433.0000000000
39461  28.311  -57.067  -25.148 2434.0000000000
39935  17.797  49.755  39.352 2438.0000000000
39531  59.900  -38.038  -1.372 2439.0000000000
39976  11.854  36.235  -42.263 2441.0000000000
40052  35.991  -11.200  43.148 2442.0000000000
40911  63.130  12.249  -0.516 2445.0000000000
40785  1.974  62.606  -27.532 2446.0000000000
41325  20.320  71.084  -37.403 2448.0000000000
41625  25.600  26.917  30.618 2451.0000000000
41846  56.318  20.403  -55.572 2456.0000000000
67031  64.192  -36.299  -2.664 2459.0000000000
67032  64.593  -34.983  -3.394 2460.0000000000
67172  69.409  10.516  0.222 2461.0000000000
67186  6.621  -36.945  51.033 2462.0000000000
67212  25.113  83.545  0.821 2463.0000000000
67314  32.808  -36.306  50.374 2465.0000000000
67333  9.761  -84.960  -14.810 2466.0000000000
28300  51.139  -23.373  -40.509 2468.0000000000
28486  50.408  41.711  7.683 2469.0000000000
29206  38.550  21.365  17.207 2473.0000000000
67211  6.431  64.090  -30.159 2475.0000000000
27330  55.496  33.700  17.705 2478.0000000000
28301  66.955  -19.668  21.775 2482.0000000000
29243  43.750  -37.416  9.003 2488.0000000000
27729  30.087  -7.725  31.978 2492.0000000000
29678  17.272  29.189  44.146 2493.0000000000
29752  68.175  -0.247  -41.732 2500.0000000000
1258  12.945  56.225  -39.471 2501.0000000000
1922  49.080  -9.180  27.525 2507.0000000000
32851  39.069  -52.925  28.482 2509.0000000000
33132  58.838  11.608  9.440 2511.0000000000
35093  24.696  -71.366  -36.044 2514.0000000000
5600  19.569  21.920  -41.346 2516.0000000000
4464  66.432  13.812  -15.437 2517.0000000000
6647  52.768  -39.306  -40.962 2520.0000000000
36667  56.979  -49.292  -17.241 2523.0000000000
6646  26.236  62.735  20.347 2524.0000000000
37693  63.532  -4.123  -40.788 2527.0000000000
8107  7.975  40.296  14.670 2529.0000000000
9139  10.053  40.186  13.379 2534.0000000000
9612  56.382  53.257  -23.680 2535.0000000000
9138  11.148  40.357  12.628 2538.0000000000
39515  26.259  -20.338  51.028 2544.0000000000
39977  11.347  37.381  -43.038 2546.0000000000
40510  38.261  -52.177  27.321 2550.0000000000
40912  40.230  8.349  -59.879 2552.0000000000
41326  32.906  49.640  33.212 2557.0000000000
41397  19.396  82.792  -12.051 2561.0000000000
12458  50.438  15.237  -16.446 2563.0000000000
12424  4.673  7.375  39.301 2565.0000000000
12490  6.905  -43.802  -9.365 2567.0000000000
67042  5.898  -5.509  -30.801 2569.0000000000
67192  60.991  10.826  3.100 2571.0000000000
67216  34.849  24.684  -57.498 2572.0000000000
49970  68.814  -6.354  4.982 2573.0000000000
49494  26.492  -23.275  39.606 2575.0000000000
49492  4.377  -38.973  39.432 2576.0000000000
49557  11.563  27.952  17.873 2577.0000000000
67336  50.790  64.660  -29.768 2584.0000000000
50758  21.885  62.646  21.343 2586.0000000000
51027  2.013  23.791  -10.575 2592.0000000000
613  11.010  31.403  -34.973 2594.0000000000
1259  13.428  54.977  -40.002 2600.0000000000
1923  21.040  -69.885  2.408 2604.0000000000
4463  32.269  8.695  -41.381 2606.0000000000
5601  18.872  21.078  -40.813 2611.0000000000
6154  2.168  -2.915  6.461 2620.0000000000
6648  8.712  86.938  -4.388 2624.0000000000
7648  65.266  -30.758  17.773 2627.0000000000
7136  10.780  63.436  32.834 2629.0000000000
8108  11.861  -56.950  15.097 2635.0000000000
9140  48.482  46.301  21.395 2637.0000000000
9790  56.212  -30.373  -24.428 2642.0000000000
10176  20.242  5.607  -51.039 2643.0000000000
10260  16.372  69.112  13.318 2648.0000000000
10437  41.134  -17.276  34.469 2650.0000000000
11325  3.598  -67.054  -4.967 2654.0000000000
11374  15.151  87.127  -11.953 2656.0000000000
11874  48.641  -7.226  19.649 2658.0000000000
11980  46.830  26.901  -31.976 2660.0000000000
13020  57.389  -9.074  -21.869 2663.0000000000
49493  63.823  -34.822  -25.786 2669.0000000000
49580  27.077  47.030  18.123 2671.0000000000
49867  40.531  -69.905  1.838 2672.0000000000
49932  30.960  -61.080  -29.861 2674.0000000000
49969  55.564  -32.704  -4.857 2676.0000000000
50638  42.270  13.966  -30.257 2683.0000000000
50999  60.053  42.958  1.740 2686.0000000000
51050  21.847  65.358  24.253 2689.0000000000
51426  6.039  57.065  -30.448 2691.0000000000
1257  13.074  56.561  -39.840 2697.0000000000
53400  28.047  -45.132  -26.402 2700.0000000000
53873  23.884  8.459  39.697 2703.0000000000
4484  50.342  -5.508  -7.554 2704.0000000000
6123  40.245  11.835  45.715 2706.0000000000
4465  44.810  32.907  -34.722 2708.0000000000
6155  23.068  6.720  54.952 2713.0000000000
56388  46.033  23.737  -21.541 2724.0000000000
7576  40.692  6.707  -49.835 2726.0000000000
55837  21.950  -53.782  2.743 2728.0000000000
56582  28.633  22.271  35.669 2739.0000000000
9611  55.905  51.938  -24.586 2741.0000000000
10438  49.631  -9.195  -24.308 2743.0000000000
11304  35.628  45.820  -13.766 2744.0000000000
10878  28.369  58.762  25.092 2745.0000000000
11855  24.406  -11.821  -27.480 2748.0000000000
11875  43.083  -23.971  30.914 2751.0000000000
12403  12.491  -22.079  -20.074 2752.0000000000
11979  49.721  10.149  -17.201 2753.0000000000
12452  6.341  -14.221  27.383 2754.0000000000
12475  53.137  29.492  -24.274 2757.0000000000
27503  64.587  15.145  7.142 2762.0000000000
27548  50.485  -35.950  4.229 2764.0000000000
27568  2.790  74.392  -40.122 2765.0000000000
27612  67.120  0.416  -25.281 2766.0000000000
28498  3.630  2.187  -33.952 2771.0000000000
28621  37.233  36.349  -10.836 2774.0000000000
50757  50.112  -45.476  30.053 2776.0000000000
51028  39.125  24.259  12.147 2779.0000000000
51040  1.422  32.639  -10.391 2780.0000000000
29611  47.499  30.292  33.792 2782.0000000000
30526  41.893  -70.398  -36.001 2786.0000000000
52107  3.893  -0.851  54.254 2788.0000000000
32509  3.464  25.794  47.102 2790.0000000000
52471  62.317  -24.548  -9.638 2792.0000000000
33462  33.597  -6.383  -40.391 2795.0000000000
34238  12.899  -27.522  47.462 2798.0000000000
56354  4.725  -35.539  30.727 2810.0000000000
37738  25.165  -25.432  51.237 2812.0000000000
55860  42.079  16.513  30.975 2815.0000000000
38729  19.855  48.776  40.008 2822.0000000000
39480  28.561  -58.116  -26.417 2824.0000000000
39092  2.645  -37.799  14.428 2827.0000000000
57024  8.489  70.947  -7.490 2830.0000000000
57347  44.006  36.256  -36.675 2837.0000000000
57829  27.713  9.747  31.468 2838.0000000000
40182  10.274  -40.763  47.270 2839.0000000000
41507  5.488  -41.255  -12.924 2843.0000000000
58148  50.172  49.964  -22.067 2848.0000000000
58410  4.266  31.480  -30.863 2849.0000000000
58645  31.650  -54.663  21.410 2850.0000000000
58423  47.870  -66.839  -8.546 2851.0000000000
58658  25.099  -18.440  44.857 2853.0000000000
27504  45.695  23.084  -59.873 2862.0000000000
27952  59.957  -7.652  -36.892 2867.0000000000
28620  36.934  35.637  -10.509 2873.0000000000
28499  3.133  1.768  -33.098 2876.0000000000
28619  28.206  30.976  45.645 2878.0000000000
29584  48.483  63.424  -13.676 2879.0000000000
30136  15.301  -65.167  -10.485 2882.0000000000
30457  62.533  2.871  17.079 2883.0000000000
31079  32.902  52.314  21.082 2886.0000000000
32136  39.500  0.731  23.462 2890.0000000000
32111  4.340  86.357  -20.360 2891.0000000000
32196  49.372  5.218  -31.031 2892.0000000000
33082  55.908  1.490  -42.528 2895.0000000000
33043  4.496  -0.312  9.183 2897.0000000000
33096  64.485  -39.137  -30.992 2898.0000000000
33414  42.382  -35.077  3.002 2899.0000000000
19550  11.313  19.372  23.010 2907.0000000000
35363  14.249  -24.581  58.691 2908.0000000000
35419  23.617  14.033  -41.210 2909.0000000000
35451  70.546  -20.394  -27.746 2910.0000000000
18421  37.957  57.745  -11.301 2912.0000000000
36274  48.723  66.032  -23.458 2913.0000000000
36367  46.494  36.549  -18.568 2914.0000000000
37378  38.758  58.867  -35.561 2916.0000000000
37377  38.565  58.045  -34.593 2917.0000000000
37739  25.845  -24.220  51.907 2918.0000000000
37104  8.040  46.911  -46.503 2920.0000000000
37082  34.847  13.139  33.485 2921.0000000000
38314  16.298  -35.201  49.831 2922.0000000000
37800  62.901  13.477  4.703 2927.0000000000
38744  57.265  -42.652  -11.818 2928.0000000000
21942  66.634  -13.907  -36.899 2929.0000000000
39093  59.935  -34.140  -6.846 2930.0000000000
38730  20.511  48.667  40.088 2935.0000000000
39481  39.630  54.475  19.138 2937.0000000000
40101  9.478  -55.527  16.689 2941.0000000000
39482  23.875  -44.429  48.794 2943.0000000000
40130  56.415  53.128  -12.118 2944.0000000000
41435  7.300  -39.558  -13.678 2948.0000000000
40942  2.639  36.801  -43.823 2950.0000000000
41506  38.166  77.286  -2.428 2951.0000000000
41456  3.078  -23.416  -0.593 2952.0000000000
42434  42.035  43.053  -45.347 2956.0000000000
42014  7.611  -71.309  14.313 2958.0000000000
42465  69.298  -19.476  -34.731 2960.0000000000
42947  34.147  -1.485  -44.869 2961.0000000000
71140  44.573  28.668  28.578 2962.0000000000
7246  3.421  -18.497  7.753 2970.0000000000
7245  70.754  -21.146  -13.795 2971.0000000000
7270  44.175  36.278  -58.974 2972.0000000000
8245  58.048  19.821  -54.288 2976.0000000000
68310  22.201  -68.036  27.419 2982.0000000000
29646  5.484  -58.695  -8.152 2985.0000000000
10884  7.383  25.910  -27.948 2986.0000000000
9966  2.962  2.585  40.031 2987.0000000000
68857  9.984  -5.405  -34.074 2991.0000000000
31103  37.167  -6.407  -6.545 2992.0000000000
69143  7.174  -25.848  -11.615 2994.0000000000
34062  18.805  -71.647  -30.008 2995.0000000000
69403  39.099  3.572  -61.239 2998.0000000000
34061  4.594  -75.100  -24.240 3003.0000000000
16914  42.869  -68.375  3.721 3005.0000000000
69876  44.915  38.963  -13.555 3007.0000000000
17438  43.640  19.908  19.386 3008.0000000000
17479  40.484  37.494  -36.827 3009.0000000000
37399  45.164  57.952  -8.733 3019.0000000000
37379  6.128  -25.516  53.812 3020.0000000000
37753  46.298  62.693  -22.154 3022.0000000000
38315  14.793  -36.264  50.227 3028.0000000000
21941  65.352  -21.599  -10.035 3044.0000000000
21609  23.710  77.684  -24.093 3046.0000000000
39712  25.969  11.826  -42.511 3047.0000000000
22520  15.002  -37.954  -16.666 3052.0000000000
22588  11.162  -54.778  43.710 3053.0000000000
23706  23.317  -43.317  2.944 3056.0000000000
41457  3.245  -15.195  -6.723 3058.0000000000
24485  47.362  1.378  23.589 3059.0000000000
42435  41.501  42.872  -44.777 3063.0000000000
42466  51.296  5.707  -35.723 3066.0000000000
42948  44.007  3.221  23.022 3067.0000000000
8333  56.357  9.320  -13.201 3073.0000000000
7261  8.277  73.322  -23.205 3074.0000000000
8246  35.090  30.839  -37.361 3078.0000000000
7247  4.413  -18.600  6.481 3083.0000000000
7271  30.528  -69.308  -7.457 3084.0000000000
8763  9.665  -68.492  13.715 3085.0000000000
8764  3.353  48.101  -5.254 3088.0000000000
9950  42.312  -62.996  19.221 3091.0000000000
11998  29.118  79.094  -17.796 3097.0000000000
11961  52.573  38.229  21.953 3098.0000000000
13916  57.788  21.151  26.453 3101.0000000000
15229  49.744  28.976  -43.447 3102.0000000000
15230  29.349  -77.986  -16.594 3103.0000000000
15324  36.619  -59.324  7.096 3105.0000000000
16915  44.077  -67.690  2.973 3109.0000000000
15323  55.797  45.443  8.675 3112.0000000000
15862  57.100  0.440  -25.629 3114.0000000000
17990  14.365  -61.247  19.243 3117.0000000000
18334  44.655  -67.532  1.560 3118.0000000000
18422  32.252  -47.275  11.257 3119.0000000000
17782  32.210  65.573  1.539 3126.0000000000
19549  51.384  17.876  -57.412 3130.0000000000
18575  35.071  -44.918  43.839 3135.0000000000
20077  53.097  30.140  -45.361 3141.0000000000
20824  49.702  54.143  -37.332 3142.0000000000
22030  27.011  33.667  27.691 3152.0000000000
21943  2.583  -1.006  32.466 3154.0000000000
22535  5.179  5.881  40.467 3157.0000000000
23096  4.633  60.559  2.930 3160.0000000000
23723  13.767  53.268  -39.220 3162.0000000000
25017  20.859  7.993  42.212 3168.0000000000
24550  32.827  33.630  41.047 3169.0000000000
24572  56.144  12.668  9.562 3170.0000000000
25049  17.076  -56.531  35.694 3172.0000000000
25090  5.599  54.249  -37.480 3173.0000000000
8247  34.609  31.448  -62.874 3179.0000000000
8334  55.528  10.081  -13.853 3181.0000000000
8652  3.062  51.718  32.177 3182.0000000000
8287  3.634  -66.076  13.654 3185.0000000000
60760  4.135  30.357  -35.939 3187.0000000000
15363  2.724  -6.856  15.153 3195.0000000000
63004  39.243  -35.201  44.892 3197.0000000000
15110  59.759  -44.799  12.078 3198.0000000000
63616  48.755  47.835  -21.332 3200.0000000000
63758  38.747  54.963  -31.188 3202.0000000000
15228  21.384  10.149  -36.137 3204.0000000000
15751  42.819  -2.046  47.290 3206.0000000000
15846  4.418  -6.744  39.241 3207.0000000000
63967  42.191  -18.350  25.236 3208.0000000000
63607  47.321  4.456  -12.348 3209.0000000000
18315  64.711  17.776  -27.009 3211.0000000000
63617  10.038  -38.616  -21.487 3212.0000000000
63618  65.644  -26.940  -2.782 3213.0000000000
17825  32.720  -24.622  24.041 3219.0000000000
64769  47.070  -25.863  32.021 3220.0000000000
16881  61.000  20.160  21.669 3222.0000000000
64549  56.336  -27.663  -3.458 3225.0000000000
64576  52.072  -40.122  -26.259 3226.0000000000
18576  18.705  -42.826  9.087 3230.0000000000
20078  31.331  34.596  31.158 3237.0000000000
20092  63.905  -13.568  -36.437 3238.0000000000
65831  51.194  31.792  -26.244 3240.0000000000
21610  23.149  76.947  -23.531 3242.0000000000
21987  4.775  47.967  -27.797 3243.0000000000
21986  5.319  47.519  -28.178 3244.0000000000
22016  62.223  23.186  -27.775 3247.0000000000
22570  5.388  -48.157  -6.940 3250.0000000000
23460  37.840  -73.214  -24.449 3252.0000000000
24131  48.592  29.223  -61.930 3254.0000000000
23875  13.577  -34.320  16.128 3255.0000000000
24150  48.993  29.902  -61.167 3257.0000000000
66551  46.890  -16.369  32.589 3258.0000000000
24529  2.871  -20.143  -11.373 3259.0000000000
25064  21.054  -76.037  -36.033 3264.0000000000
34403  50.639  -24.269  -46.914 3281.0000000000
62055  32.608  -26.173  -29.144 3287.0000000000
36699  13.809  -79.443  -19.670 3288.0000000000
62516  29.659  -49.425  18.022 3290.0000000000
36700  12.775  -79.390  -19.746 3292.0000000000
37119  51.739  10.406  6.781 3295.0000000000
74074  7.990  -61.846  -11.141 3296.0000000000
74110  6.075  21.834  -38.791 3297.0000000000
62960  62.303  1.266  19.480 3298.0000000000
62959  14.943  -34.528  45.654 3299.0000000000
39749  0.905  34.255  -0.855 3304.0000000000
63738  25.850  -26.528  -37.386 3305.0000000000
63886  21.631  -10.925  57.220 3309.0000000000
38293  21.692  12.380  -55.951 3316.0000000000
39851  64.327  -26.098  -0.083 3326.0000000000
40298  43.009  7.714  -48.793 3327.0000000000
42088  42.197  26.740  34.071 3334.0000000000
42089  19.006  -75.034  16.471 3336.0000000000
42704  23.575  27.952  33.968 3338.0000000000
43048  69.872  -24.232  -4.600 3339.0000000000
35378  15.976  87.170  -26.724 3341.0000000000
43259  44.481  41.088  -51.584 3343.0000000000
66000  19.857  27.451  -44.255 3344.0000000000
65884  36.212  -78.408  -26.601 3347.0000000000
43294  45.321  -1.327  -53.809 3348.0000000000
66185  29.115  -30.874  28.512 3349.0000000000
66367  12.045  14.623  56.222 3352.0000000000
43260  43.948  41.871  -50.655 3353.0000000000
66369  11.371  13.773  55.910 3355.0000000000
43899  28.552  9.378  -66.325 3356.0000000000
74881  50.673  -15.401  7.420 3357.0000000000
66384  49.154  -4.820  -28.784 3358.0000000000
66701  27.297  -8.144  42.826 3360.0000000000
74967  60.210  -20.001  26.966 3361.0000000000
66965  68.697  -6.885  15.722 3365.0000000000
74984  33.268  -70.041  12.701 3366.0000000000
34405  13.379  -18.219  -28.277 3381.0000000000
30582  7.623  -44.207  -2.951 3384.0000000000
30584  54.183  -39.769  -29.018 3385.0000000000
30583  8.939  -43.199  -2.831 3387.0000000000
37013  42.383  21.927  20.498 3390.0000000000
37133  51.974  7.004  23.822 3392.0000000000
38541  24.669  10.234  -40.733 3396.0000000000
37120  35.570  13.661  32.949 3401.0000000000
37179  55.682  -50.831  -19.823 3402.0000000000
38583  26.279  -45.980  20.866 3403.0000000000
38636  45.193  69.477  -32.734 3404.0000000000
38974  37.559  -51.997  27.209 3406.0000000000
38973  11.383  31.930  16.006 3410.0000000000
39801  3.328  58.059  -13.621 3412.0000000000
39769  3.621  -64.040  -6.002 3414.0000000000
40675  2.671  70.499  -22.566 3420.0000000000
41045  29.831  0.534  -51.120 3421.0000000000
43049  3.805  30.666  6.794 3426.0000000000
36013  37.282  -4.960  -31.646 3428.0000000000
43115  36.910  31.548  -9.590 3433.0000000000
43531  36.577  8.714  -65.162 3437.0000000000
43546  10.879  -24.039  39.160 3438.0000000000
43590  45.841  40.513  -16.343 3440.0000000000
43963  41.806  48.152  27.692 3442.0000000000
34404  59.378  -20.630  18.456 3443.0000000000
36701  35.519  35.796  -40.504 3446.0000000000
65645  4.342  -66.557  -14.689 3448.0000000000
36717  6.562  -47.001  -21.048 3452.0000000000
37014  6.335  -75.875  -30.419 3455.0000000000
37105  42.418  44.321  25.281 3456.0000000000
38294  24.915  22.367  -39.905 3459.0000000000
39750  11.328  -79.967  -22.917 3461.0000000000
38584  12.614  -41.018  51.195 3465.0000000000
38637  21.459  -38.444  -0.535 3466.0000000000
39802  38.552  64.503  -34.333 3473.0000000000
39532  26.058  -20.125  49.030 3474.0000000000
40389  39.561  -39.434  -39.802 3475.0000000000
39852  26.743  -20.367  -30.900 3477.0000000000
40676  4.350  -10.271  -2.684 3481.0000000000
42566  67.767  2.461  -4.910 3485.0000000000
42705  23.328  27.712  32.856 3490.0000000000
43293  62.358  -28.956  7.663 3497.0000000000
43258  10.479  -74.026  13.237 3498.0000000000
43507  25.054  -50.156  23.335 3500.0000000000
43562  2.533  -22.350  -3.506 3501.0000000000
43519  31.150  -62.134  -33.201 3502.0000000000
43910  24.068  -51.454  36.248 3504.0000000000
43578  8.044  -48.993  38.987 3505.0000000000
43941  36.629  -0.265  0.398 3506.0000000000
65781  55.995  7.543  29.984 3511.0000000000
29171  20.195  -55.980  -33.934 3513.0000000000
66304  14.362  -36.609  53.635 3516.0000000000
30580  54.502  53.737  -2.084 3518.0000000000
66628  48.507  -25.547  2.963 3520.0000000000
66640  26.301  -35.307  53.414 3521.0000000000
32056  37.906  -2.660  -32.640 3523.0000000000
33094  44.863  52.600  20.041 3526.0000000000
31680  25.283  -72.711  14.522 3528.0000000000
33133  59.524  11.995  10.482 3529.0000000000
34137  54.137  32.878  9.852 3531.0000000000
67204  4.886  83.631  0.516 3533.0000000000
34738  20.638  81.471  3.007 3534.0000000000
67558  9.795  76.283  -16.292 3536.0000000000
35662  8.829  46.722  -42.029 3538.0000000000
36012  37.705  -5.470  -31.188 3539.0000000000
35377  49.855  -42.656  -9.846 3542.0000000000
67827  34.269  -8.765  39.809 3544.0000000000
36642  40.997  -1.859  26.707 3547.0000000000
67946  7.534  -70.353  15.417 3548.0000000000
37083  38.479  18.974  -9.058 3549.0000000000
68059  6.139  21.352  -39.653 3551.0000000000
67957  23.286  10.078  -56.131 3552.0000000000
37232  40.924  27.484  41.655 3553.0000000000
68068  63.108  7.394  24.087 3555.0000000000
68076  46.929  -43.751  -6.462 3556.0000000000
74374  26.347  11.225  -46.026 3557.0000000000
37695  54.431  0.854  13.608 3559.0000000000
74463  47.915  20.541  -56.015 3560.0000000000
74471  60.097  29.059  -9.828 3561.0000000000
38056  19.464  -41.342  53.207 3562.0000000000
38120  46.923  -50.033  -38.938 3564.0000000000
74492  42.914  18.532  15.540 3565.0000000000
38827  68.849  12.665  0.366 3570.0000000000
38638  20.597  -19.692  -34.642 3572.0000000000
29169  32.765  52.573  25.241 3576.0000000000
30708  6.096  -28.874  -10.039 3578.0000000000
30706  8.867  -59.037  -10.879 3583.0000000000
31625  20.351  14.530  -42.759 3585.0000000000
30730  2.789  24.006  16.731 3587.0000000000
31738  52.270  -46.300  -15.441 3589.0000000000
34092  24.223  12.923  -48.166 3595.0000000000
34184  41.159  -12.557  -47.997 3600.0000000000
35247  49.910  -34.403  -3.747 3604.0000000000
36037  11.176  60.273  -8.682 3611.0000000000
36014  25.069  2.537  -41.187 3613.0000000000
36121  48.770  67.929  -22.271 3615.0000000000
36668  53.998  -48.340  20.690 3616.0000000000
36245  40.364  43.044  1.951 3620.0000000000
36643  54.542  8.471  -45.628 3622.0000000000
37353  31.919  44.083  -19.178 3625.0000000000
37354  7.506  -55.120  -21.365 3626.0000000000
38181  32.769  8.597  -44.546 3634.0000000000
39572  37.766  38.191  -25.100 3641.0000000000
29170  22.149  -57.122  -10.196 3643.0000000000
30581  54.691  54.262  -2.689 3649.0000000000
30707  32.803  -26.027  -41.158 3652.0000000000
31626  61.005  25.641  17.192 3653.0000000000
31728  32.356  -11.073  53.626 3656.0000000000
32057  23.559  26.737  50.459 3659.0000000000
31644  22.979  86.646  -22.694 3660.0000000000
34909  41.823  -19.646  19.699 3661.0000000000
65040  11.580  -40.262  34.553 3663.0000000000
33095  21.532  86.249  -24.902 3665.0000000000
34174  39.436  24.413  -38.158 3669.0000000000
36908  3.856  58.421  -31.756 3671.0000000000
34739  50.685  -25.108  4.872 3674.0000000000
35248  22.924  -25.486  57.274 3675.0000000000
35709  7.869  -30.945  17.469 3677.0000000000
37031  38.987  11.340  -54.160 3680.0000000000
37215  2.847  -1.530  21.444 3688.0000000000
38121  60.992  -44.404  -12.114 3693.0000000000
39448  1.963  36.078  -41.144 3698.0000000000
39483  66.965  -7.974  -0.078 3700.0000000000
32496  12.918  64.014  -21.310 3706.0000000000
32529  39.169  -43.665  26.521 3707.0000000000
32495  44.641  -64.430  -13.878 3711.0000000000
64494  47.183  39.811  5.085 3714.0000000000
35016  56.175  -50.045  -34.586 3719.0000000000
36038  22.291  -42.184  -10.283 3727.0000000000
36394  11.293  87.987  -26.587 3730.0000000000
65971  58.027  11.199  7.308 3733.0000000000
38359  57.782  31.869  2.107 3735.0000000000
38803  1.735  43.625  -6.618 3737.0000000000
66442  67.773  -30.096  -5.456 3740.0000000000
66555  67.891  14.172  1.660 3741.0000000000
39381  51.134  -26.808  14.066 3742.0000000000
66446  61.703  3.243  -25.469 3743.0000000000
39462  61.110  -39.970  -39.600 3744.0000000000
39484  59.247  -28.280  13.131 3746.0000000000
66839  58.992  12.310  1.978 3751.0000000000
40336  2.573  33.242  13.781 3752.0000000000
39751  35.594  -70.124  -37.678 3753.0000000000
40955  42.878  27.923  39.397 3755.0000000000
40220  35.354  -36.412  48.086 3757.0000000000
41600  31.420  64.799  -35.964 3761.0000000000
41650  46.947  -56.164  -27.617 3762.0000000000
33544  30.336  55.788  26.641 3767.0000000000
33543  29.893  54.656  25.551 3768.0000000000
33889  14.465  -70.988  22.923 3769.0000000000
32497  44.197  -42.286  27.930 3771.0000000000
32530  5.188  72.353  -18.826 3772.0000000000
34213  8.851  -66.706  -35.265 3776.0000000000
35038  3.894  23.121  10.036 3780.0000000000
34871  14.034  82.625  3.452 3781.0000000000
34923  2.823  46.774  -39.654 3782.0000000000
34910  60.473  -0.941  20.382 3783.0000000000
35017  43.387  53.555  18.014 3785.0000000000
35015  2.981  60.825  -6.526 3786.0000000000
36926  3.735  58.157  -32.738 3793.0000000000
36909  29.029  -9.318  -44.952 3795.0000000000
37944  23.689  -41.923  -12.398 3797.0000000000
38830  4.488  -25.512  51.169 3802.0000000000
39382  3.615  16.213  30.321 3804.0000000000
40825  4.910  -13.120  38.942 3816.0000000000
40836  52.370  -37.884  -42.226 3820.0000000000
41194  10.377  8.477  21.043 3821.0000000000
33545  62.333  -34.453  -3.394 3825.0000000000
33890  34.032  47.784  -41.085 3826.0000000000
33918  31.994  -55.901  23.489 3827.0000000000
34052  42.614  -15.250  48.680 3830.0000000000
66633  29.166  71.686  -18.488 3831.0000000000
67604  39.689  70.361  -21.528 3836.0000000000
36039  50.703  -41.797  14.151 3839.0000000000
36382  24.567  -71.254  -36.879 3840.0000000000
37945  25.406  -26.886  40.310 3849.0000000000
38360  54.391  41.895  -6.408 3852.0000000000
38804  6.906  -60.893  -10.497 3854.0000000000
39225  8.612  -48.396  46.530 3856.0000000000
39380  54.449  59.257  -11.940 3859.0000000000
39463  61.221  -29.749  12.520 3862.0000000000
39485  62.405  3.680  26.606 3864.0000000000
40337  32.479  -81.290  -26.157 3866.0000000000
40203  24.779  -69.208  24.618 3867.0000000000
40712  34.803  -19.414  -30.644 3871.0000000000
41601  4.190  -34.460  9.355 3873.0000000000
41649  15.710  -60.474  -8.884 3877.0000000000
33711  12.187  38.237  -33.498 3881.0000000000
66978  25.967  -84.924  -14.958 3885.0000000000
34612  14.197  88.122  -25.331 3886.0000000000
66986  40.345  -26.602  25.505 3887.0000000000
35741  2.505  65.055  -24.175 3889.0000000000
35742  22.331  79.034  5.612 3890.0000000000
67295  4.009  -12.688  40.690 3891.0000000000
67522  30.640  4.084  -50.307 3894.0000000000
37121  15.609  28.657  44.645 3899.0000000000
36316  35.606  -6.642  -9.713 3901.0000000000
37696  55.315  1.001  14.249 3902.0000000000
68122  11.770  25.811  53.295 3909.0000000000
68130  55.476  42.755  -9.001 3910.0000000000
68200  14.959  -24.807  47.877 3912.0000000000
68170  52.953  -8.185  41.281 3915.0000000000
39210  33.104  70.393  -35.531 3916.0000000000
39501  46.639  62.360  -24.369 3921.0000000000
40589  20.867  -48.917  46.360 3923.0000000000
68678  38.321  -15.190  23.892 3927.0000000000
68772  8.934  -47.912  -9.943 3930.0000000000
41359  4.101  -14.383  -5.691 3931.0000000000
33561  46.999  -12.575  6.169 3934.0000000000
33618  47.244  50.907  19.175 3935.0000000000
33713  29.358  69.896  -16.870 3938.0000000000
33712  38.074  52.257  17.219 3939.0000000000
36317  35.924  -7.039  -9.237 3945.0000000000
35762  35.763  -6.566  -42.457 3946.0000000000
35743  8.111  2.387  30.542 3947.0000000000
37085  52.897  29.850  18.069 3949.0000000000
37147  31.580  75.949  2.503 3951.0000000000
37709  14.986  -12.695  45.895 3952.0000000000
37697  53.686  -0.093  14.968 3954.0000000000
38678  45.492  12.569  -11.979 3956.0000000000
38677  3.893  -16.259  7.517 3957.0000000000
38763  9.563  -45.844  -9.226 3960.0000000000
39502  34.705  72.123  -35.466 3962.0000000000
40252  5.237  -33.005  12.869 3972.0000000000
40853  60.802  -29.140  -26.599 3973.0000000000
40102  25.106  -50.369  45.918 3974.0000000000
40590  26.835  70.123  -20.756 3976.0000000000
41358  2.884  -21.815  43.046 3978.0000000000
41683  31.293  -29.034  -25.257 3980.0000000000
37086  53.466  30.917  17.525 3989.0000000000
37122  22.786  41.168  -42.143 3990.0000000000
65733  28.285  28.995  -46.580 3994.0000000000
38764  8.501  -46.084  -8.754 4000.0000000000
39211  34.165  73.142  -35.164 4005.0000000000
39500  39.584  -55.574  28.840 4007.0000000000
40034  64.359  -9.378  -18.704 4009.0000000000
39928  55.258  0.267  15.937 4010.0000000000
66706  61.630  39.441  -2.262 4016.0000000000
41684  37.348  -9.678  -2.311 4020.0000000000
41437  18.535  81.970  -11.907 4023.0000000000
21176  21.370  -13.512  -40.016 4025.0000000000
65366  47.832  63.443  -21.999 4027.0000000000
22205  36.220  61.687  9.105 4029.0000000000
65889  7.767  65.277  -20.109 4032.0000000000
65999  56.416  24.008  -55.321 4034.0000000000
66198  12.741  -24.617  57.443 4037.0000000000
66213  3.098  7.784  -34.559 4038.0000000000
66266  64.303  -21.633  19.753 4039.0000000000
66405  30.588  82.582  -13.839 4041.0000000000
66542  33.844  -9.430  49.840 4044.0000000000
24658  30.670  -7.730  32.470 4049.0000000000
21237  19.799  -44.359  7.662 4061.0000000000
22228  68.170  -5.111  -20.609 4063.0000000000
22452  56.918  11.665  14.484 4065.0000000000
23150  47.466  63.253  3.448 4069.0000000000
23625  58.210  20.062  -32.053 4070.0000000000
23779  32.986  -46.259  33.472 4073.0000000000
24248  39.509  26.691  -62.778 4074.0000000000
24154  4.106  48.706  28.982 4075.0000000000
24604  53.661  -26.265  -6.139 4079.0000000000
24657  3.124  -15.812  16.365 4082.0000000000
24935  64.216  15.043  10.149 4084.0000000000
25286  14.281  52.767  3.996 4088.0000000000
22468  2.759  4.888  23.391 4090.0000000000
23110  3.430  44.976  -2.197 4092.0000000000
23168  3.401  73.314  -27.378 4093.0000000000
23644  10.804  -37.912  -22.247 4094.0000000000
23797  42.251  -70.943  -20.680 4096.0000000000
24174  3.384  45.175  -2.915 4097.0000000000
24250  39.872  39.314  -11.148 4101.0000000000
24622  18.773  -48.649  -24.077 4102.0000000000
24673  39.413  58.565  9.842 4104.0000000000
24951  50.656  5.593  17.131 4105.0000000000
25201  1.869  39.507  -43.928 4107.0000000000
58336  32.324  43.565  -19.022 4111.0000000000
58355  44.690  -55.415  -3.142 4112.0000000000
58399  26.417  35.527  35.134 4113.0000000000
71303  25.664  27.951  49.595 4114.0000000000
58605  53.080  -47.689  18.963 4116.0000000000
58874  52.956  -33.463  -43.636 4118.0000000000
870  1.562  9.190  -1.451 4119.0000000000
59119  48.942  25.523  -1.725 4120.0000000000
59270  26.360  -15.353  -35.581 4122.0000000000
59155  33.486  13.280  -44.484 4123.0000000000
71404  45.852  58.833  10.649 4125.0000000000
71250  14.877  -24.036  -21.939 4129.0000000000
35392  3.678  73.869  6.394 4132.0000000000
94  6.262  -61.149  30.000 4134.0000000000
92  5.286  -70.328  12.178 4135.0000000000
215  50.556  -13.627  40.497 4137.0000000000
871  31.637  12.952  43.364 4140.0000000000
280  40.527  7.944  -3.765 4141.0000000000
34911  15.590  -75.725  -27.345 4143.0000000000
34941  2.163  57.969  -30.074 4144.0000000000
35723  46.224  -43.384  -39.944 4147.0000000000
93  5.957  -71.176  12.142 4149.0000000000
35867  12.482  -6.099  23.636 4150.0000000000
217  41.413  7.606  -3.672 4152.0000000000
304  7.048  20.196  38.263 4156.0000000000
