#!ascii label  , from subject FreeSurferMNI152_0.4 vox2ras=TkReg
331
52923  -37.249  18.629  -41.374 1.0000000000
57013  -48.290  -33.782  3.992 3.0000000000
56977  -9.426  -42.255  17.989 5.0000000000
53700  -26.014  41.966  -14.726 7.0000000000
57361  -19.279  -46.789  42.350 8.0000000000
54876  -2.514  -22.993  51.697 9.0000000000
55519  -36.098  45.676  22.103 10.0000000000
48480  -52.608  42.679  -3.165 11.0000000000
49244  -9.512  -42.662  20.831 13.0000000000
49914  -25.207  -48.461  -32.719 14.0000000000
52271  -54.215  34.434  -10.879 15.0000000000
49855  -61.295  -11.570  17.921 16.0000000000
49854  -9.020  56.144  -16.762 17.0000000000
49922  -13.707  64.236  -22.038 23.0000000000
52092  -13.791  -61.963  -26.140 28.0000000000
52123  -37.935  -33.818  21.064 30.0000000000
44149  -11.865  -54.515  36.623 31.0000000000
45164  -4.097  13.964  38.250 34.0000000000
48481  -13.719  84.388  -20.691 35.0000000000
45193  -7.447  25.243  49.408 39.0000000000
49921  -27.262  43.577  -34.999 44.0000000000
47435  -15.605  -49.507  27.290 47.0000000000
52091  -12.920  -62.227  -27.624 49.0000000000
36732  -48.493  -56.565  -28.283 54.0000000000
36675  -2.927  55.734  -40.140 56.0000000000
44388  -5.633  65.491  25.288 59.0000000000
37226  -43.099  27.600  -2.957 61.0000000000
39879  -27.469  -69.870  -32.117 67.0000000000
39901  -30.698  -51.981  33.879 71.0000000000
40984  -8.220  44.276  -32.372 73.0000000000
47757  -24.079  -5.713  -45.095 75.0000000000
47747  -24.420  -2.728  -41.531 78.0000000000
35802  -2.648  -18.756  44.096 79.0000000000
23026  -33.856  -14.772  -31.272 81.0000000000
23881  -49.382  10.065  -8.014 86.0000000000
38096  -3.897  70.067  -35.978 88.0000000000
27085  -50.848  -13.372  -34.162 90.0000000000
40645  -45.795  16.041  23.061 95.0000000000
30677  -4.876  69.215  -27.786 98.0000000000
29210  -51.695  -8.431  16.891 99.0000000000
29211  -19.570  -81.533  -10.830 100.0000000000
20526  -7.357  -60.146  6.292 104.0000000000
9541  -20.882  -15.722  -24.084 111.0000000000
11342  -9.599  49.115  11.657 113.0000000000
27917  -17.063  -12.772  -35.704 118.0000000000
14495  -50.587  43.032  0.660 119.0000000000
29080  -33.664  49.095  -5.994 120.0000000000
14648  -35.004  -9.644  34.291 121.0000000000
14981  -37.356  -38.319  9.037 125.0000000000
1611  -55.086  -16.325  21.547 129.0000000000
6643  -29.746  -47.079  31.109 130.0000000000
7664  -35.828  12.206  -8.944 132.0000000000
11451  -40.776  47.077  -30.459 138.0000000000
11974  -42.731  41.590  -30.592 140.0000000000
13056  -9.486  -64.788  -28.641 142.0000000000
14515  -34.021  -14.524  -26.425 144.0000000000
13743  -31.619  14.782  32.925 148.0000000000
14649  -54.274  -2.052  -15.990 149.0000000000
14678  -40.694  -64.690  -12.412 150.0000000000
1612  -24.487  -58.519  4.527 151.0000000000
1809  -2.688  -15.655  20.988 153.0000000000
1962  -47.662  7.292  25.390 154.0000000000
9540  -52.128  0.155  11.093 156.0000000000
9630  -18.989  62.625  -33.837 157.0000000000
11809  -44.323  -1.594  -43.122 160.0000000000
13055  -5.447  61.268  10.465 164.0000000000
13094  -34.754  -11.980  -5.733 166.0000000000
14415  -14.952  -52.742  -15.800 168.0000000000
13768  -3.897  -23.013  39.290 172.0000000000
1748  -2.334  -47.539  16.319 174.0000000000
1644  -52.112  -11.741  -37.509 180.0000000000
1613  -24.128  -60.091  4.311 181.0000000000
56904  -46.528  -22.532  20.409 184.0000000000
50156  -5.906  16.936  35.981 186.0000000000
50174  -29.842  10.030  -46.366 189.0000000000
57036  -19.531  69.935  -19.017 190.0000000000
51704  -20.703  -83.442  -31.215 194.0000000000
57766  -16.690  -47.261  28.041 195.0000000000
57841  -7.025  -63.796  -30.383 196.0000000000
51105  -46.312  17.637  23.676 198.0000000000
42762  -37.437  -50.828  28.938 200.0000000000
4061  -6.992  16.532  -36.572 208.0000000000
50211  -41.663  22.084  23.685 217.0000000000
41911  -31.440  -22.631  -24.619 220.0000000000
41949  -44.936  5.004  23.712 221.0000000000
43787  -39.831  20.490  9.663 232.0000000000
36026  -33.077  38.201  -35.401 234.0000000000
44346  -47.381  -60.993  -22.265 236.0000000000
39780  -40.708  61.239  -9.284 239.0000000000
31283  -10.332  72.444  10.527 241.0000000000
41488  -26.825  23.305  -64.169 244.0000000000
9963  -34.792  28.573  5.382 245.0000000000
33950  -11.628  -12.210  15.984 250.0000000000
34865  -1.983  0.097  44.439 253.0000000000
42778  -8.569  65.285  -41.473 255.0000000000
35104  -40.973  3.014  24.045 258.0000000000
44362  -54.681  -45.768  -0.493 263.0000000000
36041  -18.229  34.374  32.294 266.0000000000
36244  -34.647  68.480  -32.185 268.0000000000
30790  -17.439  -17.446  47.026 269.0000000000
31282  -26.292  -6.292  -30.157 271.0000000000
32819  -20.362  -56.783  -22.191 276.0000000000
10940  -27.738  -18.951  -41.068 278.0000000000
11382  -3.309  -24.943  21.542 279.0000000000
13276  -15.465  -38.648  -6.320 284.0000000000
34028  -38.897  20.032  9.018 286.0000000000
15021  -4.778  42.999  -43.098 289.0000000000
13275  -42.120  48.063  -32.363 291.0000000000
35105  -39.830  3.272  23.913 294.0000000000
14209  -28.570  68.648  -10.655 296.0000000000
17099  -51.291  -5.274  9.470 298.0000000000
17154  -35.046  71.568  -28.048 304.0000000000
9964  -55.199  -41.465  17.340 305.0000000000
32754  -1.023  1.243  -5.332 308.0000000000
32845  -34.471  46.251  -21.559 310.0000000000
12468  -25.721  45.950  -14.917 314.0000000000
32966  -0.023  14.064  -9.985 316.0000000000
13277  -56.067  -17.714  -41.422 321.0000000000
15020  -10.304  78.557  -33.822 323.0000000000
15022  -2.480  54.918  -45.445 326.0000000000
14942  -17.135  -56.713  -9.122 328.0000000000
10941  -28.312  -18.389  -41.323 339.0000000000
11383  -2.936  -23.180  21.882 343.0000000000
14210  -12.860  53.277  24.480 355.0000000000
42861  -57.499  -2.255  -14.507 358.0000000000
45891  -22.409  -31.969  39.574 362.0000000000
17100  -62.898  -14.280  5.346 364.0000000000
17234  -56.975  -8.023  -43.736 366.0000000000
45940  -5.688  -2.364  46.237 368.0000000000
17208  -56.174  -15.838  10.019 372.0000000000
18662  -9.122  5.574  54.270 374.0000000000
20161  -5.396  24.836  -25.855 377.0000000000
20666  -16.274  64.598  22.691 378.0000000000
20841  -21.099  -9.733  33.054 381.0000000000
44671  -25.442  -66.841  -32.821 385.0000000000
22861  -44.010  -4.090  37.804 388.0000000000
22860  -29.297  13.900  25.367 393.0000000000
24706  -4.289  58.058  21.632 396.0000000000
17238  -19.921  -15.704  -28.946 406.0000000000
21520  -44.962  25.143  -17.545 415.0000000000
20905  -36.160  58.680  3.844 417.0000000000
24090  -42.766  51.163  -2.150 421.0000000000
42862  -24.407  -30.398  -31.784 422.0000000000
24091  -43.212  50.389  -1.782 424.0000000000
22884  -24.894  22.434  -31.923 426.0000000000
46353  -21.902  -63.495  -2.729 427.0000000000
25024  -40.161  35.199  20.135 431.0000000000
46384  -12.576  -64.833  16.241 433.0000000000
16237  -22.733  66.363  -7.768 434.0000000000
18663  -56.532  -42.963  -31.358 438.0000000000
19183  -47.402  -58.968  -15.692 440.0000000000
20607  -15.276  -17.508  27.672 442.0000000000
20627  -11.329  -48.187  5.572 446.0000000000
22862  -44.222  -2.769  38.565 450.0000000000
24705  -27.704  38.181  -21.367 461.0000000000
30185  -34.473  74.584  -30.072 465.0000000000
45685  -34.017  -64.075  15.938 469.0000000000
30862  -24.935  32.428  -43.183 473.0000000000
31899  -40.430  38.758  -32.345 476.0000000000
33067  -15.861  78.234  -9.116 480.0000000000
34105  -43.705  23.950  -44.500 482.0000000000
34511  -56.856  -48.530  -12.643 484.0000000000
34106  -40.761  49.816  -11.086 485.0000000000
24092  -33.545  67.734  -17.233 488.0000000000
49099  -38.853  61.396  -27.000 490.0000000000
36030  -19.532  -68.566  23.036 494.0000000000
37694  -14.866  -26.739  26.902 495.0000000000
862  -28.404  -60.713  24.238 497.0000000000
37378  -44.118  -55.262  -33.469 500.0000000000
145  1.222  12.035  -6.431 505.0000000000
5881  -37.317  -11.012  -32.146 510.0000000000
5920  -10.523  12.621  -34.170 513.0000000000
7690  -2.945  -17.573  37.110 516.0000000000
11972  -10.817  24.062  22.418 517.0000000000
10428  -2.923  -24.917  22.252 520.0000000000
34512  -36.706  23.764  -45.933 523.0000000000
10892  -43.267  -31.397  -13.032 527.0000000000
863  -42.056  -10.155  2.659 529.0000000000
15535  -54.205  -15.995  11.722 537.0000000000
17471  -43.130  38.941  12.846 539.0000000000
17544  -51.545  -38.082  8.160 545.0000000000
44843  -16.487  -61.571  -23.803 547.0000000000
56312  -8.322  -82.369  0.979 549.0000000000
146  1.390  12.010  -5.392 550.0000000000
510  -16.408  34.765  -40.221 554.0000000000
147  1.426  15.271  -7.679 555.0000000000
3137  -31.511  -16.655  20.516 557.0000000000
1017  -31.808  -28.809  25.537 559.0000000000
511  -15.731  35.528  -40.919 561.0000000000
512  -0.155  11.862  -33.289 562.0000000000
4848  -40.503  -9.121  41.969 569.0000000000
4913  -49.869  -53.626  -5.969 570.0000000000
5882  -37.287  -8.512  -33.326 571.0000000000
6052  -44.330  40.622  -20.003 574.0000000000
6118  -37.905  28.694  13.478 576.0000000000
6886  -45.294  41.366  -29.213 578.0000000000
6949  -40.575  -66.312  -17.861 579.0000000000
7569  -27.183  -19.315  -39.164 580.0000000000
9069  -56.815  -7.381  -39.912 582.0000000000
9752  -23.653  -42.245  -16.785 587.0000000000
10364  -5.060  71.705  12.148 589.0000000000
11468  -3.377  -14.463  9.723 591.0000000000
12307  -58.193  -25.328  -1.177 595.0000000000
10890  -36.721  -56.702  -6.324 597.0000000000
3436  -60.660  -15.827  -22.264 599.0000000000
10891  -10.362  7.953  19.383 603.0000000000
864  -42.929  -9.475  2.689 604.0000000000
17494  -20.717  52.695  20.703 609.0000000000
15589  -64.066  -27.112  -3.118 611.0000000000
55653  -38.095  23.561  24.122 615.0000000000
4056  -9.457  53.049  -45.171 621.0000000000
1727  -22.735  77.091  -13.867 622.0000000000
38943  -52.882  -14.896  -45.801 623.0000000000
51480  -46.042  -11.846  14.531 630.0000000000
4082  -10.496  71.798  -21.877 634.0000000000
8746  -30.069  36.400  34.760 635.0000000000
6051  -45.653  39.965  -20.383 638.0000000000
11469  -3.185  -13.063  9.956 640.0000000000
52607  -39.838  32.772  28.344 643.0000000000
9683  -32.697  -20.734  34.093 644.0000000000
13234  -51.388  38.124  -1.800 646.0000000000
53291  -5.111  26.157  39.667 649.0000000000
13928  -42.093  -5.169  -20.944 650.0000000000
15588  -54.981  -15.049  12.688 654.0000000000
15536  -21.495  -14.461  42.510 657.0000000000
17441  -49.203  -60.033  -15.115 661.0000000000
18098  -15.002  71.676  6.174 663.0000000000
37503  -46.255  23.074  -55.086 666.0000000000
49113  -44.451  -27.709  -8.214 667.0000000000
50623  -32.211  18.613  -37.666 671.0000000000
50285  -39.504  -58.673  22.525 674.0000000000
38979  -38.835  16.631  -54.451 679.0000000000
51512  -43.432  12.293  31.783 686.0000000000
40112  -42.875  -8.105  17.598 688.0000000000
40953  -35.494  -59.625  -34.336 692.0000000000
41466  -15.092  10.660  -31.377 697.0000000000
42563  -46.056  19.067  -1.622 704.0000000000
42799  -1.700  -14.081  50.697 707.0000000000
43228  -56.669  2.407  15.848 709.0000000000
53903  -35.617  22.703  14.844 710.0000000000
43229  -24.359  3.398  46.957 714.0000000000
54269  -18.399  -72.142  -38.194 715.0000000000
37660  -18.171  -49.088  43.679 718.0000000000
38839  -55.192  1.874  21.257 723.0000000000
19056  -33.599  7.229  -43.982 727.0000000000
21195  -31.600  8.988  -5.377 729.0000000000
21720  -0.934  -6.197  -26.043 732.0000000000
22653  -42.644  15.355  26.341 734.0000000000
40200  -8.437  -48.861  -8.867 737.0000000000
24079  -48.390  -58.317  -22.026 738.0000000000
41573  -3.564  34.819  22.734 742.0000000000
41690  -4.557  -60.660  -15.240 746.0000000000
42026  -36.548  -36.063  22.026 747.0000000000
27729  -37.463  -33.736  40.352 752.0000000000
27789  -29.309  42.881  19.880 755.0000000000
18380  -47.096  -60.430  -5.697 760.0000000000
38922  -15.992  -30.740  53.856 763.0000000000
21196  -51.947  -39.531  -32.114 764.0000000000
22745  -54.974  -11.979  -10.227 774.0000000000
41467  -23.118  -38.652  -25.750 780.0000000000
24240  -48.055  11.864  -24.902 783.0000000000
42564  -55.520  -35.989  8.860 786.0000000000
27730  -57.429  -23.587  8.407 787.0000000000
27788  -57.105  -42.816  -25.648 789.0000000000
27751  -59.986  -10.157  -44.762 793.0000000000
27790  -41.301  -53.531  -26.052 794.0000000000
18402  -21.472  21.680  -32.224 796.0000000000
19094  -63.550  -9.174  -7.819 798.0000000000
23676  -6.013  -33.037  45.073 799.0000000000
21197  -51.854  -39.920  -31.043 802.0000000000
21266  -34.527  -17.765  27.617 804.0000000000
22719  -3.407  -10.267  10.067 805.0000000000
22627  -3.147  -44.468  27.091 807.0000000000
24241  -47.404  11.954  -26.142 810.0000000000
50101  -5.259  -55.108  27.723 817.0000000000
50389  -16.896  26.562  -35.172 824.0000000000
27731  -57.552  -24.914  8.680 829.0000000000
46147  0.445  -13.320  -4.310 836.0000000000
22983  -48.667  -3.164  38.433 837.0000000000
23677  -6.379  -32.997  46.722 841.0000000000
47783  -23.886  -33.629  23.754 842.0000000000
46898  -45.108  -62.356  -14.249 846.0000000000
48846  -15.767  39.600  28.581 854.0000000000
50035  -25.172  33.620  20.513 858.0000000000
50318  -32.024  59.465  7.969 861.0000000000
30904  -36.416  -12.499  38.286 869.0000000000
50994  -47.970  -34.212  18.623 871.0000000000
50560  -3.925  -30.783  38.021 872.0000000000
25745  -22.285  1.609  33.106 881.0000000000
24394  -35.508  -11.502  -33.034 884.0000000000
27793  -51.720  2.486  -13.331 885.0000000000
27792  -43.290  46.130  -27.651 887.0000000000
29003  -46.377  -40.236  -13.364 891.0000000000
29002  0.110  10.595  -15.916 892.0000000000
29004  -52.266  -26.006  33.913 893.0000000000
28018  -23.683  -64.673  -26.749 895.0000000000
28806  -18.994  -40.706  2.958 896.0000000000
29408  -26.920  -66.306  -12.620 901.0000000000
30905  -42.586  58.478  -31.792 903.0000000000
29462  -36.441  -67.447  9.749 905.0000000000
23760  -32.850  38.177  4.984 912.0000000000
25686  -3.847  75.992  -33.457 914.0000000000
27794  -50.683  1.603  -13.056 919.0000000000
29293  -35.124  3.509  -14.576 925.0000000000
30934  -40.863  62.528  -28.476 927.0000000000
28017  -48.781  19.546  -27.899 929.0000000000
30824  -53.641  -1.369  7.945 932.0000000000
29444  -25.157  -56.420  -22.620 943.0000000000
49664  -48.561  -30.909  33.870 944.0000000000
49947  -29.115  -19.401  24.534 945.0000000000
31494  -20.925  73.620  9.383 949.0000000000
32062  -17.439  -55.149  -26.374 952.0000000000
51745  -39.652  31.878  31.606 955.0000000000
50870  -8.435  -69.467  15.475 956.0000000000
31553  -5.320  -22.399  20.304 959.0000000000
31950  -6.946  68.737  -29.007 961.0000000000
33141  -11.045  3.207  17.825 965.0000000000
33677  -18.757  62.502  -30.825 966.0000000000
29136  -1.210  -77.794  -8.916 971.0000000000
29153  -62.083  -27.792  8.178 972.0000000000
27944  -22.194  -43.243  18.227 974.0000000000
49967  -52.885  -45.401  -11.808 976.0000000000
31537  -8.529  64.358  6.499 981.0000000000
29261  -4.807  30.080  -32.371 984.0000000000
33142  -56.528  -14.431  -39.172 986.0000000000
33180  -5.680  29.473  -27.792 993.0000000000
29138  -3.167  -60.831  -24.942 994.0000000000
43336  -11.746  -55.639  39.959 997.0000000000
29260  -29.873  63.470  1.216 1000.0000000000
31495  -39.511  55.198  -31.566 1004.0000000000
43007  -19.879  -38.613  -28.033 1012.0000000000
