#!ascii label  , from subject FreeSurferMNI152_0.4 vox2ras=TkReg
408
34454  60.068  -10.890  -32.478 1.0000000000
35560  30.291  -30.301  36.561 4.0000000000
35597  47.544  12.782  -8.788 6.0000000000
37404  67.807  -14.812  -14.221 8.0000000000
21160  53.491  21.278  -51.320 9.0000000000
21135  31.647  65.082  14.612 10.0000000000
22362  19.700  42.360  -35.754 12.0000000000
33398  29.372  42.667  13.268 14.0000000000
22717  15.916  62.571  -21.029 15.0000000000
26881  55.452  26.503  -30.812 17.0000000000
34417  7.436  -17.065  51.824 18.0000000000
34489  68.689  -15.355  -9.509 21.0000000000
26880  34.859  53.581  -25.773 23.0000000000
36488  64.285  -22.188  -31.922 27.0000000000
28894  5.933  63.758  6.788 29.0000000000
11005  9.267  40.806  -39.149 30.0000000000
21134  18.484  -8.654  20.286 31.0000000000
21933  5.982  -9.977  56.087 33.0000000000
21934  16.952  -63.863  -15.513 34.0000000000
13322  10.054  -54.213  -15.205 38.0000000000
9987  43.273  9.631  -61.600 39.0000000000
14255  25.337  -44.654  -4.000 40.0000000000
21935  15.928  -65.390  -15.329 41.0000000000
17463  17.072  -27.555  19.916 47.0000000000
19729  45.165  37.570  3.831 51.0000000000
21089  6.819  68.947  15.489 54.0000000000
9924  35.496  -40.144  38.775 56.0000000000
6169  48.461  -18.277  29.921 58.0000000000
10009  11.417  77.933  4.076 59.0000000000
7519  40.810  3.998  35.455 63.0000000000
12609  40.968  -55.319  -10.919 64.0000000000
11006  8.881  43.352  -40.007 66.0000000000
9761  49.900  36.063  25.504 71.0000000000
14224  15.625  -79.137  -16.659 74.0000000000
13515  41.398  18.898  35.479 78.0000000000
13452  11.306  9.705  49.797 80.0000000000
14038  20.384  78.421  -1.734 83.0000000000
3685  52.861  -51.986  -5.120 85.0000000000
4480  5.364  -43.735  3.337 87.0000000000
5534  33.343  27.400  -6.798 88.0000000000
5535  5.311  -53.036  -12.166 89.0000000000
6168  6.523  30.563  -25.114 92.0000000000
6202  15.862  51.663  27.504 93.0000000000
7452  34.334  -23.502  40.795 94.0000000000
7453  17.112  -3.681  18.493 95.0000000000
9762  32.908  22.426  -35.536 100.0000000000
9763  49.452  37.662  19.032 106.0000000000
13453  12.886  10.207  49.689 116.0000000000
13451  47.991  9.310  16.162 117.0000000000
14037  21.531  80.197  -0.685 119.0000000000
3684  62.148  26.046  -2.285 120.0000000000
3686  10.863  -21.158  22.866 122.0000000000
4451  26.841  57.732  26.237 123.0000000000
57609  12.741  -77.296  -3.237 133.0000000000
9794  6.681  24.018  18.484 135.0000000000
57425  11.414  -34.812  33.339 138.0000000000
11647  26.655  -37.840  -18.058 144.0000000000
53821  49.477  32.080  5.226 147.0000000000
13478  9.908  -62.491  -32.128 150.0000000000
14039  43.974  -32.459  -25.955 153.0000000000
56729  61.589  15.896  -7.485 155.0000000000
57610  10.220  -26.205  -8.767 162.0000000000
57627  20.422  4.774  51.503 164.0000000000
46039  54.648  35.973  -15.437 173.0000000000
47029  62.857  3.078  -39.792 176.0000000000
58192  31.616  56.415  -32.220 177.0000000000
48033  26.480  -62.627  -0.958 182.0000000000
52110  45.810  36.632  -45.076 186.0000000000
40477  9.156  -14.807  -16.506 187.0000000000
53077  33.926  -56.623  29.661 188.0000000000
45271  48.211  -34.370  -38.539 190.0000000000
52856  11.280  36.356  43.191 191.0000000000
46038  21.135  60.339  27.184 201.0000000000
43111  12.067  23.940  16.692 204.0000000000
47028  13.608  -80.407  -17.482 207.0000000000
48767  41.908  54.260  7.060 209.0000000000
48811  8.454  26.114  28.037 210.0000000000
48061  18.319  28.211  39.433 218.0000000000
39822  6.272  39.438  -43.876 222.0000000000
44909  63.367  -13.864  1.747 223.0000000000
40206  33.644  -16.612  21.266 225.0000000000
43084  36.047  21.358  -54.496 238.0000000000
38349  6.875  -46.158  35.910 245.0000000000
32649  38.034  2.185  3.250 249.0000000000
25999  47.945  17.636  27.082 258.0000000000
40691  44.173  8.486  34.850 259.0000000000
27880  15.141  18.580  25.917 260.0000000000
34502  18.745  -49.591  -20.376 261.0000000000
41843  4.805  -62.095  -4.823 263.0000000000
43112  27.266  -15.305  -23.408 265.0000000000
37077  12.734  -33.967  -8.185 266.0000000000
43826  42.017  -2.060  0.689 270.0000000000
37115  49.439  -6.654  5.937 273.0000000000
31932  13.232  42.290  17.601 274.0000000000
39290  14.833  -37.346  -22.522 275.0000000000
23148  65.352  -15.683  -2.682 281.0000000000
32722  40.393  -9.977  -30.461 283.0000000000
23149  65.580  -14.992  -3.004 286.0000000000
25998  12.993  -22.169  53.586 289.0000000000
29040  39.952  5.958  25.706 294.0000000000
37062  48.060  45.698  -27.229 295.0000000000
37063  46.746  45.891  -26.871 298.0000000000
32040  46.028  -0.810  -14.005 304.0000000000
21189  6.346  -8.045  22.287 310.0000000000
23147  13.727  -73.997  8.617 314.0000000000
8832  58.930  5.485  8.869 321.0000000000
27526  45.681  -0.812  -10.842 322.0000000000
9814  63.466  -29.798  -14.037 325.0000000000
12798  6.459  37.431  23.688 328.0000000000
31556  32.722  -0.106  -45.135 329.0000000000
11436  8.672  7.744  43.180 330.0000000000
14752  7.956  58.432  18.506 334.0000000000
32041  36.126  8.263  -38.895 337.0000000000
14794  42.961  -25.482  -34.747 339.0000000000
5962  34.781  -70.464  3.257 342.0000000000
6749  32.966  25.471  -7.680 343.0000000000
8831  5.604  -3.237  40.092 345.0000000000
8629  7.403  -27.327  21.904 347.0000000000
9780  39.615  59.373  -2.312 348.0000000000
9717  7.066  83.564  -23.404 350.0000000000
29041  12.398  -42.944  47.658 353.0000000000
30331  18.737  -70.862  -16.634 354.0000000000
12799  51.877  38.362  17.965 358.0000000000
15766  55.447  -26.257  -14.611 365.0000000000
8574  13.860  -23.861  18.941 369.0000000000
8670  52.175  -8.190  -44.248 372.0000000000
9781  40.137  59.754  -2.749 373.0000000000
8830  34.029  71.535  -18.844 374.0000000000
11410  41.364  -54.945  -3.440 376.0000000000
11469  39.137  -33.690  16.128 380.0000000000
12800  51.013  38.564  18.204 383.0000000000
14751  26.632  -11.702  38.428 388.0000000000
15767  23.731  4.372  33.017 393.0000000000
40197  27.419  73.387  2.051 398.0000000000
40946  39.769  -6.554  -34.622 400.0000000000
48913  14.088  40.788  8.408 401.0000000000
28528  54.760  -39.366  12.988 406.0000000000
43654  66.804  -5.714  -10.155 407.0000000000
43655  60.584  14.052  -0.433 408.0000000000
43684  17.011  -50.775  -28.004 411.0000000000
43553  27.208  -44.830  0.307 414.0000000000
27533  17.997  -36.096  4.067 426.0000000000
28492  18.445  -51.162  -20.045 428.0000000000
29923  38.562  13.205  -0.574 430.0000000000
42979  33.689  -37.472  -11.692 431.0000000000
31184  50.458  -55.614  -22.342 435.0000000000
33428  37.211  15.437  -57.108 439.0000000000
33429  59.453  -3.271  16.728 441.0000000000
33487  6.623  40.909  38.982 442.0000000000
34276  22.787  -48.074  -3.344 444.0000000000
34694  38.451  17.526  -27.837 446.0000000000
9757  56.227  -14.907  -26.200 453.0000000000
11246  9.906  16.535  37.451 454.0000000000
27450  44.412  68.219  -18.257 458.0000000000
13895  34.314  -39.230  -33.761 462.0000000000
15464  38.736  21.268  -23.665 465.0000000000
17925  12.308  -75.266  -31.792 467.0000000000
18211  42.018  -49.753  4.924 472.0000000000
20272  23.783  55.494  30.473 473.0000000000
20881  33.059  74.040  -14.232 477.0000000000
23008  52.039  35.853  -10.451 479.0000000000
8034  8.922  2.253  22.193 484.0000000000
9758  47.982  -46.475  22.270 487.0000000000
9790  29.110  12.082  -32.570 488.0000000000
11247  11.152  17.544  37.630 489.0000000000
11277  33.316  60.738  -33.311 490.0000000000
11645  16.769  -0.776  21.117 491.0000000000
12316  52.110  -26.234  -13.891 492.0000000000
13504  50.036  -46.537  -26.838 494.0000000000
1770  31.107  70.891  -14.229 501.0000000000
1449  13.153  42.511  -42.300 502.0000000000
9620  11.564  37.238  21.318 508.0000000000
5746  56.080  -26.638  -11.201 510.0000000000
22919  13.581  -85.369  -21.156 513.0000000000
12063  38.710  -41.167  -34.072 519.0000000000
59365  13.333  -60.768  -32.243 521.0000000000
59458  38.799  15.883  17.217 522.0000000000
59462  47.355  -61.509  -33.014 523.0000000000
59606  19.804  -62.635  -33.877 526.0000000000
59612  57.262  -35.974  1.328 527.0000000000
8035  8.107  2.756  23.170 531.0000000000
59851  41.502  -52.099  -5.987 532.0000000000
59860  34.889  -61.484  -34.985 533.0000000000
11646  16.575  0.269  20.662 537.0000000000
12235  62.354  -38.701  -7.992 538.0000000000
60004  51.387  33.064  -35.489 539.0000000000
57786  20.244  -26.968  46.736 540.0000000000
60137  17.787  -83.027  -30.473 544.0000000000
60170  16.573  -77.779  2.030 545.0000000000
1769  31.903  72.539  -13.953 548.0000000000
1450  13.528  42.793  -41.655 550.0000000000
1451  20.637  -10.750  -33.430 551.0000000000
1492  24.699  -44.822  -6.320 555.0000000000
9619  10.569  37.794  21.536 562.0000000000
12185  49.703  30.071  -35.013 563.0000000000
11945  29.799  -65.110  -9.259 567.0000000000
50231  17.199  37.671  -40.688 574.0000000000
56788  13.661  -53.097  3.805 576.0000000000
48603  30.594  -33.415  -23.221 577.0000000000
57184  56.271  -44.575  5.549 579.0000000000
49621  22.738  52.103  -35.371 582.0000000000
49622  11.083  -72.510  -18.432 583.0000000000
50410  61.175  -36.608  -0.320 587.0000000000
57785  7.517  -63.966  -5.750 591.0000000000
50732  66.042  6.594  -34.777 592.0000000000
58261  50.830  48.077  10.985 595.0000000000
58014  46.016  -6.200  1.468 596.0000000000
58262  6.824  48.465  -1.513 601.0000000000
1768  52.411  -35.222  19.414 602.0000000000
2496  55.736  -8.545  11.714 606.0000000000
9621  11.130  39.431  20.431 609.0000000000
11946  45.269  -26.400  -43.938 616.0000000000
12062  18.791  45.707  27.400 618.0000000000
48525  13.383  -42.547  34.937 621.0000000000
48928  7.545  29.272  31.323 623.0000000000
49370  11.288  64.383  -27.802 625.0000000000
50349  12.955  -34.890  26.930 629.0000000000
32966  54.643  -15.693  -42.077 633.0000000000
34263  47.805  1.638  27.246 637.0000000000
50706  38.938  18.459  -14.164 638.0000000000
34264  58.786  -6.808  7.262 642.0000000000
36071  38.542  -57.407  -14.491 645.0000000000
52844  7.158  51.449  -21.232 646.0000000000
53472  25.221  -49.234  26.398 649.0000000000
2099  16.202  3.979  25.464 651.0000000000
38578  20.825  17.781  -30.556 653.0000000000
1152  50.052  -6.243  -13.181 655.0000000000
44952  38.398  4.803  45.616 662.0000000000
48531  10.419  -26.332  3.567 664.0000000000
30600  22.481  11.352  -50.988 667.0000000000
30599  22.610  10.441  -51.023 668.0000000000
31744  14.147  -28.994  57.089 670.0000000000
32819  11.014  -70.353  -18.975 671.0000000000
32844  41.004  65.463  -30.466 676.0000000000
35929  35.787  4.574  -53.550 683.0000000000
37242  29.753  -77.145  -3.823 686.0000000000
38579  63.220  -9.882  -34.951 690.0000000000
1151  49.559  -4.656  -13.656 691.0000000000
39101  53.640  22.214  -6.786 695.0000000000
1029  56.311  -46.721  7.230 696.0000000000
39437  52.077  -47.843  -9.867 697.0000000000
30622  46.550  -3.480  39.406 710.0000000000
30601  45.485  65.506  -30.391 712.0000000000
31602  37.459  66.970  2.974 716.0000000000
47751  48.129  -42.362  -36.644 719.0000000000
32967  63.861  13.592  -4.636 720.0000000000
31742  16.531  -22.498  -14.450 721.0000000000
35948  30.667  20.687  -43.511 722.0000000000
34262  12.641  20.375  32.643 724.0000000000
35980  42.999  -11.284  -10.145 729.0000000000
35930  51.147  5.900  -15.058 732.0000000000
37243  32.352  -7.285  34.410 735.0000000000
1031  47.033  22.394  26.267 741.0000000000
1153  49.117  -5.617  -13.247 742.0000000000
44613  13.516  4.737  48.449 751.0000000000
45348  40.630  -35.855  5.235 752.0000000000
21542  21.183  -12.673  50.183 756.0000000000
21540  39.647  13.954  -61.909 758.0000000000
22661  5.526  -11.687  55.279 761.0000000000
22876  7.088  72.667  -14.950 764.0000000000
26862  12.386  -22.445  51.591 770.0000000000
26496  52.434  3.398  -23.568 775.0000000000
36111  19.009  -66.645  23.790 780.0000000000
24869  14.225  -21.851  54.784 781.0000000000
29142  34.962  -1.322  21.982 782.0000000000
27758  47.579  -7.181  16.256 784.0000000000
28231  10.517  1.418  32.490 785.0000000000
28953  50.814  -43.264  -23.712 787.0000000000
1030  55.225  -47.415  8.369 789.0000000000
1981  15.466  -11.866  41.576 790.0000000000
2182  58.893  18.046  5.874 794.0000000000
29039  48.324  -5.677  15.452 797.0000000000
1211  44.867  -24.123  -8.791 799.0000000000
29714  42.078  30.221  -55.676 802.0000000000
17766  68.906  -6.420  -13.488 807.0000000000
19107  17.594  -26.939  18.560 808.0000000000
18008  31.877  -25.223  48.436 809.0000000000
19106  2.906  -7.293  -0.936 810.0000000000
45729  23.835  -39.258  6.165 816.0000000000
21541  51.598  -22.777  33.343 819.0000000000
22049  48.376  -26.832  14.134 821.0000000000
22662  3.016  -0.257  -8.133 822.0000000000
26315  16.924  3.875  47.949 834.0000000000
26314  15.870  -24.425  55.772 835.0000000000
26497  50.966  1.559  -23.650 836.0000000000
26863  66.861  -12.739  -29.931 844.0000000000
27236  14.909  62.412  16.459 846.0000000000
28979  55.310  2.642  7.932 847.0000000000
29059  7.694  -39.938  25.871 848.0000000000
29141  16.297  -71.213  -15.290 849.0000000000
30364  51.199  57.932  -10.563 858.0000000000
30365  12.616  20.337  37.884 859.0000000000
57432  63.420  15.156  -9.235 871.0000000000
57095  35.931  -29.232  24.185 872.0000000000
57487  23.516  5.050  51.585 877.0000000000
46026  41.155  39.815  29.703 883.0000000000
57935  16.789  58.671  18.946 887.0000000000
21569  51.135  15.051  -42.470 892.0000000000
46378  52.244  -44.261  23.982 894.0000000000
22877  45.645  8.062  30.988 899.0000000000
24870  51.720  -55.658  -22.648 902.0000000000
26316  13.948  -23.913  -19.241 904.0000000000
26495  44.805  24.149  32.143 908.0000000000
29000  58.959  12.288  0.021 910.0000000000
48739  35.179  -69.233  -9.654 911.0000000000
27778  56.724  14.092  25.780 912.0000000000
28232  61.408  -25.840  24.043 925.0000000000
31400  31.216  -32.940  18.379 932.0000000000
45569  32.525  16.879  -42.488 938.0000000000
46027  40.478  40.875  29.304 939.0000000000
24893  60.966  -19.132  -6.834 941.0000000000
46687  19.433  -14.606  45.299 945.0000000000
46706  36.263  13.807  -5.333 946.0000000000
27498  46.682  -23.709  3.411 948.0000000000
46664  41.764  -54.874  27.607 949.0000000000
26078  33.750  52.530  6.881 951.0000000000
27497  30.969  -77.422  -31.919 956.0000000000
30030  39.416  -32.631  18.935 960.0000000000
28851  36.878  -1.516  21.897 962.0000000000
49071  63.897  -11.822  -30.310 963.0000000000
31795  26.116  65.959  -28.917 968.0000000000
31820  36.981  6.169  -8.846 970.0000000000
32309  10.773  72.495  15.133 983.0000000000
32947  45.769  -20.776  -18.738 984.0000000000
28302  8.226  -17.775  21.018 985.0000000000
33031  32.464  -53.063  -33.458 987.0000000000
24895  63.276  -19.576  11.981 990.0000000000
25412  10.148  -29.315  -8.330 991.0000000000
25562  66.522  1.799  -20.418 995.0000000000
27523  31.277  26.915  -33.187 998.0000000000
26153  22.500  -31.423  39.103 1000.0000000000
27499  35.523  37.424  -20.894 1003.0000000000
28849  9.966  -6.410  43.789 1007.0000000000
28796  32.143  21.945  -33.840 1010.0000000000
28850  53.265  -37.872  25.254 1013.0000000000
30111  53.348  -22.053  26.279 1016.0000000000
32948  38.618  -64.946  2.336 1017.0000000000
31794  23.841  64.645  -29.461 1021.0000000000
30051  25.407  -73.697  3.757 1023.0000000000
3093  34.357  0.325  25.773 1031.0000000000
24894  49.817  -8.299  17.405 1036.0000000000
25535  32.763  61.846  18.022 1037.0000000000
26079  31.720  52.183  6.897 1040.0000000000
27594  21.938  -23.801  52.720 1043.0000000000
28257  36.613  56.527  19.558 1048.0000000000
29271  41.517  -24.728  35.996 1050.0000000000
28461  61.234  -13.082  -2.715 1056.0000000000
31821  14.410  -11.250  46.359 1057.0000000000
30712  27.567  20.593  -63.021 1065.0000000000
31110  32.366  -38.381  -17.961 1073.0000000000
52390  17.191  -75.625  -32.008 1075.0000000000
5053  38.252  -11.922  39.966 1079.0000000000
3092  35.204  0.818  27.032 1082.0000000000
23803  3.651  9.703  9.050 1086.0000000000
51298  37.991  -14.716  -34.507 1090.0000000000
27148  34.640  56.984  21.012 1092.0000000000
27506  25.981  -65.364  9.158 1095.0000000000
27912  16.362  -2.203  22.341 1099.0000000000
29186  30.973  -32.937  19.116 1100.0000000000
51983  13.127  -25.084  11.312 1102.0000000000
29744  14.949  -67.388  -9.657 1103.0000000000
52233  32.451  -66.394  -6.008 1111.0000000000
3094  40.821  -51.072  -4.333 1119.0000000000
25281  67.132  7.322  -17.939 1125.0000000000
27146  5.594  37.192  -0.356 1126.0000000000
27504  12.196  -31.740  20.327 1130.0000000000
27913  62.400  -11.672  -3.596 1134.0000000000
27914  43.361  -55.316  -29.085 1138.0000000000
29025  14.175  -11.182  47.578 1141.0000000000
29149  41.264  0.427  -43.903 1142.0000000000
29234  36.866  23.658  5.215 1144.0000000000
29830  7.629  72.315  -39.979 1153.0000000000
30735  65.485  -5.831  11.799 1155.0000000000
43292  50.011  -50.245  -35.357 1158.0000000000
33186  16.161  -43.807  -26.780 1162.0000000000
32764  50.840  -17.106  -9.449 1164.0000000000
25282  67.067  7.375  -18.799 1172.0000000000
27147  28.076  15.384  -47.971 1173.0000000000
27162  49.605  -21.161  -20.485 1174.0000000000
27505  60.781  6.522  -5.017 1176.0000000000
27845  5.772  40.066  -39.438 1179.0000000000
29069  36.589  23.416  30.762 1181.0000000000
42549  59.413  18.907  -20.621 1182.0000000000
29150  56.318  2.720  7.191 1186.0000000000
29187  16.194  -3.354  22.584 1187.0000000000
29723  45.913  -14.779  44.307 1189.0000000000
29745  13.857  -68.503  -10.082 1190.0000000000
10935  40.277  -62.811  -7.323 1194.0000000000
30310  38.307  0.420  30.550 1195.0000000000
43291  40.927  30.354  34.146 1196.0000000000
31536  6.567  -5.931  11.148 1200.0000000000
40908  14.258  74.846  -36.234 1209.0000000000
40013  6.918  -53.963  33.761 1210.0000000000
41710  5.860  -39.844  11.420 1216.0000000000
42072  27.224  -75.163  4.339 1218.0000000000
42409  39.500  45.889  -22.422 1219.0000000000
42502  14.052  -65.013  -8.007 1221.0000000000
7185  35.971  29.131  -28.306 1223.0000000000
43007  52.862  5.919  -24.977 1230.0000000000
9860  60.869  6.100  8.445 1236.0000000000
40909  23.880  -41.635  -24.499 1245.0000000000
41845  10.542  2.664  37.147 1246.0000000000
6590  45.356  38.970  -0.151 1249.0000000000
6591  44.362  -10.919  16.721 1251.0000000000
7998  51.456  9.531  -59.613 1255.0000000000
8837  1.402  28.946  -15.939 1256.0000000000
9788  38.225  -40.368  38.612 1258.0000000000
9825  59.145  -13.460  30.205 1260.0000000000
