#!ascii label  , from subject FreeSurferMNI152_0.4 vox2ras=TkReg
480
10077  -9.474  -27.674  -17.959 1.0000000000
10263  -51.546  50.663  -16.754 2.0000000000
10045  -24.403  38.741  18.225 3.0000000000
57995  -63.794  3.800  -33.939 6.0000000000
58104  -26.361  28.914  26.366 7.0000000000
58123  -55.255  -36.763  -33.443 8.0000000000
58200  -12.008  31.506  14.435 9.0000000000
58230  -29.058  35.292  -39.451 10.0000000000
56055  -23.549  -49.878  8.624 11.0000000000
57458  -41.134  -65.439  6.657 12.0000000000
57457  -50.170  41.061  -15.626 13.0000000000
56146  -33.446  10.921  -24.673 14.0000000000
57620  -49.322  -4.401  32.706 15.0000000000
57695  -9.012  73.247  -3.772 16.0000000000
52299  -34.951  5.425  -41.507 17.0000000000
52633  -20.172  -51.109  14.957 21.0000000000
52634  -36.303  18.525  -40.245 22.0000000000
53836  -59.593  -37.504  -30.384 24.0000000000
52258  -8.630  23.718  24.796 25.0000000000
46857  -3.899  18.058  43.453 26.0000000000
52300  -35.161  6.219  -41.291 28.0000000000
52570  -11.095  -35.640  -10.442 29.0000000000
47797  -16.292  24.828  35.984 30.0000000000
53835  -12.326  -62.166  -28.497 33.0000000000
41141  -57.965  -28.717  -18.908 35.0000000000
41451  -6.342  36.757  -29.861 36.0000000000
35236  -33.716  69.988  -12.194 37.0000000000
47798  -53.201  -15.207  -44.031 39.0000000000
42786  -0.559  15.224  -28.729 40.0000000000
48384  -35.588  -54.507  28.162 41.0000000000
48385  -43.924  -9.424  -24.419 42.0000000000
40871  -7.868  13.785  50.355 43.0000000000
21700  -23.804  15.209  47.009 45.0000000000
42765  -55.332  35.401  -1.183 49.0000000000
42764  -31.591  35.704  5.327 50.0000000000
42891  -21.295  13.059  26.011 52.0000000000
20836  -52.154  44.819  -4.155 53.0000000000
20837  -34.719  64.194  -14.389 54.0000000000
20882  -12.236  80.907  -15.614 55.0000000000
35237  -34.774  69.935  -11.599 57.0000000000
22805  -65.287  -9.469  -9.783 60.0000000000
22806  -63.780  -20.253  -3.704 61.0000000000
22987  -23.891  16.105  -45.617 62.0000000000
20859  -11.840  81.334  -14.647 63.0000000000
21730  -18.748  80.229  -14.384 67.0000000000
21701  -26.936  40.310  -39.227 69.0000000000
22835  -33.424  67.846  -16.283 70.0000000000
23450  -34.351  6.736  -24.804 74.0000000000
20136  -49.130  -4.427  -22.343 75.0000000000
20838  -21.393  -53.082  -22.592 78.0000000000
20883  -7.875  -68.888  -31.176 79.0000000000
22807  -30.122  -39.496  -32.205 84.0000000000
22988  -16.741  41.276  34.125 85.0000000000
23451  -51.664  5.246  8.821 86.0000000000
23608  -23.429  -9.328  -42.420 87.0000000000
51838  -43.931  60.972  -11.965 88.0000000000
51839  -42.809  60.209  -11.768 90.0000000000
52144  -40.988  0.892  19.938 95.0000000000
56649  -48.194  -45.779  -23.077 96.0000000000
56671  -27.641  13.680  -33.829 97.0000000000
45543  -18.633  45.773  -38.426 99.0000000000
53388  -27.523  -14.956  33.894 100.0000000000
47767  -31.126  50.235  -17.883 102.0000000000
51872  -53.862  -45.067  -3.653 106.0000000000
52090  -12.871  -61.796  -26.716 107.0000000000
52112  -55.949  -44.959  -3.074 108.0000000000
48142  -3.582  48.388  -4.583 109.0000000000
48429  -25.719  22.266  26.467 111.0000000000
44386  -4.002  44.984  -37.865 112.0000000000
44384  -7.800  9.047  36.617 114.0000000000
50562  -39.085  -62.984  -23.100 117.0000000000
42652  -6.914  6.560  46.677 119.0000000000
43304  0.018  11.633  -8.312 123.0000000000
48062  -9.231  32.829  26.659 124.0000000000
48076  -55.761  -30.159  -40.715 126.0000000000
44517  -39.362  52.381  15.209 129.0000000000
40174  -40.421  24.591  -55.081 132.0000000000
44385  -41.877  -39.935  -11.360 135.0000000000
35292  -51.152  -16.910  -9.197 141.0000000000
35375  -38.657  7.382  -61.819 143.0000000000
35916  -20.028  -58.130  -30.362 145.0000000000
36865  -21.427  -51.797  39.174 146.0000000000
40209  -2.523  7.625  16.877 155.0000000000
34416  -58.842  -30.657  -21.987 156.0000000000
19542  -32.740  -71.826  6.448 157.0000000000
35276  -5.255  -45.923  7.444 158.0000000000
21080  -19.949  5.031  51.940 162.0000000000
9658  -53.857  21.478  -24.079 166.0000000000
27240  -8.453  -7.347  57.747 169.0000000000
40188  -38.490  -58.887  -32.977 174.0000000000
766  -28.451  3.968  -47.432 175.0000000000
19005  -54.220  -32.217  -23.077 176.0000000000
5228  -22.094  63.054  -2.588 180.0000000000
21107  -4.496  -15.258  39.812 183.0000000000
9660  -22.570  69.060  -7.913 184.0000000000
12501  -48.661  -18.990  7.503 190.0000000000
27427  -24.558  -6.666  -29.520 192.0000000000
767  -29.235  1.941  -46.297 197.0000000000
18076  -47.770  2.372  -2.860 199.0000000000
765  -44.837  -25.967  28.019 201.0000000000
19520  1.006  18.657  -17.124 202.0000000000
5738  -43.832  -46.487  -32.419 203.0000000000
5227  -4.922  9.190  -33.683 206.0000000000
9689  -38.430  -41.941  -2.298 208.0000000000
11845  -35.978  -67.219  -15.311 214.0000000000
56261  -51.836  21.425  8.932 229.0000000000
5229  -11.102  -40.096  40.069 231.0000000000
5793  -8.246  53.425  34.604 232.0000000000
9659  -54.756  22.060  -24.029 235.0000000000
12500  -50.046  10.986  -22.031 240.0000000000
39555  -19.766  -47.850  -9.606 244.0000000000
54067  -50.840  -12.025  5.842 245.0000000000
46501  -3.637  34.216  9.904 246.0000000000
54763  -34.253  41.261  -10.410 247.0000000000
47934  -24.086  17.518  26.656 249.0000000000
48664  -57.453  -7.481  -45.483 250.0000000000
49282  -38.524  -71.789  -28.272 254.0000000000
49515  -36.671  28.657  -57.922 257.0000000000
49612  -12.208  -35.252  -10.484 259.0000000000
57067  -33.350  36.328  -55.006 261.0000000000
57088  -57.021  -26.945  -24.872 263.0000000000
39931  -4.751  55.320  34.141 265.0000000000
21016  -4.939  49.863  -2.103 266.0000000000
40048  -37.184  -49.304  34.782 267.0000000000
40074  -6.362  -52.990  37.699 268.0000000000
39932  -50.821  -4.467  -16.510 269.0000000000
21172  -15.410  -25.424  -24.226 270.0000000000
40058  -31.712  21.410  17.080 272.0000000000
21642  -24.089  -15.887  -30.840 274.0000000000
33491  -49.444  24.887  -16.232 276.0000000000
46502  -3.473  33.253  10.498 277.0000000000
47424  -50.133  49.322  -16.592 281.0000000000
48757  -4.093  -74.363  -13.724 286.0000000000
37518  -34.805  43.431  -12.856 288.0000000000
49018  -10.771  -30.575  53.087 289.0000000000
49729  -18.349  -11.590  35.755 293.0000000000
49918  -62.496  -12.330  16.720 295.0000000000
18993  -60.226  -26.085  -39.432 297.0000000000
20358  -2.665  -37.559  20.600 298.0000000000
20359  -49.117  -59.461  -15.519 299.0000000000
21886  -41.168  3.995  -44.143 304.0000000000
21887  -54.618  3.827  -3.773 305.0000000000
22310  -21.914  1.223  34.142 306.0000000000
6584  -47.992  -8.122  41.121 309.0000000000
8123  -5.363  3.000  35.706 312.0000000000
18960  -15.378  -87.007  -22.358 314.0000000000
33560  -16.044  -20.244  43.913 317.0000000000
34575  -1.946  -19.083  45.056 319.0000000000
21869  -59.573  -1.749  15.923 321.0000000000
35192  -1.366  -21.105  48.363 322.0000000000
36530  -14.305  -68.348  0.430 324.0000000000
36714  -13.952  30.794  -40.575 325.0000000000
25113  -46.114  -17.174  -23.613 326.0000000000
25724  -37.550  -4.792  2.163 329.0000000000
37538  -33.944  -4.621  22.610 330.0000000000
37991  1.567  18.788  -13.357 331.0000000000
27064  -34.684  -23.557  -41.648 332.0000000000
38387  -13.344  -57.778  -31.980 333.0000000000
38386  -48.440  25.335  -37.862 336.0000000000
15048  -50.247  31.350  -8.765 339.0000000000
18995  -2.107  -84.380  -10.888 340.0000000000
20409  -22.599  -17.100  -22.455 341.0000000000
57493  -43.275  -43.459  -10.727 343.0000000000
1194  -5.184  33.429  -28.784 344.0000000000
1193  -4.303  31.651  -28.228 346.0000000000
4390  -6.117  3.696  38.500 347.0000000000
1303  -24.922  26.121  25.177 348.0000000000
6583  -33.691  21.501  33.587 354.0000000000
8122  -38.893  -17.426  -11.623 357.0000000000
9210  -53.842  16.482  -25.651 359.0000000000
10935  -25.703  45.555  -13.081 362.0000000000
14024  -20.218  -54.525  -9.823 363.0000000000
13990  -55.405  -25.202  -1.658 364.0000000000
15778  2.000  -24.054  -3.837 365.0000000000
17932  -6.595  50.337  -27.323 366.0000000000
15714  -42.947  -44.410  33.223 367.0000000000
17904  -46.715  -34.392  33.629 368.0000000000
18996  -1.025  -83.141  -11.103 369.0000000000
18961  -7.766  49.776  20.390 371.0000000000
21890  -1.334  -59.788  -19.463 374.0000000000
25065  -7.000  62.070  -18.248 375.0000000000
25063  -47.001  30.059  -12.525 377.0000000000
25889  -28.211  -17.419  51.153 381.0000000000
9021  -39.650  62.905  -4.928 384.0000000000
9020  -47.691  32.301  -0.287 385.0000000000
27065  -17.102  -70.950  0.863 386.0000000000
55708  -55.449  -47.214  -27.764 392.0000000000
55707  -18.120  -47.313  -29.669 393.0000000000
45972  -6.467  -58.518  30.595 394.0000000000
46011  -59.893  -14.907  20.058 395.0000000000
45153  1.629  0.868  -26.079 396.0000000000
53105  -48.094  20.602  -5.758 397.0000000000
53106  -62.937  2.210  -3.820 400.0000000000
48239  -12.345  67.529  -16.064 402.0000000000
1195  -10.074  48.182  -42.968 404.0000000000
1249  -45.378  -50.878  -9.043 405.0000000000
1356  -49.456  -37.167  -35.026 408.0000000000
7234  -33.966  -15.484  18.501 410.0000000000
58491  -36.868  -31.244  16.454 413.0000000000
58611  -42.704  -58.618  0.398 415.0000000000
51077  -12.957  -21.579  35.733 416.0000000000
58656  -32.143  25.188  18.182 419.0000000000
51076  -60.042  -34.662  8.892 420.0000000000
58809  -4.664  20.828  -27.919 423.0000000000
58896  -35.949  30.403  21.325 426.0000000000
17958  -41.220  -30.767  -5.232 429.0000000000
36993  -21.598  -21.085  46.980 434.0000000000
21870  -31.067  6.721  38.813 436.0000000000
21891  -26.285  40.185  -13.442 437.0000000000
25064  -6.357  63.112  -18.083 441.0000000000
25114  -31.406  -27.269  -24.034 443.0000000000
25890  -9.291  -8.311  -27.150 445.0000000000
25658  -15.707  -22.571  31.179 446.0000000000
25936  -8.612  51.144  -3.852 447.0000000000
2373  -10.089  -71.725  18.723 448.0000000000
4439  -45.500  25.298  27.594 450.0000000000
2374  -51.906  6.607  -3.109 451.0000000000
2375  -52.165  -3.841  2.654 453.0000000000
44896  -16.388  -72.440  2.602 456.0000000000
44898  -26.049  -22.221  -29.210 458.0000000000
45950  -33.660  15.081  13.594 459.0000000000
25265  -22.387  -16.867  51.960 463.0000000000
26350  -26.100  -16.067  -33.875 464.0000000000
26349  -23.378  -16.033  37.984 465.0000000000
45937  -3.446  39.227  37.723 467.0000000000
45962  -20.269  -69.525  6.997 468.0000000000
26794  -4.052  66.126  -16.936 470.0000000000
27562  -3.015  -20.654  22.597 472.0000000000
28090  -54.635  -30.073  -3.623 473.0000000000
31431  -35.914  12.231  -52.969 480.0000000000
49505  -31.948  25.708  -54.088 482.0000000000
32685  -38.410  -13.221  16.268 484.0000000000
50107  -28.337  67.467  -18.401 487.0000000000
34890  -19.353  -38.949  -19.265 488.0000000000
35904  -36.655  -48.270  -21.808 491.0000000000
35925  -13.183  -45.790  3.112 492.0000000000
51915  -20.922  -38.672  26.050 493.0000000000
36743  -41.674  -48.991  -14.102 494.0000000000
39099  -52.601  -22.761  -23.218 503.0000000000
11416  -3.682  -1.285  20.419 504.0000000000
2575  -9.205  19.006  36.304 510.0000000000
2693  -16.096  -70.691  0.039 513.0000000000
26348  -38.605  69.370  -19.793 527.0000000000
26760  -12.292  -41.998  48.980 528.0000000000
28091  -50.926  -40.060  -37.774 531.0000000000
27561  -3.149  -22.257  21.749 534.0000000000
27611  -34.828  -53.623  -23.432 535.0000000000
28089  -44.962  -54.571  -21.957 538.0000000000
28110  -39.310  63.380  0.784 539.0000000000
28149  -4.912  -40.068  27.116 540.0000000000
29312  -47.955  10.965  11.164 541.0000000000
31430  -39.950  -48.987  -10.685 545.0000000000
31578  -11.543  -53.418  -29.212 547.0000000000
32109  -10.999  -8.074  15.563 548.0000000000
33267  -8.153  -76.754  -15.704 550.0000000000
5059  -52.725  8.491  -17.028 555.0000000000
34908  -42.698  26.694  -2.720 556.0000000000
35875  -9.659  -52.390  41.897 558.0000000000
5939  -12.326  48.080  7.492 561.0000000000
36614  -53.090  -24.941  -1.700 563.0000000000
8731  -2.543  -12.277  21.977 566.0000000000
8732  -37.549  8.256  -17.835 569.0000000000
9133  -34.550  9.148  26.420 570.0000000000
9811  -31.328  61.240  14.686 571.0000000000
10531  -31.458  42.195  -37.921 572.0000000000
12022  -17.716  36.061  32.049 577.0000000000
12264  -40.543  -45.611  -37.780 578.0000000000
14641  -63.639  -30.212  -1.555 579.0000000000
39576  -13.393  37.820  -39.441 581.0000000000
14725  -47.317  14.594  32.174 583.0000000000
29367  -7.412  -33.850  50.928 587.0000000000
29731  -13.137  -59.694  -25.996 589.0000000000
30132  -34.448  21.711  33.015 594.0000000000
29697  -23.873  8.989  -51.846 596.0000000000
59193  -6.594  -53.760  -1.589 598.0000000000
31001  -2.864  -28.358  4.794 601.0000000000
51216  -8.942  63.625  5.796 602.0000000000
51288  -31.267  -68.845  -0.162 605.0000000000
51850  -44.886  56.678  -22.994 607.0000000000
51397  -37.575  -74.239  -20.500 609.0000000000
31429  -7.161  68.975  7.278 612.0000000000
31597  -21.865  59.435  19.383 614.0000000000
32126  -64.055  -24.563  -18.077 615.0000000000
5084  -37.107  -3.654  2.024 617.0000000000
5058  -54.297  7.919  -15.758 620.0000000000
5938  -50.227  -11.344  -0.039 623.0000000000
6236  -2.980  14.204  36.016 624.0000000000
6235  -2.581  -4.966  18.449 627.0000000000
9852  -52.342  -23.905  -28.550 633.0000000000
10532  -12.618  -24.234  23.506 636.0000000000
12263  -41.116  13.411  33.584 640.0000000000
14666  -44.147  -43.461  -2.944 644.0000000000
14724  -46.611  14.554  31.801 645.0000000000
51289  -35.924  -14.449  -31.356 655.0000000000
51398  -20.106  -11.041  33.527 657.0000000000
34084  -11.485  -62.846  13.971 660.0000000000
34652  -17.977  55.622  10.843 663.0000000000
9955  -57.411  -23.595  -1.492 667.0000000000
35541  -31.327  -38.434  44.828 668.0000000000
12833  -46.400  -45.801  26.322 672.0000000000
5060  -8.046  -18.919  13.912 675.0000000000
39196  1.463  22.810  3.156 678.0000000000
5940  -57.858  8.198  -15.334 681.0000000000
6786  -4.580  38.251  2.123 686.0000000000
6237  -3.271  15.066  36.216 687.0000000000
8733  -37.986  7.324  -15.994 689.0000000000
41646  -25.355  30.661  -41.950 690.0000000000
9134  -15.107  -28.889  13.359 691.0000000000
10561  -6.557  81.788  1.485 692.0000000000
9853  -51.900  -22.252  -29.029 694.0000000000
12265  -39.361  -43.236  -38.456 697.0000000000
42558  -43.534  -43.143  20.615 698.0000000000
11415  -24.523  -21.733  32.109 699.0000000000
14768  -49.236  -15.025  -15.674 700.0000000000
12299  -36.307  9.041  -21.598 703.0000000000
12051  -16.260  37.757  31.826 704.0000000000
34541  -29.708  10.551  -37.353 711.0000000000
34668  -25.881  60.623  12.939 715.0000000000
35164  -45.734  -41.003  -18.237 717.0000000000
10759  -43.738  -42.376  -16.924 721.0000000000
10758  -44.607  -43.751  -16.620 723.0000000000
12832  -39.524  5.151  32.064 727.0000000000
17000  -2.373  1.307  35.527 732.0000000000
16999  -4.003  34.333  -41.998 734.0000000000
39197  -5.670  -38.512  39.059 737.0000000000
39233  -38.585  22.871  -52.795 741.0000000000
21309  -40.753  -39.668  31.738 742.0000000000
39352  -8.452  56.957  -24.138 744.0000000000
22041  -41.568  -70.560  -18.292 745.0000000000
40529  -14.807  -86.946  -25.559 746.0000000000
41292  -45.342  -30.448  -30.125 750.0000000000
24164  -22.013  -64.409  -24.783 752.0000000000
26669  -6.808  61.608  1.317 760.0000000000
42559  -0.386  -71.664  -16.628 761.0000000000
27952  -11.711  -60.283  -13.548 768.0000000000
8961  -15.939  -16.199  17.905 771.0000000000
8960  -15.911  -17.224  18.231 773.0000000000
10788  -46.945  29.176  -15.999 776.0000000000
9954  -58.063  -24.031  -1.068 778.0000000000
9973  -8.241  66.258  -31.828 779.0000000000
10757  -61.398  -22.535  -1.084 783.0000000000
11336  -34.475  18.880  -59.159 786.0000000000
11391  -30.588  7.777  45.323 787.0000000000
11465  -54.618  -7.379  -18.397 790.0000000000
11970  -17.871  -75.633  -11.451 793.0000000000
11969  -14.802  -60.823  -10.809 794.0000000000
13551  -6.592  -80.660  3.895 799.0000000000
13674  -33.533  9.086  -21.104 801.0000000000
12855  -28.501  -24.627  20.698 803.0000000000
15268  -62.303  1.113  4.793 805.0000000000
15307  -39.256  -69.586  -9.888 807.0000000000
15408  -41.068  6.308  15.269 809.0000000000
17511  -3.205  14.466  12.630 813.0000000000
17672  -28.055  18.019  -30.899 815.0000000000
18214  -53.829  -25.486  29.300 817.0000000000
19511  -8.946  -71.277  -12.335 821.0000000000
20740  -54.281  15.060  9.002 828.0000000000
21073  -16.670  70.291  -31.731 829.0000000000
21334  -7.644  66.460  -44.071 831.0000000000
22063  -27.456  55.573  25.508 834.0000000000
22715  -7.090  -29.763  -1.496 835.0000000000
41293  -17.554  -52.635  35.359 836.0000000000
41005  -47.245  14.511  21.189 837.0000000000
24165  -43.438  -30.310  -14.193 839.0000000000
24781  -21.497  -63.885  26.108 840.0000000000
24163  -22.012  -64.929  -24.462 842.0000000000
24780  -6.884  -21.251  23.876 843.0000000000
25469  -28.195  33.406  -54.653 845.0000000000
25468  -6.144  -54.088  -22.656 846.0000000000
25409  -18.074  -70.568  1.197 847.0000000000
26746  -43.904  -40.288  -12.214 848.0000000000
26696  -52.124  -4.809  -38.784 852.0000000000
26745  -46.013  -38.738  -12.587 854.0000000000
10001  -32.318  47.858  -30.991 858.0000000000
49800  -35.475  -59.213  26.276 861.0000000000
12078  -2.644  -5.723  12.302 865.0000000000
47344  -20.500  -59.959  30.914 866.0000000000
13801  -39.102  11.192  -35.759 870.0000000000
15638  -48.193  -50.752  -15.127 875.0000000000
20209  -17.498  -86.414  -15.243 880.0000000000
22678  -28.360  71.193  0.485 888.0000000000
45704  -25.419  -16.917  45.132 894.0000000000
24200  -26.977  74.521  -29.189 895.0000000000
25246  -33.403  71.597  -0.148 901.0000000000
25921  -11.658  4.801  45.045 902.0000000000
25431  -55.747  -11.937  23.174 904.0000000000
55098  -31.962  16.875  13.974 905.0000000000
28372  -29.886  74.717  -29.270 906.0000000000
46343  -20.721  72.196  -15.533 915.0000000000
41788  -21.361  -57.753  -33.361 917.0000000000
42475  -42.225  27.944  -41.936 919.0000000000
42574  -2.659  -73.203  5.234 923.0000000000
43782  -18.221  -24.718  52.916 926.0000000000
32188  -5.262  42.901  15.842 927.0000000000
52410  -30.624  -25.219  31.263 928.0000000000
45692  -19.683  -40.816  -11.984 929.0000000000
52642  -36.359  9.880  43.037 930.0000000000
53058  -4.523  -37.729  44.472 934.0000000000
46496  -58.208  -22.817  9.055 936.0000000000
46525  -21.103  -19.641  53.727 937.0000000000
36582  -35.707  -54.540  -34.710 939.0000000000
47418  -39.745  -71.490  -23.166 940.0000000000
54613  -25.080  15.695  -30.003 941.0000000000
47591  -36.576  39.816  20.187 942.0000000000
53972  -61.535  -36.187  -21.866 943.0000000000
48421  -51.256  -22.360  -4.922 945.0000000000
27004  -36.258  5.345  45.913 949.0000000000
29991  -27.184  23.503  -33.036 956.0000000000
43753  -48.109  25.838  -18.489 958.0000000000
43752  -8.032  16.717  18.092 962.0000000000
45677  -21.392  -79.296  -2.689 963.0000000000
35295  -18.692  73.042  3.102 971.0000000000
47419  -35.422  -31.396  43.627 972.0000000000
48444  -20.000  -42.967  22.669 977.0000000000
932  -27.459  -39.497  23.274 985.0000000000
3173  -20.757  36.839  40.930 986.0000000000
6336  -16.132  -36.052  -25.395 988.0000000000
3143  -41.961  39.357  -27.438 989.0000000000
10517  -45.224  -64.104  -10.514 992.0000000000
11611  -3.806  76.068  -21.930 995.0000000000
10516  -44.132  44.380  18.665 997.0000000000
12571  -14.246  -84.504  -4.868 998.0000000000
11589  -3.271  -13.874  -4.012 999.0000000000
34174  -27.064  -56.253  -23.648 1002.0000000000
34240  -36.307  -22.206  23.287 1003.0000000000
12661  -18.450  -81.117  -36.108 1004.0000000000
16713  -39.333  -11.009  -7.675 1005.0000000000
35294  -47.650  52.666  -1.284 1006.0000000000
14988  -57.446  -40.373  -7.336 1008.0000000000
16712  -37.453  -10.899  -7.036 1012.0000000000
931  -27.685  -41.464  24.059 1015.0000000000
6931  -3.072  -7.033  32.248 1023.0000000000
10518  -48.647  -48.545  1.339 1026.0000000000
10580  -26.728  -37.097  26.491 1028.0000000000
11588  -18.779  44.183  33.137 1030.0000000000
12663  -42.345  37.397  17.936 1038.0000000000
12662  -23.968  -60.489  -1.711 1039.0000000000
14958  0.576  37.064  -6.510 1041.0000000000
14960  -4.010  12.613  31.756 1042.0000000000
16742  -32.942  -28.476  28.261 1048.0000000000
14959  0.429  40.171  -5.491 1049.0000000000
3144  -31.159  6.801  -4.576 1054.0000000000
6337  -16.072  -34.934  -25.921 1057.0000000000
43138  -48.760  -38.470  -27.519 1060.0000000000
11675  -20.440  45.182  32.704 1064.0000000000
10539  -18.606  -31.334  -18.151 1065.0000000000
11587  -46.896  60.739  -15.846 1074.0000000000
16714  -1.988  -1.601  37.075 1079.0000000000
44482  -49.744  -37.459  -18.278 1080.0000000000
16221  -2.495  22.391  -19.190 1091.0000000000
17692  -13.929  -77.639  9.362 1098.0000000000
16392  -9.171  -36.760  34.071 1099.0000000000
43565  -17.624  33.739  33.289 1102.0000000000
43577  -24.891  -50.816  26.240 1104.0000000000
43589  -10.553  -40.829  41.958 1106.0000000000
20094  -36.996  -41.970  -23.502 1107.0000000000
44481  -43.160  -8.955  -14.508 1108.0000000000
18682  -38.299  66.108  -10.154 1109.0000000000
45072  -14.530  -71.196  -36.568 1114.0000000000
45112  -11.071  12.564  24.019 1115.0000000000
44483  -4.785  23.632  45.068 1117.0000000000
16393  -9.027  -35.523  34.035 1121.0000000000
15598  -28.411  -66.982  -2.297 1123.0000000000
15599  -33.147  10.987  -24.318 1124.0000000000
16391  -15.143  70.391  8.850 1126.0000000000
17799  -48.151  30.724  -6.450 1129.0000000000
18681  -16.111  -62.787  31.344 1132.0000000000
18603  -24.413  -6.803  -44.509 1136.0000000000
20095  -36.205  17.129  -33.467 1138.0000000000
18683  -36.067  19.512  -42.062 1140.0000000000
20127  -48.323  -42.679  -5.944 1144.0000000000
17798  -40.278  -70.514  -28.300 1150.0000000000
17797  -13.363  -31.356  -15.967 1153.0000000000
17691  -55.115  12.542  -19.052 1154.0000000000
45710  -13.604  -38.123  -19.859 1155.0000000000
18734  -6.148  62.026  7.734 1157.0000000000
20170  -27.835  -70.266  -11.435 1163.0000000000
44597  -15.173  18.479  49.606 1168.0000000000
44656  -12.381  55.917  -7.168 1170.0000000000
43805  -13.729  23.759  47.613 1172.0000000000
