1681  -4.2670  -81.4170  -18.2580  1    23310  -40.7550  -16.6720  3.8410  1
1974  -4.6540  -80.8050  -17.2390  5    22830  -18.6260  47.4640  -39.8740  5
1984  -6.7750  -81.1250  -18.2720  10    59069  -3.7080  -55.4240  2.2260  10
1985  -7.4800  -80.9720  -18.4800  11    24704  -56.9960  24.0250  -8.1800  11
1990  -3.9650  -80.5460  -18.9650  12    24683  -40.1710  -12.3810  46.8320  12
1993  -6.2090  -81.7060  -19.0140  15    59066  -22.7940  -39.3520  48.3630  15
1995  -8.4560  -81.2740  -19.5680  17    59242  -25.8440  -58.2710  -1.2050  17
2001  -3.8810  -80.7570  -19.5140  18    59162  -52.5110  -50.9490  2.1750  18
2003  -5.6440  -81.9130  -19.9860  20    59173  -44.4820  39.2970  11.4340  20
2004  -6.8600  -82.0120  -20.1390  21    59172  -34.2260  63.2430  4.9710  21
2005  -8.0690  -81.8870  -20.3270  22    59177  -5.5340  67.1980  -18.9000  22
2007  -9.9990  -81.0900  -20.9230  24    59377  -32.3640  -77.7100  -17.1480  24
2013  -3.7950  -80.9480  -20.6610  25    59322  -43.9400  -53.9080  -0.3240  25
2014  -5.0610  -81.6100  -20.9640  26    59321  -32.4350  75.3620  -9.5430  26
2025  -4.5540  -81.2980  -21.9990  32    59470  -40.9820  -64.5710  -24.5450  32
2026  -5.7270  -81.5260  -22.1430  33    789  -17.7740  45.0090  24.2460  33
2027  -6.9020  -81.8370  -22.3970  34    59478  -16.2910  -22.9020  52.1780  34
2028  -8.0940  -82.0420  -22.5990  35    954  -28.3590  -37.7020  17.2830  35
2029  -9.3900  -81.8300  -22.9300  36    27344  -11.8060  -6.6910  56.8130  36
2036  -5.2530  -81.0510  -23.0320  38    650  -63.3700  -23.6250  6.6950  38
2038  -7.6390  -81.4400  -23.6340  40    849  -3.8750  33.7590  -26.0740  40
2046  -6.8060  -80.9150  -24.1970  43    790  -8.2600  -40.7420  21.8520  43
2052  -6.2270  -80.6060  -24.7760  44    2385  -5.4790  80.7840  -25.8720  44
2060  -7.0220  -80.2950  -25.6150  47    3534  -35.4950  -21.1730  36.6310  47
2081  -7.6450  -79.5460  -29.9260  49    43515  -43.3570  -2.3030  -14.4510  49
2327  -4.5490  -79.7080  -16.1970  50    22595  -41.3640  66.5060  -12.0420  50
2333  -3.5740  -79.3070  -17.3170  52    22622  -36.8390  -7.7980  -45.9080  52
2336  -6.4130  -80.0730  -16.8850  55    24472  -54.4660  -18.9890  -23.7280  55
2342  -3.6170  -79.7170  -18.0320  57    23847  -42.8480  0.0960  32.1160  57
2347  -8.4480  -80.1090  -18.3150  62    24470  -20.6310  -63.8770  -25.7820  62
2357  -9.3320  -80.4630  -19.2790  66    24755  -13.7390  57.3130  21.6550  66
2358  -10.1430  -79.9030  -19.3080  67    19079  -50.9820  -39.4710  -29.3340  67
2362  -2.2640  -79.8190  -20.3790  68    16227  -52.3150  -5.5090  11.1690  68
2363  -3.0700  -79.7240  -19.9410  69    16228  -55.1940  -30.6420  -2.2950  69
2366  -10.6910  -80.2440  -20.5110  72    19080  -51.3720  -41.2040  -28.5880  72
2371  -3.0550  -80.3110  -20.5400  74    18533  -44.1530  33.5820  -41.1910  74
2373  -11.0140  -80.4320  -21.9950  76    26281  -7.6730  -7.2490  -28.2300  76
2378  -10.5020  -80.8520  -23.0580  79    27373  -13.9150  -59.7690  -24.5260  79
2384  -9.9100  -80.0030  -24.3210  83    27345  -10.7850  -7.0750  57.1390  83
2389  -8.6550  -79.8650  -25.1050  86    953  -2.2550  2.8840  49.6800  86
2390  -9.3590  -79.3030  -24.9450  87    27947  -13.1500  81.1950  -22.3700  87
2396  -7.6440  -80.2270  -25.3650  88    2574  -56.9670  -0.5500  -39.1500  88
2651  -3.7110  -78.8090  -16.5200  92    22596  -28.3950  -28.4350  36.3210  92
2653  -5.2270  -79.2840  -15.7100  94    22594  -33.6580  -1.6440  -51.2000  94
2654  -6.4350  -78.7660  -15.8690  95    46747  -32.0200  30.2190  -55.7790  95
2655  -7.2910  -78.2540  -16.0580  96    46795  -15.0510  83.6480  -12.8710  96
2664  -7.5790  -79.1530  -16.9060  101    24471  -34.9080  61.7010  2.3590  101
2665  -8.6020  -78.6400  -17.2210  102    47178  -47.2370  -0.9280  1.2020  102
2672  -9.0980  -79.2550  -17.9800  106    24756  -59.2360  -33.4950  -31.9280  106
2673  -9.8390  -78.7640  -18.2500  107    47777  -46.9660  -37.6640  -26.2040  107
2678  -0.9630  -78.6840  -19.6910  108    16229  -60.7540  -9.7430  18.1330  108
2680  -2.6690  -78.8120  -19.4020  110    25982  -31.3000  16.8800  41.3820  110
2683  -10.0990  -79.2400  -18.7570  113    19081  -11.0940  -66.8750  18.9580  113
2691  -12.0110  -78.2030  -20.4640  119    48488  -16.3220  -79.2810  5.3540  119
2694  -11.9050  -78.5390  -21.3130  120    27232  -39.8260  -40.8660  2.5750  120
2698  -11.5350  -78.6590  -22.6040  122    26282  -6.3320  -6.4470  -29.0330  122
2703  -9.7390  -78.6930  -24.8030  123    27969  -13.8250  -15.8690  49.0790  123
2704  -10.7280  -78.6950  -23.8790  124    27421  -56.3350  20.8540  16.4610  124
2716  -8.3590  -79.3510  -27.2250  127    28557  -31.9490  -19.3240  48.8440  127
2973  -5.6220  -77.4560  -14.6600  130    46818  -6.4670  -52.3200  24.6760  130
2974  -6.7770  -77.0510  -14.9060  131    30256  -58.6980  4.2850  19.8460  131
2975  -7.5290  -76.7060  -15.1940  132    30331  -18.5630  -6.4220  51.3530  132
2987  -2.6860  -77.2560  -17.9420  139    30893  -39.2650  -48.5100  -18.4590  139
2990  -8.6070  -77.8600  -16.7060  142    47195  -38.2660  60.2800  -2.6560  142
2991  -9.3060  -77.8230  -17.1650  143    47789  -11.4050  -5.7470  26.3560  143
2995  -1.6700  -77.2920  -19.0330  144    31472  -42.3920  36.3690  17.8640  144
3000  -10.7250  -77.8030  -18.1820  149    48308  -27.6960  24.5180  -62.6090  149
3013  -12.4200  -77.3380  -20.3170  157    48517  -4.1170  60.4530  -6.4610  157
3023  -11.6330  -77.0080  -22.3760  161    34457  -25.2650  -20.1290  -31.1860  161
3040  -9.8270  -77.1060  -24.8310  165    35065  -53.5420  -13.2070  -10.3000  165
3046  -9.2400  -78.2110  -27.3260  166    44010  -18.0120  18.3630  51.3940  166
3318  -5.5880  -75.9820  -14.3280  167    52943  -12.4240  -35.9430  -21.0190  167
3322  -3.4290  -76.6590  -15.9180  169    30182  -23.2220  -38.8140  -14.3720  169
3323  -4.3530  -76.7660  -15.0850  170    30181  -34.6760  -19.7860  48.5900  170
3326  -7.8970  -76.2610  -15.0770  173    30332  -9.8870  73.9610  13.0280  173
3327  -8.4480  -76.0260  -15.1630  174    30666  -34.0630  8.7710  -53.9090  174
3329  -2.5850  -76.4980  -17.1990  175    30237  -10.9480  -37.4550  -2.9530  175
3333  -8.7620  -76.5650  -15.9270  179    30333  -50.9690  15.0370  -5.4850  179
3334  -9.5520  -76.4000  -16.3820  180    30940  -3.8910  15.9000  36.0410  180
3345  -10.5290  -76.8550  -17.3770  185    31917  -13.9080  -50.6090  -28.9410  185
3353  -1.7940  -76.4920  -18.2060  186    21353  -53.3010  -1.0230  33.7750  186
3356  -11.8450  -76.8740  -18.4580  189    32870  -16.2150  73.2090  7.1010  189
3362  -12.9080  -76.1820  -19.4480  192    32930  -26.9560  -21.3260  -29.9930  192
3369  -12.4260  -76.1800  -21.2810  195    33580  -37.6800  -69.4260  -36.1210  195
3383  -4.3370  -75.7010  -24.6760  198    26676  -33.5730  30.8610  -25.9430  198
3384  -10.4860  -76.3880  -23.6660  199    34494  -9.5450  65.7090  3.9530  199
3393  -9.1560  -76.6400  -27.2670  202    33621  -42.0150  -70.1190  -23.4670  202
3686  -3.2460  -74.8970  -15.0550  203    19627  -19.3860  -85.0130  -11.6700  203
3687  -3.9830  -75.2630  -14.5980  204    30210  -3.3890  -70.0150  -32.9340  204
3695  -2.2500  -75.1620  -16.5740  209    20693  -28.1600  -28.5690  16.2030  209
3696  -3.0740  -75.5790  -15.7020  210    30183  -6.2330  -25.6650  46.9860  210
3702  -9.2570  -75.4350  -15.1610  216    30941  -40.7190  -34.3020  -39.6990  216
3708  -10.7240  -75.1800  -16.4250  221    21207  -49.3040  2.0800  -4.2780  221
3711  -1.9610  -76.0720  -17.6560  222    21354  -39.1910  -40.9180  9.1520  222
3713  -11.0140  -75.9810  -17.1380  224    31918  -49.1760  -27.3240  19.3330  224
3714  -11.9110  -75.4120  -17.5880  225    21435  -55.8400  -31.8320  -17.4230  225
3723  -11.5630  -76.4430  -17.9280  227    31969  -31.6230  67.7060  6.2200  227
3725  -12.8110  -75.2560  -18.7510  229    22671  -13.1600  47.1540  -38.8730  229
3740  -12.6300  -75.3350  -20.7360  232    24847  -2.8980  24.2450  -20.3590  232
3753  -3.5100  -74.7070  -24.3540  235    26677  -33.1440  32.8790  -24.7880  235
3755  -10.8790  -75.1560  -22.7060  237    27466  -5.0380  -27.9650  21.3840  237
3761  -3.5510  -75.3450  -24.5540  239    34079  -21.8680  78.5110  -11.1560  239
3763  -5.7550  -75.3630  -24.3950  241    26838  -6.7310  -50.7650  -24.1900  241
3764  -6.6530  -75.2580  -24.4050  242    26839  -58.9510  -27.2450  22.9880  242
3771  -4.7470  -76.0190  -24.8630  246    47308  -26.3290  -28.9360  -22.4160  246
3772  -6.3860  -75.9790  -25.4720  247    46034  -10.8220  -55.4500  36.6010  247
3773  -8.3680  -75.3580  -24.9750  248    28479  -31.5740  -64.4190  21.9410  248
3780  -7.9690  -75.8360  -26.1470  251    33620  -4.9320  17.0890  51.8710  251
4118  -3.7110  -74.1480  -14.0060  252    19602  -49.8170  11.6890  -41.0930  252
4119  -4.0950  -74.3650  -13.7250  253    18929  -50.0040  -50.8670  -14.8800  253
4121  -6.1060  -74.5320  -13.3150  255    18928  -42.2720  9.6130  -4.6740  255
4130  -7.6100  -74.8710  -13.8360  260    19020  -9.8660  -59.0880  -14.2740  260
4132  -9.1470  -74.6030  -14.2170  262    19821  -3.9500  -67.0730  19.3180  262
4139  -1.9020  -74.4000  -16.7170  263    20668  -25.9760  -51.3460  -15.8140  263
4143  -10.6230  -74.1790  -15.4230  267    21208  -5.1980  -77.4830  5.0080  267
4149  -11.6840  -73.9680  -16.6470  271    21436  -39.2540  17.5350  -19.3550  271
4152  -1.6700  -75.3690  -17.5080  272    20578  -2.5420  -72.5950  -22.9710  272
4155  -12.5410  -73.9630  -17.8380  275    22186  -17.1540  -86.6630  -20.9610  275
4178  -12.7130  -74.4270  -20.3370  280    23462  -52.1040  -40.0390  -34.1060  280
4194  -3.6020  -74.0570  -24.0380  282    26693  -36.5540  -3.7340  31.7730  282
4197  -6.3350  -74.1760  -23.2840  285    26675  -39.1540  -39.3680  28.6340  285
4199  -8.0090  -74.3160  -23.1240  287    26858  -50.7670  -22.6960  -10.2980  287
4201  -10.2270  -74.4420  -22.8590  289    25644  -8.7480  61.3760  2.0220  289
4250  -10.7390  -75.5230  -31.0880  301    5605  -38.6120  -7.7730  -38.5690  301
4256  -10.6540  -76.1270  -31.6680  302    5607  0.7760  13.7070  -8.6530  302
4257  -11.3160  -75.1540  -32.1020  303    5606  0.3300  12.4790  -8.2530  303
4568  -4.8610  -73.6480  -12.5360  304    18930  -52.0010  12.0150  -20.6790  304
4569  -6.0190  -73.6620  -12.4470  305    30290  -20.0130  -41.0300  0.9720  305
4576  -6.9600  -73.9560  -13.0100  310    18977  -7.1830  5.7920  39.6140  310
4577  -8.0600  -73.5610  -13.2430  311    19822  -3.7330  -67.7490  18.7220  311
4582  -3.0960  -73.5780  -14.5480  313    19601  -51.0970  10.8490  21.7530  313
4587  -10.3550  -73.3270  -14.3300  318    21280  -30.3560  40.5350  -33.5130  318
4594  -1.9910  -73.3130  -16.4180  319    21131  -22.1310  -44.3570  29.0790  319
4595  -2.6730  -73.5610  -15.2570  320    19603  -50.6680  12.6080  -41.5310  320
4622  -12.8300  -73.7030  -19.5000  330    22672  -12.7800  48.0870  -39.6900  330
4644  -4.3750  -72.5910  -23.4460  333    25566  -16.7550  64.8240  14.6600  333
4646  -5.8930  -72.7800  -22.7070  335    26694  -53.6900  -13.1110  21.5000  335
4648  -7.5240  -73.1330  -22.0280  337    27068  -60.4250  10.9930  -9.5780  337
4650  -10.5570  -73.3360  -21.9760  339    24846  -23.5990  -46.4980  9.9390  339
4664  -9.0290  -73.6510  -22.5820  347    25663  -7.1780  -55.0030  -17.9580  347
5111  -3.6590  -71.4120  -13.6900  353    29806  -23.7470  47.7670  7.6800  353
5113  -4.0230  -71.8080  -12.6920  355    29805  -30.2460  20.6030  12.2790  355
5114  -4.6520  -72.1770  -11.8970  356    30278  -18.0210  67.4650  7.2840  356
5115  -5.7260  -72.5560  -11.4270  357    30362  -36.5430  49.0910  -7.5470  357
5140  -2.8590  -71.6610  -15.1520  365    33211  -5.2950  -63.1810  3.1730  365
5141  -3.1560  -71.8260  -14.5220  366    32043  -19.6990  -40.8720  -0.6890  366
5142  -3.4430  -72.7800  -13.7850  367    32042  -3.9820  79.4840  -7.1480  367
5145  -7.7380  -72.9230  -12.7670  370    32466  -33.2860  18.8590  8.8700  370
5147  -9.3270  -72.1270  -13.2330  372    1542  -27.3310  -22.7110  50.7380  372
5159  -9.8280  -72.6920  -13.6720  377    33723  -38.7550  -52.7320  -35.0620  377
5160  -10.9930  -72.5300  -14.3970  378    34414  -39.9340  57.5500  -35.4490  378
5161  -11.5580  -72.0230  -14.6290  379    1540  -53.2250  -35.2190  -23.8830  379
5181  -12.3250  -72.3530  -16.2350  384    35400  -31.0180  72.5510  2.4490  384
5185  -12.7860  -72.3910  -18.0770  386    35863  -51.2810  -37.4130  -21.1460  386
5218  -5.4940  -71.1710  -22.8960  389    12245  -46.6120  -29.2930  20.1350  389
5220  -6.2850  -71.5130  -22.0890  391    39101  -44.2660  -55.4830  -34.2800  391
5221  -6.9330  -71.7810  -21.5660  392    39371  -29.7130  -26.0480  34.0560  392
5223  -11.7780  -72.7160  -20.9550  394    40538  -44.9950  23.3440  -55.0700  394
5234  -4.1990  -71.6780  -23.3340  396    12246  -16.9370  -40.5270  34.9600  396
5239  -8.2300  -72.6050  -21.7670  401    13150  -4.2260  -61.7420  11.5490  401
5240  -9.0870  -72.6330  -21.8860  402    40197  -9.3300  63.9920  -39.1370  402
5299  -10.2050  -74.3520  -31.0520  408    45858  -19.1390  6.5770  -49.4050  408
5717  -5.9130  -71.4140  -10.5730  411    46251  -5.6770  -71.2130  -22.7250  411
5719  -7.3900  -71.3060  -10.7270  413    53755  -36.7550  38.2710  21.1330  413
5741  -7.6110  -71.7240  -11.4660  419    32488  -11.6800  57.6790  -13.2020  419
5742  -8.4310  -71.3370  -11.8590  420    54587  -33.6890  -65.3530  15.5660  420
5771  -2.7880  -71.2500  -15.2630  427    1102  -38.0640  -5.4820  19.4070  427
5776  -9.9830  -71.3230  -13.2320  432    1541  -54.6400  -35.6370  -23.5300  432
5805  -12.3720  -71.4650  -15.6770  437    5162  -7.9700  -63.9570  -28.8250  437
5811  -13.0230  -71.2090  -17.8440  439    5955  -0.4350  15.4180  -36.6470  439
5818  -12.7440  -71.6480  -18.8960  440    6467  -51.5420  32.1610  -6.0110  440
5850  -6.7260  -71.0950  -21.4680  446    12390  -29.2920  -12.0040  -6.1200  446
5852  -8.5820  -71.6090  -21.2910  448    13149  -38.5490  -38.8560  11.4740  448
5855  -11.5340  -71.8970  -20.8250  451    9750  -58.5180  -33.0540  -14.7380  451
5864  -4.0670  -70.8370  -23.2120  453    14610  -13.0720  -13.0630  56.3240  453
6393  -8.0460  -70.4810  -10.3730  463    45724  -34.3760  34.0660  13.6790  463
6410  -4.2840  -70.4090  -11.9140  464    46280  -24.6230  27.6080  -35.2330  464
6414  -9.4650  -69.9110  -11.4520  468    45737  -37.5900  -64.2250  -1.3330  468
6432  -3.7030  -70.4140  -13.7160  471    48535  -59.4650  8.3860  3.3660  471
6433  -4.0590  -70.1820  -12.6980  472    47914  -45.4270  -62.5720  -14.9810  472
6435  -9.7750  -70.2560  -12.2320  474    54588  -30.8600  -28.8370  -34.6130  474
6452  -10.4630  -70.5280  -13.2200  482    1686  -29.9600  -68.7050  -13.8170  482
6462  -2.9080  -69.7410  -15.0560  483    38782  -38.4100  11.2510  32.1290  483
6464  -11.7090  -70.7770  -14.5170  485    3552  -29.0480  68.3250  -3.4540  485
6492  -13.0740  -70.3960  -17.1610  488    5919  -2.4310  -46.8890  15.4670  488
6505  -12.1840  -69.4840  -19.4240  490    6468  -45.5070  -65.2920  -9.1710  490
6519  -6.9450  -70.0340  -20.8070  492    12306  -60.3380  -7.1330  -40.6800  492
6521  -8.4910  -69.9100  -20.4950  494    57674  -26.1750  29.7810  24.3310  494
6523  -10.6700  -69.7110  -20.4270  496    9789  -3.5470  62.9760  -6.8200  496
6541  -4.8080  -70.1690  -23.0270  499    12247  -17.0020  -41.1080  35.9550  499
6548  -10.1310  -70.5660  -20.8300  506    9751  -42.8740  -3.1730  -1.5150  506
6557  -3.5130  -69.6530  -22.9830  508    14609  -12.3340  -32.1230  -23.8370  508
7113  -6.6690  -69.3500  -9.2490  511    33258  -31.8140  7.1690  -58.2730  511
7115  -7.9830  -69.3230  -9.3810  513    31659  -43.6100  -24.7100  -18.5830  513
7129  -9.3000  -69.2820  -10.5160  518    33529  -43.6010  -22.6470  -19.6910  518
7157  -4.0980  -69.0710  -11.9980  524    35760  -14.1430  -1.6570  -36.9520  524
7160  -10.5150  -69.2650  -12.2160  527    37156  -13.3790  -68.5060  20.5360  527
7170  -3.3850  -68.8090  -14.0230  528    11772  -26.1090  -52.4950  -14.3580  528
7173  -11.7550  -69.0220  -13.7550  531    37155  -12.2590  41.2610  8.0610  531
7184  -11.9560  -69.6770  -14.3130  534    48573  -32.9860  -62.0100  -27.0840  534
7199  -12.8760  -69.4810  -15.6400  535    49124  -36.6230  -37.6160  -38.4640  535
7210  -13.1350  -69.5060  -16.8370  536    49715  -34.7490  8.5920  -63.2230  536
7218  -12.8360  -69.4300  -18.4190  539    50544  -9.6090  -59.3270  24.4720  539
7226  -10.1810  -68.1610  -19.8940  540    51163  -22.4170  -1.6930  -30.5480  540
7242  -7.1820  -69.5190  -20.6020  544    51809  -49.3190  -8.4570  -14.4710  544
7244  -8.7720  -69.0070  -20.0700  546    51810  -18.5910  3.5330  -43.6480  546
7267  -2.9660  -68.7250  -22.0070  553    22240  -47.4120  -20.5850  -23.0510  553
7848  -8.3100  -68.2510  -8.6250  559    585  -19.7100  51.5630  17.7790  559
7883  -5.1200  -69.0020  -10.1030  565    34711  -52.3190  22.5040  -49.1350  565
7884  -5.6670  -68.5220  -9.4660  566    33293  -6.1560  -71.6340  -4.2320  566
7887  -10.2320  -68.3100  -10.8160  569    1690  -37.6780  59.6970  -24.8870  569
7897  -4.5650  -68.3580  -10.7720  570    34712  -59.7130  5.0180  16.9290  570
7899  -10.5650  -68.4550  -11.4820  572    34797  -18.0260  70.3780  -30.9820  572
7931  -12.2690  -67.7530  -13.4440  582    7636  -2.9520  -45.4220  29.3040  582
7940  -2.9360  -68.4430  -14.4990  583    11773  -21.1310  -49.9890  -11.1500  583
7942  -12.4840  -67.9500  -13.9950  585    13519  -3.3180  -42.2350  16.6310  585
7955  -12.8590  -68.2840  -15.1730  586    39025  -8.4610  -0.2060  17.2170  586
7966  -13.1660  -68.2420  -16.7620  588    33467  -41.6390  -20.2500  44.9150  588
7971  -11.6980  -67.1910  -18.8260  589    34936  -44.5120  -39.6730  -19.4840  589
7982  -9.3490  -67.6480  -19.6030  591    41322  -17.5080  -54.5420  40.4470  591
7998  -3.2600  -67.8320  -20.5790  595    18379  -49.2140  -37.3610  7.7520  595
7999  -7.1510  -68.7930  -20.5520  596    42382  -31.5590  -25.7680  31.2210  596
8014  -3.0100  -68.2120  -21.1710  600    51525  -45.3520  10.7420  -46.9500  600
8016  -6.0600  -68.5730  -21.5520  602    21112  -14.7530  81.1970  -15.8880  602
8502  -6.3900  -67.4780  -8.3580  610    586  -15.2220  -60.2370  22.4010  610
8504  -8.8350  -67.7130  -8.4520  612    1640  -43.1760  -39.9110  24.1030  612
8505  -9.5100  -67.3980  -8.5940  613    1744  -5.6080  -85.0710  -26.8580  613
8519  -10.5940  -67.3800  -9.8520  618    3901  -58.5560  -40.7950  -22.3240  618
8548  -11.9620  -67.0540  -12.1270  627    7637  -32.9970  74.8440  -12.9520  627
8558  -3.9850  -67.3030  -11.9380  628    9367  -38.3740  11.9970  -35.9950  628
8559  -4.3200  -67.1390  -11.2970  629    35759  -43.1280  -29.3180  -14.3300  629
8573  -3.5270  -67.3600  -12.7570  633    9366  -44.7200  -25.1150  0.7560  633
8596  -12.9840  -67.5810  -15.3990  638    13869  -51.9070  -30.0850  -1.8940  638
8606  -13.0540  -66.7120  -15.5060  641    13868  -7.8410  60.2660  -31.6500  641
8619  -11.8660  -66.6170  -18.3000  642    15281  -3.9240  -34.9740  47.7120  642
8635  -9.2380  -67.2110  -19.4600  644    18944  -20.1480  17.1090  51.3630  644
8636  -10.0660  -66.9310  -19.3220  645    16852  -51.3070  46.5000  -18.8710  645
8650  -4.9870  -67.0460  -20.6930  648    20525  -51.9930  10.6490  21.1170  648
8652  -6.9350  -67.6850  -20.3800  650    21111  -13.0730  42.8830  -39.9630  650
9181  -7.1540  -65.7020  -7.5390  660    587  -14.6950  -59.9980  22.7230  660
9182  -7.6080  -66.0830  -7.1520  661    37740  -45.4330  -9.0440  -27.6250  661
9197  -10.2230  -66.5620  -8.2810  667    49054  -11.4170  -52.2780  17.2170  667
9209  -10.7880  -66.7830  -9.2260  670    3902  -44.7340  -18.4020  41.8140  670
9210  -11.5010  -66.2170  -9.4930  671    49898  -56.4980  -18.9430  -29.5070  671
9224  -12.2600  -66.1500  -10.9080  676    50518  -21.8410  -2.8240  -46.6440  676
9261  -2.5060  -66.4420  -13.5100  683    11810  -44.2120  -0.1420  -44.3080  683
9263  -3.3630  -66.6470  -12.6130  685    9365  -22.6630  66.7500  -3.4050  685
9264  -12.7600  -66.7320  -13.4150  686    9512  -37.3730  -67.3400  -18.2490  686
9284  -13.2420  -65.7940  -14.6700  691    43634  -12.8040  -29.8210  56.3650  691
9304  -11.6720  -65.8560  -18.1520  694    15282  -39.2170  -44.7760  33.0040  694
9320  -4.1970  -66.6620  -19.3580  696    16663  -55.5510  7.8670  -40.8750  696
9321  -4.9200  -66.3450  -19.4180  697    18910  -34.9170  50.6330  3.3960  697
9323  -6.6110  -66.1300  -19.3880  699    54848  -49.3090  -47.0890  -25.1160  699
9325  -9.3140  -66.3870  -19.2850  701    18943  -19.3240  16.8140  51.2730  701
9342  -6.3300  -66.6490  -20.0540  706    21056  -50.0870  -42.1660  -23.1870  706
9943  -10.1820  -65.1570  -7.1250  713    37783  -28.8510  -42.1040  38.7940  713
9957  -10.8170  -65.7100  -8.0450  717    49127  -5.1550  -57.7030  24.5300  717
9958  -11.5120  -65.1330  -8.3610  718    38061  -61.9280  -12.5280  -14.8010  718
9967  -6.1240  -65.7350  -9.0790  719    39113  -0.8540  14.5050  -20.3200  719
9971  -12.4060  -64.9760  -9.6190  723    39144  -6.9630  -26.8010  11.7740  723
9980  -5.0630  -65.9580  -10.5750  724    24581  -2.9290  5.5620  45.6650  724
9981  -5.5170  -65.6680  -10.1000  725    50496  -16.4950  39.4820  24.8560  725
9996  -13.2640  -65.0780  -11.9340  731    41946  -45.5560  -27.1990  32.0420  731
10012  -4.1340  -65.7170  -11.4870  734    41679  -24.2740  -34.4290  23.4260  734
10013  -12.7070  -66.1620  -12.1760  735    51699  -55.6980  -28.0270  -28.6310  735
10044  -13.0870  -65.4350  -15.6850  743    43904  -21.2920  -79.5270  -0.5210  743
10056  -12.2490  -65.3050  -17.2280  745    54342  -42.6200  60.9030  -18.3140  745
10070  -5.4980  -64.8730  -18.6980  747    54787  -46.3940  60.4100  -19.2970  747
10072  -7.5680  -64.8830  -18.5410  749    54847  -49.5660  -46.9820  -24.2240  749
10073  -8.5720  -64.8200  -18.5570  750    54915  -6.3550  -30.1800  34.6330  750
10075  -10.4210  -64.8620  -18.3990  752    55071  -54.3770  23.0610  16.3730  752
10093  -5.1480  -65.7560  -18.9260  756    54788  -47.4740  8.3790  -8.4130  756
10096  -8.1010  -65.6830  -19.0810  759    54916  -24.4990  19.3810  -46.1610  759
10662  -8.0010  -64.6070  -6.8620  766    37741  -34.6690  25.3970  -22.0190  766
10664  -10.3270  -64.5600  -6.8000  768    18062  -10.5300  -8.8760  15.7480  768
10677  -7.3450  -64.4260  -7.9480  770    20299  -19.5180  5.2310  52.5010  770
10678  -7.5430  -64.0110  -7.5230  771    2464  -42.8870  46.2340  -5.0780  771
10681  -11.9710  -64.2440  -8.2600  774    18553  -7.7430  -36.0870  47.0820  774
10690  -6.1560  -64.7020  -9.9530  775    23031  -44.2350  -14.9290  1.1550  775
10705  -13.2250  -63.9540  -10.6540  781    23654  -46.6590  -48.1570  -6.7540  781
10722  -13.2450  -64.4520  -11.3490  786    40777  -42.8820  36.3390  0.7810  786
10738  -3.1820  -65.2100  -12.2300  787    26208  -10.1800  43.4380  3.7480  787
10753  -2.7740  -65.2630  -12.6120  791    41326  -43.1130  48.8580  -8.7990  791
10754  -13.4070  -64.6470  -13.8080  792    42916  -8.6490  -28.6840  -16.4860  792
10771  -9.2970  -63.5960  -17.5300  796    33249  -7.3440  -74.5510  11.6010  796
10773  -10.7330  -63.9780  -17.5670  798    44378  -13.1800  -54.4980  37.1540  798
10789  -4.9590  -63.9130  -18.3900  801    45579  -5.8650  -56.6540  36.8070  801
10790  -6.1220  -64.0310  -18.2900  802    32816  -55.0170  -4.3100  26.1850  802
10791  -7.1510  -64.1750  -18.1530  803    32841  -22.4900  -42.4460  44.3030  803
10793  -9.0470  -64.0760  -17.9090  805    44379  -30.1380  -54.1440  33.5770  805
11366  -9.2500  -63.5220  -6.0590  809    17979  -31.6200  -71.5910  6.7070  809
11368  -10.9340  -63.2150  -6.5060  811    18063  0.6800  30.9760  -15.5620  811
11369  -11.3490  -63.0540  -6.7720  812    2521  -53.5350  -2.1850  3.3920  812
11384  -8.4530  -63.7670  -6.5460  814    17980  -29.0800  15.2600  -43.4610  814
11413  -7.0540  -63.5640  -8.9560  824    2465  -44.7970  46.3700  -5.2960  824
11414  -12.7520  -63.4810  -8.8440  825    3839  -53.4430  19.9420  18.2530  825
11426  -5.5340  -63.3080  -11.0000  827    5660  -10.4310  42.0980  35.9230  827
11442  -3.0620  -63.4790  -11.7420  831    7500  -64.8250  -12.0070  -24.6540  831
11443  -3.9980  -63.7740  -11.5990  832    7535  -3.2920  -68.9730  -32.9070  832
11444  -5.0360  -63.8450  -11.1840  833    7971  -18.7440  62.9460  -33.3480  833
11465  -13.3320  -63.3720  -12.2620  838    10778  -3.4540  39.0370  -22.8800  838
11480  -13.3270  -63.7030  -13.4530  839    12518  -61.6730  -10.2970  19.9160  839
11486  -13.2670  -63.9030  -14.5780  840    15481  -56.4850  0.0540  4.1990  840
11494  -12.5320  -63.9710  -16.1760  841    31111  -37.8930  6.0130  -31.1430  841
11507  -5.4690  -62.4610  -17.0850  843    32776  -28.7200  -61.4270  -2.8520  843
11509  -7.5910  -63.0240  -17.1860  845    19318  -3.5870  67.7000  -41.5920  845
11510  -8.6810  -63.3260  -17.3750  846    19342  -16.1940  59.5940  -35.2840  846
12131  -8.2120  -62.2460  -5.6490  855    17978  -3.8320  15.1780  49.9670  855
12132  -8.9880  -62.3910  -5.3730  856    53721  -7.0420  10.7920  40.4200  856
12134  -10.7450  -61.9970  -5.6630  858    53785  -33.1590  -64.8950  16.4970  858
12135  -11.2020  -61.7640  -5.8660  859    53786  -44.4840  33.2800  24.1030  859
12151  -12.1380  -62.1880  -6.8570  865    2522  -7.6150  -21.4750  38.1560  865
12173  -6.3780  -62.0850  -8.8010  870    3750  -1.1840  -77.2990  -24.1730  870
12175  -12.7650  -62.8000  -8.1840  872    2520  -21.3240  58.2440  17.7710  872
12176  -13.2390  -62.5820  -8.6340  873    2579  -18.9400  70.5210  -2.1560  873
12185  -5.7710  -62.1130  -9.8870  874    5659  -9.7290  42.9480  35.9260  874
12189  -13.3940  -62.7800  -9.4010  878    3871  -2.7600  38.3370  4.2000  878
12202  -3.3210  -62.0080  -10.9820  879    7501  -64.9440  -12.3120  -25.6040  879
12222  -13.2290  -62.4690  -11.5690  887    8702  -35.0710  28.4670  12.2210  887
12233  -12.8030  -62.1050  -13.1860  888    1521  -41.5600  -40.1990  17.2580  888
12261  -12.6670  -62.4440  -14.7890  892    1522  -50.1700  32.3790  -2.4550  892
12277  -4.9570  -61.4970  -15.9850  894    1251  -45.2260  9.5760  10.4320  894
12279  -11.6550  -62.4240  -16.1940  896    15511  -22.8980  52.8770  22.7090  896
12294  -5.0470  -61.9350  -16.5060  899    16724  1.0250  -25.1330  -4.4610  899
12295  -6.2690  -61.9890  -16.3080  900    3479  -47.4030  -28.5880  23.3260  900
12299  -10.3030  -62.7080  -16.9140  904    3786  -49.9930  12.0370  -6.3860  904
12984  -6.4890  -61.2240  -6.7260  916    54532  -65.2790  -26.9820  -19.4100  916
12997  -6.3890  -61.3050  -7.1530  920    2463  -43.8360  47.4250  -5.0410  920
13000  -13.3760  -61.6600  -7.8600  923    54704  -44.5560  4.2980  -25.3710  923
13023  -4.0360  -61.1070  -9.8690  929    8025  -30.8710  -1.7800  21.9940  929
13024  -4.4500  -61.2270  -9.7330  930    8057  -31.8880  -14.6790  36.1180  930
13027  -13.8460  -62.1820  -9.7930  933    4585  -11.4100  13.8750  20.9710  933
13028  -16.7120  -62.8550  -11.5110  934    55433  -47.9010  -48.2460  24.8830  934
13029  -18.1700  -62.3730  -11.2860  935    55277  -24.5170  -31.6580  20.9490  935
13030  -18.2320  -61.5890  -10.3430  936    55422  -58.8660  -34.6890  -17.5540  936
13043  -13.0530  -61.1470  -11.6730  941    56133  -39.1830  47.5300  -0.7480  941
13044  -13.5770  -61.8830  -11.0020  942    6381  -36.9920  -21.1880  36.3820  942
13051  -12.7030  -61.2630  -12.1070  943    8725  -49.5210  -54.9320  -6.9010  943
13062  -12.1020  -61.0420  -14.1110  947    1520  -40.9950  -40.0080  16.3850  947
13076  -4.8710  -60.7370  -15.2840  949    1139  -25.5460  67.6430  -0.9360  949
13091  -4.5560  -61.1680  -15.7150  953    397  -8.2620  56.5560  -34.1330  953
13095  -7.9270  -61.1720  -15.7210  957    3572  -45.0680  -43.8210  -22.8370  957
13097  -10.0380  -61.2190  -16.1390  959    2309  -41.2440  63.4820  -1.6820  959
13107  -8.1590  -61.8070  -16.2450  964    3571  -45.7690  -42.9270  -22.2270  964
13712  -6.7150  -60.5290  -4.6920  968    48156  -16.3260  24.8730  34.7800  968
13715  -9.2450  -60.4510  -4.3470  971    48177  -31.0120  -34.5450  14.7700  971
13720  -6.4570  -60.5850  -5.1660  973    48695  -19.3000  33.2040  23.2780  973
13732  -5.5600  -60.4930  -6.9060  977    50037  -33.5110  4.4500  -42.5080  977
13735  -12.0590  -60.5550  -5.9870  980    54057  -34.3390  4.4870  -41.8760  980
13747  -4.7690  -60.3370  -7.8320  982    42181  -8.0660  69.5940  18.1280  982
13761  -4.0070  -60.4890  -8.7940  987    44161  -49.5670  34.1690  18.5310  987
13765  -14.2660  -61.5820  -8.9710  991    55180  -4.9130  11.6780  36.7220  991
13781  -14.2450  -61.6210  -10.2910  996    55730  -39.7010  41.2470  -12.3960  996
13782  -16.5730  -62.0790  -10.4990  997    56147  -16.4210  -36.9320  35.2170  997
13784  -18.3740  -60.7980  -9.9620  999    52252  -39.8110  28.7070  -58.6270  999
13797  -11.9540  -60.1190  -11.8720  1003    52636  -12.6310  -49.1720  41.1810  1003
13798  -12.6120  -60.4110  -11.6390  1004    56618  -31.9950  22.2290  6.4430  1004
13803  -19.3040  -60.4660  -10.2980  1009    52919  -21.0110  80.3500  -9.1340  1009
13817  -12.1230  -60.6890  -12.6250  1015    56799  -41.7890  -47.3860  30.3880  1015
13825  -11.1360  -59.6670  -13.3010  1016    53179  -33.5860  60.4300  -16.6390  1016
13837  -7.2360  -59.9610  -14.8650  1021    3387  -37.6840  18.4230  -52.7860  1021
13838  -8.2030  -59.7630  -15.0070  1022    54394  -36.7850  -29.5700  36.0990  1022
13848  -9.7490  -60.2890  -15.6110  1030    3813  -49.5680  1.6250  -34.7120  1030
14487  -6.9820  -59.2490  -3.5660  1033    48072  -36.0900  3.7430  -8.9560  1033
14514  -11.0380  -59.6230  -5.2270  1043    48178  -13.2390  -33.6150  23.0080  1043
14525  -4.6330  -59.5560  -6.4920  1045    42179  -51.9100  19.7220  -0.8580  1045
14526  -5.3200  -59.9670  -6.0510  1046    48764  -30.9170  0.2280  -31.7380  1046
14528  -12.4110  -59.6510  -6.1370  1048    48821  -58.1170  -14.8670  17.2830  1048
14542  -2.7000  -59.0800  -7.4020  1050    43044  -30.6260  -37.4450  -27.2540  1050
14546  -13.2890  -60.1140  -6.8970  1054    38970  -56.1490  -37.8580  -8.8330  1054
14560  -2.4140  -59.4390  -7.9890  1056    47104  -7.2880  21.4780  28.4510  1056
14563  -14.4940  -60.5020  -8.1160  1059    38971  -46.2800  -47.1850  -7.8080  1059
14564  -15.0740  -60.3590  -8.6110  1060    51804  -24.8650  -47.3910  -22.7660  1060
14577  -14.7480  -61.2320  -9.3500  1064    51803  -49.1450  -40.9780  -21.6820  1064
14578  -15.1740  -61.1630  -9.6120  1065    51820  -45.4740  12.8100  30.6050  1065
14579  -15.8120  -60.8770  -9.6430  1066    52022  -4.4320  -52.1110  15.9250  1066
14580  -16.9540  -60.6590  -9.3890  1067    52231  -19.8090  -18.7180  -33.1980  1067
14583  -18.9350  -59.5360  -9.6850  1070    51065  -23.8650  26.9930  -35.7090  1070
14588  -11.2040  -58.7930  -11.8570  1071    51349  -38.2020  -56.3150  24.8810  1071
14589  -11.8230  -59.4600  -11.7010  1072    51623  -26.6190  -50.2960  18.1170  1072
14590  -12.9810  -60.0460  -11.4280  1073    52681  -59.8610  16.6100  -4.6360  1073
14591  -14.2190  -60.8080  -10.9130  1074    52143  -36.9570  45.6940  22.8550  1074
14592  -14.8020  -60.8230  -10.8090  1075    52156  -47.7870  1.1530  20.6290  1075
14593  -15.1470  -61.5590  -11.5980  1076    52219  -28.5600  24.3510  32.7070  1076
14595  -19.2930  -59.8450  -10.0300  1078    51255  -24.3720  36.2480  -31.0890  1078
14601  -15.0070  -61.0220  -13.4690  1083    52889  -52.9530  41.9250  -12.5150  1083
14604  -20.7340  -60.2050  -11.4150  1086    52111  -29.8200  -24.0370  -22.7800  1086
14610  -9.5010  -58.2090  -13.5100  1087    53723  -16.4750  -24.2820  28.9460  1087
14614  -20.3630  -61.3070  -12.2520  1091    53359  -21.4190  -38.4950  42.4300  1091
14623  -6.2420  -58.9330  -14.0490  1092    53334  -4.5130  -65.3730  4.1140  1092
14636  -7.8320  -59.2170  -14.5810  1100    54395  -39.2230  -62.4400  -28.5730  1100
15368  -5.9430  -58.4110  -3.5530  1104    48145  -11.5000  -14.7600  58.1340  1104
15370  -7.2780  -58.3300  -3.4530  1106    48073  -31.0900  74.8380  -15.7880  1106
15378  -4.8940  -58.6800  -4.3000  1107    48694  -15.6660  -29.0280  -25.5480  1107
15382  -8.7850  -58.5670  -3.9370  1111    48071  -29.7770  -78.7480  -8.8230  1111
15395  -10.0990  -58.0860  -4.9380  1117    48185  -42.2120  12.9170  -55.3890  1117
15426  -2.3740  -58.6670  -7.2570  1125    47103  -10.0760  -38.4180  30.6530  1125
15427  -3.0650  -58.7670  -6.8860  1126    42180  -8.7270  -29.0520  -12.5450  1126
15429  -13.4150  -59.1580  -6.8710  1128    39802  -48.7590  8.7390  17.9770  1128
15430  -14.1170  -59.2330  -7.4310  1129    38972  -1.1750  37.5200  -21.5990  1129
15443  -15.3270  -59.3120  -8.3190  1132    50757  -50.8770  5.8280  -57.3190  1132
15449  -16.4930  -59.4060  -8.8490  1134    50756  -29.8710  56.0610  9.9350  1134
15450  -17.3150  -59.2050  -9.0270  1135    51040  -1.7960  -69.2160  14.2450  1135
15456  -9.0500  -57.2660  -12.9230  1139    51339  -58.0990  -26.2300  9.7450  1139
15461  -13.2940  -59.4860  -11.4830  1144    51823  -0.6510  15.0020  -22.1490  1144
15462  -14.0600  -59.7020  -11.4970  1145    51868  -27.7110  18.0120  -60.7580  1145
15463  -14.5150  -60.3080  -11.6920  1146    51870  -3.1860  9.4830  21.2780  1146
15465  -20.3380  -59.2080  -10.3460  1148    51905  -22.7060  14.6230  -38.8890  1148
15473  -7.5820  -57.4980  -12.8470  1150    43927  -20.9450  29.6170  -40.2060  1150
15474  -8.6780  -57.5110  -13.0330  1151    45527  -35.3340  12.1720  22.8450  1151
15477  -14.3420  -59.3480  -12.0220  1154    51869  -23.3750  66.6070  7.0580  1154
15478  -14.5800  -59.8730  -12.6200  1155    51882  -3.6660  56.3110  -24.7210  1155
15495  -14.7450  -59.4800  -13.8250  1161    52614  -20.5000  63.1520  1.5520  1161
15496  -22.1940  -58.5710  -11.8980  1162    52122  -40.6560  49.5800  -26.3970  1162
15497  -22.5520  -58.3390  -12.2660  1163    52627  -10.8510  -55.3230  20.9020  1163
15511  -14.8820  -59.1110  -14.6810  1167    53387  -7.4310  14.0560  51.1110  1167
15525  -22.5660  -58.9530  -13.6370  1173    53819  -35.6490  16.7860  19.0000  1173
15535  -22.0930  -59.6260  -14.9180  1174    54381  -60.3750  -35.2240  2.2990  1174
15543  -17.5890  -61.0620  -17.2160  1175    55053  -17.6410  -28.6850  48.7180  1175
16342  -8.5880  -57.4950  -4.3290  1184    48149  -8.1930  -31.6820  36.6580  1184
16373  -2.9180  -57.8280  -6.1880  1193    49407  -17.8190  -44.0330  6.5010  1193
16374  -10.9940  -57.0780  -5.8150  1194    51167  -22.8180  33.2800  20.1740  1194
16375  -11.4750  -57.7030  -5.7950  1195    48822  -25.5620  -45.7180  -9.8090  1195
16393  -13.0510  -57.9480  -6.7240  1199    49439  -45.4960  48.4860  -4.9910  1199
16394  -13.6920  -58.2700  -7.1350  1200    50331  -61.7580  -28.8640  -27.3210  1200
16404  -14.9760  -57.9920  -8.0080  1202    50841  -44.6290  34.5370  -7.8510  1202
16410  -15.4280  -57.4860  -8.3440  1204    50758  -25.6050  -2.1690  -46.7270  1204
16412  -16.8550  -57.9710  -8.7910  1206    51041  -28.9650  55.4800  8.9490  1206
16413  -17.6520  -57.9110  -8.9980  1207    51066  -22.6990  26.7200  -36.6760  1207
16414  -18.5070  -57.9170  -9.1620  1208    51246  -32.5290  22.1570  16.9310  1208
16416  -20.0630  -57.9050  -9.7320  1210    51291  -23.9760  -32.9270  23.2470  1210
16427  -11.1430  -57.7320  -12.1210  1214    51595  -37.7490  -46.2040  -17.3540  1214
16428  -11.9410  -58.1360  -11.5660  1215    51614  -48.7220  25.3560  -50.7330  1215
16433  -21.3650  -58.1710  -10.5740  1220    52098  -2.2530  -20.3300  44.2950  1220
16452  -13.8700  -58.3180  -12.0890  1225    51889  -40.4560  -62.0350  -35.9950  1225
16469  -14.2260  -57.8620  -12.9540  1229    52602  -41.4580  -11.9190  -14.6460  1229
16472  -22.9600  -57.6470  -12.1980  1232    53429  -53.6360  16.5470  -4.8310  1232
16481  -14.4150  -57.7340  -13.6550  1233    53374  -29.1000  -47.4120  -26.4960  1233
16483  -23.2740  -57.8090  -13.3970  1235    53445  -7.3420  31.5280  25.9910  1235
16484  -23.7170  -57.2630  -13.7690  1236    55840  -30.0460  -69.8180  8.4460  1236
16492  -14.9870  -58.3840  -15.2970  1237    53800  -51.7380  40.0090  1.4670  1237
16493  -22.8930  -58.3860  -14.6240  1238    53923  -49.0580  -30.0900  32.3910  1238
16502  -15.3420  -59.0190  -16.0100  1240    54371  -16.4290  -24.9080  27.9750  1240
16503  -21.3630  -59.6560  -16.2230  1241    54689  -22.3550  11.1010  39.3870  1241
16504  -22.3900  -58.3680  -15.9150  1242    54386  -33.9240  63.0700  -2.3880  1242
16505  -23.1370  -57.7040  -15.2530  1243    56062  -8.9220  49.5550  -32.4520  1243
16512  -16.7550  -58.9560  -17.3580  1245    55873  -51.5620  17.7400  24.5630  1245
16514  -20.8420  -58.0950  -16.9730  1247    55822  -34.4780  15.9060  -12.4580  1247
16522  -19.0640  -58.7800  -17.5890  1248    55817  -50.0960  44.7840  -1.2810  1248
17277  -3.4250  -56.8170  -4.6450  1249    49976  -26.8910  27.4030  -56.2200  1249
17279  -5.0880  -56.7540  -3.7010  1251    50169  -5.4900  83.9750  -27.2690  1251
17280  -6.2170  -56.5730  -3.7870  1252    49533  -13.7200  -18.8240  -29.0350  1252
17281  -7.3400  -56.4240  -4.3070  1253    50206  -17.4770  -29.1700  47.7460  1253
17298  -9.5060  -56.3570  -5.3780  1259    50940  -42.0890  40.8620  -1.2700  1259
17330  -11.8810  -56.0310  -6.7260  1267    52293  -6.6350  29.4240  47.4610  1267
17331  -12.4670  -56.7430  -6.7030  1268    52057  -5.5710  12.7260  30.8300  1268
17332  -13.5330  -57.0390  -7.2220  1269    52616  -8.7200  22.8000  16.0250  1269
17338  -14.9370  -56.6810  -8.2480  1271    52853  -29.7580  13.8280  -49.9910  1271
17343  -15.5930  -56.4740  -8.6850  1272    52858  -19.9700  -41.2070  46.2530  1272
17345  -17.1350  -56.7130  -9.1220  1274    53238  -31.5620  -48.8630  26.1970  1274
17346  -17.9890  -56.7240  -9.1590  1275    53345  -50.3500  -52.6550  13.7870  1275
17361  -7.8110  -56.3390  -12.5670  1279    53900  -33.5930  29.3580  38.9240  1279
17362  -8.8370  -56.5590  -12.8710  1280    53909  -34.7320  -44.1050  -1.3600  1280
17365  -15.4840  -55.6030  -8.9970  1283    53156  -40.4710  -25.5190  30.3800  1283
17367  -16.5700  -55.6730  -9.6720  1285    53327  -13.2620  -82.8820  -35.0130  1285
17368  -17.3670  -55.5820  -9.7540  1286    52697  -5.2620  -31.7030  27.8580  1286
17369  -18.2920  -55.7160  -9.5500  1287    53379  -0.7990  -53.3440  16.8580  1287
17370  -20.9180  -57.2800  -9.9230  1288    51271  -37.7340  59.3640  6.6330  1288
17371  -21.8330  -57.0330  -10.2860  1289    51270  -59.8860  17.0440  -2.8500  1289
17388  -12.6670  -57.2460  -12.1610  1295    54902  -26.1360  5.0900  -46.2120  1295
17390  -16.4660  -54.9880  -10.7050  1297    52749  -28.6850  48.3430  -13.6920  1297
17392  -17.2390  -54.8360  -10.7250  1299    52699  -27.5430  -82.3570  -22.0710  1299
17394  -22.9860  -56.8180  -11.3320  1301    54684  -55.5380  -33.9110  0.1380  1301
17401  -11.6180  -56.6890  -12.7600  1303    52101  -44.8620  33.6440  15.2940  1303
17415  -13.4260  -56.6740  -13.3740  1312    52100  -52.4270  20.2670  -2.7730  1312
17427  -14.4070  -56.6700  -14.4880  1317    55816  -3.7400  -1.4170  -38.8510  1317
17437  -15.6110  -57.5310  -16.3390  1320    56046  -23.2200  -52.7620  7.9030  1320
17438  -16.2400  -56.6800  -16.7980  1321    56534  -39.0360  42.1340  -24.3030  1321
17449  -18.3930  -57.1070  -17.5040  1326    56605  -23.6700  -47.1910  31.2170  1326
17450  -18.7990  -56.3610  -17.4650  1327    56910  -38.6630  16.0180  -15.4800  1327
17451  -20.0250  -56.0380  -17.4200  1328    55894  -10.6440  -40.3440  -8.6690  1328
17453  -21.3080  -56.5140  -17.0620  1330    55895  -13.1740  -62.3440  -30.6020  1330
17454  -22.3720  -56.9830  -16.4900  1331    56391  -25.6380  -44.4720  -15.5020  1331
17466  -19.5950  -57.3290  -17.4680  1333    55885  -37.5860  59.4420  -2.7610  1333
18208  -3.7470  -56.1360  -4.2230  1338    50034  -16.8180  32.2630  34.2050  1338
18226  -8.8290  -55.6640  -5.4270  1349    51447  -6.2870  17.6610  34.0380  1349
18233  -2.2020  -56.1440  -5.7560  1350    50369  -38.3390  59.2160  7.3820  1350
18234  -7.8230  -54.9040  -5.4810  1351    50726  -20.9400  79.9670  -5.2950  1351
18243  -9.7870  -54.4340  -6.4450  1356    50957  -17.4610  32.7420  31.9450  1356
18244  -10.3410  -54.7870  -6.4960  1357    51093  -47.0180  15.7990  22.8950  1357
18254  -12.8000  -54.8580  -7.7670  1361    51585  -10.0820  -45.6960  -14.8400  1361
18255  -13.5990  -55.4880  -7.9200  1362    52628  -11.0410  -54.3680  19.8020  1362
18262  -14.0330  -54.8390  -8.6050  1364    51600  -28.1240  -66.2900  21.0990  1364
18263  -14.7710  -55.3750  -8.7120  1365    52859  -1.0370  -53.1150  13.1740  1365
18265  -19.7700  -56.2850  -9.4960  1367    53389  -3.6690  -55.0690  18.4830  1367
18284  -17.8680  -55.0260  -10.2740  1374    52698  -29.5120  -16.8690  47.4720  1374
18285  -18.6530  -54.9070  -10.0790  1375    52866  -22.6930  59.3650  4.6920  1375
18286  -19.5930  -55.2470  -9.6640  1376    53604  -37.2760  -38.0680  -31.1860  1376
18287  -20.8090  -55.9470  -9.6230  1377    51272  -38.8380  31.4100  33.2140  1377
18290  -23.5860  -55.3290  -11.0620  1380    53035  -39.5590  -57.6410  20.1170  1380
18302  -9.1030  -55.8610  -13.0300  1382    54401  -44.4170  -30.1960  31.0740  1382
18322  -16.8770  -54.2890  -11.4840  1397    52924  -27.6350  -66.1910  18.6350  1397
18323  -17.4310  -54.2700  -11.3010  1398    54548  -22.7120  56.1560  -28.7540  1398
18325  -24.1960  -55.8520  -12.4110  1400    55335  -54.4890  33.7440  -11.1040  1400
18326  -24.6800  -55.4140  -12.9760  1401    55713  -39.8280  46.4150  20.7760  1401
18334  -11.5440  -55.7830  -13.5200  1402    52102  -46.5540  33.7740  15.3540  1402
18341  -24.8140  -55.3640  -13.8120  1409    55810  -49.6180  -37.7800  -36.3020  1409
18350  -12.6020  -55.5800  -14.0910  1410    53747  -48.6780  56.5320  -27.2920  1410
18352  -14.0030  -55.9230  -14.6330  1412    55930  -51.8110  -51.7640  8.5630  1412
18355  -24.7660  -55.2660  -14.7670  1415    56215  -16.0780  26.0250  46.4140  1415
18360  -14.5590  -55.5870  -15.1400  1416    55375  -7.0380  19.9210  -30.0280  1416
18362  -16.0230  -55.9280  -16.4340  1418    56546  -19.0910  -43.0660  -6.5520  1418
18364  -24.5930  -55.0540  -15.4180  1420    55216  -21.4170  31.3460  22.1230  1420
18372  -16.7530  -56.0010  -16.9310  1421    56560  -34.2820  4.7380  -9.9520  1421
18379  -23.4120  -55.8580  -16.2300  1428    56698  -44.4220  -29.3410  31.3600  1428
19112  -2.9870  -54.9940  -5.0900  1431    50398  -31.1210  7.9180  24.3340  1431
19113  -3.7400  -54.6790  -4.8820  1432    49402  -4.4700  32.9270  23.0170  1432
19115  -5.7520  -54.5680  -5.1020  1434    49428  -44.9780  -37.4410  -25.0800  1434
19116  -6.6160  -54.7210  -5.2500  1435    50694  -20.5380  -65.0070  2.2370  1435
19135  -7.4770  -53.8450  -6.1800  1445    49669  -6.4630  67.1620  -18.7870  1445
19136  -8.1840  -53.7850  -6.3890  1446    49980  -19.3060  -52.5390  20.3800  1446
19140  -11.6070  -54.5800  -7.2330  1450    51092  -6.7780  6.6540  29.9860  1450
19145  -10.5450  -53.5740  -7.3590  1451    50624  -32.6240  21.7050  20.2890  1451
19154  -12.7130  -53.7970  -8.4870  1455    50696  -29.2170  -49.2420  31.4050  1455
19169  -13.9940  -53.8680  -9.6060  1458    51048  -16.3300  -65.8270  22.3980  1458
19170  -14.8060  -54.1890  -9.7850  1459    51953  -29.1500  31.3950  37.2120  1459
19174  -20.2180  -54.5250  -9.8230  1463    52787  -55.0790  -37.7610  -28.7600  1463
19175  -21.3650  -54.6790  -9.8450  1464    52986  -16.1670  -47.9540  27.0480  1464
19176  -22.4720  -54.7130  -10.1430  1465    53012  -3.3720  52.2780  29.3690  1465
19187  -8.2200  -55.0290  -12.9340  1467    52737  -43.7120  52.2190  -4.2090  1467
19189  -15.2180  -54.0210  -10.4970  1469    51886  -21.7450  -2.6340  -30.3430  1469
19192  -19.1010  -53.8160  -10.9210  1472    52786  -9.5250  22.6960  16.1490  1472
19193  -24.1650  -54.9300  -11.4660  1473    52185  -10.5580  6.5460  27.3930  1473
19204  -9.4170  -54.9850  -13.3660  1476    53748  -21.7460  58.3760  23.0940  1476
19210  -18.4870  -53.7730  -11.3400  1482    53790  -15.7000  -67.4190  -29.6620  1482
19211  -19.0260  -53.3330  -11.3970  1483    52930  -0.3580  4.3470  -22.3310  1483
19213  -25.1310  -54.5470  -12.9540  1485    53864  -33.4430  22.9620  14.1210  1485
19221  -9.1300  -54.1550  -13.5750  1486    52726  -3.8440  39.9220  6.2020  1486
19222  -9.9420  -54.4860  -13.7810  1487    54341  -27.6490  -10.4730  29.1970  1487
19230  -25.1860  -54.6510  -14.2280  1495    53558  -29.1170  34.4730  -16.3810  1495
19235  -11.1600  -54.0370  -14.5280  1496    54864  -38.3580  24.4490  16.1310  1496
19238  -13.6770  -54.7740  -15.0140  1499    54529  -28.0860  -65.7770  16.8620  1499
19245  -14.1390  -54.1260  -15.3600  1502    55324  -5.6490  -81.9960  -4.7540  1502
19247  -15.7750  -54.7790  -16.0520  1504    55678  -21.5440  -54.3760  13.3520  1504
19248  -16.8310  -54.7930  -16.6290  1505    55695  -36.2410  -53.0620  9.8690  1505
19249  -17.4120  -54.2190  -16.7550  1506    55010  -0.6650  47.7480  -18.6110  1506
19261  -18.9940  -54.5930  -17.2690  1511    56084  -4.2340  -53.8930  12.0790  1511
19262  -19.9950  -54.4920  -17.3580  1512    56098  -2.5490  23.5250  13.8610  1512
19264  -21.9730  -54.6360  -17.1170  1514    55464  -4.4270  -2.3840  49.1520  1514
19265  -23.0060  -54.7800  -16.8110  1515    55056  -44.0390  2.5890  -50.0350  1515
20013  -2.0660  -53.5950  -6.0770  1518    47527  -8.0370  55.8200  -14.0560  1518
20014  -2.7860  -53.5550  -5.9780  1519    49364  -38.8810  21.5410  1.7650  1519
20016  -4.6850  -53.3000  -6.2570  1521    47647  -43.0820  -62.4040  -16.0840  1521
20026  -6.0900  -52.9640  -6.7870  1526    47823  -14.4720  -64.5120  15.5020  1526
20029  -9.2480  -53.2340  -7.2010  1529    49988  0.7340  -11.3180  5.0790  1529
20036  -7.7920  -52.5660  -7.3820  1531    47861  -16.5520  57.3200  -36.1230  1531
20040  -11.5010  -53.1300  -8.2750  1535    50641  -34.6210  38.8620  24.8470  1535
20047  -11.0260  -52.4480  -8.6410  1537    48745  -11.1920  -30.4340  41.4490  1537
20048  -11.7260  -52.6050  -9.0900  1538    48953  -61.9210  -11.5650  18.6860  1538
20062  -12.8610  -52.7980  -10.2240  1542    51023  -18.6130  -40.8670  49.8330  1542
20063  -14.0330  -53.2250  -10.6410  1543    51047  -47.9740  47.8400  -10.6150  1543
20066  -20.7310  -53.5700  -10.1260  1546    50577  -38.4090  -63.0770  -9.3410  1546
20067  -21.8370  -53.6580  -9.9860  1547    52016  -22.7870  -10.4530  31.1160  1547
20068  -22.9510  -53.6740  -10.1480  1548    52138  -21.0580  1.4740  54.5050  1548
20069  -24.1680  -53.6680  -10.7930  1549    52160  -30.1340  47.9880  -12.7560  1549
20070  -24.8360  -53.0490  -11.0760  1550    49903  -17.5970  24.6590  48.6330  1550
20081  -14.5330  -53.1200  -11.3020  1551    50290  -22.0420  -8.1950  33.0230  1551
20098  -16.5060  -53.3170  -11.9310  1558    50558  -20.1510  -43.3040  19.6350  1558
20099  -17.0830  -53.1380  -12.0430  1559    51264  -36.8680  20.2650  -20.3950  1559
20101  -19.8920  -52.6310  -11.2770  1561    50578  -4.8040  50.7930  -42.9640  1561
20102  -25.6700  -53.4310  -12.8970  1562    50815  -27.2330  24.1670  28.2170  1562
20117  -25.8730  -53.1780  -13.8050  1571    51513  -6.0450  35.9940  -32.4920  1571
20122  -10.6070  -53.5520  -14.5170  1572    53834  -33.7690  22.7100  14.3880  1572
20123  -11.5360  -53.6020  -14.7740  1573    52360  -12.5490  -30.7850  34.2910  1573
20126  -25.3830  -54.0000  -14.7980  1576    52073  -13.4440  44.6700  -38.7220  1576
20133  -12.9150  -53.0320  -15.2990  1578    54528  -51.9900  -33.2040  11.7330  1578
20135  -14.5740  -53.5360  -15.6080  1580    54846  -37.7500  23.9800  15.8990  1580
20139  -25.0500  -53.7560  -15.6580  1582    52388  -28.7010  -49.3580  19.7580  1582
20152  -21.6030  -53.6260  -17.2780  1584    53705  -59.3060  -36.0150  -20.1890  1584
20893  -3.0400  -52.9050  -6.6470  1589    47540  -5.5000  -54.2090  22.1850  1589
20904  -5.2100  -52.2480  -7.3000  1596    47663  -34.8000  25.2880  -53.7460  1596
20913  -6.5180  -51.7230  -7.8670  1600    47822  -31.4900  -50.4210  22.9280  1600
20915  -8.6580  -51.9880  -8.1840  1602    48195  -51.4980  10.3230  -39.5170  1602
20923  -8.0730  -51.5040  -8.4830  1605    48189  -29.7330  4.6800  36.8730  1605
20937  -10.4170  -51.4150  -9.4170  1610    48746  -12.6050  60.1100  -5.1510  1610
20939  -12.0930  -51.8820  -10.5480  1612    48967  -31.1650  -52.9830  22.4480  1612
20940  -13.0880  -52.4360  -11.0490  1613    50291  -25.9440  12.7080  31.6470  1613
20943  -21.2550  -52.7200  -10.2670  1616    49561  -17.3980  68.5240  12.6650  1616
20944  -22.2550  -52.6910  -10.0780  1617    49630  -29.2100  -64.8830  13.2870  1617
20945  -23.3580  -52.5650  -10.1200  1618    49864  -42.2060  -37.7260  -38.9030  1618
20946  -24.4940  -52.3080  -10.5540  1619    49891  -39.6290  26.9080  -51.1300  1619
20963  -25.9440  -51.9240  -11.9750  1628    49862  -9.1940  -39.8290  27.4090  1628
20972  -13.7160  -51.7710  -12.1620  1629    50292  -49.9180  3.4130  -40.9870  1629
20974  -14.8770  -52.3090  -12.0230  1631    50540  -50.6080  13.1190  9.3140  1631
20977  -17.6690  -52.1700  -12.0680  1634    51451  -35.3510  34.1070  2.3500  1634
20990  -18.6260  -52.2890  -11.9100  1641    52011  -9.3560  24.2400  31.9040  1641
20991  -19.2540  -52.1790  -11.6830  1642    52905  -41.4620  61.5470  -34.4690  1642
21031  -23.3860  -52.8390  -17.0810  1649    53732  -12.0650  -56.1660  19.7340  1649
21032  -24.5580  -53.0510  -16.4340  1650    53302  -36.5260  59.6010  2.9990  1650
21819  -1.9230  -51.5720  -7.0170  1652    47185  -35.3620  48.7920  -15.1270  1652
21821  -3.4380  -51.4340  -7.7710  1654    47648  -31.9520  69.1850  4.4470  1654
21839  -8.9270  -50.9830  -9.0940  1664    48707  -53.9510  -36.8240  -10.2120  1664
21853  -22.4720  -51.5730  -10.1580  1671    49562  -48.2960  -62.9480  -19.8050  1671
21854  -23.6260  -51.3990  -10.1170  1672    49574  -7.2550  17.3850  36.1790  1672
21855  -24.5810  -51.1770  -10.3380  1673    49619  -34.6620  28.2180  -55.4950  1673
21868  -10.9580  -50.6760  -10.2490  1675    49330  -50.2940  15.2190  -12.2090  1675
21873  -22.1720  -50.8540  -10.4200  1680    49560  -56.4930  -8.8490  -1.1200  1680
21892  -16.6600  -51.7980  -11.9920  1687    51265  -46.9710  -27.4130  8.6510  1687
21895  -20.4360  -51.3300  -11.2910  1690    50967  -21.6770  -65.5390  24.6450  1690
21897  -26.3920  -51.3970  -12.5050  1692    50854  -41.7740  -63.2910  -23.2880  1692
21898  -26.7620  -50.9150  -12.9400  1693    51514  -25.6630  -33.4350  18.0630  1693
21937  -26.3030  -52.0420  -14.3340  1701    52074  -31.2050  -52.7410  15.9930  1701
21962  -26.0640  -51.9380  -15.2390  1703    52389  -29.0820  -24.8680  30.5930  1703
21980  -24.0700  -51.8370  -16.9960  1705    53739  -59.0020  -25.0840  15.1160  1705
21981  -25.2880  -51.9220  -16.2520  1706    53303  -16.4860  31.2390  34.5360  1706
22762  -2.7830  -50.6080  -7.7640  1708    48091  -19.5800  -54.3560  28.1170  1708
22768  -4.8280  -50.3590  -8.3780  1712    48382  -6.7630  -44.0510  8.4810  1712
22769  -5.9210  -50.3830  -8.5310  1713    48400  -56.8850  21.4650  -11.6950  1713
22781  -8.1100  -50.3800  -9.1410  1717    48922  -16.4530  -78.7590  -10.8880  1717
22804  -22.8560  -50.3980  -10.2650  1722    49575  -36.8320  -29.3740  -33.7180  1722
22805  -23.9590  -50.3530  -10.1660  1723    49585  -33.6510  28.2580  -55.0520  1723
22807  -25.6830  -50.3530  -10.8000  1725    49863  -60.2550  -28.1500  -8.2130  1725
22824  -11.3500  -50.4070  -10.4360  1727    50569  -45.5010  0.0160  -27.7260  1727
22826  -12.9820  -50.7000  -11.5310  1729    50654  -48.9790  42.4680  -9.5950  1729
22828  -15.0210  -50.4290  -11.6410  1731    53654  -38.9690  60.6050  -16.6080  1731
22829  -16.0020  -50.5980  -11.4580  1732    53829  -62.8910  -25.3150  15.2170  1732
22830  -16.9840  -50.7100  -11.2500  1733    51957  -47.2270  6.4830  28.1300  1733
22831  -17.9670  -50.5270  -11.1840  1734    54023  -30.0710  -63.5330  -13.1940  1734
22833  -21.3740  -50.6180  -11.0120  1736    50867  -41.6980  -61.8340  -32.8660  1736
22835  -26.3310  -50.3050  -11.4950  1738    49879  -29.3650  26.2290  38.0240  1738
22857  -19.4040  -50.1100  -11.4100  1747    4044  -35.5680  16.7700  -22.8150  1747
22877  -20.2030  -50.5620  -11.3990  1754    52906  -4.9510  -51.3280  14.9810  1754
22880  -26.9630  -50.5350  -13.4340  1757    52246  -40.6230  -28.0630  -29.6910  1757
23798  -3.6340  -49.2020  -7.7880  1763    50280  -11.7610  22.5190  20.8180  1763
23850  -8.9920  -49.7590  -9.6410  1772    7750  -23.8660  -22.0070  46.8460  1772
23862  -23.3770  -49.4970  -10.3380  1777    52519  -31.4210  52.9330  -3.2280  1777
23863  -24.4460  -49.3620  -10.1840  1778    52577  -24.0150  -40.9460  30.2760  1778
23888  -12.4580  -50.0410  -10.6880  1784    53567  -22.3020  2.2350  31.9200  1784
23891  -15.6300  -50.2270  -10.9240  1787    53838  -36.1710  26.3980  38.1700  1787
23892  -16.6330  -50.4390  -10.7730  1788    53868  -9.3720  60.4300  -17.8770  1788
23915  -18.8750  -50.0310  -11.1780  1793    56914  -52.9640  -50.5520  6.5340  1793
23917  -21.8900  -49.4920  -11.1290  1794    9549  -17.2180  36.9490  33.8530  1794
23918  -27.1050  -49.4480  -12.2310  1795    4242  -49.1900  -31.0620  14.3070  1795
23937  -20.9670  -49.6350  -11.2770  1797    55459  -23.4140  40.1080  17.4070  1797
23940  -27.6360  -48.8670  -13.3630  1800    12223  -57.3020  13.3540  -37.3790  1800
23957  -27.1420  -50.0340  -14.3890  1801    55486  -34.1010  35.1800  -22.4500  1801
24888  -6.0900  -49.2250  -8.2140  1805    4112  -41.8510  28.5840  16.4840  1805
24920  -10.4310  -49.2200  -9.6180  1814    7841  -0.0740  5.1190  -8.1840  1814
24929  -26.6630  -48.6340  -10.9590  1815    10497  -47.0560  32.1780  -18.7750  1815
24950  -27.2330  -48.6250  -11.7500  1816    4243  -39.3890  -65.9980  6.7580  1816
25928  -7.4230  -48.9260  -8.6100  1823    6014  -37.1730  -7.9320  32.7160  1823
148208  -6.6310  -80.3690  -27.2130  1825    42798  -33.7930  -8.0870  41.7130  1825
148210  -9.2530  -78.2790  -29.5010  1826    43193  -34.7280  44.5330  -23.3630  1826
148211  -9.5830  -77.2110  -28.3620  1827    34678  -23.3910  -71.8060  -5.2470  1827
148213  -7.2060  -80.1180  -27.8020  1828    42865  -54.1960  10.1980  -44.6440  1828
148214  -9.0280  -75.6820  -28.7480  1829    34679  1.4000  27.0950  -11.2170  1829
148215  -8.4190  -75.8080  -29.2280  1830    43586  -8.3820  75.3850  -5.2120  1830
148219  -9.3350  -78.2480  -28.4470  1832    43194  -56.3220  19.8660  -25.5870  1832
148221  -9.4750  -77.8460  -30.4220  1833    45791  -17.9070  46.1550  27.3690  1833
148231  -8.5610  -79.0300  -29.2550  1837    43195  -43.1500  64.0220  -9.2240  1837
148234  -8.7190  -78.4540  -30.8320  1839    45461  -36.6480  -25.7220  27.0640  1839
148235  -9.2460  -75.3230  -30.0800  1840    43614  -43.3660  -0.0420  -23.7990  1840
148264  -6.8190  -76.2360  -26.5160  1857    46033  -18.9770  24.0540  48.2380  1857
148271  -8.1410  -75.9590  -27.7180  1860    33619  -18.5420  -2.3910  -43.9200  1860
148354  -16.5180  -62.7120  -15.4010  1866    55052  -36.8020  -52.3440  10.4800  1866
148355  -15.4840  -61.6000  -14.9450  1867    55063  -2.0100  -9.4020  47.6670  1867
148357  -18.4540  -62.6570  -14.1950  1869    55054  -32.1240  35.6780  -19.4180  1869
148359  -16.1120  -62.9460  -13.0400  1871    55068  -12.5150  -32.1820  9.3940  1871
148362  -21.7520  -60.1310  -13.3770  1874    55626  -16.4180  -37.4020  37.3630  1874
148364  -20.6660  -61.3160  -15.3080  1876    55263  -6.1420  -49.6970  14.6540  1876
148365  -20.0480  -60.0080  -17.0070  1877    55694  -5.6420  29.5100  33.2940  1877
