49580  -14.6280  -24.9920  -23.7940  1    55482  -24.4400  1.6730  -49.7150  1
49614  -25.6690  -25.2250  -25.1570  2    552  -43.6570  -2.9460  2.9290  2
49615  -26.5640  -25.1410  -25.0730  3    746  -6.2190  -50.4080  -8.5740  3
49616  -27.4530  -25.0840  -24.9250  4    797  -7.8140  -30.2270  8.8770  4
49617  -28.3350  -25.0020  -24.8330  5    912  -36.9390  -5.3290  19.0420  5
50714  -12.9690  -24.1420  -23.4520  7    25027  -26.9780  -46.1030  10.0160  7
50715  -13.6940  -24.2820  -23.8200  8    25071  -41.0560  -57.8150  -15.3650  8
50716  -14.4260  -24.3920  -24.2550  9    27634  0.7320  28.6460  -15.5260  9
50725  -14.0210  -23.9450  -24.4010  10    27613  2.4750  -17.8260  -6.3440  10
50726  -14.7050  -24.0950  -24.9940  11    3163  -5.0060  46.4810  -25.8530  11
50728  -29.7460  -24.9380  -24.7960  12    30492  -24.1930  -65.4120  -29.6250  12
50735  -14.7450  -23.9040  -25.7800  13    3054  -55.8690  -38.7570  -21.7120  13
50737  -20.5840  -24.7590  -25.5480  14    3354  -1.0570  -52.9480  -3.4820  14
50739  -22.2240  -24.7960  -25.5520  15    4020  -16.9450  -54.5150  -2.7270  15
50740  -23.2740  -24.7840  -25.7050  16    4072  -19.1930  65.6900  -0.6280  16
50741  -24.2710  -24.7990  -25.7430  17    553  -38.2500  17.5920  -20.5420  17
50742  -25.2090  -24.7920  -25.7450  18    4204  -13.1510  -13.7910  39.8180  18
50745  -27.9200  -24.6280  -25.3840  21    4987  -15.7070  -40.1670  -23.0590  21
50748  -30.9500  -24.8130  -25.2070  24    30538  -44.0790  -36.5230  13.0990  24
50756  -14.3350  -23.4510  -26.9020  25    6077  -21.1170  -36.4790  28.0790  25
50757  -14.6450  -23.8300  -26.4730  26    3056  -8.9980  -62.8730  27.9780  26
50758  -18.1320  -24.4060  -26.4910  27    6174  -16.6540  80.3880  -31.0720  27
50759  -18.7840  -24.5280  -26.1150  28    6139  -4.1140  -4.7290  55.3380  28
50760  -19.8650  -24.6100  -25.7280  29    3984  -20.5700  27.4150  24.4660  29
50761  -20.9270  -24.2730  -25.9610  30    3355  -60.9640  -31.9710  7.5120  30
50762  -21.8100  -24.2860  -26.1300  31    29575  -16.5360  67.8170  8.3900  31
50763  -22.8130  -24.1970  -26.5060  32    29610  -7.3860  8.8900  -33.8550  32
50764  -23.8940  -24.3500  -26.4070  33    29876  -26.5080  30.3600  -32.1580  33
50766  -25.7180  -24.3590  -26.2990  35    29986  -50.8930  -49.3210  -15.9390  35
50767  -26.6630  -24.2170  -26.2640  36    30015  -7.1300  -5.7590  -30.8020  36
50770  -31.9600  -23.9320  -26.3110  39    5212  -33.0490  38.8850  4.4800  39
50777  -16.8530  -24.4420  -27.2570  42    4946  -37.7770  7.1450  -15.2290  42
50778  -17.4540  -24.6630  -26.8510  43    6202  -2.7320  -4.4250  15.7920  43
50779  -23.0890  -23.8130  -27.1090  44    31801  -18.5010  41.8330  36.2030  44
50781  -24.5480  -23.9500  -26.9540  46    32161  -10.7530  37.2400  -32.7830  46
50788  -15.0380  -24.3430  -27.6610  50    7124  -7.1390  44.8390  19.3150  50
50789  -15.5990  -24.5860  -27.7490  51    7906  -29.8360  41.4680  -31.1250  51
50790  -16.2720  -24.7830  -27.6470  52    7711  -7.2740  40.8420  -30.2780  52
51846  -11.3730  -23.8460  -22.2590  53    21569  -7.5250  -81.6400  -2.6210  53
51865  -11.1950  -23.2170  -22.2780  54    43447  -31.8180  -58.8790  29.4070  54
51866  -11.8520  -23.5020  -23.0000  55    25005  -45.3130  16.2850  -49.0790  55
51897  -12.0710  -22.9960  -23.5550  57    45454  0.0510  5.7990  -20.5900  57
51898  -12.7710  -23.3780  -23.9070  58    27589  1.4240  3.8530  -12.7650  58
51916  -13.0170  -22.8970  -24.4950  60    47155  -8.2070  -42.4000  36.6900  60
51917  -13.7350  -23.2800  -24.8000  61    28371  -31.1570  -6.2080  -28.2240  61
51930  -13.9610  -22.9550  -25.6920  63    29489  -61.1550  0.1660  -30.4410  63
51932  -29.1710  -23.9830  -25.8520  65    30493  -9.4220  48.1810  32.5620  65
51934  -30.6000  -24.2460  -25.6350  67    30539  -60.6520  -23.2420  5.1380  67
51935  -31.1480  -24.4060  -25.6010  68    30599  -57.6710  17.1020  -41.4700  68
51939  -14.1170  -23.0240  -26.4820  69    2108  -43.9500  -14.0520  15.9110  69
51944  -20.5500  -23.7040  -26.4950  74    31686  -34.3700  -5.4440  -29.5790  74
51948  -27.4210  -23.7870  -26.6510  78    32276  -6.6150  77.8110  9.7860  78
51949  -28.4910  -23.8540  -26.2300  79    30510  -19.5400  59.1230  -31.7850  79
51956  -14.3410  -23.1270  -27.4170  84    4812  -16.0790  -2.6560  55.9700  84
51960  -19.1570  -23.1150  -26.9780  88    5520  -50.5820  -3.8460  -31.9820  88
51962  -21.2720  -23.1230  -27.4500  90    7660  -26.7410  45.7140  -11.0630  90
51966  -25.1930  -23.5570  -27.4600  94    33416  -12.8420  66.4390  -24.0650  94
51968  -27.0670  -23.3810  -27.3850  96    5732  -25.3350  23.8470  25.5530  96
51969  -28.0500  -23.3500  -27.1800  97    5733  -24.5370  24.6250  24.9440  97
51970  -29.0780  -23.2890  -27.0190  98    5758  -27.3220  -7.6720  34.0770  98
51971  -30.1050  -23.1970  -26.8610  99    6332  -7.7720  12.5010  18.6870  99
51972  -31.2880  -23.3050  -26.7130  100    6491  -43.1340  24.6900  30.9840  100
51974  -32.9120  -23.2310  -27.4170  102    10046  -4.7730  73.1280  -23.1490  102
51976  -14.7620  -23.3420  -27.7070  103    32931  -29.0770  -19.8260  -30.6450  103
51977  -15.3970  -23.5590  -27.8260  104    33939  -7.9340  47.4560  -33.6440  104
51978  -15.9990  -23.7900  -27.6790  105    33319  -60.7410  -31.6630  -27.4690  105
51980  -22.1620  -22.9750  -28.0210  107    7817  -15.2810  -22.8370  -14.2290  107
51981  -23.0420  -23.1300  -28.0740  108    12139  -43.8940  2.6690  -53.4580  108
51982  -23.9650  -23.1530  -28.1200  109    50221  -28.8790  -57.0850  26.5360  109
51984  -25.8500  -23.1410  -27.9510  111    8509  -37.4540  -69.8820  -2.8030  111
53129  -11.3910  -22.3620  -21.8300  114    58592  -30.0470  64.8200  11.8380  114
53147  -11.3490  -22.6860  -22.5020  116    45415  -10.1850  41.1340  14.5720  116
53191  -12.0190  -22.1230  -24.0690  119    37879  -35.8860  43.2530  5.8300  119
53210  -12.8650  -22.0890  -25.1090  122    2110  -46.1420  -14.0480  16.0760  122
53224  -13.1420  -21.8970  -25.6670  124    2109  -45.3160  -14.3730  16.5570  124
53228  -13.7730  -22.3320  -26.9410  126    4572  -4.7960  67.9340  -28.1060  126
53230  -16.3400  -23.3280  -27.6560  128    4947  -4.2330  -29.6520  22.7930  128
53231  -16.8180  -23.0140  -27.5230  129    4945  -17.9680  -2.1580  56.0000  129
53232  -17.7290  -22.6990  -27.4530  130    5461  -3.6050  80.9480  -30.1290  130
53234  -19.6960  -22.5430  -27.5650  132    5545  -29.2270  -62.2130  25.8300  132
53235  -20.5100  -22.6630  -27.7190  133    7611  -12.2910  55.2840  -4.4170  133
53240  -30.6640  -22.6470  -27.4440  138    6370  -16.9380  -34.0000  -26.1220  138
53242  -32.3980  -22.6570  -27.5900  140    6490  -42.6050  24.7860  30.1590  140
53245  -13.8730  -22.0640  -27.4470  141    4813  -6.1500  19.4760  17.7480  141
53246  -14.3250  -22.4200  -27.7750  142    4852  -65.0700  -8.1820  -30.3310  142
53247  -15.0570  -22.5800  -28.0650  143    6794  -35.1860  17.7510  -25.0350  143
53249  -17.1120  -22.1000  -27.9290  145    5433  -4.5820  -32.6300  -4.8650  145
53250  -18.2090  -21.8930  -27.9830  146    5484  -3.3940  -74.5970  -6.2060  146
53256  -23.5580  -22.7070  -28.6690  152    8450  -27.4010  71.6580  -23.7740  152
53257  -24.5110  -22.7200  -28.6690  153    8451  -28.9010  -76.1050  -7.7790  153
53260  -28.0420  -22.2580  -28.6880  156    5731  -29.3590  -14.0960  -22.7940  156
53261  -29.2040  -22.2700  -28.3360  157    6305  -36.4600  -21.3750  36.7960  157
53281  -20.7390  -22.0210  -28.7170  162    7633  -19.8480  65.4050  -2.9210  162
53285  -24.0150  -22.2650  -29.2340  166    8452  -29.7970  73.0040  -14.6500  166
53286  -25.0070  -22.2560  -29.2300  167    8471  -34.0020  -10.4740  -33.6130  167
53287  -26.0490  -22.2210  -29.2100  168    9047  -28.4250  -45.8130  -33.2590  168
53288  -27.0750  -22.0520  -29.2310  169    9103  -36.6200  13.3550  17.1180  169
53290  -33.6610  -22.0420  -28.8050  171    10084  -42.1540  12.7500  16.5060  171
54448  -11.6890  -21.7350  -22.7910  172    36417  -4.3340  -39.5140  42.9200  172
54489  -12.1790  -21.5580  -24.6650  174    39567  -16.9420  9.3520  -46.7360  174
54503  -12.2600  -21.1870  -25.0850  176    39568  -16.8000  8.3290  -45.8790  176
54521  -13.1710  -21.3950  -26.3240  178    3968  -14.0070  -39.9410  40.9000  178
54536  -13.2280  -21.0400  -26.8360  180    27332  -41.7630  20.0130  0.3090  180
54547  -13.9040  -21.4790  -27.8260  182    6728  -41.5240  -69.6030  -17.1620  182
54548  -14.5740  -21.6200  -28.2110  183    6763  -37.9790  -69.7360  -0.9870  183
54549  -15.4250  -21.6790  -28.3460  184    6952  -28.7970  -11.3590  -0.2250  184
54550  -16.3890  -21.4900  -28.3770  185    7025  -12.9480  -71.3180  14.8680  185
54551  -17.5500  -21.0690  -28.6410  186    7453  -0.6380  12.7690  -9.1750  186
54552  -18.8100  -21.2930  -28.6270  187    7520  -1.6280  -78.0290  -30.7390  187
54553  -19.8110  -21.5690  -28.7240  188    7570  -28.5360  -17.7670  -40.3400  188
54556  -29.7080  -21.7060  -28.7210  191    9333  -35.7590  45.2670  5.5510  191
54557  -30.5370  -21.5170  -28.6300  192    9357  -17.0880  -52.5390  -12.0400  192
54558  -31.4530  -21.4720  -28.5080  193    9958  -27.0350  41.3490  -38.5780  193
54559  -32.4600  -21.4050  -28.6780  194    10009  -40.3860  12.4950  15.8740  194
54574  -17.7760  -20.5080  -29.1530  196    44689  -32.0020  -53.6360  34.2830  196
54576  -19.4370  -20.9020  -29.4450  198    44889  -45.6410  48.4830  -12.7370  198
54578  -21.5450  -21.7480  -29.6220  200    12109  -11.7340  71.2630  11.4040  200
54579  -22.4820  -21.7790  -29.7190  201    12180  -54.3850  -11.6980  20.2960  201
54584  -27.3620  -21.4360  -29.7760  206    13319  -33.4500  30.5210  -6.7510  206
54585  -28.3190  -21.4910  -29.4270  207    9278  -2.6200  1.6070  41.3460  207
54590  -33.9000  -21.6960  -29.3540  212    13401  -7.3350  -81.1300  3.6080  212
54595  -19.6250  -20.6930  -29.8910  213    45957  -43.4600  -62.0680  -13.0640  213
54599  -22.7720  -21.2970  -30.2760  217    46058  -17.3140  -68.8950  7.1680  217
54600  -23.7540  -21.2660  -30.2900  218    46312  -3.9260  -2.0650  45.1230  218
54601  -24.7540  -21.2350  -30.3030  219    46335  -23.6580  59.3900  -2.1500  219
54602  -25.7460  -21.1480  -30.2750  220    46363  -34.0710  7.4680  -23.6460  220
55722  -11.9090  -21.0390  -23.6920  222    37880  -43.0560  -50.9720  18.3020  222
55743  -12.2100  -20.4830  -24.9950  224    9438  -34.9690  21.1000  31.5600  224
55754  -12.3730  -20.7390  -25.3050  226    41614  -58.4280  15.9600  -1.8240  226
55766  -12.7500  -20.8340  -25.9820  227    41635  -45.3770  42.2660  -11.3670  227
55791  -13.2610  -20.7810  -27.1290  229    43467  -3.8770  -79.4240  0.8990  229
55808  -14.0520  -20.6260  -28.3570  232    44508  -46.9410  -44.7850  4.0490  232
55810  -15.7070  -20.8190  -28.7400  234    44549  -52.0500  -17.8790  -43.1640  234
55811  -16.5430  -20.7170  -28.8620  235    44583  -46.6710  -3.6200  16.9910  235
55820  -14.4540  -20.1720  -28.8040  239    20151  -13.5610  -9.3830  15.6920  239
55821  -15.0840  -20.1520  -29.0950  240    21249  -23.8670  15.6320  26.4480  240
55822  -15.9850  -20.1490  -29.2870  241    21296  0.6630  38.6840  -13.6540  241
55824  -18.0070  -20.1790  -29.5120  243    21449  -65.0490  -15.4010  -31.0200  243
55828  -28.8380  -20.8090  -29.8670  247    22957  -39.7070  62.0290  -15.6250  247
55829  -30.0760  -20.5870  -29.6020  248    46477  -29.2400  -27.2890  16.2040  248
55830  -31.1350  -20.5190  -29.3160  249    21501  -27.6860  14.8860  -45.0940  249
55831  -32.0950  -20.5930  -29.2560  250    21502  -24.6210  16.0550  -45.1990  250
55833  -33.7710  -20.9650  -29.6580  252    46575  -63.8880  -8.9900  7.2300  252
55847  -26.0550  -20.5570  -30.7320  262    46390  -42.6740  20.0690  -8.9980  262
55848  -27.1800  -20.3750  -30.6860  263    25525  -60.5710  -21.7410  -10.3620  263
55856  -19.7640  -20.1600  -30.9500  268    22910  -25.9580  1.2870  34.0210  268
55857  -20.4180  -20.2800  -31.1940  269    22944  -55.1510  16.3520  4.8450  269
55858  -21.2890  -20.3100  -31.3000  270    24830  -53.4250  15.0330  24.4700  270
55860  -23.2800  -20.0940  -31.2730  272    24920  -37.7460  44.2400  7.0300  272
56951  -12.0660  -20.7130  -24.2100  277    9437  -39.3700  47.3300  5.8640  277
56962  -12.4580  -20.0850  -25.4450  279    12091  -22.5220  -54.6650  -10.1550  279
56973  -12.7230  -20.0960  -26.1620  280    13111  -9.5800  -66.4900  -28.1290  280
56998  -12.9660  -19.8430  -26.9580  281    13133  -6.8960  -43.9950  46.2970  281
57018  -13.1620  -19.7730  -27.5820  282    20036  -18.6020  4.3750  -43.8320  282
57019  -13.5020  -19.7080  -28.2420  283    20037  -18.7390  5.4740  -44.5100  283
57034  -16.2570  -19.5450  -29.7910  288    21341  -30.4490  16.3170  28.3410  288
57039  -32.9930  -19.8640  -29.9130  293    23601  -7.7900  -30.9080  -14.2620  293
57046  -15.7720  -18.9850  -30.0870  294    21324  -31.1480  -70.4810  4.9630  294
57047  -16.4620  -19.0340  -30.3160  295    21368  -61.6030  -25.8560  -22.5850  295
57048  -17.4810  -19.2280  -30.5210  296    21474  -17.7950  72.7380  -23.7840  296
57049  -18.5070  -19.5320  -30.7570  297    22909  -10.8900  10.9430  20.4980  297
57052  -28.4190  -19.7950  -30.8410  300    22958  -33.3550  -18.8880  -5.6100  300
57053  -29.4010  -19.4190  -30.8550  301    23516  -8.0520  -66.4460  -19.3970  301
57054  -30.4690  -19.6940  -30.2290  302    21503  -52.3790  -41.9570  -22.9880  302
57057  -33.5140  -19.5440  -30.4790  305    23674  -23.7300  -23.2570  32.6060  305
57063  -18.6520  -19.1840  -31.5300  307    22911  -23.5440  12.8780  44.2960  307
57066  -21.4260  -19.7400  -31.8220  310    24857  -49.3980  4.9920  7.2900  310
57068  -23.6040  -19.3370  -31.8630  312    24941  -50.2590  -2.3470  -17.0960  312
57069  -24.6900  -19.5540  -31.6620  313    25458  -1.8430  24.1570  -22.3420  313
57072  -27.4740  -19.5860  -31.2780  316    22959  -62.1770  -10.1220  -41.0810  316
57078  -19.0550  -19.1050  -32.0830  319    24743  -30.7520  -28.0380  23.3200  319
57079  -19.7140  -19.2930  -32.3100  320    24769  -34.6940  -36.5420  17.1150  320
57081  -21.5560  -19.1390  -32.3410  322    24921  -65.4550  -11.3590  -12.2250  322
57083  -23.2390  -18.7700  -32.3450  324    25459  -24.9730  -45.5570  15.1140  324
58116  -12.6440  -19.6000  -25.4940  325    12039  -6.5550  -55.5750  -12.1700  325
58129  -12.7440  -19.4260  -26.0930  326    12125  -17.2090  35.1880  -38.8000  326
58160  -13.0230  -18.6870  -27.8590  329    20038  -5.1690  -4.4960  -38.0950  329
58176  -13.3320  -18.7380  -28.4480  331    20065  -43.4240  -65.9990  -5.3940  331
58192  -13.7980  -18.5920  -29.2100  332    20169  -28.0320  -68.9650  -12.3170  332
58193  -14.5210  -18.5630  -29.8080  333    21270  -10.0780  66.5080  -42.9130  333
58214  -30.7840  -18.9310  -30.7700  340    23565  -65.0550  -14.3900  -31.3910  340
58216  -32.7640  -18.7590  -30.7410  342    23675  -4.9310  -33.3700  45.7750  342
58232  -16.1750  -17.9870  -31.1550  344    43290  -13.3240  -41.4890  -10.6980  344
58233  -16.8470  -18.1140  -31.5150  345    43299  -7.0990  -69.1660  11.5360  345
58238  -25.8710  -19.0240  -32.0010  350    25526  -2.4820  -12.2620  43.4300  350
58242  -29.8020  -18.4360  -31.5550  354    23517  -5.6170  63.7870  18.9060  354
58243  -31.1090  -18.2830  -31.2650  355    43351  -44.9780  -41.3840  -25.9720  355
58264  -19.8150  -18.8910  -32.9750  360    26201  -2.3470  -2.3360  31.8760  360
58266  -21.7040  -18.5060  -32.8280  362    26292  -35.5090  23.4140  37.4890  362
58270  -26.1970  -18.4440  -32.4120  366    45183  -47.3070  26.4060  -19.8050  366
58271  -27.1310  -18.3820  -32.3920  367    45201  -6.5680  -63.3960  -0.0580  367
58272  -28.0210  -18.2420  -32.3390  368    45232  -61.0760  -10.0130  -15.6930  368
58289  -21.8230  -17.9020  -33.2890  374    46986  0.1950  33.2570  0.0750  374
58290  -22.4160  -17.6820  -33.2660  375    46996  -43.5850  -28.8270  -29.6470  375
59434  -12.8970  -18.7080  -27.0310  376    39271  -23.9840  22.5370  -58.6330  376
59451  -13.1890  -18.0120  -27.9840  378    21759  -29.0950  8.3500  -46.3490  378
59462  -13.5200  -17.8160  -28.8490  379    40117  -36.6720  70.7740  -18.3770  379
59477  -14.4480  -17.8700  -30.1950  381    24468  -21.5230  -70.3190  -32.5100  381
59498  -14.8750  -17.5640  -30.6460  383    42368  -16.6280  -64.7060  20.9750  383
59499  -15.5640  -17.4910  -31.1150  384    28298  -24.3630  -14.4100  -35.4450  384
59510  -16.9960  -17.5920  -32.3360  386    44823  -39.5760  -42.2230  30.0360  386
59513  -31.5500  -17.6690  -31.7020  389    45541  -14.4350  18.8030  47.5170  389
59514  -32.5040  -17.6060  -31.7030  390    45552  -3.8040  -84.9030  -8.8010  390
59515  -33.4310  -17.6770  -31.8620  391    45581  -31.7400  44.2930  -27.4540  391
59526  -17.1070  -17.2350  -32.9030  392    29568  -65.2840  -0.7080  -30.8420  392
59527  -17.8250  -17.7250  -33.2030  393    46686  -10.5330  -30.5760  47.0030  393
59529  -23.7260  -17.8420  -32.8870  395    47008  -19.1320  -24.9220  -19.7370  395
59535  -29.0420  -17.2900  -32.7390  401    32800  -6.4040  55.2460  -36.0770  401
59536  -30.0170  -17.4460  -32.3380  402    45513  -16.7400  -52.7370  29.3020  402
59553  -17.9800  -17.3730  -33.9380  406    32151  -42.0590  19.3620  -7.4360  406
59554  -18.8940  -17.6660  -34.0760  407    48040  -43.3540  48.3810  -3.7730  407
59555  -20.2510  -17.7990  -34.0680  408    48056  -2.7230  -12.1670  6.0780  408
59560  -25.1240  -17.2770  -33.2240  413    32308  -29.5770  -21.6880  19.1760  413
59561  -26.0600  -17.2540  -33.2130  414    32649  -17.6980  -53.2910  -29.9680  414
59578  -21.4410  -17.0730  -34.1200  421    32230  -20.0840  73.4610  -31.5550  421
60691  -13.7230  -17.0820  -28.2680  422    21760  -39.2890  17.6570  5.4810  422
60702  -13.8550  -16.9570  -29.2300  423    23125  -29.6830  42.1900  33.0970  423
60716  -14.2730  -16.2580  -29.6610  425    24469  -21.7000  -63.8770  -25.4080  425
60738  -14.6330  -16.6070  -30.5380  427    25940  -0.8230  -78.0710  -3.0390  427
60753  -14.9040  -16.1250  -31.0220  429    28315  -64.2110  -25.9840  -28.2310  429
60754  -15.5050  -16.5410  -31.5770  430    28299  -28.7610  74.4650  -29.2390  430
60755  -16.2590  -17.0530  -32.1190  431    29414  -1.1610  -79.5540  -3.5780  431
60757  -15.7710  -16.0490  -32.2840  432    29432  -15.2550  23.3150  -34.3280  432
60758  -16.4720  -16.5600  -32.8090  433    29415  -55.6920  1.6190  -48.9700  433
60761  -29.7030  -16.8210  -32.9120  436    32849  -44.8810  -38.1160  -3.4270  436
60762  -30.4950  -16.6870  -32.7920  437    32886  -14.6500  -6.9970  50.3440  437
60763  -31.3880  -16.5600  -32.6400  438    55991  -13.0690  3.1680  46.7380  438
60764  -32.2950  -16.4050  -32.6110  439    56692  -44.4370  3.4970  26.4320  439
60765  -33.3010  -16.2810  -32.9070  440    32927  -2.9530  -43.2210  30.1720  440
60779  -16.6840  -16.1720  -33.5030  441    26002  -36.1510  61.2750  2.0600  441
60780  -17.3630  -16.6390  -33.9180  442    29569  -38.6340  -40.9600  -38.5440  442
60783  -22.7050  -16.6960  -33.9510  445    32231  -33.2190  -72.6700  -37.0310  445
60787  -26.4920  -16.5950  -33.5980  449    32650  -13.1020  -66.4060  -15.1340  449
60788  -27.4520  -16.6260  -33.5620  450    32799  -29.7870  -81.1360  -19.8520  450
60804  -17.6220  -16.1340  -34.5850  455    32179  -35.2960  -61.8290  -2.7200  455
60805  -18.4250  -16.5080  -34.8600  456    32152  -27.8090  -65.9190  -14.6330  456
60806  -19.5250  -16.6850  -35.0350  457    33917  -14.1380  -73.9510  8.2150  457
60807  -20.4360  -16.6610  -34.8840  458    34266  -10.1560  -10.4500  -26.5370  458
60809  -22.2670  -16.1290  -34.5220  460    32232  -9.5470  -4.5570  26.5100  460
60811  -24.3370  -16.0120  -34.1660  462    32309  -9.1480  -57.0330  -22.7930  462
60824  -21.0810  -16.0420  -35.2550  468    34267  -49.1580  7.9860  -59.3600  468
62099  -14.6460  -15.6750  -30.0580  470    20936  -47.4620  -4.9080  41.3650  470
62100  -14.8730  -15.3950  -30.4750  471    20937  -12.0420  -56.5160  -12.8680  471
62117  -15.0090  -15.5230  -31.1250  473    29366  -9.8640  -24.7900  -17.4350  473
62124  -15.8520  -15.5800  -32.6710  475    24564  -50.1740  -23.4860  31.4170  475
62143  -16.7450  -15.8400  -33.8520  481    32108  -9.7190  -7.0220  16.0510  481
62146  -27.9050  -15.9500  -33.9800  484    29318  -22.9180  35.2630  18.8400  484
62147  -29.0390  -15.6110  -33.9750  485    29736  -19.0950  -5.6870  -38.9110  485
62152  -33.7250  -15.3560  -33.7630  490    28836  -18.6800  50.7560  -35.5500  490
62166  -23.9510  -15.1990  -34.8480  496    30431  -42.9010  -41.0650  0.9000  496
62176  -17.5050  -15.1370  -35.1150  502    9970  -8.9900  10.4400  27.1140  502
62178  -19.0460  -15.5570  -35.8560  504    35368  -36.9760  66.1390  2.3250  504
62180  -20.7890  -15.5870  -35.8920  506    35397  -23.7420  -48.4290  -22.6860  506
62181  -21.9840  -15.2150  -35.6300  507    35434  -37.2000  8.3830  -61.7050  507
62194  -19.4840  -15.0400  -36.3680  511    30360  -4.6380  -17.5290  20.0080  511
62196  -21.2570  -15.0400  -36.3680  513    31634  -31.0810  -71.4840  -20.2640  513
63454  -15.3250  -14.6020  -31.3380  516    22397  -16.9670  11.8980  44.9820  516
63488  -15.7220  -14.1230  -32.7870  519    26025  -3.6410  69.3890  15.6570  519
63489  -15.9860  -14.5370  -33.3500  520    26003  -19.2300  -65.5890  -25.1910  520
63490  -29.9040  -15.1060  -34.0140  521    29735  -33.2160  56.9220  18.5040  521
63492  -31.4270  -14.6300  -33.7930  523    29829  -13.5400  -33.8390  51.3740  523
63493  -32.3710  -14.6330  -33.7230  524    28865  -1.5520  -71.4920  -32.9160  524
63495  -33.8960  -14.8860  -34.1220  526    28835  -19.3200  52.4460  -35.4950  526
63503  -16.4990  -14.5380  -34.2350  527    16802  -57.5590  5.6450  -38.0200  527
63505  -24.9150  -14.8240  -34.9400  529    30525  -44.3860  28.5240  -5.8050  529
63506  -25.7710  -14.8910  -34.7900  530    29319  -38.7560  -47.1910  14.2860  530
63508  -27.5170  -14.6400  -34.8780  532    29317  -50.6630  23.7110  -32.9470  532
63516  -17.5920  -14.4510  -35.5340  538    9971  -46.8100  -9.5550  -1.6000  538
63517  -18.2900  -14.4160  -36.0910  539    30359  -15.2630  32.6720  -41.5420  539
63519  -23.5310  -14.3090  -35.8720  541    30430  -46.8810  -53.6960  -26.7740  541
63533  -19.8850  -14.3920  -37.0760  547    31617  -24.9880  -42.5590  -30.9320  547
63535  -21.6450  -14.6210  -36.7780  549    30432  -38.1610  18.9790  -4.8840  549
63545  -20.1130  -13.9800  -37.6050  552    31635  -44.4680  -55.4790  -21.4300  552
64594  -16.0720  -13.4670  -31.1710  556    41060  -3.7380  72.9630  -7.9770  556
64611  -15.6330  -13.9200  -31.7250  557    24565  -49.0840  -24.5400  31.4160  557
64612  -15.9560  -13.3160  -31.9090  558    41904  -20.8520  1.5330  -31.0310  558
64639  -15.8940  -13.4760  -32.8320  560    27894  -15.4670  -26.7570  -28.2080  560
64655  -16.6040  -13.8340  -34.6060  565    9972  -48.0800  -8.8090  -1.5300  565
64658  -28.7570  -14.0050  -35.0050  568    29737  -6.0370  -2.5540  10.3550  568
64659  -29.8310  -13.6690  -34.7980  569    29804  -12.7710  -51.9630  -29.3960  569
64662  -32.9220  -13.4760  -34.4570  572    28837  -18.5020  51.3760  -35.0200  572
64671  -24.9260  -13.7340  -35.8430  579    30526  -24.8900  57.6280  -31.5380  579
64675  -28.9110  -13.2480  -35.3370  583    45736  -39.4820  32.9930  30.0820  583
64676  -29.5240  -13.0160  -35.2630  584    11557  -47.0700  57.2960  -15.9190  584
64677  -33.3780  -12.9010  -34.9800  585    46017  -25.1640  -49.7180  28.8010  585
64686  -17.4960  -13.1440  -36.1490  586    46373  -24.1750  60.4410  -2.3730  586
64687  -18.3830  -13.4610  -36.7410  587    30361  -37.4330  21.4230  -52.3100  587
64689  -22.8190  -13.8630  -37.0170  589    32085  -56.1290  1.8500  -17.1240  589
64702  -18.6570  -12.9700  -37.3110  594    12570  -44.4150  -26.0880  -35.3190  594
64704  -20.4680  -13.7260  -37.9740  596    33066  -27.3470  -22.0780  51.6850  596
64707  -23.1770  -13.3460  -37.5050  599    47478  -58.0130  -38.0810  -33.5550  599
64715  -19.6930  -12.8350  -38.1950  601    48151  -38.1560  -11.7270  37.7520  601
64718  -22.0160  -13.4360  -38.2410  604    48392  -35.0980  68.9090  2.8550  604
65781  -17.3470  -12.4670  -31.2250  607    54931  -18.5160  -82.4990  -3.5980  607
65796  -17.1410  -12.1180  -31.9750  609    1074  -24.0960  62.8690  -1.9900  609
65823  -16.2770  -12.6790  -33.1230  610    2595  -29.3870  -23.9590  -25.8440  610
65838  -16.3690  -12.6250  -33.9760  611    2594  -29.3280  -25.0170  -24.7220  611
65839  -30.5690  -13.3520  -34.7200  612    45768  -37.9350  -38.9020  -31.1610  612
65845  -16.5410  -12.5650  -34.7150  616    7424  -62.9330  2.9250  8.1190  616
65846  -16.7630  -12.3790  -35.2300  617    10579  -23.1680  12.4580  -36.6730  617
65847  -26.6370  -13.3640  -35.7190  618    30895  -44.2470  -7.3100  15.5400  618
65852  -31.2000  -12.3670  -35.1780  623    11558  -13.5720  44.0990  33.9560  623
65855  -33.6210  -12.3490  -35.5140  626    29904  -3.8440  -44.7710  13.6760  626
65863  -17.5770  -12.5450  -36.5660  628    11169  -47.8080  -6.0690  14.3500  628
65864  -24.4760  -12.8490  -37.0100  629    15644  -39.5050  35.9540  29.0090  629
65866  -26.1530  -12.8650  -36.2320  631    13156  -25.6680  1.8050  31.3940  631
65867  -27.2170  -12.4390  -36.2970  632    13157  -27.0290  2.7410  30.9090  632
65868  -28.1430  -12.1280  -36.3190  633    13214  -4.0730  -65.3310  -11.5430  633
65869  -28.7410  -11.9000  -36.2760  634    11559  -6.5010  62.5840  -7.5610  634
65882  -23.4040  -12.9330  -37.8520  637    48462  -33.0730  18.5630  41.0810  637
65892  -19.2390  -12.4340  -38.1310  640    15541  -57.7120  4.9540  -16.3130  640
65893  -19.8630  -12.3760  -38.6240  641    17282  -58.1170  -8.2930  -43.5660  641
65895  -21.6640  -12.9030  -38.8650  643    48798  -38.1940  54.9610  14.9310  643
65897  -23.7170  -12.3770  -38.2520  645    15645  -59.9500  2.1890  -1.0570  645
65908  -21.0670  -12.2390  -39.3120  647    58018  -15.7600  27.1710  45.2460  647
65909  -22.0490  -12.3900  -39.3640  648    58021  -41.5250  41.0190  -18.3780  648
66962  -17.5070  -11.5840  -32.4060  651    1073  -26.5950  62.4780  -0.8700  651
66991  -17.1190  -11.3460  -33.4760  653    2647  -18.1700  -45.6160  -23.4110  653
67014  -16.9290  -11.3500  -34.3710  655    7457  -48.6580  -57.5610  -7.7400  655
67022  -16.8590  -11.5740  -35.2780  657    10614  -16.3190  -72.3560  13.0040  657
67025  -31.2960  -11.4970  -35.7190  660    11586  -20.3170  -32.3670  -19.1680  660
67026  -32.2850  -11.5540  -35.5300  661    35084  -22.1010  13.0670  -37.5900  661
67027  -33.1130  -11.5270  -35.6700  662    14045  -60.4210  -17.8850  -42.4130  662
67051  -17.3720  -11.3000  -36.9310  674    11210  -7.9800  37.3940  18.9920  674
67052  -17.9430  -11.6660  -37.5690  675    12598  -54.5520  23.8670  -16.1470  675
67055  -25.2430  -11.9280  -37.4970  678    13158  -45.5360  4.2490  -54.3760  678
67056  -26.2880  -11.1820  -37.6530  679    13182  -42.1040  46.7790  -31.4500  679
67057  -27.3460  -11.0980  -37.3700  680    13244  -27.6390  31.5490  -12.5930  680
67067  -18.3610  -11.3340  -38.1150  682    15504  -45.4030  -1.4380  -17.2170  682
67072  -25.1910  -11.0270  -38.5040  687    15676  1.4330  -24.6960  -2.8430  687
67081  -19.4830  -11.1810  -39.1190  689    17248  -40.5460  -9.4100  -8.4230  689
67082  -20.2690  -11.3000  -39.5670  690    17302  -42.2980  10.6770  -3.0620  690
67083  -21.3990  -11.7460  -39.8120  691    18841  -8.3670  12.1100  48.0970  691
67085  -23.3770  -11.7720  -39.3930  693    17399  -24.9210  -26.8220  40.7890  693
67086  -24.4210  -11.0270  -39.3630  694    17400  -52.1670  -16.2700  -42.7740  694
67101  -20.9440  -11.0810  -40.1450  696    18842  -28.3850  -16.9770  -21.0190  696
67103  -22.6670  -11.3910  -40.2990  698    19311  -27.2830  15.5380  -32.1920  698
68160  -17.1850  -10.7480  -34.6690  703    10651  -8.0600  60.6130  -30.9280  703
68171  -17.0730  -10.7180  -35.5170  704    10693  -30.4710  9.1910  -59.7230  704
68181  -29.4850  -10.9460  -36.7560  710    13937  -9.8570  6.5650  44.2880  710
68184  -32.3480  -10.4530  -36.3330  713    35085  -20.0650  73.5500  4.3190  713
68185  -33.3480  -10.4870  -36.4750  714    14047  -8.9830  -84.2240  -5.8380  714
68193  -17.4700  -10.6000  -37.2330  715    15472  -2.7270  -1.2380  40.0280  715
68197  -28.4810  -10.6430  -37.3110  719    13407  -26.8680  54.4330  26.0030  719
68199  -30.1340  -10.0570  -37.2100  721    35792  -18.0500  72.5830  1.5310  721
68209  -17.7490  -10.2680  -37.7900  722    35452  -46.4010  -50.6430  -35.0410  722
68210  -18.2850  -10.5590  -38.4180  723    17249  -27.9140  61.7960  8.4900  723
68213  -26.3260  -10.4070  -38.3990  726    15813  -49.9370  -22.3980  -4.7550  726
68214  -27.1720  -10.0430  -38.3460  727    36899  -27.6720  -13.1280  31.5480  727
68223  -18.6390  -10.2160  -39.0040  728    37865  -53.3030  -41.3790  -22.2940  728
68224  -19.3350  -10.4500  -39.4190  729    18779  -43.4250  23.7220  -14.4880  729
68226  -24.5690  -10.6750  -39.7720  731    17869  -38.2620  -18.7860  3.2500  731
68228  -26.0180  -9.8420  -39.1460  733    38171  -20.0160  -25.7620  35.5840  733
68242  -20.2430  -10.3910  -40.1400  735    19227  -40.0880  3.3460  -42.0200  735
68243  -21.1150  -10.5070  -40.6680  736    21579  -38.4540  26.8860  15.2840  736
68245  -22.9590  -10.9270  -40.8540  738    21662  -59.8580  -8.9160  -44.4240  738
68246  -24.1300  -10.6330  -40.4970  739    19481  -17.2180  6.6710  54.0400  739
68247  -24.8210  -10.1520  -40.3220  740    26012  -12.6920  4.2460  24.8160  740
68256  -21.5550  -10.2750  -41.1450  741    37517  -36.8910  -57.8660  -30.7920  741
68257  -22.2300  -10.4030  -41.3550  742    33634  -57.7310  -20.5970  19.6780  742
68258  -23.1250  -10.4430  -41.3900  743    24017  -34.8240  -73.3290  -23.3340  743
69369  -18.0430  -9.5860  -34.6320  747    34973  -12.0660  -51.5470  43.1600  747
69389  -17.9970  -9.2510  -35.2390  749    10998  -63.5540  0.6810  -38.9200  749
69398  -17.4070  -9.7730  -36.4600  750    13225  -34.8390  -7.0680  -42.7150  750
69412  -29.4870  -9.5710  -37.7710  758    17063  -54.1530  0.4130  3.4540  758
69414  -31.5360  -9.2990  -37.3410  760    17064  -8.9370  -49.9330  -4.9900  760
69426  -17.7840  -9.6000  -38.0390  762    37846  -41.7040  -40.3810  -5.2470  762
69429  -27.5590  -9.3820  -38.7260  765    36956  -4.0850  -43.2280  13.8060  765
69430  -28.5880  -9.2270  -38.3700  766    19210  -45.6010  -38.7500  -10.3550  766
69441  -18.6900  -9.5370  -39.3010  768    19069  1.4350  26.0270  -4.9460  768
69442  -19.2380  -9.7480  -39.6800  769    40017  -4.4730  -68.6230  16.5130  769
69444  -26.4260  -9.2610  -39.6320  771    21370  -60.8410  -25.2850  -23.2330  771
69455  -20.3210  -9.6030  -40.7600  775    40028  -24.0570  28.8480  -35.6570  775
69458  -25.3650  -9.5430  -40.5640  778    39258  -31.8620  -79.8920  -20.8460  778
69471  -24.2670  -9.8500  -41.5470  784    24016  -30.0740  14.7260  24.6580  784
69472  -24.9840  -9.1520  -41.8620  785    55371  -5.2530  -33.6190  -3.5630  785
69478  -21.8190  -9.2770  -42.1080  786    24110  -33.8180  69.8820  -16.7150  786
69479  -22.5170  -9.2940  -42.3200  787    55637  -36.0420  -57.3920  10.6360  787
70696  -17.7800  -8.8860  -36.4810  792    13226  -37.3650  12.9440  -12.1350  792
70709  -17.7560  -8.7910  -37.4350  793    15429  -54.6700  -4.4280  11.9410  793
70712  -31.6080  -8.4790  -37.8940  796    17093  -49.5400  -10.2780  34.9320  796
70713  -32.6810  -8.5650  -37.6640  797    17633  -61.7520  6.6330  -18.3780  797
70725  -17.9140  -8.6840  -38.3420  798    17014  -48.7900  6.0640  -17.5110  798
70729  -29.6030  -8.3940  -38.6360  802    17065  -58.9120  11.2840  -39.2350  802
70743  -18.1970  -8.3250  -38.8860  805    19070  -9.8270  -44.4300  30.9040  805
70746  -27.6670  -8.5350  -39.5240  808    19209  -53.2780  -51.3750  -15.2710  808
70747  -28.6230  -8.2220  -39.2090  809    19208  -4.8870  65.2170  25.1450  809
70756  -18.9890  -8.5380  -40.0700  811    21299  -4.3570  58.3690  25.6050  811
70757  -19.5470  -8.6650  -40.7410  812    22664  -37.9080  18.3310  4.7890  812
70761  -27.2940  -8.2170  -40.2280  816    21369  -60.5250  -26.3280  -22.6190  816
70769  -19.8160  -8.3640  -41.2680  817    21330  -49.7800  -0.4570  -22.0630  817
70770  -20.4940  -8.6210  -41.6810  818    22723  -44.6560  -50.6830  -14.6470  818
70772  -25.7290  -8.7950  -41.3210  820    22804  -37.6230  29.4020  -10.0750  820
70773  -26.2310  -8.1810  -41.7000  821    22803  0.9670  18.7480  -22.0370  821
70782  -20.8600  -8.2730  -42.2170  822    24085  -6.5170  -10.1180  8.5240  822
70783  -21.6370  -8.5190  -42.4900  823    24132  -19.0580  -56.4130  -17.4970  823
70784  -22.6440  -8.5390  -42.8520  824    25532  -29.0310  -67.0650  -9.3910  824
70785  -23.6050  -8.6680  -42.8930  825    25956  -17.0070  -38.8320  -11.3560  825
70787  -25.3720  -8.3860  -42.5990  827    24583  -31.6110  -72.4330  -24.5290  827
70788  -26.0740  -7.9770  -42.3520  828    24599  -0.1480  10.4280  -10.8740  828
70797  -23.7990  -8.0840  -43.3470  830    25955  -34.5410  -41.1250  -35.7610  830
70798  -24.6160  -8.1270  -43.3590  831    26039  -43.6540  -12.3830  44.9840  831
72036  -18.1540  -7.8580  -37.6140  834    17015  -30.8480  15.3330  -41.9340  834
72057  -18.2030  -7.7640  -38.5110  837    17041  -28.0680  36.2740  27.6480  837
72060  -31.6840  -7.6640  -38.4560  840    949  -10.8050  -49.3600  -4.2630  840
72061  -32.7510  -7.4670  -38.4340  841    17835  -26.6770  -29.5780  17.0440  841
72075  -18.3450  -7.6820  -39.2030  842    19147  -23.3030  -26.8610  38.1900  842
72076  -18.5310  -7.7270  -39.8780  843    21275  -35.6620  37.6030  7.4890  843
72080  -30.6820  -7.1980  -39.1100  847    49671  -18.0780  -78.2670  -12.2130  847
72096  -28.7110  -7.3220  -40.0180  853    7653  -42.6570  47.2080  8.0920  853
72097  -29.3130  -6.9550  -39.9660  854    7685  -43.4400  47.4200  8.2680  854
72110  -19.0220  -7.3780  -41.1400  855    24068  -10.4340  -37.7310  17.2680  855
72114  -27.3080  -7.3070  -41.4720  859    7652  -43.2940  46.2020  9.0090  859
72129  -19.9110  -7.2840  -42.2390  860    25483  -33.2530  15.3020  24.0790  860
72131  -21.7840  -7.7740  -43.0090  862    25506  -29.9710  -14.8640  -1.5280  862
72135  -27.1210  -7.1510  -41.9440  866    10206  -5.9580  -19.1640  8.6350  866
72150  -22.9790  -7.3120  -43.7800  869    27167  -5.9410  -56.2070  -17.5620  869
72154  -26.2220  -7.3620  -43.2100  873    14062  -16.0740  -56.6280  -8.8820  873
72168  -24.5310  -7.0980  -44.2760  876    54180  -48.8530  56.4850  -28.2890  876
73295  -18.4990  -7.1170  -38.1860  879    48724  -34.3610  -12.8420  46.1390  879
73316  -18.4450  -6.9870  -38.8990  880    48760  -31.4940  -33.1700  29.9700  880
73317  -18.7020  -6.4810  -38.6390  881    59402  -62.7410  -13.8330  17.4550  881
73336  -18.4540  -6.8020  -39.6880  883    2993  -20.9460  12.4760  -31.1960  883
73339  -30.7990  -6.4320  -39.6370  886    3723  -54.0850  -4.1140  -50.1350  886
73340  -32.0230  -6.3560  -39.2040  887    951  -11.2740  -50.3440  -3.9290  887
73357  -18.4380  -6.4180  -40.3190  888    2992  -33.7740  -60.0070  21.3080  888
73358  -18.5950  -6.7530  -40.8430  889    2991  -4.5760  -7.2580  33.2610  889
73379  -19.3580  -6.7680  -42.0310  895    9553  -27.6990  -24.1760  22.7770  895
73381  -28.5840  -6.3680  -41.3620  897    7651  -24.0950  -0.7750  53.4820  897
73397  -20.2200  -6.7130  -42.9020  900    13376  -42.3250  -43.9760  33.6670  900
73400  -28.2420  -6.0460  -42.1440  903    10234  -58.2950  -23.4970  -28.9250  903
73413  -21.3460  -6.4950  -43.7380  906    13398  -3.7440  -83.5010  -4.9150  906
73416  -27.1460  -6.2680  -43.1930  909    11800  -8.6630  59.6150  -31.4510  909
73431  -21.7780  -6.2140  -44.1150  910    13423  -2.0850  -52.7190  -14.8210  910
73432  -22.4930  -6.3820  -44.2880  911    13478  -14.0680  -55.8040  -8.0250  911
73434  -24.0870  -6.4600  -44.6740  913    15948  -51.3190  -8.4600  -36.1180  913
73435  -25.0870  -6.3790  -44.6910  914    16029  -18.8690  -82.5660  -5.5340  914
73436  -26.2210  -6.6230  -43.9560  915    14063  -56.2680  7.7990  17.6780  915
73437  -26.8870  -5.7960  -43.8900  916    14086  -53.1570  -6.6190  -42.7220  916
73454  -24.8340  -5.7680  -45.0750  919    16028  -40.1250  -8.8770  -8.2670  919
74604  -18.6220  -6.1570  -39.2870  920    40491  -37.5800  45.0690  -30.1780  920
74605  -19.1050  -5.6990  -38.8800  921    40509  -29.1480  -26.5400  18.8610  921
74633  -18.4640  -5.7020  -40.1190  922    3032  -43.3080  37.3070  23.7100  922
74634  -18.7770  -5.3860  -39.6380  923    40492  -40.6730  0.6410  -40.7600  923
74640  -31.4590  -5.7250  -39.9280  924    3724  -32.0740  75.9390  -16.2980  924
74656  -18.3960  -5.8580  -40.7840  926    3057  -33.7390  2.7950  48.9590  926
74658  -30.0370  -5.5630  -41.0320  928    7756  -37.0850  -70.9810  -2.2410  928
74661  -33.0740  -5.2360  -40.1820  931    42921  -34.1800  53.5080  15.6680  931
74671  -18.8300  -6.1100  -41.8950  932    7600  -47.7910  9.4070  4.2890  932
74674  -29.4600  -5.2600  -41.8430  935    7849  -15.6770  -20.6110  -14.7410  935
74683  -18.8950  -5.5680  -42.3230  937    43446  -59.4960  -14.6950  22.5500  937
74684  -19.3930  -5.7220  -42.8080  938    10178  -9.9730  -40.9580  36.6750  938
74686  -28.5670  -5.3190  -42.5940  940    10340  -60.0130  -24.4410  23.0200  940
74696  -20.6010  -5.6680  -43.8530  943    13375  -8.8610  55.7050  -44.5800  943
74698  -27.6790  -5.3910  -43.4210  945    11830  -9.7260  58.2140  -31.1320  945
74708  -22.5640  -5.7160  -44.7840  949    15459  -18.0350  35.0290  43.6780  949
74710  -25.7520  -6.0270  -44.5740  951    16508  -32.4350  -71.3570  8.5700  951
74712  -27.1400  -4.9970  -44.3270  953    14152  -7.1570  67.6050  -34.0740  953
74723  -22.0680  -5.2090  -45.0310  954    46385  -26.4570  -72.4580  1.9650  954
74725  -23.6240  -5.3110  -45.3610  956    15969  -10.3710  17.3850  -31.1040  956
74728  -26.3830  -4.8290  -44.9570  959    46671  -30.8890  17.5350  29.5030  959
75888  -18.6000  -4.6260  -40.2820  961    42227  -27.1660  3.6400  47.9480  961
75916  -18.2790  -4.8590  -41.0110  962    42207  -2.8000  -71.4870  -33.9820  962
75923  -31.0280  -4.6290  -41.3220  964    16491  -26.5550  -27.3120  41.0730  964
75932  -18.2230  -4.2910  -41.9230  968    57834  -55.2670  -17.4720  5.6590  968
75937  -32.3760  -4.1000  -41.1750  973    16516  -56.5890  7.8510  -39.8960  973
75938  -33.5590  -4.4200  -41.2270  974    17033  -53.1700  1.1550  -52.9880  974
75944  -18.2810  -3.9310  -42.4180  975    15736  -25.2880  -51.9220  -16.2520  975
75945  -18.7830  -4.5780  -42.8130  976    44921  -50.4410  -4.8210  32.2780  976
75947  -28.9630  -4.5380  -43.0070  978    17997  -17.1760  -81.5710  -0.4290  978
75949  -30.1490  -4.1180  -42.3330  980    16490  -38.3850  9.9220  25.1670  980
75956  -19.0590  -4.0880  -43.4910  981    17920  -16.4860  61.5330  8.6300  981
75957  -19.7790  -4.6200  -43.8630  982    45638  -1.5770  -78.3680  -1.5730  982
75968  -20.1200  -4.1050  -44.4790  987    19968  -55.6870  -25.7530  27.6630  987
75969  -20.8500  -4.5720  -44.7670  988    46094  -37.8410  -11.5780  40.9260  988
75971  -27.6740  -4.0890  -44.5490  990    20060  -10.4540  -22.0920  38.6490  990
75980  -21.2020  -4.1090  -45.3860  992    21004  -32.6570  -18.7010  -4.1430  992
75982  -22.9590  -4.4390  -46.0000  994    47122  -2.6640  -42.0910  35.9300  994
75984  -24.8900  -4.6730  -45.7080  996    47145  -2.7110  -62.0990  -17.2070  996
75985  -25.7070  -4.2390  -45.5790  997    23053  -52.6500  9.9610  19.7530  997
77070  -18.2880  -4.1450  -40.8710  1004    13834  -58.7660  -4.0550  13.2280  1004
77086  -18.2100  -3.7180  -41.4130  1005    13897  -27.0990  43.6320  16.4970  1005
77106  -31.5440  -3.2090  -42.2900  1015    16489  -14.5860  -50.0530  -11.0100  1015
77107  -32.4960  -3.1320  -42.1550  1016    16543  -28.4990  -11.9590  -27.0260  1016
77121  -30.4410  -2.8750  -43.2060  1022    17996  -27.1740  -38.3470  21.8980  1022
77134  -29.4090  -2.7160  -44.0940  1027    20059  -38.2360  73.0750  -21.6850  1027
77145  -21.4300  -3.6220  -45.8410  1029    22546  -37.8990  -44.3070  28.2930  1029
77149  -27.4550  -3.3830  -45.0990  1033    21552  -53.9210  6.1100  -21.0530  1033
77150  -28.2290  -2.6400  -44.9410  1034    21551  -31.2450  -4.8880  -37.5960  1034
77163  -23.3910  -3.4400  -46.7880  1037    24571  0.7240  -8.9880  5.7700  1037
77164  -24.2190  -3.4220  -46.7140  1038    20442  -51.9840  -1.3120  34.9960  1038
77165  -25.3230  -3.4650  -46.2320  1039    11671  -3.7390  77.4930  -21.7310  1039
77166  -26.0760  -2.8030  -46.1440  1040    8972  -8.6920  57.1200  -38.5100  1040
78258  -18.3640  -3.2980  -41.0480  1043    13835  -48.1640  3.5810  -54.2590  1043
78277  -18.2770  -2.5160  -41.7140  1044    13932  -28.4390  42.3340  30.4600  1044
78294  -18.1190  -2.4480  -42.8750  1045    15993  -0.7100  -60.6090  -5.4790  1045
78295  -18.3650  -3.0070  -43.2550  1046    17891  -36.7580  -21.2060  -41.7690  1046
78301  -33.7910  -3.0100  -42.9060  1050    17052  -9.0440  -42.7010  -21.3490  1050
78308  -18.1740  -1.9230  -43.5080  1051    41162  -26.8810  -31.4100  47.5540  1051
78309  -18.6510  -2.5350  -43.9640  1052    17945  -13.9110  56.0170  30.7340  1052
78310  -19.2550  -3.0920  -44.3190  1053    19519  -16.2910  -63.1290  -34.8440  1053
78312  -30.9960  -2.1220  -43.5130  1055    20118  -45.7250  -59.1370  -16.3890  1055
78313  -31.9090  -2.0420  -43.1810  1056    41420  -34.2130  -16.6230  -37.3880  1056
78314  -32.7950  -2.1590  -43.1110  1057    41446  -7.2580  -54.8830  38.6620  1057
78322  -19.0290  -2.0610  -44.6330  1059    41881  -32.0230  27.2150  -28.0630  1059
78323  -19.6720  -2.6130  -44.9780  1060    20006  -8.2530  71.2120  -31.2320  1060
78335  -20.0770  -2.1520  -45.6550  1065    9405  -14.4680  -30.4970  11.7880  1065
78336  -20.7770  -2.6440  -45.9520  1066    22545  -48.0100  -23.3280  13.1320  1066
78339  -27.6930  -2.0740  -45.4090  1069    23088  -10.6560  10.6650  44.1540  1069
78351  -21.1970  -2.1730  -46.5930  1071    11501  -38.3070  -44.5610  -37.2740  1071
78352  -21.8800  -2.5850  -46.8030  1072    24570  0.0750  -9.2010  6.1200  1072
78355  -24.7150  -2.7390  -46.8870  1075    8970  -30.6430  -72.7250  -9.9990  1075
78357  -26.4620  -2.0630  -46.1950  1077    8971  -23.3540  -23.3900  -27.7560  1077
79409  -18.0830  -1.4050  -42.4650  1084    40243  -39.8330  -1.4230  -39.4540  1084
79440  -29.2320  -1.4370  -44.7840  1094    43048  -30.3930  13.6820  -43.5460  1094
79442  -30.6530  -1.0670  -44.4480  1096    43094  -16.4240  -13.0900  51.0470  1096
79443  -31.6470  -0.9800  -44.2530  1097    7867  -34.1460  56.2680  -2.7780  1097
79444  -32.4660  -1.0740  -44.1990  1098    7943  -33.5830  62.7120  -4.8800  1098
79445  -33.3710  -1.4420  -44.5600  1099    52517  -49.0690  2.3220  34.0670  1099
79458  -33.7190  -1.5530  -45.7820  1107    53161  -30.7630  -51.5060  14.3860  1107
79459  -34.1430  -2.1850  -45.2670  1108    43135  -4.3840  47.4710  32.3560  1108
79469  -25.6150  -1.4590  -47.0840  1111    44728  -36.3460  0.2920  -46.2780  1111
79470  -26.2550  -1.2380  -46.6910  1112    44716  -28.5640  -14.7580  -22.6230  1112
79484  -22.3870  -1.5870  -47.6260  1115    13879  -7.1360  69.2010  -10.5720  1115
79485  -23.1350  -1.8050  -47.7700  1116    45661  -19.5360  50.3980  -29.5640  1116
79498  -23.4310  -1.1970  -48.1880  1121    54690  -44.1560  33.7770  -9.3700  1121
79500  -24.8860  -0.7010  -48.1500  1123    14051  -56.4740  -24.9490  -1.5770  1123
80677  -17.8510  -0.3880  -43.0250  1124    3457  -4.4630  47.6920  -7.0690  1124
80678  -17.9090  -0.4700  -43.8400  1125    6222  -3.3330  -50.0070  -8.0660  1125
80688  -18.4100  -0.4260  -44.7300  1126    6312  -41.2810  -68.4890  -32.2090  1126
80689  -18.8950  -1.0240  -44.9640  1127    7742  -15.9550  -61.9370  14.6260  1127
80690  -31.0200  -0.4290  -44.8010  1128    7868  -45.5070  -4.4320  16.3600  1128
80703  -27.6370  -0.5890  -45.9420  1135    9607  -36.7190  -60.8300  13.0860  1135
80705  -29.4490  -0.2920  -45.2740  1137    9608  -59.2790  -7.0420  -40.1700  1137
80706  -30.4490  -0.3160  -45.0090  1138    9731  -31.6750  20.9670  -32.3910  1138
80708  -32.4430  -0.1080  -45.5560  1140    7869  -27.2560  -22.7230  46.4700  1140
80717  -19.6060  -0.1730  -46.2780  1142    9439  -34.5250  20.6110  30.9110  1142
80718  -20.3130  -0.6940  -46.6700  1143    9406  -18.0010  -51.8450  -12.0560  1143
80720  -26.3100  -0.4570  -47.0060  1145    12153  -12.4930  -65.5860  -35.9370  1145
80723  -32.8910  -0.0770  -46.9550  1148    10094  -50.4810  -1.7390  -43.2860  1148
80724  -33.3950  -0.9520  -46.5330  1149    10053  -54.7160  -22.7180  -28.9670  1149
80733  -20.8100  -0.1980  -47.3670  1150    11534  -46.7970  58.3300  -15.9500  1150
80734  -21.5960  -0.7670  -47.6340  1151    11502  -2.6440  26.1660  28.1440  1151
80750  -22.0820  -0.1630  -48.3380  1156    13911  -29.2480  -44.6860  -27.9920  1156
80751  -22.6950  -0.6130  -48.3840  1157    13880  -45.5360  11.3620  -37.4100  1157
80752  -23.7120  -0.4880  -48.6330  1158    16259  -62.0100  1.3710  3.9130  1158
81886  -28.6790  0.4900  -45.9120  1163    9609  -33.6480  25.2020  5.2280  1163
81888  -30.2470  0.3990  -45.4780  1165    9732  -4.6170  -26.6540  48.4630  1165
81889  -31.2070  0.5940  -45.5500  1166    9798  -56.7220  23.2670  -13.0750  1166
81902  -27.3650  0.5530  -46.6880  1168    12193  -38.7180  12.6910  34.8240  1168
81903  -28.0300  0.5570  -46.2960  1169    9665  -16.0700  -14.9540  44.2490  1169
81904  -28.8980  1.0830  -46.0630  1170    23946  -20.0230  -56.3460  -17.4220  1170
81918  -26.2460  0.7230  -47.7430  1173    14079  -47.2300  -16.7670  -15.2830  1173
81920  -32.5610  0.7050  -47.4730  1175    12340  -36.8080  9.4690  -21.5100  1175
83162  -30.2460  1.0340  -45.7740  1177    17981  -29.0800  15.8590  -43.0660  1177
83173  -28.3960  1.7450  -46.6290  1180    38354  -24.3330  77.9430  -1.5270  1180
83177  -32.0660  1.5540  -46.9210  1184    38443  -24.5220  23.4120  -53.7820  1184
84520  -28.5000  2.5180  -46.8400  1187    29469  -10.2910  -62.9340  7.0250  1187
84522  -29.8630  2.5780  -46.3760  1189    29528  -43.6120  29.0130  -16.3070  1189
84524  -31.5830  2.2170  -46.6700  1191    29607  -28.2000  -44.5050  33.9980  1191
