#!ascii label  , from subject FreeSurferMNI152_0.4 vox2ras=TkReg
1464
51178  53.740  -32.206  -10.974 1.0000000000
47672  43.519  58.056  -18.652 2.0000000000
47673  59.702  -0.824  -36.691 3.0000000000
47671  64.795  -20.854  -35.921 8.0000000000
49036  7.111  64.778  -26.896 12.0000000000
49351  24.478  81.914  -1.883 19.0000000000
49352  5.594  -39.963  -0.202 20.0000000000
50139  40.458  -0.457  32.021 23.0000000000
55056  19.671  -19.566  56.642 27.0000000000
55768  21.521  53.078  32.284 28.0000000000
11092  8.616  -70.770  1.302 29.0000000000
11662  31.263  -77.602  -13.472 30.0000000000
48049  41.807  60.500  -17.847 32.0000000000
13003  45.395  -19.970  -33.680 33.0000000000
48330  21.933  0.641  -43.027 34.0000000000
14245  66.168  0.988  -11.198 36.0000000000
48642  28.547  29.627  31.438 37.0000000000
48784  35.047  35.229  -17.942 41.0000000000
15736  42.788  7.490  36.689 42.0000000000
49484  64.845  -25.798  14.945 43.0000000000
18649  62.249  16.394  -7.670 45.0000000000
50212  63.562  -36.796  -19.499 46.0000000000
53605  10.020  -61.890  -22.131 47.0000000000
51205  49.058  -32.968  -26.167 48.0000000000
58128  25.557  -31.681  -14.840 49.0000000000
53535  40.693  31.581  5.673 50.0000000000
26531  24.963  -65.938  8.056 51.0000000000
16581  7.792  21.058  -26.862 52.0000000000
16478  40.748  -4.115  -48.683 55.0000000000
57098  44.143  34.430  -42.392 57.0000000000
18024  67.742  -1.293  -33.207 58.0000000000
57099  11.740  -46.725  -18.084 60.0000000000
58691  59.296  25.408  -1.272 65.0000000000
58905  18.746  -57.714  26.918 71.0000000000
19445  67.056  -16.717  0.602 74.0000000000
23001  45.022  -68.052  -27.857 76.0000000000
59052  40.803  -52.194  -2.888 77.0000000000
48352  23.903  -46.349  -7.291 80.0000000000
59355  42.782  41.952  -33.817 84.0000000000
59530  26.309  46.493  10.467 88.0000000000
59527  18.623  74.074  -28.337 89.0000000000
50100  17.915  -53.951  21.605 90.0000000000
59761  35.040  -61.201  -34.040 94.0000000000
59712  35.940  -34.023  24.874 95.0000000000
59771  10.618  -35.890  49.274 96.0000000000
51464  6.585  -39.572  10.176 97.0000000000
59930  41.949  15.823  13.659 100.0000000000
59942  25.668  82.004  -10.382 104.0000000000
31476  5.556  -35.822  23.366 105.0000000000
2386  9.989  56.442  -33.510 107.0000000000
2385  5.258  -71.493  -20.380 108.0000000000
2431  41.290  5.330  13.601 112.0000000000
32856  54.902  -12.587  -7.767 115.0000000000
6586  45.700  14.362  -50.970 117.0000000000
6587  49.160  -12.699  39.913 118.0000000000
8314  36.165  48.902  -20.945 119.0000000000
9177  11.770  -81.735  -8.489 120.0000000000
10104  57.233  -28.114  -41.196 121.0000000000
18708  6.601  36.108  40.681 131.0000000000
22407  34.677  -76.740  -11.096 132.0000000000
24453  5.666  -56.781  -21.296 133.0000000000
26139  64.149  -14.304  22.123 135.0000000000
26140  58.929  4.225  28.119 136.0000000000
28521  51.251  -35.477  -17.843 138.0000000000
15507  5.670  -61.167  15.699 139.0000000000
15541  32.093  -12.051  -23.123 141.0000000000
15623  40.211  -9.861  -43.205 143.0000000000
16448  0.591  40.043  -10.257 146.0000000000
16607  30.590  6.422  -45.751 149.0000000000
18759  68.102  -9.801  -24.343 152.0000000000
17571  41.181  -17.815  -37.344 153.0000000000
17937  40.539  1.203  -37.027 155.0000000000
17938  40.476  -0.480  -36.739 156.0000000000
19225  20.964  25.141  37.767 158.0000000000
17994  45.613  -22.670  -41.734 161.0000000000
19349  38.805  -60.092  20.712 162.0000000000
20649  46.872  -51.467  -12.588 164.0000000000
20692  13.445  -1.423  58.269 166.0000000000
20797  22.901  6.430  32.518 167.0000000000
22130  48.979  14.155  -41.507 172.0000000000
23002  68.421  1.935  -17.358 174.0000000000
27164  26.609  -30.378  43.149 178.0000000000
24561  50.976  21.792  -13.462 180.0000000000
27163  49.603  -22.953  -19.253 183.0000000000
26506  7.368  -31.496  43.750 184.0000000000
27976  57.037  5.849  26.331 185.0000000000
26558  15.215  -16.895  33.203 186.0000000000
26581  66.259  2.689  -21.020 187.0000000000
27198  41.914  -15.394  -36.491 189.0000000000
1056  39.826  -19.096  25.907 190.0000000000
28193  21.390  74.191  -17.982 191.0000000000
28486  15.429  -21.485  -21.715 192.0000000000
28581  28.678  62.688  15.570 194.0000000000
28626  19.986  -68.521  -35.637 195.0000000000
29793  53.652  19.206  22.514 197.0000000000
28547  41.062  -69.578  -15.847 198.0000000000
29831  24.036  27.260  -34.917 199.0000000000
29883  43.680  35.648  4.375 200.0000000000
31442  8.528  24.255  30.208 204.0000000000
2387  10.873  74.113  -41.741 209.0000000000
1110  33.798  -20.769  18.638 210.0000000000
4013  42.337  37.525  21.526 211.0000000000
32786  26.868  -82.180  -21.710 213.0000000000
32805  16.809  -47.471  -2.065 214.0000000000
32899  51.096  -28.224  -31.236 217.0000000000
34703  20.592  4.372  -30.500 220.0000000000
34553  18.931  2.684  41.248 222.0000000000
5644  20.079  32.871  -40.925 229.0000000000
36921  10.358  78.286  -30.714 233.0000000000
37033  37.591  -8.742  -34.349 235.0000000000
26772  31.365  20.061  -56.320 240.0000000000
8313  34.617  33.372  -56.471 247.0000000000
24737  46.685  23.701  32.578 249.0000000000
8801  55.395  13.762  20.222 251.0000000000
40662  53.597  12.170  -40.842 252.0000000000
40696  30.574  -14.830  51.934 254.0000000000
10077  53.028  -15.294  -25.935 255.0000000000
41160  43.312  50.631  16.893 256.0000000000
41205  32.515  67.337  -9.481 257.0000000000
11663  28.122  13.429  41.307 258.0000000000
11069  37.331  -63.982  -7.732 259.0000000000
41727  39.425  2.092  -35.229 260.0000000000
41762  18.782  -13.466  52.292 261.0000000000
42740  24.965  -15.612  48.910 264.0000000000
13002  46.415  -18.944  -33.790 266.0000000000
43356  42.869  -56.292  -35.785 268.0000000000
14210  48.047  -9.140  1.684 269.0000000000
43819  54.675  -25.254  20.009 271.0000000000
18648  68.562  -22.466  -17.023 276.0000000000
22406  41.242  -27.694  44.765 278.0000000000
47198  32.170  -79.225  -17.633 279.0000000000
22434  58.859  -8.163  -27.526 280.0000000000
24477  48.304  11.105  8.208 282.0000000000
47884  58.017  -27.066  -18.066 283.0000000000
30074  36.057  49.758  18.960 285.0000000000
30541  25.310  -53.396  29.164 286.0000000000
15508  38.743  16.594  -28.543 288.0000000000
15506  5.435  21.931  13.336 289.0000000000
44957  59.801  23.605  -14.017 290.0000000000
44605  48.566  -46.990  -13.791 291.0000000000
44637  5.935  81.637  -28.758 292.0000000000
15542  41.336  -2.764  32.956 293.0000000000
16580  33.199  -37.702  -10.579 295.0000000000
45455  37.026  57.068  -6.356 297.0000000000
17975  0.842  7.409  -31.598 300.0000000000
46069  21.031  26.686  45.137 302.0000000000
18760  67.530  -9.366  -24.641 303.0000000000
19226  21.566  23.649  39.307 307.0000000000
46773  37.945  -6.178  -39.802 311.0000000000
20650  7.694  -30.122  -4.158 312.0000000000
20851  48.897  -25.033  8.615 313.0000000000
47311  16.829  84.050  -23.596 315.0000000000
47355  29.424  -69.405  -6.232 317.0000000000
21628  41.249  -26.800  45.011 318.0000000000
22170  38.892  75.595  -13.456 319.0000000000
22937  16.886  -49.166  -1.338 321.0000000000
47824  4.043  -58.113  -19.129 322.0000000000
47847  51.934  51.964  -8.671 323.0000000000
23515  7.117  -2.357  55.571 326.0000000000
24547  25.936  -10.954  51.570 328.0000000000
48443  52.019  56.072  -11.183 330.0000000000
26603  40.510  -48.393  -4.293 331.0000000000
24515  9.783  26.942  -34.632 335.0000000000
27997  60.392  -39.339  12.001 336.0000000000
48914  8.519  29.450  31.915 337.0000000000
48939  14.491  -75.347  -23.090 338.0000000000
28608  59.357  -7.117  14.589 340.0000000000
27165  44.871  -1.985  -39.776 341.0000000000
49551  51.288  3.729  -44.257 343.0000000000
49576  61.758  6.905  -33.119 344.0000000000
29769  53.651  6.635  -57.395 348.0000000000
50273  8.257  18.662  -31.579 350.0000000000
31427  20.975  -24.019  -25.902 351.0000000000
50533  26.307  40.344  21.008 353.0000000000
50919  20.681  -53.949  21.172 356.0000000000
50947  37.868  23.454  -26.476 358.0000000000
32831  45.947  -36.262  22.212 359.0000000000
31535  47.028  -9.249  -11.686 360.0000000000
32765  17.695  -47.310  -1.836 362.0000000000
33029  6.142  55.207  14.560 364.0000000000
33307  27.504  13.258  -32.515 365.0000000000
34516  37.113  -32.147  15.979 367.0000000000
34570  50.902  11.458  -56.513 369.0000000000
53214  61.812  -19.856  -34.190 371.0000000000
52332  29.962  35.762  -41.623 373.0000000000
36889  41.428  -35.521  17.694 375.0000000000
52967  31.128  12.864  -62.558 376.0000000000
53204  52.310  -48.514  -34.392 379.0000000000
53883  11.916  -59.000  35.309 384.0000000000
40723  11.726  -66.284  13.472 390.0000000000
40733  31.724  -53.715  33.561 393.0000000000
41937  30.175  15.733  30.828 394.0000000000
11125  2.844  2.079  -31.590 396.0000000000
42798  6.833  -62.640  4.839 399.0000000000
16134  35.623  -11.156  35.967 400.0000000000
19128  21.258  -33.851  42.108 403.0000000000
17604  35.684  64.183  -10.112 404.0000000000
45677  48.768  -33.415  -39.506 406.0000000000
20604  41.792  63.404  -16.076 407.0000000000
46118  48.176  -45.881  -10.524 408.0000000000
48822  9.022  65.744  5.171 414.0000000000
23182  18.404  -27.801  15.008 416.0000000000
49632  30.170  21.578  -45.630 417.0000000000
49651  37.327  -37.683  -34.939 418.0000000000
25965  30.062  21.652  -30.486 419.0000000000
59467  53.409  -52.914  -5.620 420.0000000000
27123  37.528  4.049  28.323 421.0000000000
44934  2.887  23.298  -14.105 422.0000000000
44979  30.478  -63.275  25.050 423.0000000000
45382  50.617  -14.024  -25.712 424.0000000000
45009  21.650  -49.054  -21.653 425.0000000000
56891  16.707  -18.639  -14.951 426.0000000000
45704  46.052  51.162  11.340 427.0000000000
46166  23.319  69.061  15.399 429.0000000000
46092  65.552  -0.293  -33.759 430.0000000000
46411  46.167  7.513  -59.830 431.0000000000
46732  50.761  -43.593  24.753 433.0000000000
46851  54.624  44.147  -14.156 435.0000000000
46915  33.509  -29.243  38.448 436.0000000000
46980  28.932  -82.130  -22.231 437.0000000000
4136  66.035  0.622  -29.610 439.0000000000
5039  27.160  -26.852  39.858 445.0000000000
5332  41.678  34.619  -50.419 446.0000000000
48743  21.644  -35.277  0.798 447.0000000000
49187  62.437  -24.666  -24.550 450.0000000000
6131  24.144  -45.462  -10.336 451.0000000000
59566  35.755  -11.457  45.657 453.0000000000
59585  34.367  63.715  -29.703 455.0000000000
51789  9.783  -13.182  -6.383 459.0000000000
51207  44.018  -51.833  18.325 460.0000000000
59748  9.652  60.888  9.019 463.0000000000
51815  63.297  7.723  -6.676 465.0000000000
51878  17.805  -67.257  23.922 466.0000000000
59765  66.907  -10.943  -2.115 467.0000000000
52986  2.812  -2.425  -16.228 468.0000000000
59834  23.990  45.571  19.146 470.0000000000
52311  48.902  -42.287  29.626 471.0000000000
53227  38.906  67.616  -28.494 473.0000000000
59845  16.276  -78.264  5.184 476.0000000000
59912  24.722  -68.339  -1.376 478.0000000000
59915  14.862  -35.285  1.473 479.0000000000
59920  11.632  -61.259  30.727 480.0000000000
53470  48.333  -19.318  -33.947 484.0000000000
59988  59.050  -2.094  10.595 485.0000000000
53936  53.907  4.463  -3.222 486.0000000000
60003  10.976  -16.247  59.034 488.0000000000
60009  14.839  60.721  -23.087 489.0000000000
60064  12.926  -61.267  29.259 491.0000000000
60069  31.170  -67.680  -11.193 492.0000000000
10509  16.040  59.949  -4.082 493.0000000000
54985  13.692  -41.503  37.531 496.0000000000
60166  13.455  -59.238  34.072 497.0000000000
297  26.208  53.567  30.094 498.0000000000
296  26.135  52.807  30.079 500.0000000000
407  7.533  -73.484  -18.846 501.0000000000
529  59.660  25.095  -7.962 502.0000000000
639  5.620  43.531  -40.010 503.0000000000
3448  28.612  -47.539  25.685 504.0000000000
3447  15.386  -47.085  19.555 505.0000000000
4099  53.907  -30.034  -21.929 506.0000000000
298  22.050  -56.461  15.712 507.0000000000
364  47.207  -0.561  -25.447 509.0000000000
461  18.020  -75.422  -27.544 510.0000000000
575  6.560  -68.808  12.828 511.0000000000
3490  58.726  -17.054  -23.615 513.0000000000
3449  65.759  12.495  -7.508 514.0000000000
4100  35.165  -11.938  -35.100 515.0000000000
4178  23.777  60.416  1.682 516.0000000000
4447  27.134  -69.374  12.660 518.0000000000
7157  4.089  19.919  -21.076 523.0000000000
7131  17.936  -34.669  -3.677 524.0000000000
11126  2.782  0.496  -32.806 526.0000000000
13820  7.253  24.144  -20.869 529.0000000000
16133  47.784  -18.336  26.590 531.0000000000
18389  46.905  -62.860  -7.826 536.0000000000
19170  36.871  -45.094  35.436 537.0000000000
19888  53.416  -49.567  -14.277 539.0000000000
20605  61.110  -39.506  -12.917 540.0000000000
21800  7.274  33.108  39.179 542.0000000000
22492  36.313  -35.368  30.165 543.0000000000
24087  9.875  52.642  -23.910 545.0000000000
27105  49.997  -0.647  -11.530 550.0000000000
27151  62.353  -9.868  -10.157 551.0000000000
85  40.192  -53.779  -8.999 552.0000000000
2942  28.652  -27.883  -35.583 554.0000000000
3028  54.533  -35.189  -0.105 555.0000000000
4137  39.763  -66.371  -13.093 556.0000000000
4207  12.031  -27.716  10.098 558.0000000000
6909  39.138  -20.376  15.926 565.0000000000
7683  6.914  -52.854  -12.997 566.0000000000
7852  40.036  37.066  19.220 567.0000000000
8529  46.480  -1.310  4.151 568.0000000000
8557  36.875  6.492  -26.317 569.0000000000
8705  8.590  52.703  -1.380 571.0000000000
9660  31.734  -13.845  -20.482 575.0000000000
9698  36.742  65.758  -8.450 580.0000000000
10604  51.107  -27.901  21.426 583.0000000000
11993  38.205  73.303  -5.610 589.0000000000
5013  11.353  -57.901  12.136 594.0000000000
8070  47.228  13.651  -63.087 597.0000000000
12092  33.702  -9.675  -6.624 599.0000000000
14868  9.750  4.340  56.060 604.0000000000
15952  20.640  -56.714  -8.837 607.0000000000
15997  40.421  -34.409  26.625 608.0000000000
11275  56.155  6.904  -41.621 612.0000000000
18335  64.699  -4.044  2.989 614.0000000000
21202  31.756  3.566  50.739 617.0000000000
23220  23.529  68.734  12.129 620.0000000000
17603  35.276  61.734  -11.525 621.0000000000
19152  14.880  -44.291  -5.262 623.0000000000
19209  15.108  45.835  9.789 625.0000000000
19909  46.288  -17.280  -39.760 627.0000000000
20676  33.042  -36.716  -10.238 628.0000000000
21828  50.821  26.912  -32.644 630.0000000000
22516  7.902  71.353  9.743 632.0000000000
23207  43.272  -0.034  15.976 633.0000000000
24110  44.714  13.545  28.563 634.0000000000
25988  44.011  60.303  -18.694 635.0000000000
36176  34.776  10.564  -3.266 637.0000000000
28875  1.133  38.354  -3.081 638.0000000000
27510  44.267  -17.981  -44.686 639.0000000000
37859  58.465  -38.001  -22.403 640.0000000000
29389  11.863  74.265  -21.494 642.0000000000
2986  15.633  -26.015  43.237 643.0000000000
4179  47.690  -50.712  -4.440 645.0000000000
21751  38.825  56.583  11.510 646.0000000000
4245  8.004  -30.959  -7.224 647.0000000000
21752  42.988  -29.601  -33.929 648.0000000000
5065  58.690  -36.678  -25.877 649.0000000000
22548  30.112  16.192  -31.938 650.0000000000
5494  45.609  -54.313  -8.547 651.0000000000
6164  21.756  2.894  -30.965 653.0000000000
6938  59.981  25.246  -10.539 654.0000000000
7705  7.343  6.589  43.666 655.0000000000
7876  28.553  -20.258  -28.964 656.0000000000
9438  23.986  36.979  19.573 660.0000000000
10884  58.538  -5.870  -47.636 663.0000000000
14902  33.518  72.145  -24.930 665.0000000000
15270  44.824  -18.716  -36.477 666.0000000000
15315  16.248  -69.652  -29.963 670.0000000000
27228  35.340  -64.062  -20.749 671.0000000000
18613  20.994  5.528  -46.894 672.0000000000
18614  31.936  -29.503  -31.312 673.0000000000
19024  47.226  1.401  -13.534 675.0000000000
16643  39.004  -15.641  -29.841 677.0000000000
21227  38.037  20.872  -30.572 679.0000000000
29056  14.985  59.225  -22.797 681.0000000000
29221  55.594  -46.556  7.569 682.0000000000
29320  18.668  -77.005  -18.120 684.0000000000
21300  38.342  -14.255  -25.854 690.0000000000
31989  21.883  62.604  -29.731 692.0000000000
25337  23.559  18.465  27.985 695.0000000000
33153  39.889  70.803  -6.254 697.0000000000
34910  53.775  42.726  1.541 700.0000000000
27354  53.260  -3.131  -1.473 701.0000000000
36069  34.443  66.909  -2.809 702.0000000000
28731  30.250  -34.712  49.496 704.0000000000
30403  14.157  57.213  4.553 705.0000000000
31126  22.378  -60.043  -14.401 707.0000000000
31741  28.146  56.892  15.101 708.0000000000
32553  6.920  7.406  49.231 710.0000000000
32987  8.527  -58.407  -11.841 711.0000000000
33841  10.889  -37.779  -17.896 712.0000000000
35052  34.451  -28.562  -24.298 713.0000000000
37876  9.780  68.382  -31.261 716.0000000000
38893  45.102  28.660  -58.680 718.0000000000
45742  23.389  -38.157  39.102 719.0000000000
21804  36.136  -15.850  -32.533 721.0000000000
22600  55.957  -17.236  27.826 723.0000000000
23823  22.917  33.226  45.254 724.0000000000
23223  45.948  13.635  -63.708 725.0000000000
23852  34.143  -10.009  -5.879 726.0000000000
23986  51.580  18.849  28.668 727.0000000000
24493  43.147  5.520  -44.103 728.0000000000
24604  21.140  -48.064  -2.458 729.0000000000
41351  8.830  -54.623  37.480 730.0000000000
24705  24.460  -2.585  54.489 731.0000000000
41350  33.369  14.839  31.128 734.0000000000
42156  15.134  62.194  24.500 742.0000000000
26038  67.080  -13.227  -1.974 749.0000000000
31505  6.071  -40.682  12.195 757.0000000000
43949  38.893  24.816  15.217 758.0000000000
29263  9.643  -64.030  -24.218 759.0000000000
41322  29.010  -73.729  -17.572 763.0000000000
32094  10.878  42.568  26.009 764.0000000000
45144  55.246  -15.776  15.137 768.0000000000
45126  7.343  58.874  31.532 769.0000000000
45192  58.695  18.789  -25.400 770.0000000000
45226  26.615  37.343  -30.983 771.0000000000
42488  23.593  32.502  22.951 780.0000000000
37326  37.952  9.109  43.126 784.0000000000
37373  55.079  -13.385  16.797 787.0000000000
39588  19.207  30.497  42.792 791.0000000000
40506  26.567  21.252  -50.306 794.0000000000
41283  41.317  -65.215  -8.018 795.0000000000
2658  12.353  -80.665  -0.443 796.0000000000
41439  33.397  -41.134  -14.554 797.0000000000
42109  27.551  26.726  -53.914 798.0000000000
43225  12.835  -44.146  43.667 799.0000000000
44063  29.738  76.163  -30.831 800.0000000000
44949  46.311  50.922  -7.435 801.0000000000
20056  17.330  -22.354  -17.061 803.0000000000
45778  7.100  -24.088  7.222 804.0000000000
22071  33.029  -16.108  -32.996 806.0000000000
24007  41.171  -50.847  -23.108 807.0000000000
36447  19.867  2.689  39.961 808.0000000000
36480  34.206  2.457  -32.507 809.0000000000
37425  30.278  56.203  10.717 811.0000000000
38674  46.247  -29.291  -39.015 812.0000000000
51962  18.545  -19.523  -29.645 813.0000000000
39577  32.891  48.341  27.063 814.0000000000
40448  42.297  -37.830  -24.223 815.0000000000
40842  12.606  60.622  -38.019 816.0000000000
41230  23.638  -52.275  31.988 818.0000000000
56588  34.383  -7.036  46.247 821.0000000000
38122  14.403  34.373  13.164 825.0000000000
39698  38.805  18.133  -32.967 830.0000000000
46000  40.513  -6.853  28.263 838.0000000000
46276  59.154  -37.932  18.226 839.0000000000
46342  40.972  -67.122  5.590 842.0000000000
46359  13.275  68.852  14.479 843.0000000000
59225  40.430  -17.422  18.658 849.0000000000
59241  47.765  -52.811  -4.804 850.0000000000
59281  25.135  33.222  -36.416 851.0000000000
43396  13.209  63.019  21.565 855.0000000000
46436  66.136  11.940  8.444 857.0000000000
45308  36.315  51.024  -5.617 859.0000000000
47218  24.537  -69.805  -34.619 862.0000000000
48690  48.965  15.265  32.660 866.0000000000
2609  48.022  1.946  -26.675 870.0000000000
2608  61.066  -39.092  -30.016 871.0000000000
4800  26.027  -41.927  28.938 874.0000000000
4799  59.461  7.792  -22.596 875.0000000000
8473  56.974  -27.658  -37.276 876.0000000000
11528  42.710  12.406  39.913 877.0000000000
15091  39.375  0.220  -34.043 878.0000000000
17817  4.138  -55.946  -15.195 879.0000000000
18721  25.171  40.838  39.965 884.0000000000
18829  6.480  75.862  0.914 885.0000000000
18875  14.113  68.858  -11.397 886.0000000000
51625  53.160  34.532  -17.823 887.0000000000
24950  35.151  -18.930  -41.116 888.0000000000
24951  44.682  0.006  -40.924 889.0000000000
27760  40.272  4.589  -45.629 890.0000000000
25004  46.438  -0.287  -42.314 891.0000000000
27759  13.217  14.091  27.854 893.0000000000
31916  34.597  -1.332  -43.065 894.0000000000
30151  23.549  81.255  -0.412 895.0000000000
30152  23.884  80.140  0.611 896.0000000000
31917  43.028  29.355  -54.991 898.0000000000
34010  52.362  -26.255  20.836 900.0000000000
34011  27.731  -60.276  3.410 901.0000000000
35742  50.557  43.894  -1.055 905.0000000000
37193  9.841  29.821  48.510 906.0000000000
39200  34.969  -49.819  -29.174 910.0000000000
39697  36.349  75.280  -27.125 913.0000000000
40245  14.755  56.898  -11.957 915.0000000000
41303  13.698  -54.896  32.222 917.0000000000
504  7.619  60.722  -36.205 919.0000000000
43397  35.740  1.774  50.076 920.0000000000
44911  41.592  -0.539  23.129 923.0000000000
44929  43.328  -41.108  -18.190 925.0000000000
44954  59.413  -28.849  -31.967 926.0000000000
232  10.139  -65.781  -11.006 927.0000000000
283  16.749  -51.014  0.910 928.0000000000
44910  11.170  -57.986  -25.499 934.0000000000
3611  22.490  -81.464  -3.186 935.0000000000
3271  49.456  18.333  23.203 936.0000000000
46437  64.574  -17.156  -25.514 942.0000000000
46451  49.577  -35.940  -13.499 943.0000000000
47219  23.507  -29.293  37.707 945.0000000000
6903  20.230  -72.430  -24.366 946.0000000000
48062  29.713  -49.147  29.457 948.0000000000
12795  48.572  4.355  -35.476 951.0000000000
2610  2.601  20.669  -16.953 952.0000000000
2701  44.391  20.627  3.266 954.0000000000
4874  54.116  -50.401  9.484 956.0000000000
8449  42.977  -24.768  17.146 958.0000000000
11262  38.121  -58.498  21.648 960.0000000000
15062  43.687  -26.612  -36.334 961.0000000000
17380  23.383  77.233  -4.548 962.0000000000
20032  64.490  -2.515  -34.386 963.0000000000
22052  56.053  2.371  -16.866 964.0000000000
23830  34.675  15.268  -63.767 965.0000000000
23976  64.495  -4.171  18.202 966.0000000000
18752  16.803  -41.974  7.966 968.0000000000
16949  63.463  -5.618  4.533 969.0000000000
54844  47.308  -12.884  -40.242 970.0000000000
18720  53.861  16.711  -7.628 973.0000000000
18853  34.129  40.188  -35.140 975.0000000000
18899  20.119  -39.349  -22.960 976.0000000000
20760  30.813  -52.905  -23.141 977.0000000000
24952  45.521  -0.194  -41.395 979.0000000000
25025  40.283  59.102  -0.706 982.0000000000
27047  31.766  -65.464  9.668 990.0000000000
28262  22.940  -51.919  -29.903 993.0000000000
28985  22.326  -21.957  48.897 994.0000000000
28986  57.791  -14.233  -31.556 995.0000000000
38103  55.762  1.418  -53.862 996.0000000000
31935  64.608  -10.591  -29.657 998.0000000000
32172  16.478  39.011  -35.981 1002.0000000000
39719  40.673  -51.808  -35.250 1003.0000000000
32785  29.459  -37.566  -17.737 1004.0000000000
32803  31.565  -15.305  26.034 1006.0000000000
42512  34.627  -55.615  32.376 1009.0000000000
398  8.665  -35.591  -0.946 1013.0000000000
1520  48.952  -46.000  -20.512 1016.0000000000
231  38.745  -11.976  42.919 1019.0000000000
230  39.687  -11.645  42.664 1020.0000000000
335  29.401  -18.866  -27.038 1021.0000000000
446  16.718  -25.851  -25.496 1022.0000000000
1480  44.762  -45.050  -34.566 1024.0000000000
6905  7.933  72.843  -15.117 1027.0000000000
3612  48.979  -25.390  -10.605 1028.0000000000
3272  60.193  -31.964  -21.840 1029.0000000000
3303  48.658  -13.512  41.004 1030.0000000000
4116  29.186  23.783  -63.684 1031.0000000000
4196  27.975  12.850  46.879 1032.0000000000
4329  68.232  -14.978  10.849 1034.0000000000
6904  7.861  71.266  -16.067 1037.0000000000
6955  13.339  32.951  -31.374 1038.0000000000
7025  39.574  -4.855  46.162 1039.0000000000
7092  35.127  -17.989  -30.781 1040.0000000000
7668  16.614  -36.035  38.789 1041.0000000000
9812  8.099  31.379  -39.115 1044.0000000000
10310  27.010  52.208  23.680 1045.0000000000
10369  41.025  48.334  -23.762 1046.0000000000
12796  10.611  67.466  -42.923 1048.0000000000
12830  53.627  -34.631  -32.274 1049.0000000000
12890  51.264  55.798  -28.182 1050.0000000000
15118  39.233  -26.176  -35.977 1051.0000000000
14859  8.957  45.822  -2.141 1052.0000000000
14888  68.029  -20.478  -8.527 1053.0000000000
16997  38.356  -67.850  -23.441 1055.0000000000
17032  50.322  22.838  12.765 1056.0000000000
18428  34.545  -50.028  4.013 1057.0000000000
18465  8.431  -9.591  -19.522 1058.0000000000
20715  44.686  -23.420  -44.641 1059.0000000000
19737  35.599  74.595  -2.951 1060.0000000000
22053  55.212  2.041  -16.783 1063.0000000000
23285  8.391  70.584  9.221 1064.0000000000
24475  62.431  10.134  -18.264 1065.0000000000
25415  45.120  -57.631  -14.205 1066.0000000000
26932  65.432  6.908  -5.716 1067.0000000000
27364  46.523  -17.336  -2.124 1068.0000000000
28174  43.156  -16.293  -4.798 1069.0000000000
16864  21.741  75.755  0.567 1070.0000000000
16918  50.064  -39.041  -23.081 1074.0000000000
16919  47.535  -39.477  -22.474 1075.0000000000
18522  63.818  -28.287  -20.793 1076.0000000000
19815  29.903  -13.638  52.905 1078.0000000000
22931  5.626  -67.136  -2.222 1081.0000000000
21013  14.193  68.228  16.241 1082.0000000000
24360  23.805  27.803  -36.591 1083.0000000000
23444  13.209  -51.708  -21.734 1084.0000000000
24615  7.315  -4.781  48.200 1085.0000000000
29860  4.621  40.271  -43.228 1094.0000000000
3485  33.495  -61.777  26.031 1100.0000000000
8784  9.773  47.083  3.364 1103.0000000000
53670  7.009  -42.859  29.211 1105.0000000000
10853  38.548  2.409  -5.812 1113.0000000000
7836  31.659  -64.097  23.548 1118.0000000000
37910  44.397  -28.709  -36.978 1119.0000000000
39147  6.460  76.914  -32.848 1123.0000000000
40451  6.649  -71.501  0.488 1127.0000000000
41651  67.468  -15.692  -21.064 1131.0000000000
43804  3.229  4.259  -24.725 1138.0000000000
19708  29.147  -34.837  -34.427 1139.0000000000
44736  12.260  29.293  47.860 1140.0000000000
22032  5.009  -31.769  39.145 1141.0000000000
20689  6.971  40.531  -35.117 1142.0000000000
22074  55.374  24.404  -48.988 1143.0000000000
23318  13.455  72.816  -39.271 1145.0000000000
24509  24.902  -48.632  -2.723 1146.0000000000
25414  7.371  60.784  19.743 1147.0000000000
26969  44.333  -60.784  9.115 1148.0000000000
27385  28.861  -65.692  9.724 1150.0000000000
52073  37.285  -59.265  -16.445 1151.0000000000
16892  4.343  56.725  -45.125 1152.0000000000
17252  27.544  -61.148  -33.217 1153.0000000000
18491  40.033  5.064  -38.321 1154.0000000000
19837  52.697  -27.375  29.200 1155.0000000000
18773  53.079  -35.009  7.438 1156.0000000000
45341  1.738  43.625  -6.617 1157.0000000000
22932  8.027  18.649  12.185 1161.0000000000
47481  31.428  -48.713  -23.550 1163.0000000000
23479  43.486  23.381  33.852 1164.0000000000
27046  65.236  9.072  -36.025 1167.0000000000
48616  47.069  50.234  3.750 1170.0000000000
27075  7.865  27.986  -34.057 1171.0000000000
49985  10.553  58.727  -31.686 1172.0000000000
49287  10.520  -0.370  -38.721 1173.0000000000
28287  48.591  23.181  31.338 1174.0000000000
29043  33.622  40.121  30.936 1176.0000000000
50700  43.194  -13.470  18.256 1178.0000000000
1060  7.991  57.956  17.627 1181.0000000000
3525  6.657  -4.167  29.388 1183.0000000000
14010  23.528  -45.526  25.908 1193.0000000000
39188  14.016  11.349  21.469 1196.0000000000
15513  41.012  -3.830  33.382 1198.0000000000
15372  50.855  -53.042  -18.047 1201.0000000000
17142  21.030  -22.908  -16.431 1204.0000000000
42760  55.163  14.788  3.120 1206.0000000000
44746  59.988  10.413  12.315 1213.0000000000
20878  54.013  -34.394  5.675 1214.0000000000
45804  8.157  57.599  -28.951 1215.0000000000
45787  41.955  -7.155  -39.241 1216.0000000000
22140  58.640  1.718  -39.574 1217.0000000000
45823  36.537  -6.155  -39.115 1218.0000000000
47653  64.284  5.246  5.795 1220.0000000000
25014  48.110  -56.251  -21.969 1221.0000000000
47833  30.395  54.049  8.822 1222.0000000000
29215  36.646  0.736  -44.147 1224.0000000000
31028  28.469  -71.475  9.013 1225.0000000000
50818  34.473  64.174  6.004 1226.0000000000
52059  44.701  -26.489  -3.205 1228.0000000000
34922  39.325  57.803  -1.234 1229.0000000000
43368  35.559  51.665  -3.324 1230.0000000000
43766  45.054  -28.486  -28.397 1231.0000000000
44559  36.507  57.023  -14.382 1232.0000000000
44591  34.996  21.010  -59.515 1234.0000000000
16928  64.407  13.083  10.816 1235.0000000000
45805  33.054  -50.665  34.422 1237.0000000000
22653  14.525  -22.300  58.059 1238.0000000000
46539  35.444  -11.426  50.214 1239.0000000000
22686  25.119  78.612  -12.515 1240.0000000000
29448  65.851  12.011  -1.792 1245.0000000000
35410  46.886  23.616  -2.928 1250.0000000000
1059  5.714  -41.707  29.742 1255.0000000000
3413  23.430  35.855  38.126 1260.0000000000
3484  10.045  33.404  -34.299 1263.0000000000
6269  58.367  -13.536  31.709 1266.0000000000
8783  11.211  46.672  3.048 1269.0000000000
10852  42.902  -62.990  -32.288 1271.0000000000
15886  8.155  -62.964  -10.613 1273.0000000000
15371  20.968  6.546  -45.174 1276.0000000000
15373  20.075  7.714  -30.203 1277.0000000000
17087  49.640  -24.892  12.294 1281.0000000000
18583  20.735  7.564  -47.550 1286.0000000000
20879  53.118  -34.653  6.878 1289.0000000000
23661  8.421  59.369  -15.718 1292.0000000000
22176  32.763  7.540  -34.624 1293.0000000000
23713  34.626  34.211  36.107 1295.0000000000
25015  46.770  -56.212  -21.512 1296.0000000000
25042  31.610  -7.201  -1.460 1297.0000000000
27252  23.977  -23.275  -18.644 1299.0000000000
29214  37.229  0.322  -44.023 1301.0000000000
31054  42.752  27.772  -48.871 1303.0000000000
32811  59.770  -14.483  18.320 1304.0000000000
10569  25.668  58.372  10.972 1306.0000000000
12848  27.637  63.368  -5.957 1307.0000000000
14499  17.834  -43.716  -2.768 1308.0000000000
14530  32.427  -32.787  27.956 1309.0000000000
15686  45.411  -31.684  -41.712 1311.0000000000
16957  38.395  -2.303  -48.420 1312.0000000000
18440  6.378  -48.996  -8.960 1314.0000000000
19910  50.789  -18.030  1.325 1316.0000000000
22654  15.219  -22.762  57.495 1319.0000000000
26425  8.802  -75.219  6.956 1321.0000000000
33656  58.864  37.047  -7.251 1329.0000000000
1058  40.419  -19.467  27.327 1333.0000000000
1243  31.566  -7.023  -2.546 1334.0000000000
10851  49.605  10.414  16.644 1343.0000000000
12313  10.189  12.040  19.441 1346.0000000000
15514  1.812  4.963  1.387 1350.0000000000
15854  20.756  -25.575  52.565 1351.0000000000
18582  2.239  -9.646  -1.039 1353.0000000000
17123  55.999  -11.058  -42.899 1354.0000000000
15482  16.430  -74.182  -30.652 1355.0000000000
20880  31.715  -71.471  -8.642 1361.0000000000
20945  26.512  79.132  -30.846 1364.0000000000
23682  6.992  -66.096  -27.620 1365.0000000000
23662  40.853  0.116  15.643 1366.0000000000
23737  63.994  13.487  6.711 1367.0000000000
27204  59.788  -4.417  22.919 1368.0000000000
25102  45.272  -32.224  -36.619 1369.0000000000
27267  28.680  15.105  25.991 1370.0000000000
29240  12.968  -44.190  46.543 1371.0000000000
31075  49.151  -4.374  -30.902 1372.0000000000
34921  25.469  14.601  37.243 1374.0000000000
43703  7.757  -38.127  44.567 1375.0000000000
8704  8.562  53.665  -1.848 1376.0000000000
44074  34.101  -35.315  32.600 1377.0000000000
12816  11.757  17.753  36.159 1379.0000000000
44839  25.181  26.539  46.326 1380.0000000000
12875  60.582  -26.829  20.282 1381.0000000000
45590  32.640  69.833  -22.470 1382.0000000000
15685  53.776  -54.908  -14.598 1384.0000000000
15716  7.539  0.950  18.829 1386.0000000000
48043  49.285  11.938  7.690 1388.0000000000
18439  29.225  -50.577  -13.641 1389.0000000000
19947  49.807  -3.890  29.088 1391.0000000000
48794  10.767  -59.110  -19.786 1392.0000000000
22745  28.924  16.561  -31.555 1393.0000000000
31569  4.224  -3.510  -8.339 1395.0000000000
33655  34.305  -45.050  9.637 1401.0000000000
35439  56.393  -13.316  17.767 1406.0000000000
36926  20.410  -49.176  -12.179 1407.0000000000
43013  42.147  -62.423  -6.196 1415.0000000000
44151  57.460  -28.054  -9.238 1417.0000000000
10248  22.710  19.194  38.427 1422.0000000000
16505  39.988  59.561  4.619 1425.0000000000
48058  31.042  16.834  -65.142 1426.0000000000
48057  20.678  38.915  25.668 1427.0000000000
47697  14.759  -72.403  -15.698 1430.0000000000
15976  0.529  41.838  -10.804 1431.0000000000
48792  46.023  -15.582  40.601 1433.0000000000
51099  65.297  -31.849  -0.875 1439.0000000000
51682  27.486  28.011  24.674 1444.0000000000
19760  6.541  55.636  -30.600 1445.0000000000
51715  53.241  -38.178  10.773 1446.0000000000
53207  43.966  12.952  -64.312 1449.0000000000
2815  16.113  -55.898  -10.373 1450.0000000000
2816  25.279  41.843  -35.365 1451.0000000000
5179  25.817  40.471  -36.879 1452.0000000000
7762  40.827  -59.574  21.988 1453.0000000000
44386  64.330  -13.505  4.103 1456.0000000000
9639  60.718  -39.827  -19.826 1458.0000000000
45650  8.302  -67.658  -32.424 1459.0000000000
47317  12.668  -31.325  7.745 1460.0000000000
46646  46.692  67.246  -19.103 1461.0000000000
48277  50.159  50.492  4.739 1462.0000000000
11706  53.721  -19.334  20.019 1464.0000000000
13427  35.495  1.081  -9.892 1466.0000000000
13486  64.811  -25.721  -35.196 1469.0000000000
14290  8.145  56.311  17.898 1473.0000000000
15144  38.615  -6.094  24.599 1477.0000000000
19529  28.100  -45.139  21.163 1487.0000000000
22314  57.228  4.392  -40.063 1494.0000000000
25250  66.348  -23.326  4.811 1498.0000000000
1357  6.893  -25.635  -8.634 1500.0000000000
1358  46.984  4.309  -2.273 1503.0000000000
1456  32.066  -64.374  -36.745 1505.0000000000
3866  57.481  47.577  -11.009 1506.0000000000
5943  60.395  -7.906  27.975 1508.0000000000
8470  39.251  19.050  -55.916 1511.0000000000
13363  7.909  39.830  -41.419 1514.0000000000
13364  8.054  -19.555  22.238 1515.0000000000
13397  15.929  28.456  -33.675 1516.0000000000
10246  7.281  43.519  39.686 1517.0000000000
10247  35.780  -2.426  2.709 1518.0000000000
15977  43.280  19.068  34.545 1520.0000000000
18062  29.981  3.924  31.269 1522.0000000000
15978  46.134  -9.990  -16.870 1523.0000000000
18868  6.505  53.396  13.655 1526.0000000000
21535  33.744  22.309  10.106 1529.0000000000
21617  56.172  8.765  -16.962 1531.0000000000
23884  10.564  -55.326  -21.706 1532.0000000000
23941  10.080  77.933  -13.505 1534.0000000000
2814  43.418  54.579  -35.036 1535.0000000000
2857  49.354  38.878  0.904 1536.0000000000
5222  20.016  -17.868  -30.041 1537.0000000000
7794  43.356  7.030  42.960 1538.0000000000
8205  16.316  -10.736  16.677 1539.0000000000
8235  41.811  -19.809  31.811 1540.0000000000
8508  14.624  52.983  26.220 1541.0000000000
9205  3.034  20.453  -22.121 1542.0000000000
9670  52.423  -1.777  22.190 1544.0000000000
11014  42.004  18.845  -61.263 1545.0000000000
10273  56.139  -22.913  -43.459 1546.0000000000
12384  18.707  23.144  43.885 1551.0000000000
13523  2.819  -15.809  5.135 1556.0000000000
15143  49.352  -47.200  11.340 1559.0000000000
16437  14.209  -62.158  16.306 1561.0000000000
16464  15.202  -48.931  -7.957 1562.0000000000
22315  54.501  4.296  -40.713 1569.0000000000
1356  32.121  23.861  -61.309 1580.0000000000
1404  6.699  54.885  -19.348 1581.0000000000
3865  10.755  -16.644  7.827 1584.0000000000
5980  6.597  -45.607  30.882 1588.0000000000
8502  22.716  -27.517  37.174 1589.0000000000
13362  16.331  -41.707  11.942 1594.0000000000
13426  3.532  -17.436  4.993 1595.0000000000
32704  33.609  28.112  -50.672 1598.0000000000
15998  40.980  -34.810  27.148 1600.0000000000
16534  55.746  -7.772  22.584 1601.0000000000
34979  37.050  -65.656  0.630 1603.0000000000
35020  8.004  3.425  23.130 1604.0000000000
18063  29.589  2.858  32.772 1605.0000000000
36955  48.527  15.846  -61.807 1607.0000000000
18090  7.038  -3.049  56.292 1608.0000000000
38751  32.691  48.303  28.609 1609.0000000000
19703  43.468  -64.284  -11.374 1610.0000000000
21564  25.715  51.698  28.621 1613.0000000000
20784  42.959  52.770  11.806 1614.0000000000
22520  11.131  27.819  -34.708 1616.0000000000
23919  30.700  -10.731  51.011 1618.0000000000
25338  11.572  45.074  4.103 1620.0000000000
26589  7.518  -71.975  -14.312 1621.0000000000
28007  33.414  69.568  -18.031 1622.0000000000
29246  30.633  -55.535  -24.296 1623.0000000000
8204  21.908  -70.089  -0.857 1626.0000000000
8507  37.395  36.771  19.953 1628.0000000000
8994  58.725  -40.525  13.136 1631.0000000000
9230  17.183  -18.170  31.329 1632.0000000000
10272  55.326  -22.080  -43.075 1634.0000000000
11034  11.710  75.011  -4.645 1636.0000000000
11725  6.968  -34.764  -5.727 1639.0000000000
5113  16.307  74.562  -1.366 1642.0000000000
42849  36.675  10.061  -12.726 1645.0000000000
13428  36.398  2.452  -10.786 1646.0000000000
7014  37.078  20.828  22.642 1648.0000000000
15175  44.827  -37.751  13.000 1650.0000000000
13121  26.372  -57.524  24.894 1652.0000000000
13913  44.983  25.630  -41.039 1653.0000000000
22346  5.152  0.700  41.543 1657.0000000000
19618  40.069  11.487  -21.647 1658.0000000000
22104  39.892  74.280  -13.963 1663.0000000000
23861  14.929  -56.344  -13.166 1665.0000000000
26173  64.678  -18.846  11.583 1668.0000000000
30214  21.496  62.482  13.774 1671.0000000000
27279  41.530  2.761  14.033 1672.0000000000
31549  7.751  -67.861  -12.617 1674.0000000000
31574  37.106  42.560  26.739 1675.0000000000
35000  34.876  -73.570  -8.426 1678.0000000000
35430  42.603  -12.424  -9.565 1679.0000000000
35470  21.121  32.496  36.687 1680.0000000000
37245  28.968  -59.846  -2.350 1683.0000000000
35026  55.417  42.810  -2.580 1685.0000000000
37357  30.687  -76.269  -29.557 1686.0000000000
35078  15.063  -21.005  -19.794 1687.0000000000
33482  5.643  -73.224  -1.953 1689.0000000000
38781  56.881  45.066  -15.921 1691.0000000000
57851  22.076  -50.029  11.830 1692.0000000000
36916  50.043  -31.472  34.167 1697.0000000000
39618  35.767  -3.662  -17.047 1699.0000000000
38356  52.685  -4.743  33.557 1700.0000000000
40786  56.215  -9.111  -27.484 1701.0000000000
39628  48.628  25.945  -56.118 1702.0000000000
40993  29.023  -9.938  -37.596 1703.0000000000
40630  55.441  43.916  1.817 1704.0000000000
41352  15.763  -33.675  -10.582 1705.0000000000
41751  43.278  -44.185  12.139 1706.0000000000
42480  37.607  70.755  -16.852 1708.0000000000
44908  53.567  10.013  -17.739 1712.0000000000
45687  61.593  -36.322  4.743 1713.0000000000
4777  40.538  -8.104  -7.188 1714.0000000000
41242  22.511  16.889  51.422 1715.0000000000
39052  23.414  54.025  21.977 1717.0000000000
39506  22.908  23.279  26.867 1719.0000000000
41725  43.674  58.866  -22.365 1721.0000000000
39527  19.947  -35.977  -7.137 1722.0000000000
42041  53.316  -50.745  -27.145 1723.0000000000
39887  23.474  -52.151  38.029 1724.0000000000
40361  38.363  -19.789  -25.286 1725.0000000000
286  14.897  46.936  9.070 1727.0000000000
1476  22.216  -58.019  26.812 1728.0000000000
1475  6.031  -4.555  -3.403 1730.0000000000
4844  14.098  -29.017  40.245 1732.0000000000
4949  25.202  20.033  -53.433 1734.0000000000
8996  49.864  -11.613  39.415 1737.0000000000
10768  48.710  20.971  -1.064 1738.0000000000
13094  5.042  -54.426  -16.521 1742.0000000000
15592  22.341  -21.138  -13.564 1744.0000000000
17722  63.107  10.901  -40.461 1748.0000000000
19113  32.764  23.074  12.028 1749.0000000000
19114  29.582  3.181  51.907 1750.0000000000
20373  24.765  -73.846  10.118 1753.0000000000
22586  15.795  -56.353  -11.591 1754.0000000000
24283  55.022  -18.345  -42.088 1755.0000000000
22073  55.758  23.480  -49.314 1757.0000000000
24198  45.787  -36.693  -40.524 1763.0000000000
26241  14.676  -78.099  -29.180 1769.0000000000
28935  50.821  5.178  -46.832 1772.0000000000
30219  65.699  -5.339  13.272 1774.0000000000
32446  43.327  5.676  23.174 1776.0000000000
35042  35.424  70.247  -7.738 1779.0000000000
33523  31.980  -49.822  -24.670 1781.0000000000
36917  5.662  -10.947  22.058 1784.0000000000
35025  31.847  -31.534  25.471 1785.0000000000
35024  64.500  6.494  -15.316 1786.0000000000
35057  56.119  12.958  -7.570 1787.0000000000
36918  24.324  -51.476  22.253 1790.0000000000
38357  52.425  -5.373  34.713 1793.0000000000
38378  17.889  -74.241  -14.424 1794.0000000000
38403  20.041  30.732  45.532 1795.0000000000
39629  6.463  -72.700  1.589 1797.0000000000
40631  54.425  42.944  1.889 1800.0000000000
40644  64.551  -33.758  -11.204 1801.0000000000
41797  41.247  19.844  22.664 1802.0000000000
41807  28.321  -34.821  -12.643 1803.0000000000
42286  24.166  6.146  49.565 1804.0000000000
42530  17.172  -73.954  -19.841 1805.0000000000
43033  66.980  -11.104  -24.322 1806.0000000000
43721  30.654  -7.505  -36.128 1807.0000000000
44631  60.197  17.840  -39.315 1810.0000000000
45431  45.979  48.711  18.928 1812.0000000000
46241  60.766  -36.881  3.320 1813.0000000000
41342  22.100  32.418  25.038 1817.0000000000
41706  44.047  -42.277  -26.464 1818.0000000000
41705  34.241  -44.003  30.933 1819.0000000000
31015  13.148  -46.597  6.708 1821.0000000000
42516  6.833  -48.222  -16.587 1823.0000000000
43168  48.789  21.949  31.793 1824.0000000000
2618  22.653  -59.557  30.195 1827.0000000000
3064  27.636  23.937  -62.112 1828.0000000000
6975  31.735  -33.978  30.015 1829.0000000000
5210  56.972  -5.231  18.317 1833.0000000000
11542  21.638  58.127  10.089 1834.0000000000
13885  60.249  -33.035  -39.634 1837.0000000000
9457  16.755  -0.325  22.446 1839.0000000000
10800  52.331  -5.235  -17.822 1842.0000000000
20644  39.800  16.686  12.729 1844.0000000000
22606  46.365  48.987  -33.188 1846.0000000000
13150  37.276  17.026  18.255 1848.0000000000
15512  36.258  13.660  -56.276 1854.0000000000
26294  44.786  -45.225  29.261 1855.0000000000
27570  16.843  -36.327  3.986 1857.0000000000
17877  7.529  45.557  20.356 1858.0000000000
19937  29.707  -45.704  35.797 1861.0000000000
33500  43.587  37.502  -7.531 1862.0000000000
35095  22.633  -21.901  -27.922 1865.0000000000
20765  65.252  -19.659  14.925 1866.0000000000
36981  8.746  -49.770  -21.915 1868.0000000000
37051  35.057  55.045  10.408 1869.0000000000
23269  43.486  -40.386  -26.410 1871.0000000000
38442  34.864  -5.567  1.988 1873.0000000000
23178  7.441  19.934  44.905 1874.0000000000
24719  39.099  5.720  29.084 1878.0000000000
39685  54.432  19.374  23.307 1880.0000000000
26085  55.466  5.814  28.344 1881.0000000000
27471  6.459  -36.419  27.287 1885.0000000000
41834  51.444  -58.961  -9.401 1886.0000000000
29046  41.130  -1.068  47.241 1887.0000000000
32787  63.312  -6.869  -27.100 1890.0000000000
43708  49.258  -45.126  8.379 1892.0000000000
44615  6.768  16.434  41.242 1893.0000000000
45419  1.239  4.944  -29.182 1894.0000000000
46224  36.087  -38.815  37.318 1895.0000000000
3513  45.999  31.885  -44.706 1896.0000000000
29562  4.100  -21.585  49.782 1897.0000000000
29581  28.488  -44.504  26.157 1898.0000000000
41355  26.222  -68.001  -27.852 1900.0000000000
285  14.567  46.801  10.199 1905.0000000000
3063  5.784  -46.579  32.823 1911.0000000000
4165  25.426  13.616  48.367 1912.0000000000
5211  37.391  74.753  -16.049 1918.0000000000
6020  16.039  -33.648  18.960 1920.0000000000
6996  8.685  -57.861  22.891 1924.0000000000
7723  48.153  3.486  -54.011 1925.0000000000
7722  48.353  2.466  -52.774 1926.0000000000
7787  39.889  1.693  -53.646 1927.0000000000
7968  65.501  -29.732  -13.394 1928.0000000000
7967  18.269  -32.356  -22.113 1929.0000000000
8026  44.856  -65.870  -19.902 1930.0000000000
9431  44.612  -50.101  7.524 1932.0000000000
9496  36.022  -48.696  7.324 1933.0000000000
10490  28.227  -17.403  -32.034 1934.0000000000
10455  37.075  -11.490  37.833 1936.0000000000
12084  5.387  14.116  -35.720 1938.0000000000
12138  52.234  -8.372  -10.939 1940.0000000000
13149  38.875  16.117  18.032 1942.0000000000
14582  35.458  54.474  -6.093 1946.0000000000
15477  28.433  35.953  21.002 1948.0000000000
16896  5.809  -46.144  17.005 1950.0000000000
17847  7.191  -42.953  7.586 1952.0000000000
17848  47.706  17.755  -6.032 1953.0000000000
18654  19.877  82.280  -5.751 1954.0000000000
18655  55.314  -49.302  -9.655 1955.0000000000
19936  7.988  -58.644  13.857 1956.0000000000
23179  43.621  -0.152  38.929 1963.0000000000
27387  33.957  60.981  17.235 1970.0000000000
30241  56.693  -25.830  -24.320 1977.0000000000
29070  57.357  14.950  24.805 1978.0000000000
31671  24.806  -83.463  -18.860 1980.0000000000
32788  64.903  12.968  -5.587 1981.0000000000
32806  64.713  13.855  -5.770 1982.0000000000
33745  6.959  51.482  -2.339 1983.0000000000
32857  32.755  -11.298  45.191 1984.0000000000
34917  5.604  -48.338  -3.739 1985.0000000000
36294  34.381  -58.948  -0.788 1988.0000000000
30314  61.317  -26.269  11.026 1992.0000000000
30358  18.188  -70.580  -15.669 1993.0000000000
30993  27.629  -25.330  -24.591 1994.0000000000
30994  15.056  -76.636  8.461 1996.0000000000
31566  1.692  3.600  -26.782 1997.0000000000
284  14.397  47.600  9.762 1998.0000000000
345  6.945  13.703  51.926 1999.0000000000
2668  29.082  4.904  -49.158 2000.0000000000
3503  15.549  -43.021  3.379 2001.0000000000
4921  28.115  -60.791  24.979 2002.0000000000
4266  56.488  25.993  -14.634 2003.0000000000
34835  50.280  -6.426  7.162 2004.0000000000
4978  11.479  54.268  -22.882 2005.0000000000
35351  32.215  -7.583  -26.578 2010.0000000000
6713  15.977  53.356  0.282 2011.0000000000
35918  60.250  -11.113  23.754 2014.0000000000
36218  55.908  18.768  -9.239 2016.0000000000
36338  4.259  -57.477  -14.240 2017.0000000000
37338  7.661  -59.168  4.774 2025.0000000000
13720  7.412  -20.516  8.350 2027.0000000000
14600  9.857  67.283  24.138 2029.0000000000
15544  60.425  -3.480  -49.009 2032.0000000000
39531  38.379  6.998  -19.603 2033.0000000000
16953  53.127  4.464  -13.822 2034.0000000000
39935  35.269  15.676  -65.148 2035.0000000000
17901  23.003  -66.662  -23.271 2036.0000000000
40234  11.005  -36.592  13.194 2037.0000000000
18685  47.022  -63.895  -8.886 2038.0000000000
19988  50.417  -28.499  -4.229 2040.0000000000
20744  60.685  5.402  23.525 2041.0000000000
23270  63.133  -26.832  12.761 2042.0000000000
21501  1.381  1.533  -14.464 2044.0000000000
24720  31.139  -44.423  -33.812 2045.0000000000
23203  26.964  38.432  -30.267 2046.0000000000
23180  44.127  1.116  39.445 2047.0000000000
26086  36.409  -67.278  -6.344 2050.0000000000
27388  28.375  21.064  -31.334 2053.0000000000
27418  12.017  46.993  -36.091 2056.0000000000
28759  45.692  -6.199  -21.856 2059.0000000000
27443  37.597  9.683  35.584 2060.0000000000
31636  35.768  72.974  -25.238 2062.0000000000
31692  7.474  24.741  30.913 2064.0000000000
34939  38.887  -9.684  -33.583 2067.0000000000
36293  9.728  51.368  12.586 2069.0000000000
30245  33.722  71.792  -2.319 2070.0000000000
30286  43.693  60.265  -27.138 2071.0000000000
30337  19.649  -54.361  -31.863 2072.0000000000
35814  62.089  23.508  -3.841 2090.0000000000
35936  48.799  22.572  -4.161 2091.0000000000
36404  7.425  7.498  21.222 2093.0000000000
36851  51.246  34.974  16.050 2096.0000000000
38126  44.032  49.967  19.485 2098.0000000000
38636  22.764  -70.946  12.357 2099.0000000000
39095  44.285  9.051  39.122 2100.0000000000
39776  4.910  38.925  -43.385 2101.0000000000
26448  43.795  58.069  6.886 2102.0000000000
52817  45.237  -23.374  -31.541 2106.0000000000
41207  64.538  3.649  -35.285 2107.0000000000
53109  26.318  -55.647  21.776 2109.0000000000
41334  27.641  -74.605  -18.383 2111.0000000000
54017  30.016  -80.082  -10.095 2112.0000000000
53686  65.579  -13.355  14.448 2114.0000000000
53638  54.010  1.384  2.563 2115.0000000000
42221  25.686  -71.868  -31.095 2116.0000000000
31118  25.751  27.683  -35.017 2118.0000000000
54698  35.882  51.286  -27.415 2119.0000000000
43119  13.406  21.608  34.259 2120.0000000000
43219  9.887  25.056  16.611 2122.0000000000
55242  27.538  -82.525  -22.254 2126.0000000000
44900  13.466  -21.462  41.068 2127.0000000000
54691  47.573  -54.458  13.400 2128.0000000000
55651  26.597  -61.761  -25.771 2139.0000000000
45756  36.072  -62.724  2.242 2143.0000000000
45806  19.483  -28.706  47.237 2146.0000000000
47873  36.371  12.623  -55.857 2148.0000000000
47885  18.772  -61.579  -13.227 2150.0000000000
47911  21.977  -8.723  -34.082 2152.0000000000
48963  19.212  -72.513  -17.313 2153.0000000000
49639  37.582  54.976  5.478 2154.0000000000
50118  24.889  -48.245  -27.284 2155.0000000000
44626  1.502  15.064  -1.800 2156.0000000000
13547  37.993  -17.390  -34.061 2160.0000000000
14476  16.226  -1.004  18.157 2162.0000000000
45397  37.866  21.831  -39.406 2163.0000000000
46059  28.344  -49.722  42.343 2166.0000000000
17545  42.223  -18.505  -38.859 2167.0000000000
17578  34.374  -6.449  -12.384 2174.0000000000
47214  55.409  12.898  -28.908 2175.0000000000
19102  7.843  -29.738  -3.051 2177.0000000000
48564  32.321  -14.943  -19.166 2179.0000000000
48572  17.575  25.855  39.672 2180.0000000000
20568  51.020  35.892  14.644 2182.0000000000
21274  42.952  -0.137  45.115 2184.0000000000
21140  21.037  -25.485  46.356 2185.0000000000
21367  11.836  -40.886  32.325 2187.0000000000
22656  31.172  16.280  -32.522 2193.0000000000
51311  30.962  57.029  -25.940 2195.0000000000
51988  35.905  -0.810  -42.901 2196.0000000000
53145  42.917  -37.232  -23.510 2202.0000000000
26354  62.338  -38.228  -13.809 2203.0000000000
59207  41.581  -17.302  19.522 2205.0000000000
53673  43.164  8.696  13.843 2206.0000000000
27180  20.694  -74.830  6.360 2207.0000000000
54025  31.351  -27.907  47.895 2210.0000000000
30598  17.760  -16.360  28.548 2214.0000000000
32256  10.167  76.675  -25.580 2224.0000000000
33172  7.214  -41.315  8.963 2228.0000000000
45791  47.507  -5.824  -11.785 2229.0000000000
17948  22.525  -11.778  55.001 2230.0000000000
45792  51.267  -34.545  32.041 2231.0000000000
56764  55.649  -31.554  -4.800 2233.0000000000
3334  15.038  80.828  -9.205 2234.0000000000
3335  6.882  44.726  34.330 2235.0000000000
6132  44.761  -11.898  -36.541 2236.0000000000
9344  25.634  -36.279  40.400 2237.0000000000
13483  3.740  -18.576  4.730 2238.0000000000
13484  46.667  -48.013  13.006 2239.0000000000
13516  11.441  45.001  25.161 2241.0000000000
13517  34.824  -9.603  3.184 2242.0000000000
14446  57.113  -17.644  2.990 2243.0000000000
14447  35.308  -16.964  36.302 2245.0000000000
15294  9.992  18.410  33.837 2246.0000000000
15295  21.328  7.200  -29.817 2247.0000000000
16851  26.435  65.157  16.648 2250.0000000000
17977  2.009  8.742  -11.799 2253.0000000000
18414  49.740  5.976  -1.638 2254.0000000000
19216  17.548  12.420  42.523 2256.0000000000
19781  42.040  -63.360  -11.722 2257.0000000000
19864  14.890  65.770  14.155 2258.0000000000
20569  37.871  -59.220  13.840 2259.0000000000
19917  58.157  16.032  -40.678 2260.0000000000
23550  11.123  -22.920  56.655 2269.0000000000
24374  34.127  -73.231  -34.913 2271.0000000000
26331  58.350  21.838  -13.880 2273.0000000000
25046  66.633  7.060  -4.170 2275.0000000000
25045  34.413  74.939  -16.509 2276.0000000000
26330  62.994  -37.695  -13.489 2278.0000000000
28749  23.030  -3.366  -39.376 2281.0000000000
28748  43.952  7.262  26.963 2283.0000000000
27154  18.991  3.931  46.247 2284.0000000000
28747  12.243  19.977  38.604 2288.0000000000
31119  17.609  -40.746  11.268 2289.0000000000
30145  25.429  14.936  49.213 2290.0000000000
30144  27.125  15.247  48.911 2291.0000000000
32095  8.473  78.362  -27.235 2293.0000000000
17946  6.924  -22.749  12.028 2304.0000000000
21563  25.305  52.115  30.086 2305.0000000000
36474  21.538  32.557  25.804 2308.0000000000
3333  20.208  -51.493  -9.935 2309.0000000000
3375  18.187  -47.554  18.442 2310.0000000000
6165  46.011  -10.914  -37.295 2311.0000000000
39119  31.898  -61.105  -1.914 2312.0000000000
13482  2.922  -17.530  4.741 2313.0000000000
39833  4.355  -60.018  -2.473 2318.0000000000
40030  25.486  20.478  -49.586 2319.0000000000
15401  55.952  -29.265  -16.854 2326.0000000000
17614  15.140  67.936  -9.991 2329.0000000000
18000  8.910  57.360  13.903 2332.0000000000
18444  53.663  10.980  -20.328 2334.0000000000
19132  29.281  79.182  -28.881 2335.0000000000
19240  47.565  -38.456  -39.461 2336.0000000000
19806  53.333  -16.399  -39.957 2337.0000000000
19893  40.870  -49.479  1.563 2338.0000000000
19953  53.916  -20.678  -4.214 2340.0000000000
21181  8.268  -11.227  56.323 2341.0000000000
21206  52.944  -36.471  8.949 2343.0000000000
21302  12.582  -40.247  31.862 2344.0000000000
21388  41.989  -34.151  22.711 2346.0000000000
23591  9.655  43.395  23.566 2348.0000000000
24783  32.224  61.163  20.431 2350.0000000000
46858  10.830  -25.556  29.210 2353.0000000000
26379  53.645  -38.872  27.094 2354.0000000000
47576  24.890  69.495  -24.051 2357.0000000000
27208  14.899  61.702  17.575 2358.0000000000
47577  25.718  69.495  -24.156 2362.0000000000
27679  43.754  58.580  -6.359 2363.0000000000
28765  44.908  -24.838  2.468 2367.0000000000
32096  33.477  7.534  -59.519 2370.0000000000
50726  0.752  33.100  -0.737 2378.0000000000
33171  47.082  -2.948  18.012 2380.0000000000
34773  14.454  -85.032  -7.407 2383.0000000000
20099  17.349  4.818  51.643 2391.0000000000
17947  44.588  -34.413  8.357 2398.0000000000
36180  19.863  8.606  -45.037 2399.0000000000
36928  12.268  -36.291  -19.956 2400.0000000000
37447  48.272  -21.682  -32.836 2401.0000000000
38079  17.892  -74.973  -20.331 2402.0000000000
3661  29.159  44.651  10.381 2403.0000000000
3733  56.769  -10.800  -9.543 2404.0000000000
5346  62.026  17.288  1.883 2406.0000000000
5542  50.100  9.723  22.082 2410.0000000000
40803  5.078  -62.260  -3.670 2413.0000000000
41375  8.848  -40.628  -0.024 2414.0000000000
9713  34.457  29.177  -30.097 2416.0000000000
42843  40.249  -11.590  46.866 2420.0000000000
42887  54.986  20.016  18.065 2422.0000000000
11732  47.815  -41.739  24.183 2423.0000000000
43509  34.890  -40.122  22.327 2424.0000000000
14148  13.119  41.918  -42.804 2425.0000000000
44400  6.448  -25.505  31.118 2430.0000000000
16442  9.107  52.872  36.639 2434.0000000000
19273  40.766  -52.297  -21.153 2440.0000000000
45162  51.896  7.081  9.220 2441.0000000000
19272  40.801  -53.803  -21.677 2444.0000000000
19310  39.986  1.166  -38.865 2445.0000000000
46337  54.689  -33.026  -1.946 2447.0000000000
46909  16.464  -19.622  -23.552 2450.0000000000
47637  43.643  -16.408  43.720 2451.0000000000
48678  9.450  -22.649  4.374 2453.0000000000
47978  15.058  80.975  -35.199 2455.0000000000
23649  9.007  25.204  -25.253 2456.0000000000
49705  40.412  -55.912  27.048 2459.0000000000
59291  8.712  -66.741  -25.874 2460.0000000000
59296  9.498  36.306  44.470 2461.0000000000
59427  38.254  -69.835  -11.685 2463.0000000000
59404  45.937  29.739  -11.273 2464.0000000000
27093  64.743  -1.245  12.263 2465.0000000000
50128  42.487  31.997  5.959 2468.0000000000
59595  48.800  5.425  -57.133 2469.0000000000
28371  68.001  -22.595  -22.354 2470.0000000000
59775  29.267  34.500  -55.482 2472.0000000000
29119  13.253  -13.629  43.598 2474.0000000000
51932  45.741  36.855  -44.418 2475.0000000000
30302  48.802  5.897  -57.899 2477.0000000000
60130  9.296  -16.257  57.563 2479.0000000000
53634  36.831  28.206  29.411 2482.0000000000
53643  35.139  25.861  26.742 2484.0000000000
37  29.959  -15.221  -20.915 2485.0000000000
2562  46.286  32.639  -40.039 2486.0000000000
4002  5.433  63.792  -38.536 2487.0000000000
3700  67.699  0.692  -29.838 2490.0000000000
5415  47.413  -55.123  -8.753 2493.0000000000
7494  8.469  77.579  7.415 2499.0000000000
8371  7.330  -51.939  -12.639 2500.0000000000
9712  9.600  81.990  -13.160 2504.0000000000
10662  34.973  2.146  20.958 2506.0000000000
11404  6.238  -14.541  32.855 2507.0000000000
11894  47.081  -19.826  18.963 2509.0000000000
14149  17.530  58.048  20.229 2512.0000000000
14916  22.064  -51.259  -11.400 2515.0000000000
16175  45.058  -57.920  16.050 2516.0000000000
16174  10.740  36.276  22.136 2517.0000000000
16173  39.574  12.571  -19.492 2519.0000000000
16419  27.418  -26.788  -35.432 2520.0000000000
17956  34.963  17.452  -6.881 2523.0000000000
19271  64.967  -12.709  5.371 2528.0000000000
20331  37.496  -71.107  -9.257 2533.0000000000
20332  12.042  41.542  38.743 2536.0000000000
20333  35.201  -68.641  2.903 2537.0000000000
22193  68.181  4.174  -17.460 2538.0000000000
25725  40.036  -56.463  -13.944 2540.0000000000
24474  32.723  -9.106  -25.574 2541.0000000000
27092  12.979  -73.012  15.144 2542.0000000000
58638  31.448  43.171  -29.754 2543.0000000000
27091  16.951  73.026  -33.409 2544.0000000000
30707  31.239  77.749  -26.829 2550.0000000000
32507  41.029  3.072  -27.963 2551.0000000000
32508  35.825  14.166  23.271 2552.0000000000
32528  57.262  -15.858  -9.963 2553.0000000000
38  27.858  -16.057  -22.222 2554.0000000000
36  27.655  -16.242  -22.019 2555.0000000000
2607  10.685  60.923  -29.996 2556.0000000000
35432  56.645  -1.525  -18.643 2557.0000000000
6447  5.396  -53.483  -12.931 2559.0000000000
5321  44.201  0.493  25.110 2561.0000000000
5375  41.966  67.595  -2.180 2562.0000000000
5450  15.038  82.454  -20.095 2566.0000000000
10489  55.244  -50.662  -8.857 2571.0000000000
6514  42.152  64.099  -0.038 2572.0000000000
7526  18.976  -20.960  23.119 2573.0000000000
9742  10.554  78.091  -13.839 2575.0000000000
11731  36.077  58.512  20.200 2581.0000000000
20384  60.976  22.343  -11.021 2582.0000000000
22710  60.027  -8.339  19.472 2583.0000000000
24030  33.719  -3.955  1.211 2585.0000000000
27960  34.503  35.616  8.057 2591.0000000000
14147  48.653  -31.246  -40.094 2592.0000000000
29559  19.834  12.278  -29.605 2593.0000000000
16198  6.949  11.352  46.205 2596.0000000000
52469  24.989  60.350  11.139 2599.0000000000
34960  54.562  22.761  -24.868 2601.0000000000
53280  43.342  22.123  -52.608 2602.0000000000
35988  9.870  -48.919  -11.673 2604.0000000000
17955  25.142  -42.025  -17.510 2605.0000000000
37032  4.307  -16.720  -10.860 2608.0000000000
19341  50.316  59.453  -10.886 2609.0000000000
20713  43.788  -23.626  -44.175 2611.0000000000
22158  41.309  45.685  6.897 2616.0000000000
39363  47.148  56.518  5.856 2617.0000000000
23628  35.045  -77.100  -23.624 2618.0000000000
40602  10.096  -35.325  37.450 2619.0000000000
57869  52.201  -23.962  32.540 2623.0000000000
44687  39.682  -26.244  17.713 2628.0000000000
28370  25.405  5.058  -46.569 2634.0000000000
30303  42.785  43.621  16.995 2637.0000000000
46813  57.908  -34.249  -40.730 2639.0000000000
32509  8.487  -32.078  18.804 2641.0000000000
33302  42.527  -66.091  1.424 2642.0000000000
45558  7.493  -44.011  9.360 2643.0000000000
33591  9.712  12.867  -33.382 2644.0000000000
34443  44.304  64.971  -2.094 2645.0000000000
3144  36.378  21.049  -15.129 2649.0000000000
9495  59.555  -26.589  21.674 2650.0000000000
9569  19.007  51.021  -39.819 2653.0000000000
9602  15.478  -28.062  36.755 2654.0000000000
11346  49.087  3.246  -54.947 2658.0000000000
11347  31.403  -26.700  -32.271 2661.0000000000
13587  33.618  -44.550  41.212 2663.0000000000
16020  32.692  -8.201  0.934 2666.0000000000
18301  48.579  65.195  -17.347 2667.0000000000
18234  22.152  -66.129  -23.639 2669.0000000000
20348  25.062  72.001  12.299 2672.0000000000
21794  66.227  7.716  -33.857 2674.0000000000
21819  65.777  8.932  -34.030 2675.0000000000
22709  64.458  -9.629  -7.063 2677.0000000000
22761  61.742  -3.531  0.939 2678.0000000000
24052  14.296  71.671  8.358 2681.0000000000
25802  40.594  16.052  -13.876 2685.0000000000
27959  34.631  -46.342  7.915 2687.0000000000
31561  53.878  -37.460  23.052 2695.0000000000
32252  44.947  -58.667  8.732 2697.0000000000
34959  16.412  -16.292  48.758 2700.0000000000
34973  13.745  41.114  33.803 2702.0000000000
35987  5.403  45.513  -25.478 2703.0000000000
37982  5.630  -61.606  -1.825 2709.0000000000
39316  30.312  38.033  -21.033 2710.0000000000
39362  31.552  26.490  -50.339 2711.0000000000
40601  34.529  24.081  23.847 2715.0000000000
40661  39.136  -46.730  -3.205 2716.0000000000
42137  67.546  -8.418  -27.979 2722.0000000000
46066  37.355  2.567  -41.490 2725.0000000000
46117  2.866  22.233  -39.021 2726.0000000000
5391  19.330  58.614  26.620 2727.0000000000
45857  13.644  -64.323  20.437 2732.0000000000
46575  36.040  -5.277  -39.627 2737.0000000000
8604  51.626  -49.892  8.104 2739.0000000000
46576  24.231  -20.457  -22.929 2741.0000000000
46636  12.758  -35.082  31.305 2742.0000000000
47549  25.270  -17.591  -18.925 2743.0000000000
48396  44.075  20.733  23.174 2746.0000000000
49405  36.260  20.123  10.705 2747.0000000000
50470  28.423  -43.201  30.877 2750.0000000000
51055  49.405  -42.346  30.264 2751.0000000000
9516  65.175  6.731  7.330 2752.0000000000
54278  32.223  12.736  -36.719 2758.0000000000
54298  8.036  31.336  4.640 2759.0000000000
11111  20.474  -72.863  -27.409 2760.0000000000
27119  42.573  -16.468  -36.595 2763.0000000000
54667  5.417  -28.612  35.116 2764.0000000000
27206  19.527  77.034  -21.114 2765.0000000000
13669  6.629  -22.340  7.933 2767.0000000000
16060  37.021  -45.336  38.215 2769.0000000000
28491  36.112  -39.892  38.442 2771.0000000000
29594  34.322  -22.835  47.899 2773.0000000000
20445  63.287  7.289  -31.770 2774.0000000000
29593  34.004  -23.134  48.718 2775.0000000000
21871  6.239  -15.802  33.495 2776.0000000000
25834  36.447  -36.878  29.117 2779.0000000000
36135  64.020  -16.403  22.758 2786.0000000000
38987  28.971  -56.452  -29.937 2789.0000000000
39418  18.695  -11.238  19.248 2793.0000000000
54323  28.068  22.612  -57.138 2798.0000000000
34961  6.638  15.123  37.312 2799.0000000000
37018  64.632  3.823  0.762 2805.0000000000
37958  9.638  84.643  -8.350 2806.0000000000
39341  36.530  -35.367  15.722 2807.0000000000
42212  28.537  23.176  -31.845 2809.0000000000
42222  44.934  15.878  -58.239 2810.0000000000
245  8.077  -28.215  11.729 2815.0000000000
246  7.335  -27.314  12.635 2819.0000000000
5390  28.482  -33.397  50.779 2822.0000000000
8605  48.040  -49.903  8.616 2826.0000000000
5392  51.621  28.554  -16.176 2828.0000000000
11499  12.198  2.542  21.126 2832.0000000000
8637  57.847  -27.613  -36.759 2833.0000000000
8606  49.804  -49.256  7.711 2834.0000000000
15967  14.014  66.008  17.540 2837.0000000000
47523  11.797  -33.869  54.033 2838.0000000000
16022  36.055  63.232  -7.307 2841.0000000000
15968  53.540  10.077  -39.902 2842.0000000000
18115  1.215  2.282  -11.182 2844.0000000000
18157  53.128  38.722  4.064 2846.0000000000
19628  38.421  71.923  -27.044 2847.0000000000
20497  37.365  43.633  28.167 2848.0000000000
21588  29.975  69.969  -29.570 2849.0000000000
27121  34.807  38.088  5.643 2851.0000000000
27205  61.213  -3.426  22.324 2855.0000000000
27351  18.873  -13.708  22.796 2858.0000000000
27392  55.191  -2.844  -1.441 2859.0000000000
28490  42.746  59.808  -21.861 2861.0000000000
31016  39.879  22.876  3.691 2865.0000000000
32678  45.316  -23.730  -2.390 2867.0000000000
34785  51.669  16.453  -43.328 2871.0000000000
36136  6.602  -44.618  20.603 2873.0000000000
37206  30.494  -44.670  34.284 2875.0000000000
38986  31.343  41.712  26.947 2878.0000000000
39444  37.118  43.948  5.317 2885.0000000000
40962  25.983  72.557  0.875 2887.0000000000
40963  57.196  -9.859  17.340 2888.0000000000
41504  46.537  -35.900  10.575 2891.0000000000
41788  38.437  -74.871  -18.777 2894.0000000000
42213  41.517  -47.227  -5.224 2895.0000000000
244  1.645  8.915  2.800 2902.0000000000
44136  23.288  8.509  31.091 2908.0000000000
11415  17.074  7.988  40.344 2909.0000000000
8863  50.542  2.846  -54.236 2912.0000000000
49089  33.739  58.063  -32.752 2914.0000000000
48338  48.934  41.963  10.433 2915.0000000000
11472  66.959  -12.791  -23.341 2916.0000000000
15995  47.488  15.323  -38.987 2918.0000000000
15969  38.554  -35.598  -33.610 2919.0000000000
18138  48.027  -18.041  24.634 2922.0000000000
16042  61.289  17.646  15.025 2923.0000000000
18183  48.713  -38.403  -10.608 2925.0000000000
49743  67.436  -13.647  -4.521 2926.0000000000
19651  15.312  8.715  -32.811 2927.0000000000
50175  27.178  54.571  4.710 2928.0000000000
20511  7.020  13.784  10.054 2929.0000000000
51005  45.696  64.411  -31.172 2930.0000000000
28466  42.176  60.523  -21.825 2932.0000000000
49957  24.125  -17.286  -24.982 2933.0000000000
28527  37.904  7.812  -54.756 2934.0000000000
50094  55.119  35.465  1.313 2935.0000000000
29638  9.848  24.127  30.511 2936.0000000000
50370  12.907  2.183  30.690 2937.0000000000
33049  30.077  42.972  13.744 2939.0000000000
33747  43.831  52.558  -32.814 2941.0000000000
38988  14.408  56.017  6.474 2947.0000000000
39419  28.983  38.528  -22.877 2950.0000000000
40961  54.019  -33.032  -11.064 2958.0000000000
41542  15.842  -76.157  -11.942 2960.0000000000
41776  23.955  2.592  54.155 2961.0000000000
55289  3.731  -23.042  -10.959 2963.0000000000
42211  1.671  22.063  -8.159 2964.0000000000
42238  61.515  -18.288  21.000 2965.0000000000
45835  62.240  -11.780  -26.730 2975.0000000000
46943  4.989  -69.353  -5.953 2979.0000000000
47201  12.770  28.090  47.502 2980.0000000000
1978  31.121  5.559  45.870 2981.0000000000
48324  30.005  -80.199  -26.267 2983.0000000000
48309  27.390  -34.938  29.414 2984.0000000000
3340  39.849  -41.168  -28.938 2985.0000000000
3253  16.066  -27.809  -25.943 2986.0000000000
49097  5.396  42.419  -4.579 2987.0000000000
49090  50.811  31.079  18.599 2988.0000000000
48345  12.300  -8.824  56.841 2989.0000000000
5143  27.670  -65.026  25.807 2990.0000000000
49790  26.432  79.906  -6.697 2991.0000000000
49380  11.044  79.742  -5.092 2992.0000000000
50010  42.858  -45.673  -9.670 2994.0000000000
58629  21.074  -58.280  28.183 2995.0000000000
50461  51.583  43.694  -21.707 2996.0000000000
51027  52.928  -48.691  -28.810 2998.0000000000
50073  19.324  -54.583  22.764 2999.0000000000
50287  62.375  8.456  19.535 3000.0000000000
11425  10.923  -37.793  15.193 3001.0000000000
50741  52.963  33.304  4.626 3002.0000000000
51334  6.374  40.572  5.159 3003.0000000000
13938  4.184  -18.752  46.885 3004.0000000000
51947  8.463  71.104  -33.421 3005.0000000000
53209  18.469  -58.459  -27.449 3009.0000000000
17054  41.817  45.764  -3.347 3012.0000000000
54131  4.383  58.835  -43.040 3013.0000000000
20618  5.272  -45.199  35.344 3019.0000000000
20637  1.727  2.932  -16.443 3020.0000000000
23794  37.231  4.007  -42.909 3024.0000000000
24221  60.114  15.236  -45.690 3025.0000000000
25850  52.453  -9.142  -10.360 3027.0000000000
1979  13.901  -12.614  43.634 3030.0000000000
2016  40.470  68.253  0.485 3032.0000000000
3377  36.682  -47.122  27.571 3035.0000000000
6366  28.740  -48.585  23.037 3037.0000000000
6695  33.739  43.769  31.914 3038.0000000000
5180  51.516  -0.955  -22.394 3039.0000000000
8127  18.092  -11.361  17.715 3040.0000000000
8107  56.114  -38.756  -4.206 3041.0000000000
10474  6.607  54.016  -2.961 3043.0000000000
11913  42.736  49.415  -25.373 3046.0000000000
12323  52.358  -15.287  30.351 3047.0000000000
12325  26.614  -33.994  28.549 3049.0000000000
13939  4.153  -17.606  46.706 3050.0000000000
14877  47.464  25.613  -42.040 3051.0000000000
16311  47.788  -6.309  -12.474 3053.0000000000
17951  65.519  4.349  -39.068 3055.0000000000
18274  42.184  -48.577  4.745 3058.0000000000
25865  25.795  -74.228  7.007 3066.0000000000
3292  8.534  51.704  -34.016 3070.0000000000
3254  19.648  -60.266  30.891 3071.0000000000
3499  60.843  17.161  -19.173 3073.0000000000
23678  40.902  -22.206  31.617 3075.0000000000
1980  14.908  -11.449  43.729 3078.0000000000
28335  43.932  67.541  -27.046 3080.0000000000
27192  39.089  65.547  6.338 3088.0000000000
