#!ascii label  , from subject FreeSurferMNI152_0.4 vox2ras=TkReg
1046
21428  17.106  -50.502  -14.083 1.0000000000
21465  23.090  74.537  -13.298 2.0000000000
20686  22.788  73.551  -12.524 3.0000000000
41134  53.585  -39.122  12.904 4.0000000000
42022  25.052  -52.407  30.749 6.0000000000
41620  30.375  -47.403  -12.543 7.0000000000
21447  22.712  19.026  30.954 8.0000000000
42023  35.751  -21.223  -28.061 10.0000000000
21484  10.231  53.340  12.027 11.0000000000
41121  64.551  9.914  -34.355 12.0000000000
20638  9.298  -13.557  53.562 13.0000000000
41149  14.977  -83.878  -26.322 14.0000000000
42063  9.813  77.976  -38.592 15.0000000000
41659  15.293  41.878  10.553 16.0000000000
52693  30.915  34.625  -24.854 17.0000000000
53236  43.442  24.370  0.554 18.0000000000
53540  57.336  -30.577  27.905 19.0000000000
53561  33.940  31.461  5.856 20.0000000000
53739  57.246  25.796  14.556 21.0000000000
50204  49.602  -25.186  14.738 22.0000000000
52582  15.419  -36.350  -22.889 25.0000000000
52916  34.786  -27.038  -24.657 26.0000000000
53256  55.362  19.515  -22.919 27.0000000000
15185  16.506  -73.952  15.044 29.0000000000
10959  49.287  -24.667  -32.006 31.0000000000
31094  17.758  -76.879  6.788 32.0000000000
31635  67.048  -4.169  -10.048 33.0000000000
10960  50.503  -26.456  -31.666 35.0000000000
30372  49.370  -8.928  -11.378 37.0000000000
31068  38.220  35.673  12.224 38.0000000000
31623  23.721  10.745  32.106 39.0000000000
13499  39.333  68.298  -8.055 40.0000000000
10961  67.351  -15.741  -27.134 41.0000000000
32277  55.294  -11.833  24.851 42.0000000000
44103  13.422  74.781  9.744 45.0000000000
42118  53.493  52.665  -20.568 46.0000000000
42268  30.691  -38.794  24.424 47.0000000000
42641  21.437  -11.864  52.882 48.0000000000
43262  11.373  31.850  30.394 49.0000000000
43367  32.489  51.264  11.790 50.0000000000
45173  30.694  -57.186  -26.926 51.0000000000
45202  20.555  -57.023  -27.024 52.0000000000
45236  11.539  69.897  -21.550 53.0000000000
48146  12.911  -42.247  37.094 55.0000000000
49665  34.600  32.144  -5.541 58.0000000000
49729  33.311  -37.290  -33.496 60.0000000000
45816  24.793  15.337  36.301 61.0000000000
46353  32.424  17.508  -41.962 62.0000000000
46950  54.246  19.760  24.565 63.0000000000
47301  56.470  -49.046  -24.047 65.0000000000
45923  26.338  28.002  43.817 66.0000000000
47717  28.972  30.023  23.263 67.0000000000
47729  31.527  67.128  -19.263 68.0000000000
46273  16.726  -30.514  21.517 69.0000000000
48418  8.856  -8.799  57.467 70.0000000000
48053  30.892  -80.098  -18.976 72.0000000000
50459  37.954  38.154  -54.802 73.0000000000
50481  10.071  9.990  41.584 74.0000000000
44000  51.153  21.810  30.387 77.0000000000
40104  11.603  -54.431  23.539 78.0000000000
44719  50.700  -45.480  8.356 79.0000000000
45092  44.019  -51.061  29.111 80.0000000000
45527  45.458  -21.448  -41.633 81.0000000000
41452  34.763  24.398  18.214 82.0000000000
46854  18.271  -61.159  -9.356 87.0000000000
48652  16.401  59.675  19.498 88.0000000000
48674  48.843  17.140  -48.113 89.0000000000
48701  14.049  26.693  40.270 90.0000000000
47718  14.280  -80.372  -18.499 91.0000000000
47876  32.465  34.449  -14.970 92.0000000000
31489  38.585  1.800  -25.464 93.0000000000
35356  33.787  37.355  -5.653 94.0000000000
40505  23.298  -38.124  49.653 96.0000000000
41268  60.007  5.230  -22.643 97.0000000000
37325  49.403  42.860  17.528 98.0000000000
42140  24.743  25.626  -58.744 100.0000000000
42509  25.023  25.752  -59.682 101.0000000000
43869  44.437  -61.103  -6.557 102.0000000000
42691  30.472  -5.986  -37.228 103.0000000000
43905  42.539  -47.250  -21.850 105.0000000000
44654  19.833  13.233  40.823 106.0000000000
44677  22.934  -3.821  -39.146 107.0000000000
43930  16.686  -16.753  19.088 108.0000000000
42061  13.618  -31.710  18.746 109.0000000000
32436  13.922  32.828  39.619 117.0000000000
33056  5.925  60.033  -28.806 120.0000000000
33575  16.280  11.672  -31.916 121.0000000000
37341  24.933  14.938  34.866 123.0000000000
37879  63.982  -14.144  15.437 124.0000000000
35872  57.930  -46.655  1.315 125.0000000000
39597  18.391  78.883  -34.503 126.0000000000
38345  24.478  -52.418  22.753 127.0000000000
39921  8.146  -62.026  7.838 129.0000000000
40717  10.717  -30.855  45.419 130.0000000000
40762  8.775  1.603  20.137 131.0000000000
39970  7.357  -46.767  -10.485 132.0000000000
40802  41.202  61.660  -0.414 134.0000000000
41348  49.612  4.013  14.474 135.0000000000
40841  43.407  -39.745  13.499 136.0000000000
39100  40.300  35.041  13.173 138.0000000000
39085  42.788  16.626  -64.369 139.0000000000
42008  24.659  -53.037  31.630 141.0000000000
39654  48.754  18.914  11.511 142.0000000000
41657  27.097  -73.132  -16.844 146.0000000000
31490  66.719  3.856  4.287 149.0000000000
32435  46.987  -38.696  -34.064 153.0000000000
29472  11.437  -45.203  12.506 156.0000000000
33587  35.877  -52.963  -29.826 158.0000000000
34172  55.237  -16.654  -9.260 159.0000000000
35777  48.652  -49.362  -24.052 160.0000000000
32616  47.420  37.400  -7.161 161.0000000000
31702  37.593  68.724  -23.151 163.0000000000
37264  12.761  -47.001  40.901 164.0000000000
37315  13.920  -46.267  5.493 165.0000000000
37278  24.001  -53.219  41.144 167.0000000000
38171  38.531  67.567  -5.268 168.0000000000
37327  23.878  -52.673  41.827 169.0000000000
38206  52.127  5.717  -56.858 170.0000000000
39068  29.631  -5.284  32.654 171.0000000000
38254  16.849  8.906  41.024 172.0000000000
39540  39.672  22.974  -6.673 176.0000000000
37556  3.636  -23.840  -10.246 179.0000000000
33897  64.620  -9.497  -32.075 183.0000000000
35953  46.203  4.995  20.819 184.0000000000
26834  45.328  -5.426  34.984 188.0000000000
25492  25.381  76.098  -7.350 189.0000000000
26835  45.865  -4.112  33.236 190.0000000000
26856  50.114  53.084  5.449 192.0000000000
28212  35.786  -35.343  26.234 195.0000000000
23402  37.823  74.507  -15.372 196.0000000000
24632  26.454  21.074  -54.964 199.0000000000
19641  15.765  3.966  48.004 200.0000000000
26150  33.295  -68.700  -36.241 202.0000000000
29490  45.016  -5.502  43.116 203.0000000000
25766  21.714  -37.476  4.646 204.0000000000
25765  29.785  20.337  -54.694 205.0000000000
28558  63.988  -27.170  9.516 207.0000000000
26861  3.214  -4.124  -1.013 210.0000000000
32615  11.707  -56.300  -28.733 212.0000000000
28147  43.950  -45.802  13.732 213.0000000000
28148  67.263  -25.817  -22.499 214.0000000000
35019  6.735  -15.841  -10.222 217.0000000000
35018  7.519  -15.590  -10.575 218.0000000000
34037  20.508  20.907  50.134 219.0000000000
35091  5.680  13.312  19.682 222.0000000000
36042  35.000  -31.834  25.364 225.0000000000
36581  15.088  74.938  8.837 226.0000000000
33313  13.422  26.830  -35.491 230.0000000000
38173  11.307  71.217  -12.063 233.0000000000
34314  59.398  -38.449  17.117 234.0000000000
20528  63.015  -0.867  -34.549 238.0000000000
15364  35.684  -12.282  -23.664 240.0000000000
16720  7.286  -9.463  -18.299 244.0000000000
20402  40.346  9.151  -14.974 252.0000000000
21234  58.650  -23.819  9.053 254.0000000000
21788  49.725  53.643  -32.394 255.0000000000
28575  51.976  -43.201  -23.500 260.0000000000
28819  22.559  -71.807  12.854 261.0000000000
28975  15.359  44.670  10.709 263.0000000000
22582  61.208  -38.021  8.054 264.0000000000
29951  28.205  66.540  -28.761 265.0000000000
30023  9.292  69.115  -20.586 266.0000000000
24249  61.254  -3.736  23.397 271.0000000000
32292  48.071  -3.339  -9.417 272.0000000000
6783  15.519  40.235  12.584 277.0000000000
29251  27.394  62.700  13.936 278.0000000000
19743  21.051  20.221  50.763 284.0000000000
16721  12.766  35.289  42.110 289.0000000000
4286  7.968  82.021  -20.136 290.0000000000
4287  6.183  -9.784  11.437 291.0000000000
4616  6.766  -7.944  10.972 293.0000000000
19110  1.563  -17.003  2.633 294.0000000000
6177  38.026  -39.378  -30.347 295.0000000000
6219  47.211  58.351  -0.219 297.0000000000
7866  32.254  -64.143  22.831 299.0000000000
8620  67.685  -1.123  -29.022 300.0000000000
10527  18.197  50.964  -40.532 306.0000000000
21789  49.952  55.454  -32.912 307.0000000000
23355  55.716  -43.858  -19.136 308.0000000000
23439  41.405  -12.307  2.067 314.0000000000
11290  41.907  -24.301  16.617 315.0000000000
17656  20.387  -30.082  -28.419 318.0000000000
18016  6.103  -4.399  55.908 323.0000000000
7502  5.036  20.915  -39.796 324.0000000000
9565  14.494  -60.806  27.354 329.0000000000
16738  42.892  54.485  -11.339 333.0000000000
759  48.310  -51.866  -4.346 334.0000000000
16769  33.281  67.503  -11.231 335.0000000000
6179  23.229  -50.586  -2.952 339.0000000000
5986  21.687  -57.713  23.832 343.0000000000
6218  9.465  -29.500  -10.361 344.0000000000
7901  62.552  -21.491  -35.579 349.0000000000
8621  39.545  7.872  -40.655 350.0000000000
8619  57.464  -20.668  13.783 351.0000000000
10484  23.613  -10.789  -39.138 353.0000000000
10556  30.652  -71.943  -26.875 355.0000000000
2714  38.823  15.155  -30.894 360.0000000000
13120  60.472  11.567  -18.362 362.0000000000
4945  13.502  -32.022  -21.656 363.0000000000
6785  45.956  -44.584  -11.114 368.0000000000
1299  14.777  -48.793  21.400 374.0000000000
758  47.565  -51.214  -4.263 376.0000000000
58605  14.877  -51.718  1.644 381.0000000000
4288  20.930  -40.619  -29.627 383.0000000000
6178  24.037  -50.262  -2.619 386.0000000000
5954  6.423  -46.589  31.255 387.0000000000
6220  46.472  58.787  -0.100 389.0000000000
7867  31.182  -65.283  22.518 393.0000000000
10528  17.590  50.463  -41.298 399.0000000000
10483  36.564  -11.836  38.503 400.0000000000
2713  39.129  14.258  -32.663 401.0000000000
13093  58.013  26.035  -14.832 403.0000000000
6784  46.362  -44.243  -11.802 408.0000000000
6902  25.578  -44.143  -22.151 411.0000000000
6822  55.509  8.512  -24.059 412.0000000000
11234  63.138  -13.159  -42.506 416.0000000000
20529  29.845  28.493  -33.598 417.0000000000
10135  67.443  8.911  -3.444 418.0000000000
58085  7.560  48.728  -10.195 422.0000000000
57246  1.528  33.891  -20.122 424.0000000000
58234  54.411  -22.047  3.799 425.0000000000
57276  40.735  56.426  -29.046 426.0000000000
57758  35.372  -36.960  -32.940 430.0000000000
58045  47.720  20.225  1.062 437.0000000000
58860  10.749  -79.609  -7.652 438.0000000000
57592  13.002  -77.016  -4.258 441.0000000000
59204  44.800  15.312  17.764 444.0000000000
2712  44.297  -14.231  -36.420 449.0000000000
2750  29.810  -36.816  20.892 452.0000000000
4914  10.809  -28.619  23.379 454.0000000000
7501  32.785  -2.458  -43.263 458.0000000000
9566  15.393  -59.866  26.598 459.0000000000
58751  22.938  82.745  -4.148 463.0000000000
56936  49.275  20.114  5.550 467.0000000000
55167  51.266  -41.421  -34.384 469.0000000000
57251  57.628  26.640  14.333 472.0000000000
52018  13.931  -36.645  -22.072 473.0000000000
55625  47.141  18.469  -41.139 476.0000000000
57591  23.939  -53.052  3.222 477.0000000000
51044  52.301  -48.766  -29.803 478.0000000000
57866  30.102  -30.136  21.179 480.0000000000
56139  24.489  -49.244  20.227 481.0000000000
56329  48.764  28.823  20.122 483.0000000000
58042  47.241  41.972  -19.879 484.0000000000
57225  45.133  42.556  -26.129 488.0000000000
58214  59.987  -0.326  -37.510 491.0000000000
58593  61.117  12.030  8.733 494.0000000000
57771  46.548  -29.292  26.956 495.0000000000
59088  7.805  10.223  37.570 498.0000000000
58155  16.927  -29.511  21.039 499.0000000000
53837  52.905  -33.484  -32.429 504.0000000000
59484  6.368  26.904  6.067 506.0000000000
59740  15.497  -44.422  -4.094 511.0000000000
45180  59.565  18.727  -25.048 513.0000000000
55311  9.997  -6.402  -27.717 517.0000000000
55374  37.014  -54.477  10.494 518.0000000000
48075  22.367  27.752  46.508 520.0000000000
49131  47.319  55.805  6.199 523.0000000000
49862  47.248  2.423  31.779 529.0000000000
44012  9.672  78.598  7.990 532.0000000000
57233  6.754  60.142  21.976 537.0000000000
52212  15.778  -14.284  40.689 538.0000000000
57677  66.630  -26.724  -21.491 540.0000000000
52717  22.091  -32.668  -28.523 542.0000000000
53336  41.639  51.853  -22.907 544.0000000000
53861  6.431  -31.345  5.136 546.0000000000
58570  39.455  -62.291  -28.125 550.0000000000
47745  7.532  24.664  10.800 551.0000000000
58662  8.794  -60.797  -30.434 552.0000000000
54599  49.981  57.248  -31.586 554.0000000000
54615  46.815  -53.254  12.137 555.0000000000
58824  52.938  25.885  10.592 556.0000000000
44729  31.527  -63.456  24.624 558.0000000000
45216  57.997  17.824  -40.990 559.0000000000
45622  7.354  -72.472  -14.737 560.0000000000
38056  52.853  -1.373  31.221 561.0000000000
46396  37.572  -60.038  -7.063 562.0000000000
48251  43.979  -16.377  42.174 568.0000000000
40025  28.956  -21.527  -36.109 569.0000000000
34219  25.287  -47.025  -3.068 574.0000000000
51589  6.468  -35.319  25.471 580.0000000000
52405  43.676  57.479  -35.937 582.0000000000
47297  37.040  10.168  -20.635 583.0000000000
53326  56.808  41.797  -0.967 587.0000000000
38792  12.364  -75.513  -15.406 591.0000000000
47806  9.468  -24.044  55.153 592.0000000000
53868  51.079  10.586  -7.291 593.0000000000
54173  45.528  -25.774  5.635 595.0000000000
48127  40.375  -46.354  -17.263 596.0000000000
54432  40.622  33.852  -10.782 599.0000000000
48584  64.670  -36.504  -17.636 600.0000000000
54652  24.321  -45.754  -12.442 602.0000000000
26825  53.387  0.432  36.773 603.0000000000
35104  13.329  12.713  -33.771 604.0000000000
27677  13.152  -44.024  -23.675 605.0000000000
36066  33.218  -77.025  -25.196 606.0000000000
37083  40.601  8.681  -46.716 608.0000000000
30097  43.761  43.571  17.271 610.0000000000
38041  8.653  38.971  -39.697 611.0000000000
30141  16.212  3.663  45.404 612.0000000000
32573  15.145  -43.486  -25.995 616.0000000000
43205  11.913  53.646  33.457 621.0000000000
26776  52.023  9.948  4.998 623.0000000000
44041  42.252  -10.554  46.357 628.0000000000
36444  9.063  81.783  -8.479 629.0000000000
45456  33.920  -53.380  25.282 630.0000000000
37408  5.874  -29.964  34.175 633.0000000000
37108  40.482  -5.225  -34.343 635.0000000000
38759  37.206  74.324  -26.685 639.0000000000
39245  14.479  -18.012  -17.525 640.0000000000
39917  9.150  76.773  -34.758 646.0000000000
48372  32.974  32.574  11.300 648.0000000000
48054  54.104  13.691  -29.689 649.0000000000
48421  10.641  2.790  33.652 652.0000000000
24779  30.155  14.071  -33.379 653.0000000000
21829  44.736  37.613  2.188 658.0000000000
19400  4.883  17.525  14.203 666.0000000000
26735  38.037  4.642  27.535 667.0000000000
21004  12.680  -18.960  23.426 670.0000000000
27560  54.066  -38.361  25.329 671.0000000000
28805  22.717  -72.685  12.748 672.0000000000
35483  44.183  -7.085  44.584 673.0000000000
35482  14.460  6.605  21.042 676.0000000000
29009  25.852  -50.365  -24.698 677.0000000000
31763  11.119  -82.349  -18.698 686.0000000000
32938  6.171  -75.652  -3.092 690.0000000000
39665  11.612  -44.862  32.311 692.0000000000
33456  37.504  45.929  -22.765 695.0000000000
34104  6.791  46.141  -22.841 696.0000000000
40413  17.978  57.898  -35.857 697.0000000000
34997  40.795  12.995  -35.103 699.0000000000
35199  14.000  -57.585  -13.858 700.0000000000
40760  66.801  -19.102  -3.776 701.0000000000
13294  34.380  -23.366  15.847 705.0000000000
18216  61.560  -36.744  -35.761 706.0000000000
13325  13.510  77.809  -0.366 707.0000000000
13897  37.015  -61.354  -18.673 708.0000000000
14905  7.934  54.919  -41.751 711.0000000000
21939  9.039  47.643  -31.236 712.0000000000
19553  41.320  70.503  -28.077 714.0000000000
8902  8.261  36.939  36.906 717.0000000000
21093  29.192  -5.966  50.978 722.0000000000
31716  46.093  -36.089  23.181 729.0000000000
23853  66.927  8.638  6.192 730.0000000000
14737  38.529  -40.625  38.045 732.0000000000
25519  42.805  30.995  -57.497 734.0000000000
26541  15.333  53.354  6.980 735.0000000000
26878  15.438  -76.932  -30.460 739.0000000000
28386  3.303  23.860  6.577 743.0000000000
18416  53.534  -54.651  -20.443 747.0000000000
28636  10.206  -23.135  4.731 748.0000000000
18480  14.554  37.480  11.410 753.0000000000
12552  5.536  11.277  17.897 755.0000000000
12551  12.326  45.342  17.116 756.0000000000
2094  17.728  -17.185  -29.106 760.0000000000
2305  2.299  0.362  -26.382 763.0000000000
6510  6.003  10.405  21.451 772.0000000000
8844  40.416  59.935  -1.844 778.0000000000
10610  34.547  36.367  34.820 781.0000000000
23106  29.610  20.028  28.901 782.0000000000
26608  43.981  22.362  6.894 789.0000000000
14666  44.809  5.787  2.303 793.0000000000
16223  48.345  -7.135  -12.660 794.0000000000
17072  57.689  -10.212  -43.988 799.0000000000
29779  2.511  1.632  7.850 804.0000000000
18513  42.031  -33.978  6.189 805.0000000000
11818  37.681  -16.679  38.965 807.0000000000
57939  7.120  37.655  38.674 809.0000000000
58503  33.707  -53.052  0.912 814.0000000000
13295  34.132  -24.394  16.047 815.0000000000
13875  10.206  -59.596  25.930 816.0000000000
2093  55.116  -28.677  24.740 817.0000000000
2138  15.468  -66.938  -12.503 819.0000000000
19554  39.695  71.823  -27.229 824.0000000000
8901  51.503  20.637  -0.634 829.0000000000
10684  15.079  82.304  -24.728 835.0000000000
11589  11.370  2.941  21.871 838.0000000000
11679  60.710  19.331  -40.064 840.0000000000
13822  33.973  13.977  -37.092 842.0000000000
14772  29.057  -81.889  -21.319 845.0000000000
15203  6.720  66.950  22.789 850.0000000000
16416  52.815  21.464  -25.571 853.0000000000
17797  58.087  25.693  -27.483 855.0000000000
18479  26.071  -77.305  -20.835 858.0000000000
18415  34.733  -31.118  41.235 859.0000000000
52957  9.599  -29.106  36.506 862.0000000000
55201  41.584  27.411  20.168 869.0000000000
2095  20.692  -85.460  -20.218 872.0000000000
2304  2.372  1.423  -25.808 874.0000000000
4313  29.829  -68.390  11.437 875.0000000000
8903  20.726  49.580  -31.067 877.0000000000
8814  20.889  59.535  -31.445 885.0000000000
10576  3.493  10.281  -34.283 886.0000000000
10685  15.213  83.041  -24.687 889.0000000000
11590  2.570  11.160  -11.923 890.0000000000
13823  33.274  14.056  -36.087 894.0000000000
14738  10.388  -28.871  -2.091 897.0000000000
14667  42.806  5.320  2.892 898.0000000000
15138  36.386  0.689  -32.174 901.0000000000
16224  38.952  12.874  -19.091 902.0000000000
15172  49.109  1.105  -11.412 903.0000000000
16390  61.823  -34.570  9.585 906.0000000000
17073  23.746  -40.959  35.886 907.0000000000
18514  37.710  -33.245  25.580 913.0000000000
18478  27.360  -77.291  -20.588 914.0000000000
45210  21.907  -6.522  -38.190 915.0000000000
45852  17.203  -70.303  21.419 919.0000000000
46761  20.565  4.927  -30.271 920.0000000000
49299  15.166  -80.561  -30.301 923.0000000000
45063  22.454  -48.560  -21.937 929.0000000000
50510  6.761  24.472  7.254 932.0000000000
50129  20.443  -47.787  -27.183 934.0000000000
51177  59.218  15.849  12.794 950.0000000000
47593  34.056  -13.267  20.983 954.0000000000
51262  17.801  -46.619  -15.774 955.0000000000
47473  12.889  -80.546  -23.706 958.0000000000
58000  53.160  -50.966  11.105 963.0000000000
54531  66.725  6.758  -16.144 975.0000000000
58747  60.252  -25.800  -24.340 978.0000000000
58770  42.098  -35.206  8.062 979.0000000000
58840  5.815  49.709  -15.318 981.0000000000
44504  22.049  39.806  19.243 982.0000000000
45209  35.981  21.463  -61.514 983.0000000000
45711  19.562  74.113  7.855 988.0000000000
36935  52.847  -14.058  -12.774 989.0000000000
45746  60.878  -36.455  4.486 990.0000000000
38784  56.914  21.507  -48.198 995.0000000000
47544  27.635  17.676  -30.167 996.0000000000
48713  62.651  10.435  -22.218 997.0000000000
44955  27.552  -19.312  -17.925 1000.0000000000
45044  18.309  84.250  -21.882 1003.0000000000
47405  27.788  5.954  -31.387 1014.0000000000
30153  11.863  -50.755  -21.822 1016.0000000000
47474  65.722  5.527  5.580 1029.0000000000
48362  48.416  50.592  3.738 1030.0000000000
48726  37.581  10.228  -45.555 1031.0000000000
53147  21.364  -55.895  21.279 1033.0000000000
48705  22.756  48.566  14.349 1035.0000000000
48770  9.348  -50.745  30.017 1036.0000000000
49125  35.168  54.927  19.197 1041.0000000000
49070  10.438  -33.642  -8.530 1043.0000000000
49498  9.831  -67.400  16.246 1044.0000000000
50080  51.267  9.983  -24.402 1046.0000000000
50450  52.717  44.357  -21.603 1052.0000000000
50773  43.750  24.995  18.297 1053.0000000000
50785  23.509  53.020  -36.507 1054.0000000000
50955  1.700  15.129  2.062 1055.0000000000
54983  18.592  -56.689  25.480 1056.0000000000
54968  6.637  -48.851  23.207 1057.0000000000
31040  51.562  11.918  32.118 1058.0000000000
32155  32.843  -53.199  -33.000 1059.0000000000
38972  49.018  -42.411  -23.713 1060.0000000000
39556  6.513  -39.661  15.894 1061.0000000000
35997  19.234  -4.040  -33.330 1063.0000000000
30279  5.755  10.774  33.070 1067.0000000000
31272  24.304  63.864  -28.894 1073.0000000000
31322  39.146  -17.000  26.651 1074.0000000000
30154  41.693  65.510  2.121 1078.0000000000
42613  38.867  24.284  18.099 1087.0000000000
46973  30.171  17.198  -44.524 1089.0000000000
42654  43.393  35.312  -13.094 1091.0000000000
43677  12.886  -22.697  12.572 1094.0000000000
39010  13.130  -49.338  -13.719 1109.0000000000
45761  30.194  67.000  -16.075 1113.0000000000
40078  26.237  -64.168  -36.420 1116.0000000000
40059  15.469  -32.577  19.945 1117.0000000000
19621  5.209  -4.591  52.354 1120.0000000000
19622  23.182  -59.342  14.266 1121.0000000000
21023  23.537  -73.248  -34.993 1124.0000000000
10591  33.924  -13.582  -41.300 1129.0000000000
10592  25.511  4.098  -34.388 1130.0000000000
31092  25.413  68.906  4.190 1133.0000000000
30155  41.157  65.404  3.218 1137.0000000000
32567  35.369  14.862  23.833 1141.0000000000
35859  43.029  10.125  -2.927 1146.0000000000
17915  14.623  -14.143  28.620 1153.0000000000
36353  39.712  -61.597  -0.209 1156.0000000000
36505  52.407  -4.352  -13.844 1158.0000000000
36919  24.502  -51.177  21.147 1161.0000000000
20898  34.416  -73.997  -34.428 1164.0000000000
44422  14.026  -44.338  8.546 1166.0000000000
38063  39.606  51.650  -9.505 1167.0000000000
38064  39.210  50.977  -8.444 1170.0000000000
44599  30.742  -52.300  27.708 1171.0000000000
45281  26.635  -22.676  -21.848 1174.0000000000
39932  65.468  -24.615  -34.997 1176.0000000000
39945  36.459  -59.602  -5.545 1178.0000000000
25229  2.848  15.635  -13.469 1179.0000000000
19623  17.936  -74.302  10.726 1184.0000000000
2972  50.872  17.073  21.975 1188.0000000000
5299  44.154  10.217  -57.523 1192.0000000000
13999  13.547  28.673  -33.820 1207.0000000000
31498  36.182  -22.113  24.644 1208.0000000000
34817  23.555  73.666  -7.540 1215.0000000000
18758  7.379  29.593  -36.835 1220.0000000000
18835  16.648  20.664  51.280 1224.0000000000
36887  53.806  44.751  -13.078 1226.0000000000
21739  9.454  48.186  -39.996 1234.0000000000
22242  13.084  -17.975  36.106 1235.0000000000
23023  51.177  -11.343  -26.294 1239.0000000000
22734  56.828  -47.298  6.562 1240.0000000000
24585  20.616  23.164  33.658 1243.0000000000
23733  26.035  20.226  -30.857 1244.0000000000
18755  45.677  -67.022  -24.645 1252.0000000000
10629  58.707  -39.620  -35.538 1259.0000000000
10593  31.929  -13.156  -21.582 1261.0000000000
11291  40.679  -24.586  16.331 1266.0000000000
31271  36.715  -63.379  3.804 1268.0000000000
14211  49.036  -8.482  1.711 1270.0000000000
14000  29.135  -47.669  11.711 1271.0000000000
14001  28.792  -48.334  12.989 1275.0000000000
35477  5.490  -75.522  -9.570 1286.0000000000
36331  53.618  -46.342  1.742 1287.0000000000
36875  0.710  37.572  -9.554 1291.0000000000
20899  8.376  27.427  -22.549 1293.0000000000
36903  49.018  10.421  -4.414 1294.0000000000
22243  11.236  -18.451  36.515 1299.0000000000
23757  51.796  -9.283  18.754 1310.0000000000
25009  48.854  1.605  -20.074 1314.0000000000
25832  16.277  -62.274  10.588 1315.0000000000
40036  64.937  -8.689  -31.668 1316.0000000000
46181  5.969  4.037  8.804 1317.0000000000
56686  61.462  -31.699  -13.126 1318.0000000000
2971  21.603  42.168  -34.019 1319.0000000000
2973  51.282  17.643  22.635 1321.0000000000
5268  43.563  11.180  -56.365 1322.0000000000
11235  16.129  -73.489  -27.545 1328.0000000000
50027  44.154  -51.213  20.914 1330.0000000000
50328  16.403  -51.496  21.635 1332.0000000000
14177  15.168  -42.032  10.279 1340.0000000000
17914  25.280  -77.430  -20.225 1347.0000000000
18047  47.877  -38.346  34.183 1349.0000000000
47910  34.593  -49.749  -34.394 1357.0000000000
21740  9.454  50.500  -40.060 1362.0000000000
22707  12.340  83.672  -9.539 1365.0000000000
22241  50.963  -40.190  31.131 1366.0000000000
23047  5.521  0.810  40.578 1369.0000000000
55312  34.188  24.286  -5.613 1373.0000000000
25672  68.455  -22.895  -20.491 1376.0000000000
50360  37.482  50.853  0.179 1379.0000000000
42617  16.494  -20.091  -19.759 1391.0000000000
49699  22.354  -22.982  49.850 1394.0000000000
42660  14.039  -35.828  9.674 1395.0000000000
43293  41.322  34.035  13.561 1403.0000000000
51045  18.563  -14.646  39.717 1404.0000000000
51195  51.044  14.047  -12.204 1414.0000000000
35680  7.328  -33.796  -5.416 1419.0000000000
46814  57.592  -33.770  -20.460 1420.0000000000
46736  40.816  55.073  10.698 1421.0000000000
52950  29.113  35.278  -42.227 1422.0000000000
47584  12.647  -82.008  -24.057 1428.0000000000
48122  33.897  19.547  -7.954 1430.0000000000
48476  14.638  -35.682  -22.597 1433.0000000000
54407  62.058  -17.206  -8.981 1435.0000000000
48940  35.536  72.847  -11.663 1439.0000000000
54627  8.302  -19.683  58.064 1441.0000000000
49306  47.033  30.824  25.116 1443.0000000000
55329  26.416  44.702  -33.325 1448.0000000000
50367  64.842  -11.126  -0.882 1453.0000000000
21054  22.084  56.375  28.499 1455.0000000000
1427  6.670  -6.656  -3.973 1456.0000000000
36063  6.730  61.442  5.903 1457.0000000000
23485  12.338  -22.739  55.793 1458.0000000000
37103  43.666  10.678  -3.628 1461.0000000000
7733  22.555  14.566  -51.367 1462.0000000000
37337  7.961  -59.540  5.830 1463.0000000000
24972  27.234  -41.837  2.984 1469.0000000000
26915  61.583  -18.216  -43.963 1472.0000000000
26974  6.932  65.732  -25.447 1474.0000000000
28119  55.348  -48.063  4.099 1475.0000000000
42631  19.362  -29.591  41.758 1479.0000000000
30637  45.973  -37.178  -17.010 1482.0000000000
42675  29.400  -56.852  -33.906 1483.0000000000
33346  8.767  -59.736  5.437 1488.0000000000
33367  1.872  -0.177  -15.848 1495.0000000000
36924  9.829  -49.551  -22.360 1504.0000000000
47513  42.442  40.240  25.871 1505.0000000000
26755  54.843  19.624  26.663 1508.0000000000
38382  63.983  -10.209  -3.876 1516.0000000000
38831  9.355  72.808  4.726 1521.0000000000
39431  46.812  52.117  -11.993 1525.0000000000
40039  33.806  -5.455  31.411 1529.0000000000
49681  10.360  54.273  19.036 1530.0000000000
49976  23.109  -19.811  -22.940 1531.0000000000
40926  55.698  20.274  20.044 1532.0000000000
50361  40.021  -3.179  23.993 1533.0000000000
50274  15.350  82.683  -1.886 1534.0000000000
1425  5.801  -6.814  -3.187 1540.0000000000
5306  38.239  50.478  -28.783 1544.0000000000
28118  24.661  -0.035  -42.167 1556.0000000000
13138  34.067  22.712  15.557 1557.0000000000
28206  1.333  10.456  4.408 1561.0000000000
28312  47.181  -26.967  23.686 1562.0000000000
16485  5.224  -68.787  6.403 1564.0000000000
17794  44.497  -36.352  31.960 1571.0000000000
22892  13.419  7.958  -34.269 1580.0000000000
25484  7.621  -50.837  -16.974 1584.0000000000
36925  16.201  -64.195  -34.393 1586.0000000000
26253  34.275  42.580  32.579 1587.0000000000
27352  30.731  51.880  5.421 1592.0000000000
27816  37.512  74.065  -18.360 1596.0000000000
28223  26.988  -1.961  -40.854 1599.0000000000
27817  39.562  -59.349  7.553 1601.0000000000
29241  26.078  53.243  -27.527 1604.0000000000
30519  15.181  -23.230  24.423 1606.0000000000
30518  15.503  -25.150  26.167 1612.0000000000
40571  17.362  -67.864  -26.109 1614.0000000000
31186  49.515  -56.426  -23.973 1616.0000000000
31333  20.421  -13.336  -33.657 1617.0000000000
1894  17.318  -54.057  -9.990 1622.0000000000
1895  17.864  -53.774  -10.511 1623.0000000000
3957  22.264  -2.675  -41.222 1624.0000000000
3985  7.903  -34.922  20.229 1625.0000000000
4305  30.705  -23.911  -34.310 1626.0000000000
1426  6.614  -8.561  -3.798 1627.0000000000
7734  22.469  13.560  -51.103 1632.0000000000
8871  58.313  -39.526  -33.315 1635.0000000000
8931  62.726  -16.549  8.347 1636.0000000000
26943  60.566  -18.939  -44.141 1639.0000000000
27004  14.801  68.692  8.614 1641.0000000000
13136  41.658  -62.474  16.264 1642.0000000000
13137  7.728  33.423  46.189 1644.0000000000
13158  44.105  -66.126  -22.103 1646.0000000000
4767  32.967  29.553  -31.398 1649.0000000000
16356  65.565  10.820  -18.412 1653.0000000000
20219  22.573  52.283  32.851 1662.0000000000
9439  23.088  38.038  19.481 1663.0000000000
11395  17.874  -83.428  -4.529 1665.0000000000
13696  26.629  -21.934  -14.373 1668.0000000000
14533  4.728  -1.979  35.467 1669.0000000000
14607  7.098  -59.244  24.203 1671.0000000000
25485  2.883  22.325  -12.424 1673.0000000000
15220  24.937  9.271  -28.784 1674.0000000000
15682  23.817  23.714  42.513 1677.0000000000
26731  50.538  -54.099  -29.635 1679.0000000000
16791  19.386  31.330  -41.558 1683.0000000000
17777  1.625  -19.725  2.326 1688.0000000000
18558  44.527  58.867  -11.271 1697.0000000000
31146  45.551  0.674  31.200 1700.0000000000
21364  8.140  -52.988  -23.658 1702.0000000000
58315  23.120  -32.691  -27.574 1707.0000000000
5139  33.692  28.550  -15.015 1712.0000000000
60214  4.864  55.733  -32.010 1724.0000000000
4990  43.074  -31.870  -32.012 1726.0000000000
4989  43.327  -33.576  -31.982 1728.0000000000
4829  51.016  -21.323  -4.222 1731.0000000000
4768  11.284  -64.272  -3.112 1743.0000000000
7649  43.858  -11.567  -19.327 1744.0000000000
15489  24.437  -40.901  35.943 1760.0000000000
16139  9.293  44.637  22.635 1764.0000000000
17048  15.047  80.742  -24.496 1771.0000000000
19603  4.859  -56.147  -9.944 1775.0000000000
19602  6.324  -57.798  1.240 1776.0000000000
2648  1.179  -0.605  6.639 1779.0000000000
2545  68.574  -8.222  -7.059 1780.0000000000
2649  47.991  47.297  7.685 1783.0000000000
46201  35.892  -63.322  1.535 1784.0000000000
54352  31.898  -70.434  6.863 1785.0000000000
47401  37.313  -37.106  34.509 1786.0000000000
54815  35.784  23.621  -5.211 1787.0000000000
28037  17.642  -23.824  -22.022 1788.0000000000
28555  16.548  58.577  -6.394 1790.0000000000
55725  65.068  -12.882  7.628 1791.0000000000
46401  39.486  72.315  -8.446 1792.0000000000
46400  18.133  38.304  -39.305 1793.0000000000
29871  18.926  -17.339  56.419 1794.0000000000
47455  54.510  -32.127  7.715 1796.0000000000
30472  31.894  64.918  3.589 1797.0000000000
56623  45.921  -40.640  -22.427 1800.0000000000
31219  59.907  -22.894  -25.035 1801.0000000000
56999  47.981  -59.210  -29.958 1805.0000000000
57506  26.245  59.965  -2.628 1807.0000000000
32242  38.290  16.969  -25.448 1808.0000000000
57642  7.074  -28.930  27.617 1809.0000000000
57494  8.937  -29.018  27.263 1814.0000000000
57507  23.368  47.542  14.866 1815.0000000000
57921  19.428  -15.617  56.227 1821.0000000000
4865  24.742  -41.814  28.938 1827.0000000000
4791  20.721  58.820  27.240 1833.0000000000
4766  32.065  30.585  -31.468 1834.0000000000
7684  50.727  16.778  19.717 1841.0000000000
9463  52.541  50.488  -21.021 1845.0000000000
13695  26.630  -21.970  -15.419 1849.0000000000
13724  35.258  -0.827  2.032 1852.0000000000
14440  42.891  -9.297  1.568 1853.0000000000
14588  50.090  -28.861  -1.724 1854.0000000000
15248  35.919  54.164  -8.820 1857.0000000000
16792  35.353  62.212  -8.980 1863.0000000000
16138  9.820  -52.275  -16.226 1866.0000000000
16873  41.720  -39.712  -35.491 1868.0000000000
18557  33.567  -65.423  15.883 1874.0000000000
2546  68.517  -9.699  -8.998 1878.0000000000
45492  46.790  -6.272  -38.947 1888.0000000000
28944  25.714  -47.732  4.535 1897.0000000000
31218  25.263  16.418  -52.910 1908.0000000000
32373  19.197  -30.322  55.636 1911.0000000000
35428  48.371  -4.089  -11.923 1916.0000000000
52570  56.544  -32.342  -2.263 1918.0000000000
4458  25.223  30.475  -36.219 1934.0000000000
5343  33.630  72.006  -16.485 1935.0000000000
31379  26.363  -5.985  37.492 1937.0000000000
30773  27.831  -37.881  -31.640 1938.0000000000
32738  41.485  -41.809  -4.140 1940.0000000000
32736  7.113  8.359  48.774 1941.0000000000
30775  23.446  3.329  43.590 1944.0000000000
32845  12.055  54.009  -44.857 1948.0000000000
31407  54.000  -26.197  21.868 1950.0000000000
30874  47.618  6.452  25.310 1954.0000000000
55929  52.537  -46.610  -25.728 1958.0000000000
33231  62.899  -10.570  -31.302 1959.0000000000
31976  5.163  -29.848  39.386 1960.0000000000
33636  15.325  -60.303  7.790 1961.0000000000
56285  31.575  66.374  -10.500 1962.0000000000
56286  21.071  -20.491  46.024 1963.0000000000
56506  37.534  41.505  5.872 1964.0000000000
56303  32.021  -79.112  -11.785 1965.0000000000
2547  68.599  -10.985  -8.323 1971.0000000000
2599  62.473  -32.204  -33.547 1975.0000000000
27408  6.957  39.663  -34.642 1978.0000000000
27872  51.610  -1.893  22.174 1979.0000000000
28036  42.878  -35.626  26.597 1981.0000000000
28684  37.583  -23.138  28.008 1986.0000000000
29265  15.901  -16.365  59.032 1989.0000000000
29266  17.426  -15.318  58.091 1990.0000000000
29800  35.799  9.401  32.918 1997.0000000000
30452  49.283  -55.379  -32.143 1999.0000000000
30488  1.180  -0.513  -14.527 2000.0000000000
32290  27.244  68.002  -23.106 2007.0000000000
32390  29.836  21.135  -64.883 2009.0000000000
17615  14.789  68.117  -10.991 2010.0000000000
17616  5.712  -45.359  38.586 2011.0000000000
33246  14.766  -58.489  -19.463 2012.0000000000
21320  17.292  -2.585  57.670 2018.0000000000
33310  7.239  -37.560  23.552 2020.0000000000
36911  34.556  5.431  -54.764 2023.0000000000
37700  45.174  36.268  -9.311 2033.0000000000
3175  36.625  29.374  -21.559 2035.0000000000
3176  41.644  -50.879  -4.731 2038.0000000000
32439  45.934  -62.405  4.271 2049.0000000000
32464  6.992  -6.708  10.867 2050.0000000000
33724  8.426  67.975  -24.714 2051.0000000000
41535  10.464  -27.978  -4.484 2052.0000000000
41579  34.404  -51.752  35.368 2054.0000000000
44126  10.789  69.256  22.253 2061.0000000000
27871  50.520  -2.058  22.780 2064.0000000000
28710  53.591  0.024  -44.333 2066.0000000000
45653  11.481  -47.386  -13.631 2071.0000000000
30679  8.583  65.177  2.392 2075.0000000000
46620  13.892  -80.408  -16.224 2081.0000000000
32266  25.639  -47.991  -2.189 2082.0000000000
32342  16.632  -70.894  -18.102 2084.0000000000
32226  21.777  26.991  -35.589 2088.0000000000
17617  5.311  -45.520  37.385 2093.0000000000
37208  39.227  26.325  37.353 2105.0000000000
17586  50.009  -32.449  25.725 2116.0000000000
18400  46.246  -4.629  23.504 2123.0000000000
20548  54.940  -6.527  20.329 2132.0000000000
21253  44.919  -46.925  13.433 2138.0000000000
21326  45.580  18.998  30.062 2141.0000000000
21431  17.685  -64.554  -13.696 2142.0000000000
23696  11.528  -34.322  4.272 2152.0000000000
25704  14.918  -72.595  17.543 2153.0000000000
48246  45.887  -27.510  2.511 2155.0000000000
48283  48.636  34.962  -16.398 2156.0000000000
23695  11.871  -33.405  5.337 2158.0000000000
49881  23.934  -82.388  -30.983 2163.0000000000
31875  46.650  -56.610  -22.820 2168.0000000000
3174  25.299  -41.011  46.992 2173.0000000000
32069  22.004  -42.694  -26.082 2175.0000000000
4457  31.163  65.512  -4.624 2178.0000000000
31378  24.196  -55.065  -28.961 2179.0000000000
30774  56.990  -15.490  27.901 2184.0000000000
5341  44.655  -4.086  -16.183 2185.0000000000
33682  6.205  43.503  5.312 2186.0000000000
33248  12.541  48.748  -43.724 2187.0000000000
32440  24.862  65.337  1.099 2188.0000000000
17584  45.977  54.357  -11.721 2189.0000000000
17585  49.724  -33.410  25.154 2192.0000000000
18401  15.716  5.029  52.855 2195.0000000000
21252  37.142  65.347  -20.173 2202.0000000000
21251  38.170  47.367  -33.385 2204.0000000000
21325  13.539  -39.673  31.850 2205.0000000000
21733  58.621  0.794  -39.347 2212.0000000000
23436  41.115  -33.724  21.944 2214.0000000000
23564  10.066  -65.505  11.741 2216.0000000000
23473  50.093  -58.106  -12.370 2221.0000000000
28932  67.204  -25.701  -23.121 2231.0000000000
32053  67.175  1.883  3.031 2236.0000000000
32597  26.831  -13.351  -35.136 2239.0000000000
33091  20.573  2.261  42.406 2242.0000000000
31455  21.513  -53.075  -31.920 2245.0000000000
32737  16.278  -41.141  9.919 2246.0000000000
33121  25.721  43.112  14.561 2248.0000000000
31406  9.388  45.380  -3.656 2249.0000000000
30858  32.195  -38.394  36.252 2250.0000000000
30860  45.074  29.908  -56.954 2253.0000000000
33772  57.086  6.997  22.773 2254.0000000000
30859  43.666  19.764  35.630 2255.0000000000
36305  29.934  -17.789  27.316 2256.0000000000
673  38.944  -54.689  -9.326 2258.0000000000
672  39.614  -53.847  -8.304 2260.0000000000
17670  10.871  7.231  35.897 2263.0000000000
45255  65.012  -8.584  -10.012 2266.0000000000
20547  39.725  4.317  16.360 2269.0000000000
24580  59.111  -3.880  0.339 2270.0000000000
45891  26.324  -16.099  45.875 2273.0000000000
45953  8.225  30.440  30.139 2275.0000000000
24854  40.868  -67.880  -6.889 2276.0000000000
21488  29.784  -13.016  -25.773 2283.0000000000
23435  37.919  -3.771  2.377 2286.0000000000
23648  34.552  -44.616  30.946 2287.0000000000
47093  20.872  -42.259  38.577 2289.0000000000
29475  31.689  -73.277  4.708 2292.0000000000
23437  13.282  -22.409  55.902 2293.0000000000
25748  5.789  -15.240  24.596 2304.0000000000
31876  44.803  -56.806  -22.268 2310.0000000000
33662  7.757  78.067  -28.119 2321.0000000000
30935  11.256  -77.293  -20.198 2323.0000000000
30914  21.172  -33.787  -21.318 2325.0000000000
34933  26.548  73.104  9.099 2327.0000000000
35381  52.356  -18.774  -7.005 2328.0000000000
35892  18.347  -12.992  18.073 2333.0000000000
23361  54.030  -40.111  17.301 2339.0000000000
24852  40.735  -68.677  -6.103 2350.0000000000
47015  35.424  17.163  29.817 2358.0000000000
46427  31.266  18.037  -42.883 2360.0000000000
26270  59.363  -5.225  -30.136 2362.0000000000
26844  44.729  59.863  -20.502 2366.0000000000
29476  45.949  52.477  1.471 2369.0000000000
47632  56.940  44.117  -15.386 2371.0000000000
32895  35.179  39.508  -36.779 2375.0000000000
1741  12.852  -42.108  47.901 2379.0000000000
34914  33.708  59.721  -31.244 2383.0000000000
52026  8.064  51.494  -19.362 2386.0000000000
35784  12.909  -75.046  -0.778 2390.0000000000
52354  26.781  36.242  -42.012 2394.0000000000
37197  55.306  -28.661  1.781 2396.0000000000
36716  6.367  -16.477  -11.202 2398.0000000000
671  44.541  -14.427  36.457 2404.0000000000
38140  43.214  8.714  -47.588 2405.0000000000
22588  53.447  4.228  -41.237 2413.0000000000
23862  36.550  3.771  -42.786 2414.0000000000
23341  27.154  20.741  44.464 2416.0000000000
23863  11.712  -55.406  -21.374 2417.0000000000
24579  44.212  -25.170  40.901 2419.0000000000
25451  27.617  4.662  29.212 2426.0000000000
26268  16.297  -73.576  6.934 2427.0000000000
29477  39.269  7.160  -48.429 2445.0000000000
1739  9.541  -1.101  10.304 2447.0000000000
4159  50.041  49.922  -29.730 2452.0000000000
5697  47.703  -13.171  -15.098 2455.0000000000
35806  46.230  -7.024  44.887 2460.0000000000
7373  34.002  10.959  -59.559 2464.0000000000
8548  5.827  67.559  -38.221 2467.0000000000
8571  25.930  24.572  46.377 2470.0000000000
9356  48.924  -2.439  -44.105 2471.0000000000
11091  50.971  -32.539  28.366 2478.0000000000
11119  16.260  -32.584  46.280 2480.0000000000
48179  6.534  -17.335  11.893 2483.0000000000
48571  31.071  37.072  -38.908 2487.0000000000
22197  27.343  -44.724  -32.663 2488.0000000000
23578  32.270  -14.534  24.743 2492.0000000000
24853  41.475  -68.274  -7.065 2493.0000000000
24874  31.017  9.167  -46.807 2497.0000000000
59666  54.265  -1.342  11.770 2498.0000000000
26817  19.919  -68.242  23.939 2501.0000000000
50662  4.373  -22.939  1.762 2502.0000000000
28112  6.873  -51.138  -20.387 2505.0000000000
26269  17.378  -75.081  7.395 2506.0000000000
27342  7.175  63.823  -25.403 2510.0000000000
29853  23.871  -79.469  -34.600 2518.0000000000
2571  9.481  23.316  -31.055 2522.0000000000
1740  9.320  -0.696  9.725 2525.0000000000
5820  56.426  -45.071  -23.315 2536.0000000000
8051  6.278  82.670  -21.871 2542.0000000000
7633  10.204  29.151  -34.258 2543.0000000000
10338  62.354  -8.595  -10.900 2552.0000000000
21665  26.023  -7.074  47.205 2557.0000000000
50386  35.131  10.726  -25.404 2566.0000000000
50663  34.802  4.162  39.987 2569.0000000000
27442  46.151  -18.111  -43.971 2572.0000000000
27441  10.307  1.923  33.857 2580.0000000000
28413  14.344  -21.697  50.764 2583.0000000000
28940  19.410  -67.397  -35.621 2586.0000000000
2718  10.937  54.660  -22.251 2594.0000000000
4883  27.506  -6.771  -43.369 2596.0000000000
4158  36.885  -25.372  -28.063 2600.0000000000
5668  34.723  23.052  -35.248 2602.0000000000
6685  42.453  -33.638  30.310 2606.0000000000
6853  35.179  73.792  -1.971 2607.0000000000
7591  19.009  -19.625  21.738 2609.0000000000
8549  3.289  4.730  -6.872 2610.0000000000
8624  36.682  -40.877  39.778 2614.0000000000
10228  7.564  50.445  -21.077 2616.0000000000
10312  19.942  -44.388  -24.477 2620.0000000000
10370  60.706  -8.194  -11.084 2622.0000000000
20968  8.512  25.519  -25.272 2626.0000000000
22108  35.633  -13.939  50.907 2629.0000000000
23577  52.410  -24.970  -17.164 2636.0000000000
50385  34.096  60.394  16.574 2639.0000000000
27049  19.104  84.189  -15.684 2641.0000000000
51097  55.710  34.746  -2.819 2647.0000000000
28960  57.563  9.763  2.764 2654.0000000000
30112  7.784  -43.456  -14.401 2656.0000000000
31048  50.451  -3.972  -31.522 2660.0000000000
32144  29.431  70.718  -4.282 2662.0000000000
32192  6.868  -6.963  -26.473 2666.0000000000
35313  61.755  6.956  20.906 2670.0000000000
35532  32.795  25.677  37.683 2673.0000000000
37001  18.765  31.649  41.810 2681.0000000000
37869  53.228  -50.636  -28.146 2682.0000000000
37911  5.657  46.092  -39.940 2687.0000000000
38317  38.787  -63.033  9.808 2692.0000000000
56758  57.319  -31.120  -4.213 2695.0000000000
21048  57.493  38.279  2.386 2697.0000000000
21648  38.269  -6.081  -29.231 2698.0000000000
22196  24.261  -44.506  32.055 2700.0000000000
38219  62.234  -15.460  15.128 2702.0000000000
57269  13.003  -76.639  -3.240 2704.0000000000
57490  22.392  12.385  -49.737 2708.0000000000
57491  62.641  -4.915  3.705 2709.0000000000
23632  27.540  56.670  25.271 2711.0000000000
27440  65.992  -28.630  -10.197 2720.0000000000
5903  6.307  -28.368  7.566 2721.0000000000
28939  55.254  -30.045  -40.442 2724.0000000000
30223  13.926  -34.793  -19.305 2727.0000000000
31049  49.544  -5.562  -30.675 2728.0000000000
43644  12.252  1.844  -39.457 2729.0000000000
32691  54.024  -36.990  21.898 2735.0000000000
13241  48.149  -32.139  -39.065 2737.0000000000
33673  57.660  -35.628  -25.688 2739.0000000000
36715  25.776  11.392  24.903 2747.0000000000
36590  47.384  43.292  -1.664 2749.0000000000
36982  46.744  10.349  -4.649 2751.0000000000
37017  66.687  -7.219  -28.807 2752.0000000000
37870  11.474  84.412  -7.617 2755.0000000000
38301  48.539  10.380  -5.470 2756.0000000000
38220  16.004  55.726  24.764 2765.0000000000
38218  50.499  51.271  9.197 2768.0000000000
39130  33.289  -19.389  -22.212 2769.0000000000
39131  34.253  -19.831  -23.161 2770.0000000000
40820  41.671  -12.336  30.715 2772.0000000000
40861  34.421  -72.456  0.052 2775.0000000000
5931  57.404  -26.895  23.696 2781.0000000000
7475  56.237  -16.208  -25.260 2783.0000000000
10876  52.200  3.992  -55.145 2789.0000000000
13242  46.229  -31.064  -38.172 2798.0000000000
46967  25.598  50.348  10.586 2804.0000000000
17923  65.749  3.435  -39.042 2814.0000000000
48297  14.808  -75.847  -22.348 2815.0000000000
47944  33.375  32.260  -5.730 2816.0000000000
44863  31.482  -71.777  -11.802 2821.0000000000
41729  53.221  14.533  5.134 2825.0000000000
39963  54.515  -30.401  30.315 2828.0000000000
41682  34.714  -65.318  -7.825 2831.0000000000
5901  6.297  30.143  -24.900 2832.0000000000
5902  30.041  19.681  -53.943 2833.0000000000
8151  58.372  -24.298  -35.383 2839.0000000000
9008  40.328  33.394  -57.952 2843.0000000000
10906  24.502  30.936  -39.755 2848.0000000000
16452  30.497  41.841  -32.977 2859.0000000000
16453  13.002  55.864  -44.926 2861.0000000000
17010  62.697  6.102  0.307 2863.0000000000
17922  13.079  70.399  -27.081 2865.0000000000
17757  5.043  -19.350  41.544 2867.0000000000
18659  32.635  -6.834  46.915 2869.0000000000
18409  6.844  37.918  4.825 2870.0000000000
48520  29.811  -36.706  -17.251 2879.0000000000
21406  46.699  -57.682  -10.368 2885.0000000000
7379  45.013  -26.152  -29.989 2892.0000000000
7444  58.062  0.677  -32.138 2893.0000000000
9009  6.051  -47.566  22.465 2897.0000000000
9072  7.730  -40.783  27.086 2901.0000000000
10877  45.671  10.937  -62.942 2906.0000000000
13243  37.109  -12.255  40.460 2907.0000000000
16451  44.773  -22.046  -16.125 2916.0000000000
17921  1.428  -4.506  4.116 2921.0000000000
17756  45.647  -39.885  -38.581 2922.0000000000
17959  56.104  -41.457  20.934 2924.0000000000
18688  40.900  22.470  -6.029 2925.0000000000
11522  48.229  -28.494  -42.495 2927.0000000000
13011  38.951  -23.220  40.307 2928.0000000000
13818  4.342  49.914  -45.046 2929.0000000000
13927  43.357  6.974  39.155 2930.0000000000
15395  25.471  -41.186  23.359 2933.0000000000
16871  11.044  18.844  33.449 2935.0000000000
16955  43.976  -11.348  6.434 2939.0000000000
21799  31.410  -62.790  -35.809 2941.0000000000
19912  20.735  48.710  -31.200 2944.0000000000
24804  23.871  -52.294  -27.446 2946.0000000000
26302  54.092  -22.299  -20.199 2953.0000000000
28073  25.033  -36.759  49.702 2959.0000000000
28742  21.580  -79.555  -34.512 2961.0000000000
30040  61.721  -37.456  1.182 2962.0000000000
31693  55.421  -37.234  -18.299 2968.0000000000
31712  47.073  62.653  -31.585 2970.0000000000
32284  41.358  2.717  3.271 2972.0000000000
32631  28.444  11.613  -32.006 2973.0000000000
32657  11.688  -77.972  5.206 2974.0000000000
32983  35.941  23.563  29.007 2975.0000000000
12983  10.285  53.223  18.409 2977.0000000000
7754  22.933  -50.060  -3.275 2978.0000000000
1637  35.325  53.740  4.564 2979.0000000000
1639  6.954  -31.801  35.451 2980.0000000000
14605  8.096  24.830  42.024 2988.0000000000
18530  44.418  -62.241  -10.491 2997.0000000000
25697  5.600  -46.745  5.328 3003.0000000000
22571  9.896  -11.999  55.221 3006.0000000000
25759  21.194  4.542  -44.762 3007.0000000000
28074  26.022  -35.642  49.884 3011.0000000000
31652  35.684  50.025  28.097 3021.0000000000
57953  35.701  -46.311  -31.029 3026.0000000000
32658  13.302  -78.148  6.153 3028.0000000000
32984  2.028  -13.532  4.688 3029.0000000000
16731  67.825  3.910  -14.349 3040.0000000000
18531  9.826  -29.419  -2.744 3046.0000000000
19911  9.731  64.814  14.778 3049.0000000000
20976  50.672  0.277  14.891 3052.0000000000
22570  29.534  15.483  -32.272 3053.0000000000
22613  30.296  69.659  -14.268 3056.0000000000
52652  49.597  16.225  27.599 3057.0000000000
28161  11.786  57.815  -27.201 3059.0000000000
28072  21.085  10.022  -48.430 3064.0000000000
29407  7.922  -75.261  4.225 3065.0000000000
30575  28.166  12.003  -51.030 3067.0000000000
30595  7.166  46.402  -32.375 3068.0000000000
31714  17.619  -26.565  31.693 3070.0000000000
32314  39.367  -12.168  -6.321 3071.0000000000
32815  39.609  25.771  -44.034 3072.0000000000
32935  17.269  -76.309  -21.321 3073.0000000000
14587  45.117  59.751  -7.548 3075.0000000000
373  42.699  -20.099  34.113 3076.0000000000
305  56.182  13.978  -46.311 3081.0000000000
6201  16.997  14.097  47.558 3093.0000000000
8156  64.258  17.008  -1.669 3096.0000000000
306  62.033  25.694  -5.363 3108.0000000000
829  20.718  45.438  36.878 3113.0000000000
3214  56.057  -20.696  32.887 3117.0000000000
8078  41.238  -66.101  8.498 3122.0000000000
374  42.033  -19.536  34.140 3127.0000000000
304  54.334  14.659  -46.535 3129.0000000000
6200  46.725  36.192  27.738 3133.0000000000
6239  24.555  68.989  -33.321 3136.0000000000
8933  13.282  55.460  -24.636 3139.0000000000
40780  14.816  -55.777  38.743 3141.0000000000
9729  17.166  -31.935  46.528 3150.0000000000
