#!ascii label  , from subject FreeSurferMNI152_0.4 vox2ras=TkReg
1619
54101  9.506  -8.114  -22.061 1.0000000000
56045  19.658  43.440  -35.415 2.0000000000
60050  20.321  52.891  32.258 3.0000000000
60054  38.187  40.658  7.012 4.0000000000
60093  15.019  51.322  32.845 5.0000000000
34159  65.898  -22.815  -3.327 6.0000000000
34234  26.615  72.917  10.848 7.0000000000
34269  64.666  -22.887  -3.280 8.0000000000
34627  28.973  -34.554  -23.661 9.0000000000
34628  32.541  -22.771  22.310 10.0000000000
1736  4.958  -54.753  1.229 11.0000000000
34160  32.027  71.621  -6.629 12.0000000000
34181  55.208  37.373  -6.358 13.0000000000
34250  6.086  -34.776  45.278 14.0000000000
34605  36.003  -17.097  25.392 15.0000000000
36282  12.620  76.583  -31.553 16.0000000000
34194  35.388  -27.030  20.089 17.0000000000
44558  38.996  56.848  -16.722 18.0000000000
44590  50.494  -48.067  -22.140 19.0000000000
34690  15.341  -76.435  -0.494 20.0000000000
36451  36.295  -59.656  4.150 21.0000000000
36485  39.514  15.065  -61.044 22.0000000000
46068  8.164  70.031  -22.156 25.0000000000
46135  32.284  69.999  -23.349 26.0000000000
46369  19.196  -76.218  -19.096 27.0000000000
46395  9.138  -17.195  13.493 28.0000000000
46419  53.347  52.306  -8.360 29.0000000000
46441  55.740  -45.583  6.758 30.0000000000
46147  24.418  69.420  15.717 32.0000000000
49418  54.648  -47.373  -21.125 34.0000000000
47343  56.545  -32.583  7.689 35.0000000000
47354  47.962  -4.084  26.348 36.0000000000
48964  31.929  5.129  42.932 37.0000000000
48745  6.893  -25.363  26.699 38.0000000000
48744  6.942  -24.767  28.854 39.0000000000
48975  37.794  -29.549  36.273 40.0000000000
49340  45.928  -12.137  45.241 42.0000000000
49305  38.597  19.445  -32.317 43.0000000000
48746  42.450  50.351  2.682 45.0000000000
48976  32.757  -19.668  -26.086 46.0000000000
48994  25.814  -54.233  21.681 47.0000000000
49764  3.126  -1.821  -17.633 49.0000000000
49369  12.181  64.519  -28.598 50.0000000000
48272  23.682  58.263  -31.299 51.0000000000
49342  52.008  -31.329  13.700 52.0000000000
49700  40.565  37.980  -51.625 53.0000000000
49742  26.085  -78.795  -21.391 54.0000000000
47128  26.558  54.483  23.592 55.0000000000
28098  45.027  -15.396  -5.608 56.0000000000
25191  34.003  4.602  -43.913 57.0000000000
47357  18.116  -42.041  -21.619 58.0000000000
47664  25.212  -34.705  30.633 59.0000000000
48273  47.327  31.618  27.189 60.0000000000
48310  12.979  17.767  53.231 61.0000000000
48340  20.658  -69.511  -35.518 62.0000000000
48341  9.270  79.740  -2.441 63.0000000000
47290  67.764  -11.343  -28.751 65.0000000000
48298  34.767  -12.968  19.875 66.0000000000
48325  43.775  60.964  -18.121 67.0000000000
48355  49.546  -40.504  -8.838 69.0000000000
49190  41.644  55.941  -11.465 70.0000000000
49308  45.504  51.358  -10.599 71.0000000000
49362  10.061  -53.624  20.049 72.0000000000
29359  36.598  50.840  19.556 73.0000000000
25190  53.158  -56.034  -14.323 76.0000000000
43479  8.240  -46.903  -6.723 77.0000000000
43536  40.570  -42.031  -29.173 78.0000000000
43583  9.283  -62.371  4.398 79.0000000000
43823  14.699  39.466  34.312 80.0000000000
41282  37.314  19.980  10.866 81.0000000000
44581  53.031  35.744  -13.645 82.0000000000
29358  45.543  35.608  4.866 83.0000000000
45038  39.922  3.219  -36.573 84.0000000000
45104  45.787  14.755  -3.013 85.0000000000
42005  20.674  74.761  -29.308 86.0000000000
44607  6.745  48.892  20.326 87.0000000000
45039  7.739  25.883  33.249 88.0000000000
45056  24.423  -51.712  25.712 89.0000000000
45123  31.021  -10.760  31.778 90.0000000000
46079  47.554  7.991  8.604 91.0000000000
42542  18.591  -75.516  -20.072 92.0000000000
45845  40.847  -6.365  -11.097 93.0000000000
45864  40.662  11.688  -49.398 94.0000000000
46094  66.397  -27.579  -14.576 95.0000000000
43268  37.185  -52.415  29.348 96.0000000000
36797  20.177  -40.597  7.222 100.0000000000
39213  29.502  -41.029  -11.262 102.0000000000
39247  49.703  -7.124  -29.944 103.0000000000
39525  11.522  8.929  40.049 104.0000000000
26093  57.795  -28.623  -7.379 106.0000000000
25192  16.094  -71.266  19.334 107.0000000000
25212  37.879  3.011  48.137 108.0000000000
39262  67.135  5.759  -20.513 109.0000000000
39539  29.744  22.749  -30.823 110.0000000000
38993  31.189  61.746  3.482 112.0000000000
29357  14.064  -35.119  49.540 113.0000000000
41960  25.849  11.987  42.883 114.0000000000
39636  7.450  56.982  -9.697 116.0000000000
41985  17.756  -47.618  -11.778 117.0000000000
42495  34.321  -22.764  36.528 118.0000000000
42006  25.157  -53.861  31.180 119.0000000000
40764  64.025  3.152  -35.866 120.0000000000
42527  16.203  61.761  22.426 121.0000000000
43224  14.160  -43.339  43.964 122.0000000000
40783  53.314  42.672  14.454 124.0000000000
43223  14.858  -42.994  44.928 126.0000000000
44062  28.664  37.646  -25.040 127.0000000000
43284  20.856  -39.989  9.206 129.0000000000
43964  38.189  34.441  12.921 130.0000000000
44061  47.218  23.700  -13.034 133.0000000000
43414  19.908  -67.413  -29.373 134.0000000000
40147  40.110  55.901  -12.910 135.0000000000
44519  51.681  -47.080  -13.820 138.0000000000
44778  21.734  -43.222  26.729 139.0000000000
44811  13.397  -83.303  -3.673 140.0000000000
43508  12.102  58.143  -43.266 141.0000000000
44320  32.792  -31.173  24.513 145.0000000000
44373  9.349  -32.426  1.172 146.0000000000
31149  30.237  63.845  -29.994 149.0000000000
31262  33.793  15.657  25.929 151.0000000000
32318  58.834  -18.257  18.665 153.0000000000
35666  47.970  13.096  -35.861 154.0000000000
35665  47.817  10.799  -34.961 155.0000000000
35777  48.652  -49.362  -24.052 156.0000000000
38120  43.713  -49.053  -24.632 157.0000000000
32374  47.672  -39.284  -33.361 158.0000000000
35260  33.506  -11.088  -33.332 159.0000000000
38705  28.625  -77.389  -6.617 162.0000000000
39409  10.578  -8.359  36.623 163.0000000000
38992  43.641  8.753  -32.251 164.0000000000
39436  28.210  -61.373  -2.215 166.0000000000
40239  3.553  -3.051  -18.959 167.0000000000
37126  8.546  -47.520  -7.028 172.0000000000
40739  35.550  -6.501  -35.926 173.0000000000
40765  49.132  -46.482  -10.330 175.0000000000
38081  67.612  -4.455  -35.019 176.0000000000
40148  40.568  -0.379  -24.627 179.0000000000
40149  36.680  29.610  39.040 181.0000000000
41570  6.138  -63.943  -5.684 184.0000000000
42396  37.762  19.716  21.630 185.0000000000
43498  12.094  58.877  -43.377 186.0000000000
41390  15.546  21.338  -30.056 189.0000000000
44287  23.376  -20.762  -27.992 194.0000000000
41110  34.593  12.276  -41.695 198.0000000000
40704  41.961  -29.738  -39.816 202.0000000000
25583  45.115  -1.650  -9.745 205.0000000000
26783  4.589  -12.140  45.242 207.0000000000
25557  60.836  -29.292  -7.938 209.0000000000
27481  10.414  6.820  29.153 210.0000000000
27967  46.490  6.800  -56.266 211.0000000000
33351  4.333  -15.351  -8.271 213.0000000000
28689  4.781  -67.946  -10.414 214.0000000000
34978  36.730  -66.526  1.302 215.0000000000
33844  53.898  35.700  6.477 216.0000000000
34128  40.670  -43.596  22.225 217.0000000000
34129  10.967  25.821  50.688 218.0000000000
35373  18.823  -12.700  37.523 222.0000000000
37125  4.557  -15.851  45.673 223.0000000000
35614  33.876  9.251  26.085 224.0000000000
29604  11.133  60.673  14.016 225.0000000000
31720  11.372  -83.456  -18.957 226.0000000000
31810  47.985  -37.112  -17.956 231.0000000000
37972  48.595  -31.475  20.708 232.0000000000
37973  5.372  -53.603  22.942 233.0000000000
31787  58.281  0.477  6.125 237.0000000000
37991  27.604  20.524  26.323 238.0000000000
37974  5.344  -51.714  22.122 239.0000000000
32821  9.941  -68.973  16.445 241.0000000000
34499  21.000  -66.130  25.827 243.0000000000
33872  54.775  35.810  6.139 246.0000000000
36735  40.881  -46.951  2.140 249.0000000000
40705  27.185  -38.013  49.725 252.0000000000
40992  47.138  44.148  -9.025 253.0000000000
41018  0.466  8.842  -33.036 254.0000000000
41047  44.427  -56.228  -32.472 255.0000000000
41081  23.125  28.596  46.777 256.0000000000
5231  38.316  48.946  -30.193 264.0000000000
19110  1.563  -17.003  2.633 266.0000000000
26714  35.360  -2.855  23.759 268.0000000000
27435  23.615  43.629  18.314 270.0000000000
20549  6.117  12.571  9.719 271.0000000000
27966  57.667  5.870  26.957 273.0000000000
27482  61.803  18.527  4.507 276.0000000000
27968  31.403  -8.115  -26.515 277.0000000000
28794  38.741  19.657  -60.165 280.0000000000
29547  60.800  12.163  -1.445 282.0000000000
22001  36.035  0.155  -6.961 284.0000000000
30623  24.411  14.528  49.623 285.0000000000
31035  50.784  -1.308  -14.690 288.0000000000
23287  37.574  5.337  -43.879 289.0000000000
31721  57.832  6.142  25.703 290.0000000000
24070  31.044  13.808  -63.208 294.0000000000
33774  14.669  83.576  -22.921 295.0000000000
32775  40.532  25.823  -43.627 296.0000000000
34498  43.020  -8.391  44.892 299.0000000000
34968  43.068  -62.700  13.175 302.0000000000
28332  33.718  -39.071  -16.713 304.0000000000
28600  33.046  6.194  -56.844 305.0000000000
28044  60.561  -3.712  21.655 311.0000000000
35037  47.382  -38.427  -35.393 314.0000000000
35092  52.745  37.010  -6.554 315.0000000000
35244  36.668  -25.460  -29.286 316.0000000000
36973  37.137  -22.160  -32.078 317.0000000000
37014  50.928  -26.724  19.376 318.0000000000
18877  6.875  -66.061  16.843 320.0000000000
30454  1.249  -0.950  -13.860 324.0000000000
5230  55.889  -27.793  -29.703 327.0000000000
6014  12.348  63.005  -41.221 328.0000000000
6070  5.215  -49.123  -2.337 329.0000000000
5197  9.846  -37.855  -2.683 330.0000000000
19685  0.342  8.086  -32.588 331.0000000000
20503  5.234  -7.767  -2.761 332.0000000000
7716  6.729  45.859  4.464 333.0000000000
6475  52.892  11.601  -8.499 334.0000000000
7988  42.256  39.780  -31.274 336.0000000000
21285  27.927  32.176  -58.336 337.0000000000
22000  57.651  -19.376  15.410 338.0000000000
8855  7.227  21.314  20.084 339.0000000000
21952  63.501  9.513  -34.117 340.0000000000
23167  6.723  76.818  -11.970 343.0000000000
11259  30.705  66.064  -9.820 346.0000000000
25023  54.583  -31.827  -36.542 347.0000000000
24022  55.438  14.508  27.750 348.0000000000
26631  50.403  59.043  -20.726 351.0000000000
25052  44.841  -30.877  -36.731 352.0000000000
25024  40.348  57.835  -0.615 353.0000000000
4812  5.401  -49.701  10.145 355.0000000000
4572  24.189  44.275  34.905 356.0000000000
26653  28.496  -68.158  -8.358 357.0000000000
26632  9.453  -29.575  -8.380 358.0000000000
28043  12.446  -72.838  14.100 359.0000000000
14645  65.217  9.168  -7.468 360.0000000000
14857  7.523  -0.062  55.192 361.0000000000
6213  52.477  27.072  -17.021 365.0000000000
26787  17.709  -68.629  23.424 366.0000000000
17328  27.644  65.218  16.551 370.0000000000
30298  38.178  -1.352  22.008 371.0000000000
28659  33.000  -71.929  -15.463 375.0000000000
30535  46.049  3.513  -25.226 376.0000000000
30963  36.317  73.672  -23.083 377.0000000000
18876  25.601  69.892  15.361 379.0000000000
3301  33.151  -3.669  -41.767 384.0000000000
4112  11.779  -46.731  25.635 385.0000000000
4091  22.705  72.680  -13.996 386.0000000000
4326  1.141  1.676  0.850 387.0000000000
5196  49.151  -62.156  -28.635 388.0000000000
4663  25.226  32.498  -35.745 392.0000000000
4325  1.783  2.488  1.709 393.0000000000
6989  37.300  1.397  -52.385 397.0000000000
7059  27.133  -23.250  -35.879 400.0000000000
9678  15.006  51.253  -40.162 403.0000000000
7989  19.275  54.382  -37.981 405.0000000000
9592  11.123  60.506  -30.711 406.0000000000
9593  11.087  59.448  -32.050 407.0000000000
9809  64.466  16.884  -4.050 409.0000000000
9641  67.004  -18.079  -32.666 410.0000000000
9594  11.752  61.904  -30.605 411.0000000000
9810  40.426  -9.941  38.299 412.0000000000
11574  16.656  -67.586  6.757 414.0000000000
10694  20.937  35.852  32.635 415.0000000000
10663  21.656  36.475  33.223 416.0000000000
333  38.795  -28.931  25.378 417.0000000000
1161  38.304  -5.078  -43.537 420.0000000000
12360  36.496  -41.909  25.258 423.0000000000
14944  47.797  10.197  -37.755 426.0000000000
3912  9.705  -33.571  19.012 427.0000000000
13028  6.849  47.585  -1.441 429.0000000000
1160  38.318  -6.564  -41.426 431.0000000000
6417  48.242  18.073  -38.806 432.0000000000
14644  65.951  8.602  -6.800 434.0000000000
15433  42.591  60.436  -8.585 440.0000000000
4573  39.171  9.464  -0.768 443.0000000000
5694  42.528  -22.786  41.778 446.0000000000
19511  35.740  17.066  -7.540 451.0000000000
19561  4.334  -66.263  -25.245 452.0000000000
17500  45.378  23.626  -44.533 453.0000000000
8665  29.250  31.517  -32.619 456.0000000000
2107  29.681  -47.518  -33.973 459.0000000000
3871  27.954  23.956  -62.842 460.0000000000
3910  30.518  52.289  3.845 461.0000000000
4155  38.979  21.922  25.867 463.0000000000
58323  21.599  65.690  10.497 464.0000000000
4362  40.652  -46.562  24.822 466.0000000000
5232  10.675  -6.318  28.969 469.0000000000
6109  5.957  -3.076  45.740 472.0000000000
5195  48.391  -63.975  -27.277 473.0000000000
6015  33.460  49.011  -35.893 474.0000000000
6990  16.080  -26.962  38.236 475.0000000000
6147  51.911  -46.195  8.975 476.0000000000
7060  26.792  -24.346  -35.123 477.0000000000
7689  15.454  -38.896  -18.209 478.0000000000
60182  19.825  52.838  31.050 479.0000000000
8543  50.926  -18.593  5.380 481.0000000000
9677  39.502  2.496  -54.571 482.0000000000
8827  17.434  -45.973  45.409 484.0000000000
60257  20.314  -59.456  33.355 486.0000000000
9743  64.418  -29.918  -13.771 487.0000000000
59314  24.546  -50.423  6.665 489.0000000000
11575  30.162  -1.762  -29.679 490.0000000000
11186  65.336  -18.239  -33.395 491.0000000000
14786  20.502  80.489  -20.718 492.0000000000
843  7.514  30.857  -33.309 493.0000000000
332  38.187  -28.020  23.895 495.0000000000
334  28.385  -17.968  -27.483 496.0000000000
4729  5.839  17.234  20.737 497.0000000000
2891  43.393  -0.824  -23.086 498.0000000000
2892  42.473  -3.312  -21.080 499.0000000000
4092  51.314  6.471  10.444 508.0000000000
4754  6.538  41.658  -34.698 510.0000000000
2922  37.670  37.698  17.076 511.0000000000
1159  62.022  -34.549  -12.543 512.0000000000
5693  43.152  -23.019  41.757 514.0000000000
5695  16.589  -45.791  -9.315 515.0000000000
5892  41.661  -43.404  -11.495 516.0000000000
6248  6.680  44.061  33.670 519.0000000000
5592  63.807  -31.235  -23.145 522.0000000000
5842  66.599  -7.580  -9.206 523.0000000000
6214  51.855  26.971  -16.023 528.0000000000
8749  15.886  -65.502  22.119 529.0000000000
6741  50.192  -5.607  30.349 530.0000000000
8750  14.740  -65.718  22.466 535.0000000000
56745  57.680  -30.813  -3.394 537.0000000000
57899  6.406  -52.663  2.646 538.0000000000
57946  47.517  -59.871  -31.462 539.0000000000
58067  12.261  27.492  15.055 540.0000000000
58193  15.332  -52.108  2.708 541.0000000000
58207  61.953  -7.226  6.591 543.0000000000
58241  11.050  -53.530  2.088 544.0000000000
55586  51.232  32.633  -0.933 548.0000000000
55625  47.141  18.469  -41.139 551.0000000000
58347  59.280  -0.218  -38.262 552.0000000000
58618  58.917  27.092  8.586 555.0000000000
58675  29.409  32.497  -31.486 558.0000000000
57914  8.073  19.227  -30.725 561.0000000000
58783  19.464  -39.974  -18.114 562.0000000000
58187  33.164  -64.562  14.529 564.0000000000
58296  48.477  -29.655  18.526 565.0000000000
58880  37.289  -29.081  24.990 566.0000000000
58883  23.425  56.768  -34.876 567.0000000000
58492  16.503  -26.746  -24.058 568.0000000000
59219  41.621  15.659  18.370 570.0000000000
59074  6.416  -62.740  -9.312 571.0000000000
59009  33.005  50.127  -16.972 572.0000000000
59098  34.796  32.210  -25.217 573.0000000000
58453  22.450  -61.776  -31.829 574.0000000000
58458  48.330  25.784  9.916 575.0000000000
57413  29.865  43.362  -26.422 577.0000000000
2964  33.467  25.399  -6.338 580.0000000000
2965  47.579  37.578  20.885 581.0000000000
3142  33.223  -40.709  -16.479 582.0000000000
58690  58.124  24.258  -1.164 584.0000000000
58983  28.809  42.102  -25.138 589.0000000000
4728  27.733  -53.201  -12.357 590.0000000000
59103  33.071  -32.701  -30.111 591.0000000000
58966  8.979  37.337  35.051 595.0000000000
3913  45.806  26.638  -1.366 598.0000000000
4730  50.051  -18.880  23.595 601.0000000000
3052  51.500  18.260  23.010 603.0000000000
59189  22.562  45.058  37.314 604.0000000000
4781  69.304  -15.997  -21.684 610.0000000000
59337  43.402  18.241  -61.146 613.0000000000
8664  54.836  -0.161  22.488 614.0000000000
6709  5.820  -15.594  10.520 619.0000000000
59560  42.295  -54.497  -1.926 623.0000000000
9392  17.027  75.750  8.121 624.0000000000
56544  46.568  21.563  7.131 626.0000000000
56694  20.010  -46.253  -9.064 627.0000000000
56744  11.309  27.373  15.047 628.0000000000
56873  60.736  17.233  12.068 630.0000000000
56904  10.456  -64.428  20.777 631.0000000000
54925  63.420  14.888  -2.707 632.0000000000
56941  29.347  12.802  44.411 633.0000000000
57079  40.314  -46.670  -28.594 635.0000000000
55303  6.592  34.001  -42.124 636.0000000000
55328  31.493  -40.455  -10.522 637.0000000000
57268  12.535  -77.505  -5.893 638.0000000000
57409  6.041  -53.418  3.638 644.0000000000
46520  35.679  -60.366  -8.472 645.0000000000
57615  14.923  17.436  26.689 648.0000000000
49315  21.353  2.553  -44.656 650.0000000000
57853  34.772  38.567  20.181 651.0000000000
56308  30.336  41.486  -9.040 652.0000000000
57908  50.437  31.698  -1.885 653.0000000000
58295  57.874  27.328  9.999 657.0000000000
58179  59.163  -21.338  4.778 658.0000000000
58334  5.486  48.856  -12.594 660.0000000000
57070  21.590  13.495  -30.357 661.0000000000
57360  37.343  46.652  28.209 664.0000000000
58597  49.661  -30.059  13.967 665.0000000000
58300  60.281  -0.053  -38.467 667.0000000000
56911  43.958  48.590  -5.367 669.0000000000
57701  23.998  36.162  42.399 676.0000000000
58598  47.975  -61.231  -32.054 677.0000000000
58652  9.336  -61.426  -31.199 679.0000000000
57381  52.564  -41.929  21.735 680.0000000000
58847  12.073  57.430  -44.144 685.0000000000
57871  8.338  -53.004  2.589 686.0000000000
58857  30.706  -62.793  -8.923 687.0000000000
57892  46.354  17.028  25.892 689.0000000000
58454  19.625  -32.345  -27.524 693.0000000000
59238  49.565  -52.682  -5.225 695.0000000000
58271  5.185  -52.706  1.532 698.0000000000
53009  5.922  -22.008  40.951 699.0000000000
59338  10.812  -8.206  39.504 700.0000000000
59248  44.084  -54.396  -0.244 705.0000000000
59488  50.523  33.698  -38.212 708.0000000000
58421  29.819  14.052  -34.341 709.0000000000
58455  6.506  -51.109  10.495 712.0000000000
59407  51.399  40.531  12.069 713.0000000000
59420  35.510  -59.520  -36.103 714.0000000000
58612  25.249  -57.127  27.099 715.0000000000
59651  49.027  3.337  31.311 717.0000000000
59570  54.695  -34.540  3.579 718.0000000000
54143  51.356  -52.701  11.958 720.0000000000
54414  6.613  27.483  28.446 721.0000000000
54431  41.647  33.183  -11.646 722.0000000000
54606  47.248  -52.338  11.032 724.0000000000
54662  16.215  -35.908  -6.091 725.0000000000
54688  30.937  -56.079  18.839 726.0000000000
54706  40.059  -9.156  20.189 727.0000000000
45153  59.170  17.907  -25.789 729.0000000000
45152  44.283  -53.951  25.861 730.0000000000
55351  4.752  58.643  -45.589 733.0000000000
47996  56.853  -5.442  -41.840 737.0000000000
55648  48.634  -8.263  32.239 740.0000000000
48052  10.072  48.572  24.379 745.0000000000
48270  28.358  8.069  25.279 746.0000000000
49316  58.306  23.638  -23.380 747.0000000000
46521  36.023  -24.330  30.393 749.0000000000
47253  46.418  -21.699  -44.238 750.0000000000
47255  47.395  58.933  -31.427 751.0000000000
55997  57.622  -31.828  -9.236 753.0000000000
50579  26.191  -16.212  -21.685 754.0000000000
56350  52.009  -39.304  -2.643 755.0000000000
56162  51.255  -47.014  -26.971 756.0000000000
50790  25.455  -51.666  19.514 758.0000000000
50873  18.841  -32.942  -26.337 759.0000000000
51437  37.895  67.721  -23.853 761.0000000000
56704  12.707  -45.287  -17.672 762.0000000000
56359  42.783  -63.628  -0.018 763.0000000000
56351  17.923  -6.365  -28.449 765.0000000000
56504  49.661  -62.822  -20.832 766.0000000000
51517  51.619  30.241  22.053 771.0000000000
56666  45.894  -55.295  12.823 772.0000000000
45552  14.767  -47.292  47.489 773.0000000000
56714  35.639  53.138  5.663 774.0000000000
56705  11.969  -46.138  -17.557 775.0000000000
56840  25.643  -71.757  -32.800 776.0000000000
56898  30.283  -9.852  29.893 778.0000000000
51456  39.815  2.900  -27.421 779.0000000000
52100  18.626  -3.254  -34.782 784.0000000000
57558  36.297  -53.576  2.323 786.0000000000
52773  7.989  -71.372  11.306 788.0000000000
52476  51.016  41.016  0.292 790.0000000000
52953  13.800  15.569  28.205 795.0000000000
57891  53.032  -41.077  20.883 797.0000000000
53250  43.211  13.570  -36.202 800.0000000000
57768  13.341  -36.482  12.955 802.0000000000
58184  57.985  -21.355  4.567 806.0000000000
53557  6.957  28.685  15.157 807.0000000000
58283  35.898  48.493  -1.949 808.0000000000
58314  5.800  -55.495  7.661 809.0000000000
58132  53.945  49.300  -13.173 814.0000000000
58469  41.260  -59.215  -32.040 822.0000000000
58599  47.017  -60.866  -33.152 823.0000000000
58581  56.335  -20.967  32.163 824.0000000000
54360  58.393  -29.379  27.139 825.0000000000
58733  59.916  -4.176  -44.206 826.0000000000
54401  24.809  -56.123  26.490 828.0000000000
42950  43.708  -6.229  33.771 830.0000000000
43252  25.481  -63.949  28.762 831.0000000000
43327  11.478  53.857  32.414 832.0000000000
43355  28.887  26.157  -62.386 834.0000000000
43666  27.983  -66.138  10.728 835.0000000000
43944  39.258  33.972  13.125 836.0000000000
44026  35.137  -21.035  -39.723 837.0000000000
44084  11.072  -16.193  16.227 838.0000000000
33929  1.800  -5.440  5.512 839.0000000000
34684  44.574  60.870  6.384 840.0000000000
35597  47.544  12.782  -8.788 842.0000000000
36553  39.549  4.082  -54.295 846.0000000000
45972  7.280  -29.262  39.418 847.0000000000
45602  16.832  -59.588  -6.279 848.0000000000
46330  15.345  66.252  10.273 849.0000000000
37404  67.807  -14.812  -14.221 850.0000000000
38367  15.304  58.479  -18.324 851.0000000000
45944  6.996  56.040  -6.881 852.0000000000
37481  44.867  14.428  32.768 855.0000000000
46723  17.140  -66.398  4.240 856.0000000000
39209  33.253  -43.002  -33.849 860.0000000000
46681  29.415  29.226  28.605 861.0000000000
38444  11.450  52.731  -37.940 864.0000000000
38733  7.707  -2.540  11.197 866.0000000000
47064  39.744  72.706  -9.423 867.0000000000
48075  22.367  27.752  46.508 871.0000000000
41629  28.399  -22.380  38.097 874.0000000000
41731  32.001  -72.086  -3.027 877.0000000000
47772  38.348  -7.519  -40.413 878.0000000000
47254  41.500  17.397  -64.280 880.0000000000
40915  54.266  -28.188  -6.869 881.0000000000
48758  32.209  -47.592  -25.441 888.0000000000
49899  23.661  -41.777  48.886 893.0000000000
42088  20.708  28.902  35.993 895.0000000000
50190  9.183  1.734  10.463 896.0000000000
50472  19.065  78.256  -11.201 897.0000000000
50516  42.040  31.757  13.728 898.0000000000
49501  40.046  -65.588  -22.117 899.0000000000
49502  34.980  9.690  -47.068 900.0000000000
42537  21.322  30.037  37.481 902.0000000000
42536  24.147  -67.911  -29.053 903.0000000000
42927  46.810  52.327  -21.744 906.0000000000
35921  44.853  0.010  1.719 908.0000000000
50473  18.751  78.567  -9.701 910.0000000000
50482  1.978  20.970  6.493 911.0000000000
50534  10.637  28.319  25.556 912.0000000000
44806  12.088  -49.783  44.301 922.0000000000
51250  9.218  -55.946  21.290 923.0000000000
44410  12.353  -62.268  -7.579 925.0000000000
44717  51.798  35.406  -13.915 929.0000000000
45073  29.863  67.357  -15.358 934.0000000000
52173  57.037  -10.235  26.020 937.0000000000
53008  6.802  -54.698  18.137 941.0000000000
45184  36.614  21.007  -61.343 945.0000000000
53275  5.180  -51.454  16.860 948.0000000000
46272  13.573  75.948  -37.410 950.0000000000
46346  29.696  36.387  -23.910 951.0000000000
46354  30.925  17.389  -43.716 953.0000000000
46643  10.176  48.474  26.486 954.0000000000
47328  19.629  -56.726  33.109 959.0000000000
53814  9.494  -58.344  -28.391 961.0000000000
53912  64.616  9.070  12.552 962.0000000000
53902  35.604  72.647  -24.378 963.0000000000
47983  68.186  -9.391  -34.815 964.0000000000
53924  55.773  25.915  14.800 966.0000000000
54361  58.280  -30.034  26.767 968.0000000000
15267  7.588  -0.457  18.785 970.0000000000
28893  7.656  64.848  5.897 971.0000000000
30339  10.900  -52.096  -26.025 972.0000000000
27309  32.269  -14.896  22.499 973.0000000000
17539  11.346  -0.473  17.707 974.0000000000
30486  26.871  -41.360  -1.007 975.0000000000
31967  41.145  13.939  23.419 977.0000000000
32363  12.578  -5.162  -31.599 978.0000000000
32860  16.290  81.847  -2.118 979.0000000000
32981  12.217  -26.153  29.259 980.0000000000
33323  47.915  -42.026  -5.095 981.0000000000
23983  25.670  -34.044  -11.224 984.0000000000
23963  60.561  -21.685  -19.711 985.0000000000
34685  31.700  -6.845  37.771 986.0000000000
35573  10.165  -17.471  -14.223 988.0000000000
24973  41.204  58.488  -0.133 989.0000000000
25383  67.934  -11.960  0.482 990.0000000000
36027  52.546  34.750  20.397 992.0000000000
36003  18.785  31.636  44.145 993.0000000000
36595  58.424  -26.085  19.263 996.0000000000
26945  37.850  21.354  -33.478 997.0000000000
27006  31.737  51.855  5.372 998.0000000000
37021  4.930  14.847  14.960 1000.0000000000
37006  51.072  33.627  25.387 1001.0000000000
37405  43.475  -3.001  -12.534 1002.0000000000
37518  19.394  -14.717  57.027 1006.0000000000
28245  35.529  -10.828  48.864 1007.0000000000
29333  24.294  31.031  45.756 1008.0000000000
22572  32.245  9.218  -34.764 1011.0000000000
38368  3.217  -1.875  -22.778 1012.0000000000
38430  50.699  26.189  -55.021 1015.0000000000
29582  45.387  -45.734  11.669 1017.0000000000
40916  36.386  -16.183  20.075 1020.0000000000
32457  37.141  -7.028  40.728 1021.0000000000
39814  12.274  25.116  26.315 1022.0000000000
31942  2.942  1.391  -24.576 1024.0000000000
40145  43.891  7.961  16.361 1026.0000000000
39500  54.787  -48.307  -13.665 1028.0000000000
30746  30.347  75.986  -26.775 1029.0000000000
40775  24.575  84.173  -15.875 1031.0000000000
39552  36.521  8.302  39.918 1033.0000000000
20094  7.013  -6.559  46.808 1043.0000000000
40473  6.984  -46.717  34.723 1045.0000000000
40456  55.259  -50.379  -26.045 1046.0000000000
40501  13.570  85.207  -14.847 1047.0000000000
41852  38.254  71.971  -1.760 1048.0000000000
42087  20.479  28.993  34.817 1049.0000000000
42153  18.196  -42.173  -16.151 1050.0000000000
40777  9.484  1.476  19.528 1051.0000000000
40776  47.900  -38.510  26.993 1052.0000000000
33488  35.923  -68.489  -13.145 1054.0000000000
34146  61.011  -23.389  21.555 1058.0000000000
35577  29.121  23.937  27.462 1062.0000000000
41787  27.591  -34.313  -32.057 1063.0000000000
42106  36.129  -8.330  -34.700 1066.0000000000
42167  5.484  -65.874  -29.621 1067.0000000000
33556  47.721  2.125  2.512 1070.0000000000
33652  53.795  -5.807  7.794 1073.0000000000
43898  12.660  59.238  -44.348 1075.0000000000
35576  52.894  13.173  -8.255 1079.0000000000
34253  25.243  -6.448  36.268 1080.0000000000
36007  22.900  26.041  47.165 1090.0000000000
37441  12.038  -5.132  -34.935 1094.0000000000
37440  53.829  36.220  -9.344 1096.0000000000
35991  45.969  64.770  -4.219 1097.0000000000
37039  58.688  -38.065  -20.150 1101.0000000000
37482  59.058  -34.150  10.270 1103.0000000000
38343  10.505  6.689  19.676 1106.0000000000
38390  36.921  -5.388  2.435 1108.0000000000
37920  7.026  -32.078  21.401 1113.0000000000
47022  53.157  20.949  24.839 1123.0000000000
39274  37.494  13.635  -12.578 1125.0000000000
47679  17.987  -35.422  3.512 1127.0000000000
47710  14.529  -41.918  -20.752 1130.0000000000
48069  27.905  69.609  11.755 1132.0000000000
48010  41.510  59.135  -31.269 1133.0000000000
15198  14.564  -63.667  -34.009 1134.0000000000
15266  12.714  19.520  33.841 1137.0000000000
16073  18.588  77.935  -30.918 1138.0000000000
17486  10.616  19.455  52.666 1139.0000000000
8388  19.938  -35.791  -28.310 1141.0000000000
19859  53.585  -19.047  -39.622 1142.0000000000
19860  41.039  -48.596  2.823 1143.0000000000
19889  48.512  -28.413  17.029 1144.0000000000
19861  24.987  -37.808  -10.623 1145.0000000000
20606  59.353  -39.903  -12.234 1146.0000000000
20592  63.334  -13.601  25.360 1147.0000000000
16665  7.351  56.775  15.006 1148.0000000000
21773  46.026  8.997  9.439 1149.0000000000
22768  17.152  -34.325  0.258 1150.0000000000
14841  12.327  39.786  -32.868 1151.0000000000
23333  26.372  71.818  8.505 1152.0000000000
23305  26.419  28.657  -35.208 1153.0000000000
14843  43.481  -43.188  9.815 1156.0000000000
14958  8.835  70.223  20.311 1157.0000000000
15083  14.621  78.785  -1.857 1158.0000000000
15582  11.954  52.183  37.220 1159.0000000000
15690  18.922  79.531  -22.010 1160.0000000000
17753  8.538  -50.999  -16.393 1161.0000000000
24180  57.725  5.753  -2.862 1162.0000000000
24159  8.919  20.858  44.706 1163.0000000000
25465  33.648  61.566  18.598 1167.0000000000
25571  51.094  -56.480  -8.270 1168.0000000000
26349  52.634  8.541  6.182 1171.0000000000
26326  27.207  -28.877  -23.939 1172.0000000000
27423  66.156  -24.521  -20.701 1176.0000000000
18923  50.629  26.715  -19.240 1177.0000000000
27581  59.225  6.158  -4.957 1178.0000000000
27559  52.595  -37.683  26.171 1179.0000000000
28894  5.933  63.758  6.788 1180.0000000000
28222  14.182  39.700  -40.646 1182.0000000000
28273  21.502  -68.942  23.103 1183.0000000000
19778  63.822  -20.107  15.121 1184.0000000000
28707  32.229  -63.352  16.410 1185.0000000000
28345  41.493  -14.893  20.958 1187.0000000000
22573  5.137  -65.116  -28.009 1188.0000000000
29311  16.528  57.946  -7.973 1191.0000000000
21694  31.240  -25.351  45.525 1192.0000000000
30902  18.760  32.455  44.269 1194.0000000000
30903  38.665  -62.232  16.626 1195.0000000000
29595  32.902  -22.907  47.729 1196.0000000000
30722  63.498  -22.732  -24.527 1204.0000000000
30764  10.490  71.987  -42.224 1205.0000000000
23104  10.801  -71.706  -11.825 1206.0000000000
30904  68.210  -18.381  -7.123 1208.0000000000
26123  12.173  35.005  21.709 1211.0000000000
25179  33.200  -40.956  -26.590 1213.0000000000
32573  15.145  -43.486  -25.995 1214.0000000000
23307  47.883  -17.889  22.037 1215.0000000000
20095  6.002  -7.455  46.164 1216.0000000000
32008  63.792  -34.774  -21.079 1218.0000000000
32049  45.527  -4.775  41.784 1220.0000000000
32313  14.082  7.997  24.857 1221.0000000000
33489  37.041  -69.033  -12.468 1223.0000000000
33601  40.007  -12.347  -7.139 1226.0000000000
25468  37.440  2.805  -19.816 1227.0000000000
34165  6.783  55.281  13.660 1228.0000000000
19400  4.883  17.525  14.203 1230.0000000000
20093  49.277  -28.126  28.395 1232.0000000000
27313  24.842  -22.800  -20.821 1233.0000000000
25425  6.361  49.007  -45.281 1234.0000000000
34975  55.543  -10.267  23.327 1239.0000000000
35087  48.088  -59.923  2.667 1248.0000000000
29315  11.830  -15.159  58.682 1250.0000000000
29360  10.679  69.157  -19.493 1252.0000000000
29838  28.493  -52.889  -31.884 1256.0000000000
30619  44.737  66.357  -30.253 1262.0000000000
31828  6.853  -15.557  -6.547 1269.0000000000
23250  32.197  -16.507  32.030 1271.0000000000
29425  23.452  65.447  4.855 1273.0000000000
31335  31.751  -54.755  27.985 1277.0000000000
31258  23.824  65.577  1.914 1279.0000000000
38654  43.464  26.613  -50.408 1280.0000000000
32221  31.299  -74.606  1.498 1281.0000000000
33369  35.261  10.228  -25.065 1285.0000000000
33534  8.499  -16.581  -8.110 1287.0000000000
33401  35.991  64.551  0.747 1288.0000000000
40445  14.744  57.910  -20.032 1291.0000000000
34090  46.983  -14.920  39.482 1292.0000000000
13  53.090  45.983  10.042 1294.0000000000
12  52.960  45.739  9.485 1295.0000000000
2127  47.337  27.593  0.085 1296.0000000000
2206  24.653  38.538  33.541 1299.0000000000
3720  9.046  39.253  1.241 1300.0000000000
4680  24.323  69.466  -0.739 1301.0000000000
5714  29.812  -50.152  8.715 1302.0000000000
1401  7.889  -32.376  34.835 1303.0000000000
1433  28.423  -6.858  -42.612 1304.0000000000
8387  10.802  -82.410  -7.884 1306.0000000000
4612  53.144  -11.782  -8.569 1308.0000000000
9225  43.216  27.878  -9.255 1309.0000000000
6473  32.124  33.197  -52.430 1310.0000000000
10212  33.533  27.669  -10.849 1311.0000000000
10743  44.197  -49.202  -4.814 1312.0000000000
9987  43.273  9.631  -61.600 1313.0000000000
11198  9.230  53.689  23.254 1314.0000000000
13446  6.490  28.741  -25.154 1315.0000000000
11394  33.103  34.730  -56.866 1316.0000000000
11752  69.158  -9.562  -14.126 1317.0000000000
11942  53.636  0.670  18.452 1318.0000000000
14842  42.598  -41.719  8.391 1321.0000000000
14957  6.694  -35.254  -8.110 1322.0000000000
15082  14.809  77.803  -2.097 1323.0000000000
15581  11.722  50.716  37.995 1324.0000000000
15689  17.928  79.584  -22.557 1325.0000000000
15805  13.059  -86.019  -12.685 1326.0000000000
13447  28.503  -51.435  -14.796 1327.0000000000
13477  59.936  19.087  -42.916 1328.0000000000
13988  41.021  -23.999  -38.821 1329.0000000000
15806  55.273  22.626  12.553 1338.0000000000
15865  38.004  52.355  -9.417 1339.0000000000
16503  41.088  -2.868  -49.308 1340.0000000000
16563  12.948  -86.072  -14.601 1341.0000000000
16618  68.545  -16.179  -30.799 1342.0000000000
16666  31.565  20.367  33.123 1343.0000000000
17488  9.385  19.827  52.195 1345.0000000000
17541  12.900  60.685  -41.818 1347.0000000000
18059  12.641  -34.395  -9.544 1348.0000000000
18122  38.330  -56.866  15.300 1349.0000000000
18161  19.161  15.093  -30.910 1350.0000000000
18886  13.312  70.084  -11.251 1352.0000000000
19430  33.931  8.529  -48.396 1354.0000000000
19478  22.012  4.566  52.289 1355.0000000000
19523  15.249  34.243  38.308 1356.0000000000
19580  14.781  -74.298  -32.983 1357.0000000000
14609  22.174  70.281  -23.328 1358.0000000000
20387  5.851  -3.985  51.766 1363.0000000000
20455  39.612  -26.194  46.575 1364.0000000000
20498  37.488  42.839  27.668 1365.0000000000
20934  32.950  -74.990  -34.380 1366.0000000000
2361  9.478  55.542  -32.943 1369.0000000000
21671  31.140  -35.926  -11.495 1372.0000000000
21727  0.411  8.348  -33.544 1373.0000000000
21777  16.840  63.568  -18.382 1374.0000000000
22574  64.936  -9.530  -25.889 1376.0000000000
15614  9.961  51.152  38.202 1380.0000000000
15777  4.937  -67.379  -20.150 1382.0000000000
23965  16.462  -2.444  -38.190 1383.0000000000
17294  60.450  -30.374  -19.189 1384.0000000000
19179  16.867  58.969  -11.729 1386.0000000000
23424  45.532  23.512  33.758 1393.0000000000
23458  37.390  -5.742  34.968 1395.0000000000
24489  6.424  72.757  -31.237 1397.0000000000
18672  66.946  -22.459  -16.522 1398.0000000000
6441  9.358  -31.899  49.717 1401.0000000000
18443  29.155  -59.604  22.171 1403.0000000000
27739  18.899  53.816  -38.639 1411.0000000000
26162  30.859  -0.307  -42.218 1412.0000000000
9626  7.811  -21.332  13.141 1413.0000000000
23141  24.984  -44.903  18.787 1415.0000000000
20833  41.641  -55.074  -21.260 1416.0000000000
27397  24.985  75.236  -16.526 1417.0000000000
20865  31.322  -53.285  -23.886 1418.0000000000
29316  45.493  -48.333  -5.539 1423.0000000000
28732  29.246  -34.703  50.139 1426.0000000000
28785  31.480  14.112  -49.892 1428.0000000000
24437  22.438  -26.101  41.710 1430.0000000000
24438  47.028  -25.958  -44.260 1431.0000000000
12448  10.413  -53.338  -16.617 1433.0000000000
22374  41.223  -8.233  19.294 1434.0000000000
10918  31.309  -76.610  -31.941 1441.0000000000
27772  13.889  -27.845  10.091 1449.0000000000
33349  5.789  -35.266  22.078 1452.0000000000
17021  46.836  58.939  -10.450 1458.0000000000
29135  19.345  -79.392  -34.136 1460.0000000000
17052  5.432  -18.955  42.930 1465.0000000000
58150  50.107  32.183  -4.237 1466.0000000000
59852  38.877  -60.790  -34.702 1467.0000000000
58434  7.101  48.770  -2.788 1468.0000000000
14  52.263  46.849  9.727 1469.0000000000
58564  38.775  30.664  -5.972 1470.0000000000
86  40.424  -54.698  -10.349 1471.0000000000
2172  8.791  -76.094  -28.975 1472.0000000000
2641  15.491  79.914  -9.794 1473.0000000000
3756  49.285  -54.801  -8.175 1474.0000000000
4711  30.458  -35.695  19.073 1475.0000000000
1402  13.611  -71.534  6.057 1477.0000000000
1403  13.539  -70.357  5.611 1479.0000000000
2689  17.676  31.643  -33.235 1481.0000000000
2647  1.997  -0.095  7.212 1482.0000000000
4748  1.417  26.499  -1.796 1483.0000000000
4581  45.019  32.493  -41.266 1484.0000000000
8076  56.466  -17.980  30.874 1486.0000000000
8195  33.165  -58.789  27.728 1487.0000000000
6603  42.706  -25.947  38.834 1488.0000000000
6440  16.528  71.371  -33.560 1490.0000000000
7541  35.706  -26.815  -29.658 1492.0000000000
8103  24.926  59.180  -0.110 1493.0000000000
10012  48.253  -20.653  19.879 1494.0000000000
10607  37.253  -8.071  -46.984 1495.0000000000
10750  7.942  13.246  20.391 1496.0000000000
8230  39.783  -31.656  -34.966 1497.0000000000
8196  41.555  -4.600  -45.977 1499.0000000000
8963  13.842  -6.722  28.376 1501.0000000000
9957  7.226  43.549  -37.371 1503.0000000000
10013  50.420  -18.834  29.928 1504.0000000000
10608  28.608  33.539  -56.772 1505.0000000000
10751  49.701  36.658  25.105 1506.0000000000
10882  17.599  -17.751  -26.113 1507.0000000000
11029  13.775  -44.959  -25.178 1508.0000000000
2362  9.343  56.400  -32.297 1511.0000000000
3379  36.745  -45.646  27.159 1515.0000000000
477  66.326  -30.138  -20.834 1516.0000000000
3456  53.625  -36.828  -26.008 1517.0000000000
2460  5.611  1.320  15.143 1521.0000000000
15613  59.431  -25.393  -14.650 1522.0000000000
4482  9.334  -32.288  50.553 1529.0000000000
17126  22.975  -40.598  35.754 1531.0000000000
5830  5.173  43.323  -45.339 1535.0000000000
6408  20.624  4.146  37.417 1536.0000000000
9627  7.062  -21.149  12.689 1543.0000000000
6510  6.003  10.405  21.451 1548.0000000000
10753  43.451  -34.194  -4.957 1551.0000000000
8109  44.572  33.451  -41.772 1553.0000000000
20935  36.327  70.597  -30.161 1557.0000000000
11703  55.752  -30.242  -38.006 1560.0000000000
22896  44.134  -59.979  15.716 1563.0000000000
22971  7.692  -18.814  8.892 1565.0000000000
11702  55.073  -31.944  -37.284 1566.0000000000
12217  14.635  42.282  -40.146 1567.0000000000
12449  7.272  -68.290  -18.816 1570.0000000000
13083  47.338  -34.497  34.603 1579.0000000000
25180  41.549  -39.468  -12.329 1582.0000000000
25246  12.083  -84.332  -7.498 1583.0000000000
26402  34.497  35.057  34.414 1585.0000000000
26519  22.598  27.298  -34.454 1587.0000000000
14873  25.774  13.833  38.230 1588.0000000000
27870  52.983  -1.759  23.481 1592.0000000000
16431  47.595  10.565  12.592 1593.0000000000
28682  38.381  70.464  -1.328 1597.0000000000
53550  39.383  31.619  5.044 1603.0000000000
58708  41.817  -1.109  17.188 1607.0000000000
58806  37.907  66.640  -18.331 1608.0000000000
58838  46.263  48.026  -4.685 1609.0000000000
59055  15.775  -59.321  -31.713 1610.0000000000
1452  20.155  -11.720  -32.991 1611.0000000000
1500  11.512  77.682  -39.830 1612.0000000000
4712  53.888  -26.802  -36.559 1614.0000000000
59667  14.464  -86.232  -15.470 1617.0000000000
56863  20.203  39.771  24.010 1618.0000000000
8257  22.972  -23.667  41.546 1619.0000000000
8258  8.290  39.273  -0.451 1621.0000000000
6566  49.969  -11.549  40.676 1622.0000000000
6202  15.862  51.663  27.504 1624.0000000000
57247  12.936  19.009  -30.415 1626.0000000000
57254  42.028  -1.687  18.996 1627.0000000000
56990  37.767  19.615  -15.315 1628.0000000000
2410  59.324  0.993  1.428 1639.0000000000
2458  5.167  3.631  14.730 1641.0000000000
478  6.012  -67.545  -11.938 1642.0000000000
479  6.718  -67.018  -12.327 1644.0000000000
2459  6.056  1.533  16.268 1647.0000000000
3651  10.187  -19.451  24.112 1653.0000000000
4483  9.402  -32.975  51.308 1655.0000000000
4658  40.557  58.730  13.617 1663.0000000000
5831  38.933  29.391  -24.897 1666.0000000000
6407  21.475  3.384  37.078 1668.0000000000
5369  47.411  47.193  -19.366 1672.0000000000
6406  21.551  4.018  36.494 1677.0000000000
9700  7.200  24.827  18.129 1683.0000000000
8129  33.105  27.299  -9.101 1687.0000000000
8292  5.666  13.389  35.332 1688.0000000000
10754  59.567  -35.350  14.924 1690.0000000000
9892  57.160  -23.505  -36.212 1691.0000000000
12257  22.665  -38.912  -18.414 1698.0000000000
11140  30.524  -13.940  -21.685 1704.0000000000
11562  15.698  -5.154  16.467 1706.0000000000
13329  7.824  28.189  -22.667 1711.0000000000
14550  13.521  66.037  19.632 1714.0000000000
14042  55.864  -19.327  28.472 1715.0000000000
15554  52.265  -35.020  -8.772 1719.0000000000
14966  6.650  -54.639  -16.015 1720.0000000000
16165  34.850  -12.510  -42.051 1724.0000000000
17178  25.540  1.673  53.947 1727.0000000000
29704  58.835  -43.807  -24.960 1730.0000000000
46238  23.144  -64.346  19.589 1733.0000000000
53551  25.593  35.100  -34.342 1734.0000000000
54042  43.247  -31.925  -3.604 1735.0000000000
54283  19.194  -38.536  4.506 1736.0000000000
54522  49.505  -47.283  -30.510 1737.0000000000
54605  62.518  14.983  -22.109 1738.0000000000
54980  13.092  -47.491  46.915 1739.0000000000
55263  45.983  15.768  -3.189 1740.0000000000
55324  48.379  -49.242  23.325 1741.0000000000
50501  62.007  -18.094  -32.596 1743.0000000000
50606  5.464  -29.294  34.719 1744.0000000000
56158  20.601  -50.945  17.063 1745.0000000000
56391  9.722  -59.624  -26.814 1747.0000000000
51160  55.766  -32.444  -10.312 1748.0000000000
51149  36.209  -48.299  -28.129 1749.0000000000
51175  17.415  -79.120  3.041 1750.0000000000
57089  27.326  57.385  -35.184 1751.0000000000
56684  26.560  65.633  -12.620 1753.0000000000
54254  18.233  -19.328  58.331 1767.0000000000
1258  11.742  -23.187  22.908 1769.0000000000
54045  6.806  60.777  6.793 1771.0000000000
54076  59.832  -33.503  -17.139 1772.0000000000
3293  14.386  -57.616  24.456 1773.0000000000
2363  33.054  -40.843  28.276 1780.0000000000
5572  8.111  -3.410  19.485 1789.0000000000
6442  63.918  -13.859  18.598 1800.0000000000
5370  48.689  48.203  -20.236 1801.0000000000
56661  22.319  -55.500  12.216 1803.0000000000
5573  40.556  -43.357  -9.711 1804.0000000000
5829  47.207  16.812  21.554 1805.0000000000
8814  20.889  59.535  -31.445 1810.0000000000
9628  7.465  -20.428  12.937 1813.0000000000
10755  32.811  -13.858  -42.110 1822.0000000000
13084  47.048  -35.890  34.733 1823.0000000000
13196  58.619  11.581  -18.016 1824.0000000000
9990  46.742  -47.017  21.435 1826.0000000000
10475  5.682  -3.527  16.551 1827.0000000000
11704  28.902  41.203  -39.245 1829.0000000000
12218  14.847  40.690  -39.758 1830.0000000000
12258  14.083  -8.316  56.140 1831.0000000000
12450  7.205  -67.861  -18.644 1833.0000000000
13361  38.370  39.280  -7.267 1840.0000000000
14874  25.977  14.740  39.225 1845.0000000000
15528  42.588  65.183  -15.307 1846.0000000000
14935  52.704  -53.131  -18.861 1848.0000000000
15637  35.673  2.295  19.765 1850.0000000000
16935  3.123  -21.436  2.536 1854.0000000000
17022  11.798  83.684  -3.986 1856.0000000000
46256  33.316  24.330  13.453 1861.0000000000
46239  52.383  1.850  14.105 1862.0000000000
46829  5.621  24.580  11.663 1863.0000000000
46820  42.995  -1.133  37.253 1864.0000000000
47450  62.119  -16.589  11.638 1865.0000000000
47438  68.665  -3.738  -29.771 1866.0000000000
40766  38.664  -26.663  18.823 1867.0000000000
47801  11.223  31.390  24.078 1868.0000000000
40767  6.562  65.536  24.135 1869.0000000000
48124  22.135  -48.986  -23.923 1870.0000000000
48533  16.283  74.028  3.144 1872.0000000000
50605  50.590  -30.984  9.046 1873.0000000000
50492  33.660  25.706  6.992 1876.0000000000
43109  37.372  -17.141  40.511 1877.0000000000
51174  35.953  -34.306  25.543 1878.0000000000
51226  54.795  -32.728  -25.142 1879.0000000000
51227  53.816  -32.127  -23.750 1886.0000000000
46405  24.990  6.726  -30.067 1893.0000000000
46361  7.354  65.885  9.283 1897.0000000000
46426  57.582  -21.956  -44.048 1900.0000000000
54329  5.895  44.879  -45.303 1901.0000000000
47137  23.093  -33.049  -21.438 1905.0000000000
55024  62.431  -33.525  -35.358 1911.0000000000
48072  57.499  15.700  23.681 1913.0000000000
48136  6.590  -51.737  24.297 1914.0000000000
48451  55.660  2.908  34.039 1924.0000000000
56065  55.577  -16.825  24.281 1927.0000000000
49151  39.961  30.235  30.374 1930.0000000000
56717  57.098  -9.516  16.377 1938.0000000000
9701  20.979  35.608  33.851 1942.0000000000
50814  49.753  55.512  2.275 1944.0000000000
55387  66.477  8.775  8.898 1947.0000000000
54671  52.338  41.556  -4.453 1948.0000000000
51162  10.618  58.469  -33.391 1949.0000000000
50813  10.805  -32.686  -10.156 1954.0000000000
48035  5.276  -58.560  -12.123 1960.0000000000
51775  16.412  -32.957  -10.333 1967.0000000000
54672  36.896  -52.749  9.596 1968.0000000000
58031  49.595  20.061  1.314 1971.0000000000
53410  12.182  64.030  0.022 1972.0000000000
58344  49.721  55.520  -18.365 1983.0000000000
54712  29.963  -55.820  19.794 1986.0000000000
58518  56.431  -28.828  -39.491 1987.0000000000
54734  11.047  -45.981  -13.257 1988.0000000000
58756  37.418  -11.546  47.213 1989.0000000000
58659  8.103  37.872  35.523 1990.0000000000
38924  64.824  -33.567  -9.634 1991.0000000000
39088  51.424  6.313  -18.227 1992.0000000000
35670  18.387  -21.672  -29.527 1993.0000000000
41634  13.220  61.027  -39.336 1998.0000000000
41023  50.562  12.134  -40.701 1999.0000000000
43136  5.722  45.345  -34.341 2003.0000000000
46341  24.459  -69.672  -33.474 2006.0000000000
41510  55.377  -29.546  -41.063 2010.0000000000
47081  10.217  8.463  28.358 2011.0000000000
47102  54.864  49.629  -3.998 2012.0000000000
34970  36.151  25.733  -49.191 2013.0000000000
41393  61.004  -34.313  -32.299 2014.0000000000
42734  32.490  -42.863  -27.389 2020.0000000000
43448  19.506  -39.890  9.158 2023.0000000000
43486  18.200  -50.281  28.460 2024.0000000000
47387  52.052  -24.947  17.393 2025.0000000000
43694  13.199  40.075  36.289 2028.0000000000
44250  33.846  33.091  12.224 2036.0000000000
49798  63.722  -23.225  1.186 2038.0000000000
49558  33.898  -14.997  -20.158 2042.0000000000
40480  9.545  -33.079  -9.785 2048.0000000000
37298  53.157  5.222  -56.617 2053.0000000000
51177  59.218  15.849  12.794 2057.0000000000
46634  35.544  47.434  17.415 2063.0000000000
41008  38.659  -74.825  -17.691 2068.0000000000
41806  60.451  -23.354  13.588 2070.0000000000
52035  39.626  27.725  35.774 2075.0000000000
46364  15.611  -44.604  7.539 2079.0000000000
48643  16.944  61.528  -19.123 2081.0000000000
48667  34.343  48.801  12.674 2086.0000000000
53776  19.729  -9.278  38.992 2090.0000000000
49215  23.609  66.553  4.069 2091.0000000000
54029  47.445  -41.918  -30.008 2093.0000000000
49779  50.141  42.299  -5.759 2095.0000000000
50138  48.889  42.446  -6.684 2097.0000000000
49807  31.701  -11.944  -32.833 2099.0000000000
50372  55.944  -47.970  -23.563 2102.0000000000
54809  5.410  57.857  -39.397 2104.0000000000
54771  54.782  50.209  -11.583 2105.0000000000
40264  12.949  -2.128  28.234 2109.0000000000
40263  12.527  -1.550  29.008 2110.0000000000
40642  44.472  -13.430  -16.471 2112.0000000000
34887  12.206  -17.814  15.448 2113.0000000000
35549  12.353  69.555  -28.614 2114.0000000000
9544  64.597  -7.772  -10.699 2121.0000000000
42346  16.070  75.335  -29.675 2124.0000000000
37865  7.998  -11.515  22.638 2135.0000000000
37844  37.820  36.296  -21.006 2143.0000000000
31044  4.809  -59.058  9.741 2147.0000000000
38388  15.701  -13.982  55.192 2149.0000000000
39675  13.740  -46.515  -8.341 2150.0000000000
43485  19.910  -49.144  28.516 2151.0000000000
37299  53.442  5.804  -57.011 2154.0000000000
40481  8.377  -51.898  37.809 2155.0000000000
45712  25.386  -56.055  30.540 2158.0000000000
47139  12.464  72.515  -10.080 2168.0000000000
47138  11.750  73.037  -10.195 2169.0000000000
42163  38.392  -74.132  -18.971 2174.0000000000
47229  43.077  -56.869  -31.729 2190.0000000000
44468  55.295  6.979  -56.399 2199.0000000000
49216  28.740  -80.322  -29.132 2202.0000000000
44553  41.059  -35.611  6.255 2205.0000000000
49217  36.843  1.995  29.225 2207.0000000000
45645  61.541  -5.586  26.094 2216.0000000000
50708  42.004  -28.633  -40.381 2218.0000000000
44942  33.235  -28.217  48.996 2219.0000000000
46053  27.774  72.682  -7.079 2221.0000000000
46052  28.518  72.779  -7.236 2222.0000000000
45720  56.524  35.672  -14.986 2223.0000000000
21708  24.728  76.503  -10.906 2226.0000000000
33686  32.770  -34.590  45.003 2228.0000000000
33756  28.007  -60.611  4.049 2229.0000000000
22909  13.550  8.714  -33.522 2230.0000000000
25348  38.517  23.221  33.448 2231.0000000000
34937  54.265  -11.398  22.388 2234.0000000000
24120  47.769  -19.734  -7.055 2235.0000000000
34984  10.020  -61.455  4.690 2236.0000000000
25827  54.466  -9.159  -10.264 2242.0000000000
24148  26.356  -32.937  35.282 2249.0000000000
28578  17.556  27.250  -34.503 2250.0000000000
35433  56.906  -0.743  -19.264 2251.0000000000
36463  22.042  33.309  25.851 2255.0000000000
28604  57.852  17.849  21.569 2261.0000000000
29765  26.318  -69.032  20.491 2262.0000000000
29697  3.232  2.770  8.266 2265.0000000000
32493  57.490  -12.606  -8.025 2272.0000000000
37300  67.492  6.253  -17.395 2280.0000000000
33140  45.951  59.348  -29.991 2282.0000000000
33996  39.722  4.879  22.079 2283.0000000000
40568  17.519  72.154  1.135 2284.0000000000
33968  65.991  3.703  -30.085 2289.0000000000
34296  36.918  51.004  11.657 2294.0000000000
41420  5.799  -42.941  30.270 2295.0000000000
42513  15.916  -12.138  -24.443 2296.0000000000
42514  51.206  -41.443  -0.601 2298.0000000000
42174  60.893  -39.000  -25.825 2307.0000000000
36403  9.354  7.006  19.920 2310.0000000000
36466  15.467  66.993  -36.403 2312.0000000000
36937  59.153  15.220  14.344 2313.0000000000
37333  29.690  12.046  -60.591 2315.0000000000
37788  54.938  -27.684  -23.124 2318.0000000000
44576  35.890  47.580  29.895 2322.0000000000
38678  8.612  -44.955  37.194 2324.0000000000
39127  34.675  16.261  33.846 2332.0000000000
25135  48.809  58.836  -13.349 2334.0000000000
1419  27.322  -28.094  25.161 2337.0000000000
1570  42.546  -5.762  30.484 2338.0000000000
22294  46.344  63.546  -19.743 2340.0000000000
22526  65.574  9.756  -17.417 2341.0000000000
5158  40.059  49.328  -29.871 2342.0000000000
6747  22.666  -56.469  10.331 2343.0000000000
23977  8.450  -77.826  -23.471 2345.0000000000
24121  5.418  -67.906  -5.643 2346.0000000000
24700  41.622  13.137  -64.599 2348.0000000000
7065  6.271  60.442  -30.033 2364.0000000000
25312  29.258  -74.018  5.986 2366.0000000000
7030  11.664  42.759  36.882 2373.0000000000
28020  27.886  -13.187  -31.365 2380.0000000000
28480  37.881  53.476  -26.961 2382.0000000000
28501  49.318  -2.391  21.833 2383.0000000000
29627  28.450  -68.816  -8.708 2388.0000000000
29650  25.864  -64.280  6.209 2389.0000000000
31006  42.491  -55.776  -28.786 2395.0000000000
32056  4.898  -15.805  53.029 2399.0000000000
33645  5.856  62.000  8.264 2403.0000000000
13466  38.314  24.335  -21.116 2404.0000000000
16446  14.887  -34.782  10.095 2412.0000000000
34817  23.555  73.666  -7.540 2414.0000000000
20338  52.794  20.822  -50.947 2434.0000000000
37753  20.686  -12.221  36.298 2438.0000000000
37868  54.747  -29.227  -37.109 2442.0000000000
23365  18.795  60.998  23.052 2446.0000000000
39069  9.714  -58.361  -4.522 2448.0000000000
24337  46.422  18.079  27.776 2451.0000000000
39564  35.109  -20.453  -24.657 2456.0000000000
174  56.495  47.286  -5.014 2459.0000000000
175  56.462  48.311  -6.467 2461.0000000000
620  54.480  24.074  -31.988 2463.0000000000
1618  18.023  -86.129  -19.524 2465.0000000000
1789  34.220  27.754  -13.445 2466.0000000000
23866  4.745  -9.710  54.473 2468.0000000000
24099  63.996  -29.412  -23.548 2470.0000000000
173  56.931  47.084  -7.069 2473.0000000000
619  55.070  24.410  -31.073 2475.0000000000
4977  26.675  -71.868  3.418 2488.0000000000
5511  21.770  33.784  -40.200 2492.0000000000
9452  66.827  -12.377  11.947 2493.0000000000
9453  66.010  -12.781  13.451 2501.0000000000
9543  7.303  -15.565  41.207 2507.0000000000
7345  16.518  -51.669  -12.431 2509.0000000000
18604  36.064  -46.183  -28.657 2516.0000000000
13503  10.724  5.634  35.396 2517.0000000000
16444  45.002  -5.797  -24.886 2520.0000000000
16445  45.295  -4.675  -25.823 2524.0000000000
18603  14.114  34.078  39.503 2529.0000000000
19121  56.800  23.331  -47.115 2534.0000000000
18650  41.893  -53.911  -20.317 2535.0000000000
20339  11.571  21.020  -29.959 2538.0000000000
20874  68.474  -24.415  -15.234 2544.0000000000
21556  39.871  47.492  -22.580 2546.0000000000
22530  8.174  -8.853  21.218 2550.0000000000
22383  35.223  -77.587  -22.591 2552.0000000000
23175  5.622  80.674  -30.937 2557.0000000000
23891  33.075  -9.790  -5.535 2561.0000000000
24361  24.116  28.652  -37.187 2563.0000000000
25134  46.557  57.402  -14.357 2567.0000000000
234  52.712  7.924  -20.836 2569.0000000000
508  28.825  -47.315  26.637 2571.0000000000
1686  18.311  51.881  30.582 2573.0000000000
38038  45.174  -22.489  18.401 2575.0000000000
46587  65.034  5.931  6.395 2577.0000000000
6748  33.105  26.401  -8.326 2586.0000000000
5157  39.065  51.054  -28.822 2592.0000000000
6749  32.966  25.471  -7.680 2594.0000000000
9454  27.146  -3.394  -28.962 2600.0000000000
7344  16.130  79.266  -12.982 2604.0000000000
7343  33.641  57.305  12.921 2606.0000000000
51694  48.779  -59.225  -17.059 2611.0000000000
36554  39.140  4.363  -55.679 2619.0000000000
52715  21.480  22.973  -32.124 2624.0000000000
17914  25.280  -77.430  -20.225 2627.0000000000
18605  35.974  -45.443  -29.366 2629.0000000000
19122  55.728  24.188  -47.325 2635.0000000000
53293  50.738  -51.558  15.139 2637.0000000000
20340  46.164  65.815  -20.404 2642.0000000000
20873  39.309  -36.547  -37.749 2648.0000000000
21579  46.129  1.471  15.643 2650.0000000000
22408  9.904  -59.569  2.282 2654.0000000000
22561  28.814  -59.065  -1.793 2656.0000000000
23294  27.163  64.260  10.615 2658.0000000000
23708  13.508  -17.318  35.092 2660.0000000000
25775  40.702  -33.655  1.457 2663.0000000000
38039  46.350  -22.789  19.362 2669.0000000000
46861  27.695  37.833  -35.341 2672.0000000000
38497  36.448  -0.160  -18.503 2674.0000000000
38498  45.370  -27.536  -1.232 2676.0000000000
39483  53.151  -39.383  28.697 2683.0000000000
39374  63.421  12.701  -39.712 2686.0000000000
40540  6.532  -65.169  -7.492 2689.0000000000
40541  21.031  -51.074  -30.703 2691.0000000000
41821  28.518  -34.813  -13.303 2697.0000000000
43046  46.730  -38.277  22.979 2700.0000000000
43743  35.092  41.155  19.369 2703.0000000000
50759  8.854  39.380  42.903 2704.0000000000
44476  13.269  27.081  47.913 2706.0000000000
45660  49.040  5.329  -28.920 2713.0000000000
46430  45.405  8.063  -60.003 2724.0000000000
46735  38.663  -41.600  38.216 2728.0000000000
47183  32.546  24.494  10.189 2734.0000000000
48170  15.182  -20.442  59.170 2740.0000000000
54580  30.448  -43.101  12.181 2745.0000000000
49224  40.638  9.057  43.885 2748.0000000000
55257  23.136  47.308  21.308 2752.0000000000
50029  16.776  -49.332  32.723 2757.0000000000
6026  40.965  75.008  -24.499 2762.0000000000
22769  16.250  -34.683  1.562 2764.0000000000
22838  60.345  -37.043  6.510 2766.0000000000
24131  26.929  31.214  -55.600 2771.0000000000
25662  25.050  -37.952  4.033 2774.0000000000
40197  27.419  73.387  2.051 2776.0000000000
25678  34.210  26.814  -31.443 2779.0000000000
40539  6.436  -65.789  -7.524 2780.0000000000
26852  43.252  -36.173  27.654 2786.0000000000
41359  5.299  45.341  -33.461 2788.0000000000
29355  12.612  65.869  -27.968 2790.0000000000
31540  17.840  -72.264  9.164 2798.0000000000
46397  14.968  -45.574  -3.463 2810.0000000000
35497  6.803  39.409  -36.622 2812.0000000000
46736  40.816  55.073  10.698 2815.0000000000
36567  8.572  22.561  -27.806 2822.0000000000
37585  47.596  -7.219  -28.916 2824.0000000000
36924  9.829  -49.551  -22.360 2827.0000000000
47834  30.134  54.699  9.338 2830.0000000000
38714  9.272  32.616  12.585 2836.0000000000
48596  38.253  -21.525  26.379 2838.0000000000
39706  60.609  -39.107  -24.839 2843.0000000000
49652  40.851  2.823  -44.401 2848.0000000000
40126  24.462  -41.914  -23.798 2849.0000000000
49986  10.844  58.876  -32.536 2850.0000000000
49666  5.371  44.445  -33.097 2851.0000000000
6128  16.983  52.056  27.418 2862.0000000000
8684  1.719  25.175  -10.113 2867.0000000000
8733  10.654  67.902  -38.834 2873.0000000000
8034  8.922  2.253  22.193 2876.0000000000
25663  16.619  -24.520  57.726 2879.0000000000
26397  51.708  9.079  6.029 2882.0000000000
26753  50.903  -42.416  1.292 2883.0000000000
27603  20.232  -72.530  14.661 2886.0000000000
18713  28.621  -12.357  53.507 2890.0000000000
28874  23.314  16.123  50.765 2891.0000000000
28967  12.813  -44.333  47.264 2892.0000000000
30039  23.304  65.563  4.031 2897.0000000000
30116  57.365  -30.029  -42.740 2898.0000000000
10468  28.541  69.608  -4.782 2907.0000000000
8687  39.465  -4.917  38.805 2908.0000000000
32915  27.667  -40.341  -32.841 2909.0000000000
32982  22.961  2.394  42.805 2910.0000000000
23848  7.013  59.072  -16.157 2916.0000000000
22464  36.709  -35.987  32.070 2918.0000000000
21504  63.310  12.746  -21.605 2920.0000000000
34821  56.764  4.487  -52.859 2921.0000000000
23849  52.499  9.045  -17.209 2922.0000000000
35561  38.462  57.889  -6.038 2927.0000000000
24464  17.510  -76.009  -14.880 2928.0000000000
14368  41.055  6.938  -45.228 2929.0000000000
36925  16.201  -64.195  -34.393 2930.0000000000
25664  21.132  68.587  8.196 2935.0000000000
37536  6.449  45.612  -26.850 2937.0000000000
37933  58.323  -34.825  -28.903 2941.0000000000
37963  22.167  -13.504  55.708 2944.0000000000
28246  16.219  -10.591  -26.375 2948.0000000000
29449  36.623  24.453  32.195 2950.0000000000
29294  13.426  -14.764  58.812 2952.0000000000
29835  40.431  27.928  -44.413 2958.0000000000
40166  33.461  55.902  19.886 2960.0000000000
30995  16.046  -77.100  7.852 2961.0000000000
30463  55.623  -11.960  -33.018 2962.0000000000
6525  37.539  -5.585  -18.114 2970.0000000000
8647  30.631  13.733  -49.854 2972.0000000000
6027  60.327  6.245  10.535 2975.0000000000
6025  22.410  -55.879  -8.399 2977.0000000000
8646  46.114  -45.662  29.775 2982.0000000000
10433  7.029  49.347  -22.698 2985.0000000000
11424  7.030  64.207  26.481 2986.0000000000
12408  20.370  51.121  -32.531 2989.0000000000
12407  19.882  49.526  -33.462 2991.0000000000
12984  9.695  52.210  18.110 2992.0000000000
14093  12.015  -85.002  -9.512 2994.0000000000
15687  46.428  -32.383  -41.987 2998.0000000000
17732  24.198  -41.276  7.371 3003.0000000000
5939  43.258  -7.932  -8.062 3005.0000000000
19377  11.007  -17.279  -15.507 3007.0000000000
6867  41.194  -28.372  -38.455 3008.0000000000
6912  50.150  8.422  -24.337 3009.0000000000
19450  43.871  -15.958  25.969 3019.0000000000
19767  5.587  -27.200  30.162 3020.0000000000
22415  5.108  -56.047  -19.844 3022.0000000000
21959  44.114  1.041  42.765 3028.0000000000
14367  7.769  -42.485  10.246 3044.0000000000
13872  57.979  10.092  -38.713 3046.0000000000
15399  35.196  41.643  33.490 3051.0000000000
15318  41.476  -1.302  0.625 3052.0000000000
17069  44.843  -43.432  8.195 3056.0000000000
18287  62.163  16.107  -39.580 3058.0000000000
19064  36.525  27.198  -20.437 3063.0000000000
30639  19.369  48.009  -39.954 3066.0000000000
30640  26.855  -82.909  -16.604 3067.0000000000
6127  7.646  -76.286  -27.141 3074.0000000000
8645  32.152  -75.913  -32.607 3077.0000000000
49001  35.835  -62.309  -14.374 3080.0000000000
56977  14.198  -57.546  37.071 3083.0000000000
8035  8.107  2.756  23.170 3087.0000000000
59780  14.005  76.348  -31.380 3088.0000000000
57351  9.699  -54.505  4.270 3091.0000000000
2643  17.330  58.937  15.430 3097.0000000000
2642  18.153  57.441  15.337 3100.0000000000
2855  24.171  14.829  -31.562 3102.0000000000
2856  25.423  14.416  -32.080 3103.0000000000
3032  49.722  13.027  -45.940 3105.0000000000
5940  45.027  -6.316  -8.629 3109.0000000000
3031  35.366  -5.525  -14.917 3112.0000000000
4068  63.188  -39.392  -18.086 3114.0000000000
7816  11.691  68.558  -14.586 3117.0000000000
8389  32.912  -78.380  -10.917 3118.0000000000
7483  65.354  8.143  9.792 3126.0000000000
10469  9.459  64.600  27.794 3130.0000000000
8788  32.004  48.077  -13.158 3135.0000000000
11329  40.868  17.743  20.658 3140.0000000000
12610  20.382  29.441  -35.309 3142.0000000000
14533  4.728  -1.979  35.467 3152.0000000000
14369  10.354  -20.817  20.720 3154.0000000000
15339  38.548  6.225  2.355 3157.0000000000
16193  11.883  60.439  -37.750 3160.0000000000
17094  5.137  -71.726  -3.395 3162.0000000000
19175  8.465  76.427  -0.906 3169.0000000000
19176  8.548  -53.750  -21.637 3170.0000000000
19129  66.908  -11.644  3.816 3172.0000000000
19177  17.311  60.039  -11.747 3173.0000000000
49096  44.964  56.537  -10.657 3179.0000000000
49000  28.226  -62.949  -1.940 3182.0000000000
49746  34.550  -58.049  -35.793 3189.0000000000
2854  26.202  15.133  -32.570 3195.0000000000
3935  33.028  65.756  -33.155 3196.0000000000
2644  62.656  -11.264  -8.351 3198.0000000000
51643  47.601  -53.815  16.364 3200.0000000000
52022  10.489  9.809  36.750 3202.0000000000
53201  55.980  16.408  6.768 3208.0000000000
8356  24.787  -44.713  -11.074 3211.0000000000
58848  12.567  57.084  -44.368 3212.0000000000
53176  29.753  -43.506  29.239 3213.0000000000
7570  39.895  -37.342  17.116 3219.0000000000
38135  61.893  6.213  -17.383 3221.0000000000
5876  52.554  2.923  -13.198 3222.0000000000
53187  7.023  -39.708  6.744 3226.0000000000
8789  31.643  48.557  -14.113 3230.0000000000
11328  53.370  7.069  -42.750 3238.0000000000
40375  64.545  -13.899  11.010 3240.0000000000
13873  27.673  65.235  -12.357 3242.0000000000
14441  15.979  0.214  18.714 3243.0000000000
14440  42.891  -9.297  1.568 3244.0000000000
15374  7.065  -29.367  -0.959 3250.0000000000
16712  15.127  42.120  -33.978 3252.0000000000
17338  53.541  -34.343  -9.934 3255.0000000000
56261  38.929  -55.296  7.074 3258.0000000000
18368  49.093  14.034  -57.983 3259.0000000000
19153  20.513  28.115  -35.382 3264.0000000000
31743  55.671  18.159  -3.810 3281.0000000000
34357  9.269  -1.540  18.561 3288.0000000000
26951  19.796  68.587  7.331 3290.0000000000
34358  42.258  -53.516  -36.607 3292.0000000000
34856  26.678  72.114  9.365 3295.0000000000
51728  23.753  -40.509  -25.698 3296.0000000000
52023  9.080  -65.406  -31.392 3297.0000000000
52236  34.803  -33.846  45.127 3299.0000000000
36476  51.199  34.829  17.441 3301.0000000000
36110  20.906  55.949  10.795 3302.0000000000
36410  26.436  -61.280  -0.325 3304.0000000000
51644  58.279  20.071  17.798 3305.0000000000
37668  18.964  55.423  25.809 3326.0000000000
39788  4.597  -61.309  -3.026 3334.0000000000
39789  67.736  -13.427  12.379 3336.0000000000
40669  33.003  17.217  -33.874 3339.0000000000
5343  33.630  72.006  -16.485 3341.0000000000
5578  16.969  -71.563  4.892 3343.0000000000
55275  32.277  53.150  8.244 3347.0000000000
41108  4.346  -59.840  -3.229 3348.0000000000
55485  18.588  47.228  35.214 3349.0000000000
40854  14.667  57.791  -21.212 3353.0000000000
55882  29.894  48.549  9.302 3355.0000000000
41456  19.443  -69.405  5.931 3356.0000000000
55908  25.192  51.499  -27.731 3357.0000000000
55909  20.102  18.755  51.513 3358.0000000000
56117  42.764  48.087  20.509 3360.0000000000
56260  18.550  -60.960  -26.658 3361.0000000000
56317  59.392  -30.802  -2.098 3365.0000000000
56337  24.940  47.212  18.908 3366.0000000000
31744  14.147  -28.994  57.089 3381.0000000000
26952  37.495  24.157  33.400 3384.0000000000
26953  38.112  -14.620  -4.761 3385.0000000000
34756  13.785  8.330  46.608 3390.0000000000
34881  11.696  -78.190  0.194 3392.0000000000
34857  6.589  41.698  35.996 3401.0000000000
34927  26.567  67.538  -0.194 3402.0000000000
36799  44.464  -9.177  -20.248 3406.0000000000
36798  12.928  84.539  -4.790 3410.0000000000
37606  29.483  73.196  5.805 3414.0000000000
38485  12.588  -35.565  39.331 3420.0000000000
3461  47.220  -24.869  21.780 3421.0000000000
5577  16.357  -69.835  3.695 3426.0000000000
5506  60.982  -0.461  5.663 3433.0000000000
41132  19.274  -29.687  43.549 3437.0000000000
41146  6.281  -62.766  7.375 3438.0000000000
41195  5.625  -72.313  -1.429 3440.0000000000
41522  38.846  -17.264  20.946 3442.0000000000
31742  16.531  -22.498  -14.450 3443.0000000000
34359  43.287  -53.298  -36.596 3446.0000000000
34757  56.402  -6.057  7.506 3448.0000000000
34384  3.298  -16.266  -9.424 3452.0000000000
48083  42.327  23.591  8.925 3457.0000000000
36111  19.009  -66.645  23.790 3459.0000000000
37605  47.977  -33.438  -8.469 3461.0000000000
36458  10.076  -27.564  -0.468 3465.0000000000
36477  17.618  49.393  34.253 3466.0000000000
2181  47.152  -41.579  18.371 3474.0000000000
2180  46.921  -2.068  -41.263 3475.0000000000
37669  55.238  5.930  -16.866 3477.0000000000
3462  54.531  -12.854  -34.389 3481.0000000000
4316  30.241  -67.518  -12.962 3485.0000000000
5342  46.392  -3.445  18.466 3488.0000000000
5507  33.911  -39.092  -16.845 3490.0000000000
5579  17.647  -70.630  3.595 3498.0000000000
6247  9.449  -30.409  -10.613 3500.0000000000
6412  20.509  54.862  -37.112 3502.0000000000
7083  53.272  -31.450  -22.755 3504.0000000000
7138  37.472  72.970  -16.961 3505.0000000000
7195  51.101  -7.592  -43.778 3506.0000000000
25081  20.552  -29.560  -24.239 3513.0000000000
49140  35.444  54.601  18.154 3516.0000000000
26960  62.987  -11.485  -2.372 3518.0000000000
28815  60.610  -37.421  1.223 3523.0000000000
30125  32.222  23.838  -56.607 3526.0000000000
28282  26.869  -82.458  -12.526 3528.0000000000
30178  28.274  20.399  -62.089 3529.0000000000
2182  58.893  18.046  5.874 3531.0000000000
3463  37.153  -3.835  49.932 3534.0000000000
3583  34.789  24.438  -32.497 3536.0000000000
33177  22.725  -7.674  40.469 3538.0000000000
5341  44.655  -4.086  -16.183 3542.0000000000
5508  9.030  -7.868  30.044 3544.0000000000
5540  13.388  46.629  33.964 3547.0000000000
7056  4.750  -54.989  -2.059 3551.0000000000
6411  35.306  6.988  45.226 3552.0000000000
34982  6.172  -58.337  0.498 3553.0000000000
7110  59.783  -39.525  -33.203 3555.0000000000
7168  57.077  14.894  22.264 3556.0000000000
53367  41.898  30.919  23.242 3557.0000000000
35123  44.534  2.669  40.743 3559.0000000000
53809  47.229  -39.129  -9.391 3560.0000000000
53853  39.127  -44.874  -2.848 3561.0000000000
35855  41.283  8.489  44.061 3562.0000000000
37257  48.898  15.627  -61.081 3565.0000000000
36663  29.382  -5.477  33.868 3570.0000000000
25080  65.762  -18.288  -2.051 3576.0000000000
48070  27.753  70.131  12.701 3578.0000000000
48105  55.240  -33.624  -21.199 3583.0000000000
49181  57.009  2.722  32.415 3587.0000000000
28816  7.646  48.559  -37.496 3589.0000000000
31400  31.216  -32.940  18.379 3595.0000000000
31492  65.900  3.721  4.534 3600.0000000000
6211  25.334  -43.926  -10.805 3611.0000000000
33588  39.760  -64.294  1.366 3612.0000000000
34316  39.460  10.580  -1.555 3616.0000000000
33823  45.152  61.778  -17.948 3620.0000000000
34294  5.961  -45.549  8.051 3622.0000000000
35124  4.830  -16.041  -9.959 3626.0000000000
1725  38.791  -45.732  -35.322 3632.0000000000
494  39.331  46.170  21.472 3634.0000000000
2076  16.021  42.261  -36.750 3641.0000000000
25079  61.530  -0.520  -11.428 3643.0000000000
26961  34.347  -1.527  51.601 3649.0000000000
28283  43.760  -62.256  8.559 3653.0000000000
28817  44.623  -45.876  12.584 3659.0000000000
28302  8.226  -17.775  21.018 3660.0000000000
32352  18.099  -31.253  56.037 3661.0000000000
50523  49.014  9.424  21.034 3663.0000000000
30126  33.399  23.058  -55.276 3665.0000000000
31470  13.984  -14.545  56.099 3669.0000000000
32100  23.741  -58.111  -15.864 3674.0000000000
32706  26.298  -6.837  40.726 3675.0000000000
33232  16.047  -57.566  -20.098 3677.0000000000
34779  28.623  51.807  12.108 3680.0000000000
34969  43.415  68.996  -26.614 3688.0000000000
1724  2.970  -24.102  -8.044 3698.0000000000
495  39.435  46.362  23.616 3700.0000000000
29346  21.591  -24.490  -23.475 3706.0000000000
29400  12.284  -38.374  2.048 3707.0000000000
29347  38.277  50.789  18.883 3711.0000000000
49485  61.336  -37.092  0.231 3714.0000000000
32468  30.134  -22.188  -27.199 3719.0000000000
33994  67.375  3.950  -31.174 3727.0000000000
34013  40.209  -5.479  -31.915 3730.0000000000
36238  26.392  -72.553  3.969 3735.0000000000
36641  38.488  62.959  4.527 3737.0000000000
52825  29.954  -53.871  17.485 3741.0000000000
37197  55.306  -28.661  1.781 3742.0000000000
53018  36.751  44.726  -27.027 3743.0000000000
37268  52.340  -36.569  -6.060 3744.0000000000
37303  25.344  -52.321  41.667 3746.0000000000
1726  16.271  13.160  49.264 3751.0000000000
37594  28.493  54.913  26.460 3753.0000000000
493  55.836  -1.280  9.095 3757.0000000000
2077  16.045  41.189  -37.349 3761.0000000000
2106  38.716  67.946  -0.691 3762.0000000000
30711  7.124  -48.745  -16.111 3767.0000000000
30710  4.888  -64.195  -26.867 3768.0000000000
29348  22.907  68.830  -20.778 3771.0000000000
29401  12.844  -37.275  1.724 3772.0000000000
32353  9.250  -66.371  -25.928 3776.0000000000
32309  10.773  72.495  15.133 3781.0000000000
3403  18.999  31.632  -34.673 3782.0000000000
3438  54.224  -9.473  11.418 3783.0000000000
1413  39.722  -10.071  -6.054 3785.0000000000
1415  42.221  8.472  0.386 3786.0000000000
4010  12.617  -36.301  0.205 3793.0000000000
5619  42.237  4.137  37.635 3795.0000000000
5870  18.305  -17.568  -29.687 3797.0000000000
36669  61.278  -9.979  -34.051 3802.0000000000
8052  50.883  -28.691  4.855 3804.0000000000
10102  42.502  10.382  -61.277 3812.0000000000
11189  67.197  1.014  -32.858 3816.0000000000
30712  27.567  20.593  -63.021 3825.0000000000
31153  32.225  64.400  2.164 3826.0000000000
31227  35.614  8.229  -24.717 3827.0000000000
53085  38.741  32.847  -7.909 3831.0000000000
3951  34.843  -74.062  -22.192 3836.0000000000
1521  46.117  -44.483  -20.571 3840.0000000000
5643  53.051  10.079  -58.415 3849.0000000000
5869  58.504  -26.698  23.064 3852.0000000000
36642  56.165  -37.823  -35.311 3854.0000000000
8667  11.965  -38.102  -17.337 3856.0000000000
8051  6.278  82.670  -21.871 3859.0000000000
8666  24.740  61.694  -28.846 3862.0000000000
9176  34.956  34.143  -57.060 3864.0000000000
11983  31.893  -24.505  16.980 3871.0000000000
11870  30.930  58.226  19.033 3873.0000000000
11985  31.338  -75.348  -34.464 3877.0000000000
30923  34.908  75.924  -15.354 3881.0000000000
31960  56.506  45.437  -7.083 3885.0000000000
3402  35.110  -64.827  -15.173 3887.0000000000
33285  36.650  1.034  28.892 3889.0000000000
1414  43.203  -0.077  27.924 3890.0000000000
1481  44.325  -46.761  -35.903 3891.0000000000
3401  19.597  -17.841  52.964 3894.0000000000
1682  41.340  36.106  32.271 3899.0000000000
4115  36.962  2.546  -50.972 3902.0000000000
8053  7.105  -17.522  51.939 3912.0000000000
8668  4.734  20.372  -21.210 3915.0000000000
37067  54.596  -25.662  28.156 3916.0000000000
9216  51.405  4.920  35.199 3921.0000000000
10137  67.245  10.370  -3.477 3923.0000000000
11208  34.550  27.176  -12.742 3927.0000000000
11984  32.843  -23.018  16.647 3931.0000000000
30734  10.568  34.647  27.009 3934.0000000000
30817  44.928  44.869  7.643 3935.0000000000
30924  43.393  -67.586  -10.118 3938.0000000000
30922  57.061  -42.883  -24.866 3939.0000000000
33927  11.884  67.649  -30.163 3945.0000000000
33304  63.253  -16.239  -11.249 3946.0000000000
34905  26.306  41.379  35.419 3951.0000000000
35463  48.299  7.305  21.642 3954.0000000000
36535  54.203  -13.283  -42.417 3956.0000000000
36534  6.901  34.635  6.374 3957.0000000000
36941  46.024  15.002  33.884 3960.0000000000
8549  3.289  4.730  -6.872 3962.0000000000
38084  36.584  -31.881  19.533 3972.0000000000
38648  42.450  -61.503  -2.687 3973.0000000000
37946  34.062  32.138  31.030 3974.0000000000
39110  14.531  -54.127  35.276 3978.0000000000
39385  48.050  -42.125  -23.423 3980.0000000000
33286  15.498  -58.951  -20.734 3988.0000000000
34867  12.471  -76.703  -0.720 3990.0000000000
46826  20.969  63.322  13.863 3994.0000000000
37320  50.965  -42.840  -33.518 4002.0000000000
37068  55.185  -46.844  0.562 4005.0000000000
37869  53.228  -50.636  -28.146 4009.0000000000
37754  48.116  15.850  -62.231 4010.0000000000
39386  43.490  -43.661  15.711 4016.0000000000
39190  35.825  48.180  29.407 4023.0000000000
13155  55.484  -30.590  -14.863 4025.0000000000
14834  49.803  -15.176  28.442 4028.0000000000
46929  17.439  61.476  -13.843 4033.0000000000
47496  17.445  75.060  5.229 4037.0000000000
47791  12.580  -57.725  -30.038 4039.0000000000
47872  6.868  -47.719  -17.153 4041.0000000000
17773  41.776  55.802  -29.869 4044.0000000000
18630  44.510  25.437  -45.768 4049.0000000000
13213  35.435  16.923  -3.759 4061.0000000000
14833  32.905  -36.175  34.062 4063.0000000000
15241  37.681  -6.473  24.667 4065.0000000000
16328  54.017  -49.374  -8.555 4069.0000000000
16954  36.632  -45.869  36.115 4070.0000000000
17922  13.079  70.399  -27.081 4074.0000000000
18499  43.491  -60.527  -9.929 4079.0000000000
48617  36.578  -75.689  -22.758 4084.0000000000
19502  43.582  8.131  34.034 4088.0000000000
15240  37.377  -5.595  24.004 4090.0000000000
16234  35.184  13.585  -57.771 4092.0000000000
16986  53.502  -2.276  33.289 4094.0000000000
17264  0.655  39.505  -14.964 4096.0000000000
18629  7.287  51.829  33.947 4104.0000000000
19393  50.796  -54.537  -20.749 4107.0000000000
31120  1.203  -19.300  1.530 4111.0000000000
31352  9.890  64.728  1.528 4113.0000000000
31757  29.350  39.055  -35.518 4114.0000000000
31756  9.537  -72.337  11.263 4116.0000000000
32366  6.094  -57.745  -23.196 4118.0000000000
32408  44.198  -15.640  -42.196 4119.0000000000
32632  44.335  -25.447  0.007 4120.0000000000
33399  30.878  -29.596  -31.810 4122.0000000000
32633  44.342  -24.761  -2.196 4123.0000000000
32631  28.444  11.613  -32.006 4125.0000000000
31353  38.150  -17.027  27.964 4129.0000000000
32901  44.296  9.400  -1.782 4132.0000000000
32367  22.292  -42.615  -16.780 4134.0000000000
32409  1.500  15.691  -5.170 4135.0000000000
32658  13.302  -78.148  6.153 4137.0000000000
33400  14.173  -59.794  -20.439 4140.0000000000
32961  39.986  6.539  -10.216 4141.0000000000
31827  7.234  -15.787  -7.051 4143.0000000000
32412  32.752  -73.424  -0.794 4144.0000000000
33275  36.014  -71.386  -18.629 4147.0000000000
32986  7.575  -57.979  -11.260 4149.0000000000
33412  11.800  -42.431  -18.680 4150.0000000000
33864  21.981  -9.282  -33.229 4152.0000000000
33455  34.282  31.079  38.558 4156.0000000000
