54955  16.2670  -19.5940  21.3630  1    38920  7.8040  46.5200  -41.8630  1
54956  15.4280  -19.2260  21.6440  2    38025  42.3930  43.8310  7.1970  2
56071  12.6490  -17.7560  22.7330  5    15232  25.6070  65.5730  17.8290  5
56089  15.2340  -18.6620  21.3510  6    46017  42.4040  50.3400  -7.7900  6
56090  14.6080  -18.5110  21.7190  7    20083  7.5820  8.6220  13.1790  7
56113  16.6630  -18.5530  20.3940  9    47157  6.3680  -44.6100  7.6140  9
56114  15.7970  -18.6620  20.9330  10    22121  15.2980  61.2450  25.7110  10
56140  17.1390  -18.1110  19.9480  12    24007  41.1710  -50.8470  -23.1080  12
57318  11.4150  -17.2000  23.0810  14    15210  25.9480  -56.6220  -13.4600  14
57319  10.4680  -17.2440  23.5640  15    11956  6.5930  37.1210  10.0860  15
57364  13.5420  -17.3930  21.7780  21    20084  38.6940  -18.1630  -38.7830  21
57389  14.4480  -17.4370  20.9770  25    20082  7.2050  11.2440  13.4220  25
57390  13.8340  -16.9780  21.2230  26    20102  15.5930  -13.1380  26.9310  26
57413  16.2230  -17.6480  19.8500  28    22122  45.2700  -57.7660  -12.7210  28
57414  15.0850  -17.1940  20.1180  29    22120  15.9540  61.5780  25.6260  29
57415  14.5870  -16.9710  20.4030  30    22188  19.6120  -33.7720  -9.7600  30
58742  9.0800  -16.6790  23.8890  31    11957  17.0080  -57.0040  -5.0640  31
58744  7.7750  -16.4490  24.4940  32    12000  2.8760  8.1850  -27.4350  32
58765  11.0990  -16.6040  22.8200  33    15211  29.2540  29.7020  -33.7020  33
58789  12.2370  -16.4900  22.1150  38    15233  36.0600  2.4740  -12.0350  38
58836  16.7100  -16.8160  19.1220  48    24020  19.5330  -38.8880  -26.7790  48
58837  15.5780  -16.4620  19.3010  49    24377  13.9910  43.1900  32.7690  49
58839  13.9670  -16.0910  20.1940  51    15067  32.2250  -78.6590  -17.2460  51
58846  17.1940  -16.1380  18.6710  52    28218  17.6650  -57.3130  -7.1300  52
58848  15.7850  -15.9370  18.8150  54    27500  36.2070  37.3600  -20.4510  54
60127  7.0200  -15.4080  24.5150  55    20736  68.7810  -8.0890  -15.3650  55
60138  9.4580  -15.6790  23.0790  57    22162  36.0390  37.6660  9.2960  57
60140  7.9780  -15.5600  23.9740  59    20795  34.5470  5.6210  -2.2840  59
60141  5.5380  -15.5610  24.3140  60    20895  68.7230  -23.4660  -17.1150  60
60150  11.4310  -15.7460  22.0000  61    23122  27.7650  -73.0080  -36.1080  61
60162  12.4690  -15.7760  21.3050  65    13371  39.8110  33.4410  -47.9190  65
60192  14.7160  -15.6330  19.2090  72    27465  48.1970  59.5270  -21.6770  72
60195  8.4320  -15.5280  19.8580  75    27618  56.5850  5.4710  -5.0440  75
60197  7.0460  -15.1420  20.6000  77    27994  35.7750  76.8230  -11.7840  77
60198  6.4300  -14.9160  20.9820  78    3549  27.0100  14.2210  24.7300  78
60205  9.6020  -15.4130  18.7920  82    28667  54.1850  2.9430  -22.6410  82
60206  8.9960  -15.1490  19.2010  83    27620  9.5590  -31.2690  43.7430  83
60207  8.1840  -14.8110  19.5960  84    27619  51.7670  26.8350  -30.6810  84
60217  9.9470  -15.1840  18.0320  86    28696  24.1900  10.5650  35.6570  86
60218  9.3960  -14.9140  18.5930  87    28668  19.2590  -13.1380  20.7220  87
60230  10.2410  -15.0420  16.9610  88    30071  10.0370  -60.9930  4.8770  88
61366  6.7870  -14.4540  24.3370  89    20737  69.0430  -6.1860  -15.3500  89
61367  6.3450  -14.7680  24.5570  90    20738  40.2860  12.4450  -22.3750  90
61384  8.1210  -14.6080  23.4920  92    22163  33.5970  -4.1900  -28.7690  92
61401  10.3030  -14.9710  22.1490  95    23123  29.8670  72.8100  -29.8840  95
61404  5.5110  -14.5860  23.2650  98    22293  45.1940  62.4470  -19.9910  98
61420  5.6620  -14.4430  22.2470  102    23802  3.1460  10.1860  8.9540  102
61435  12.3410  -14.9500  20.6970  103    13373  5.5590  14.5220  16.7870  103
61437  10.9820  -14.1130  21.0670  105    48660  20.5530  28.8420  33.0030  105
61438  6.0010  -14.2330  21.2450  106    3551  46.3430  -26.6170  22.2610  106
61455  14.1550  -15.1830  19.2830  107    27466  16.3540  84.1000  -15.5070  107
61457  12.7510  -14.6680  20.0790  109    13372  6.1160  -16.8760  38.4960  109
61459  6.6340  -14.0230  20.3910  111    3550  28.0960  12.1740  24.4010  111
61476  17.2360  -14.6580  17.8720  112    28199  1.0640  0.0490  -12.1870  112
61477  16.2250  -14.7280  17.8860  113    28238  36.2060  23.0690  -53.4960  113
61478  15.2770  -14.6100  18.1510  114    28603  12.6470  -39.9120  25.4500  114
61479  14.3650  -14.6470  18.7340  115    27501  36.6350  36.9250  -21.4480  115
61480  13.5300  -14.0710  18.9340  116    50834  41.6440  -45.2390  0.6970  116
61482  8.5700  -14.1570  18.7310  118    28716  13.1730  57.7060  5.4190  118
61483  7.7800  -13.9830  19.4030  119    28825  51.2360  -53.4300  -32.5890  119
61495  16.5770  -13.9060  17.5160  120    52267  47.8640  -50.3880  24.2250  120
61498  9.7200  -14.4640  17.3660  123    30371  17.1780  -70.4550  -15.7440  123
61500  8.8400  -13.8030  18.1020  125    52481  62.9980  11.3740  -3.0770  125
61509  9.8060  -14.4370  16.4680  126    30437  35.9350  6.0190  -7.6320  126
62570  7.6220  -13.9150  23.6270  130    45872  6.6290  42.4610  2.1390  130
62572  6.2440  -13.4310  24.1630  132    46977  34.1430  -62.3850  0.1490  132
62584  8.9700  -13.6840  22.4770  134    47861  45.3970  31.6750  27.7930  134
62587  5.5290  -13.3670  22.8310  137    46990  50.8820  -34.4430  31.0640  137
62600  5.6910  -13.2110  21.7530  140    47923  50.1970  50.7860  -9.6190  140
62622  6.0810  -13.0940  20.6890  144    48843  38.1510  -44.0730  21.8050  144
62645  12.1000  -13.4540  19.8300  146    49750  52.6820  -41.2430  -23.3370  146
62646  11.3920  -13.2080  20.2320  147    31446  10.8160  69.7770  -2.9330  147
62647  7.2140  -13.5750  19.6960  148    51085  50.2530  -25.0000  23.9950  148
62648  6.7970  -12.7580  19.6360  149    49909  26.6440  35.4190  -37.1140  149
62674  13.9450  -13.4590  18.2980  151    52351  5.5350  30.9970  9.2630  151
62675  12.9490  -13.2410  18.9960  152    52391  25.3080  -32.9730  -11.4830  152
62677  8.0850  -13.5210  18.7290  154    52403  27.3680  -43.0890  15.6040  154
62678  7.5850  -12.9060  18.7770  155    51111  5.7320  -38.9260  11.9440  155
62679  7.2030  -12.4700  18.9910  156    33272  62.7580  -2.0830  -11.2390  156
62688  16.8170  -13.0050  17.2550  157    36509  38.8970  57.8570  -6.8670  157
62689  15.8540  -13.1570  17.3260  158    52946  47.4650  -50.2170  23.4090  158
62690  14.8200  -13.3220  17.7060  159    53137  7.2960  49.9450  -4.1060  159
62691  14.1730  -13.0110  17.8870  160    33484  55.6110  5.4770  22.5870  160
62694  8.4210  -13.1100  17.8930  163    52426  40.2500  6.6210  -30.3090  163
62695  7.9170  -12.5800  18.0610  164    30570  7.2970  -41.7520  -1.7790  164
62704  9.0040  -13.1500  16.8530  166    60033  9.8950  -47.0630  -19.0700  166
62713  9.3980  -13.7750  16.2650  168    31796  25.1700  66.2400  -29.6780  168
62714  8.9370  -13.2680  15.5520  169    53831  34.0150  48.0430  11.8880  169
62715  8.4860  -12.8550  14.7340  170    53832  36.0620  21.9870  -53.8950  170
63837  6.5900  -12.7580  23.9910  171    25119  27.7550  -75.2570  -13.6690  171
63838  6.0470  -12.5530  23.9110  172    25121  32.4530  -77.9250  -25.4760  172
63839  5.6680  -12.3780  23.3090  173    25186  10.8670  -74.4280  10.5620  173
63854  8.5510  -13.1110  22.6100  174    27285  59.1100  4.6850  -22.4700  174
63855  8.0270  -12.5470  22.9310  175    27287  40.9040  23.0740  -53.4310  175
63857  5.6080  -12.0160  22.3090  177    25235  69.3300  -9.6670  -26.6490  177
63873  9.7820  -13.1400  21.5610  178    29615  41.9720  13.5680  -0.7430  178
63874  9.0370  -12.5920  22.0120  179    27286  41.9960  22.9010  -53.3580  179
63876  5.7850  -12.1080  21.1540  181    27847  38.2010  76.3040  -12.6960  181
63896  10.1630  -12.5650  21.0030  183    29616  42.0450  12.5530  -1.5230  183
63898  6.1450  -12.1000  20.1480  185    29774  47.5370  -57.3030  -13.5800  185
63915  11.9320  -12.4220  19.4740  186    33146  29.4660  24.9980  28.5110  186
63916  11.1180  -12.4820  20.0980  187    31447  10.2540  71.4580  -2.0410  187
63917  10.5090  -12.0210  20.4610  188    31481  42.3750  28.1220  -50.0060  188
63918  6.5550  -11.9350  19.4460  189    31580  52.5310  4.7970  -50.1080  189
63938  13.3070  -12.3500  18.3240  191    34964  34.2900  -31.9350  25.7520  191
63958  16.1070  -12.2090  16.9950  196    36540  61.5230  -22.4890  -31.5890  196
63959  15.1050  -12.3250  17.2420  197    35197  49.0870  -34.8240  -24.5030  197
63961  13.5980  -11.8870  17.9090  199    33486  37.2990  -21.7830  -29.3100  199
63963  7.5940  -11.9460  17.7620  201    21721  28.9110  -35.7950  -12.4980  201
63964  7.2260  -11.5470  18.2150  202    27475  51.3740  -58.5870  -8.7510  202
63972  8.3350  -12.3510  16.9410  204    28760  5.4610  -37.1230  26.4380  204
63973  7.8840  -11.5670  16.1960  205    21723  14.5820  -73.6210  -33.5410  205
63980  8.2490  -12.1640  15.4410  207    37159  42.2870  -34.3840  -27.0890  207
63981  7.8150  -11.5400  15.4100  208    37172  13.9800  81.0390  -10.9730  208
63986  7.9590  -12.3260  14.2770  209    37599  51.2890  -6.0950  4.5210  209
64037  10.6740  -12.1490  8.5610  210    40686  44.4270  15.9320  -53.5150  210
64045  10.5230  -12.7760  8.2610  211    7995  8.0210  -17.8510  51.0090  211
64046  9.6520  -12.5250  7.4210  212    8027  8.1330  -27.9510  22.2210  212
64047  9.1430  -11.9290  7.1540  213    41161  34.3040  24.4890  19.1870  213
64055  9.1600  -12.9690  7.0530  214    8062  7.1710  -46.6220  30.7760  214
64056  8.6420  -12.4250  6.8490  215    9070  27.6910  41.8230  -38.2830  215
64057  7.5310  -12.3880  6.4680  216    9097  12.3830  -57.0460  -2.3880  216
64058  6.6020  -12.3190  6.2020  217    9140  18.6340  41.6950  -38.3330  217
65148  6.6240  -11.8930  23.6430  218    25120  43.6450  -44.9840  16.1670  218
65149  6.0200  -11.5990  23.5180  219    25138  40.5070  -30.3080  -36.5520  219
65150  5.6930  -11.2730  22.9720  220    25207  34.5710  -7.2780  44.8340  220
65165  7.9310  -11.5850  22.7140  221    27528  38.8880  -64.1890  -21.5240  221
65167  5.6830  -10.8890  22.3130  223    25453  9.5550  -32.0260  21.4780  223
65178  9.0090  -11.5570  21.6610  224    29658  8.0510  -25.0140  50.6040  224
65180  5.7500  -11.0210  21.5070  226    27834  6.7960  -49.0470  -13.4620  226
65192  5.9700  -11.1860  20.5020  229    29749  55.7460  10.8270  2.4470  229
65208  11.4180  -11.4690  19.4710  231    33147  25.8700  -24.4280  -25.6580  231
65210  6.2970  -11.3560  19.6740  233    31567  40.8300  -14.8340  20.3080  233
65226  12.2890  -11.3690  18.7420  235    34974  46.6090  -41.1060  -5.9530  235
65227  11.6550  -10.9270  19.0710  236    5243  18.0350  71.2730  -32.7130  236
65245  17.2900  -11.2610  17.0770  238    10325  10.7780  28.5720  -34.3350  238
65246  16.3750  -11.1940  16.7680  239    36523  40.2060  -41.4070  -7.9790  239
65247  15.3510  -11.2570  16.8670  240    11782  23.5820  -82.4630  -6.9970  240
65248  14.4270  -11.4720  17.3020  241    33485  9.3590  -42.3960  -16.1090  241
65250  7.1990  -10.9540  17.7110  243    23241  47.0420  38.0300  1.1010  243
65257  7.4640  -10.9040  16.4750  247    21722  4.4300  -14.3290  53.1730  247
65262  7.3970  -10.9380  15.0770  249    37187  22.2940  -55.8950  -26.2850  249
65263  6.9870  -10.4770  14.4510  250    56536  53.6730  25.2620  9.7500  250
65267  7.4010  -11.5450  14.1230  252    38009  8.9230  -65.8400  -1.9960  252
65273  6.7210  -11.1180  13.3070  254    56674  33.0560  -47.5200  -34.9020  254
65293  10.5670  -11.2120  9.8720  255    16848  51.2260  20.4920  -46.1510  255
65294  9.7940  -11.4740  10.2490  256    40179  32.7300  16.5430  -52.4610  256
65295  8.6950  -11.5860  10.2240  257    40252  42.4600  18.6930  -18.3040  257
65302  10.7550  -11.6990  9.4140  258    40215  49.4030  1.7270  20.0460  258
65306  10.3040  -11.6630  8.1070  260    40750  5.4420  13.1290  47.6160  260
65308  8.7620  -11.3700  7.0510  262    18370  49.0040  6.4300  -0.4140  262
65312  6.9980  -11.4140  6.4240  264    18594  4.4240  -49.6200  -10.2550  264
65313  6.1370  -11.3530  6.2250  265    41915  25.3120  60.7200  -2.4050  265
65314  5.3070  -11.3010  6.0210  266    41938  29.6890  15.5540  29.6990  266
65315  4.8700  -10.7770  5.9540  267    19583  23.3850  53.9300  -31.6210  267
65323  5.0700  -11.7970  5.9140  268    10812  33.4430  -20.1330  29.7260  268
65324  4.7860  -11.2960  5.8640  269    42644  38.0080  -9.2430  -39.7420  269
65325  4.5620  -11.1460  5.8350  270    19657  30.0920  -36.8650  32.8440  270
66420  7.3010  -10.6860  22.7990  275    52577  61.1510  20.6500  -1.7130  275
66421  6.3720  -10.1560  22.9700  276    60190  38.5800  -24.2880  44.5250  276
66422  5.8100  -10.1960  22.6540  277    52626  62.1440  8.2600  -6.9390  277
66433  8.3750  -10.5630  21.8390  279    309  35.2240  -71.7730  -1.2990  279
66434  7.5130  -9.7640  22.2310  280    258  31.3310  14.0760  24.8940  280
66435  5.6590  -10.0430  21.8200  281    418  58.1840  6.4900  -36.4490  281
66446  9.4120  -10.5580  20.7890  283    2908  12.0530  62.4740  -38.1880  283
66447  8.5730  -9.7350  21.2300  284    308  61.4670  26.2390  -5.1730  284
66448  6.0420  -9.5620  20.2470  285    3168  10.5670  -54.4710  -11.0340  285
66449  5.8860  -9.9290  20.6830  286    419  59.6790  8.3370  -36.8510  286
66463  10.4000  -10.5180  19.8570  288    2909  11.3710  62.9410  -38.0550  288
66464  9.6150  -9.7490  20.2030  289    2907  11.1070  61.6500  -37.8560  289
66466  6.2380  -10.5360  19.8180  291    3167  10.1090  -53.4500  -9.9170  291
66479  13.0900  -10.6230  17.8420  292    7880  24.6370  -27.5320  37.3720  292
66482  6.6920  -10.0580  18.9790  295    5913  45.3010  65.1670  -7.2420  295
66499  17.3460  -10.2010  17.0870  297    9891  57.7880  -24.3480  -35.4420  297
66502  14.5330  -10.6250  16.9720  300    10514  26.2500  61.9300  -4.9840  300
66503  13.6470  -10.6610  17.4870  301    10513  35.9540  45.9380  0.4020  301
66505  7.1540  -10.0560  17.8820  303    8499  51.8680  31.8320  -37.6600  303
66506  6.8980  -10.7960  18.5680  304    8500  52.5320  31.7830  -36.5890  304
66510  16.7460  -9.4940  16.7340  305    9927  45.2400  9.3360  -61.8800  305
66511  16.3080  -10.1740  16.6410  306    9958  21.0240  55.4330  21.7990  306
66514  7.2580  -9.9710  16.5880  309    10821  5.3650  -45.8160  19.4250  309
66518  7.2020  -10.1680  15.4960  310    11907  48.0320  -18.3670  4.3020  310
66519  6.9450  -10.1500  14.7180  311    12561  8.4610  48.6880  -26.3290  311
66523  6.6880  -10.1130  14.0500  312    12640  18.6840  58.2020  21.4940  312
66532  6.3250  -10.5850  12.6400  314    13631  11.4450  -81.5370  -14.5110  314
66553  10.8510  -10.4530  9.8320  315    17319  11.2030  76.9530  -4.8980  315
66555  9.3160  -10.5930  10.4060  317    16849  18.2980  31.2220  -41.4920  317
66556  8.1770  -10.6900  10.3080  318    17350  4.9080  56.7020  -46.4090  318
66557  7.1130  -10.8700  10.2210  319    17400  14.1390  4.6490  49.5100  319
66563  10.8790  -10.7870  9.3220  320    18088  27.9510  -37.0420  -33.8200  320
66564  10.5540  -10.6780  8.5970  321    18123  32.9920  68.1750  -12.1350  321
66568  9.9130  -10.6160  7.9250  322    18165  54.3900  -3.3430  -49.2580  322
66570  8.2720  -10.5180  7.0070  324    18534  54.9350  20.4190  -28.9640  324
66574  6.5730  -10.4600  6.4520  326    19042  44.1370  8.2640  -48.4510  326
66575  5.7600  -10.3730  6.2320  327    19101  23.2070  19.6520  50.1200  327
66577  4.5920  -10.2070  5.8890  329    19636  23.9500  82.3870  -7.1290  329
66578  4.3270  -9.6270  5.8580  330    19656  47.4910  65.8040  -19.4540  330
67519  6.7910  -9.3300  22.4530  333    259  33.0300  -58.1960  25.9370  333
67520  6.1110  -9.2900  22.5520  334    24394  1.8820  16.6050  -10.8980  334
67521  5.7120  -9.1930  22.1080  335    24495  46.3300  54.1470  -35.5540  335
67531  7.8380  -9.2060  21.6810  336    260  58.3160  -46.0470  -20.7250  336
67533  5.6880  -9.1280  21.3200  338    417  59.2590  6.6380  -36.0160  338
67542  8.8620  -9.2290  20.6590  339    2944  43.0670  66.2260  -4.4190  339
67544  6.1180  -9.0120  20.1720  341    3218  5.9150  -28.7030  10.9220  341
67556  10.8220  -9.8790  19.2260  343    5244  40.5910  -33.4280  17.8890  343
67557  9.9900  -9.2500  19.6270  344    5399  7.1500  -52.1140  -3.9900  344
67559  6.6080  -9.0810  19.2110  346    3939  47.9540  2.5300  -49.7080  346
67569  11.8410  -9.3650  18.2250  347    7881  24.6270  -28.3000  37.8430  347
67572  7.0140  -9.1880  18.1740  350    6001  38.9180  -65.9260  -13.6890  350
67588  13.1960  -9.5110  17.3570  353    10512  33.1150  -66.4030  -19.2300  353
67590  7.2890  -9.2210  17.1200  355    8588  3.2220  14.4360  -34.9830  355
67598  16.1160  -9.1090  16.5360  357    11722  3.7300  1.9130  -5.9850  357
67599  15.3730  -9.4280  16.5460  358    11756  35.1660  -63.8610  -31.0210  358
67602  7.2910  -9.0930  16.2070  361    11082  25.8080  -46.4590  43.0860  361
67606  7.0990  -9.2740  15.2880  362    11885  51.0640  25.4700  -18.8880  362
67611  6.8590  -8.9110  14.6240  364    12639  63.8200  -20.3530  9.8370  364
67616  6.4580  -9.5320  13.4100  366    12878  6.7200  -16.5280  5.5130  366
67624  6.1480  -9.8310  12.1440  368    14311  60.5620  -9.4960  -15.1840  368
67628  6.2020  -9.9300  11.4090  369    14569  27.1060  8.0130  -29.4570  369
67640  9.9260  -9.6610  10.4000  372    16850  57.6370  -19.7920  -38.2970  372
67641  8.7810  -9.6720  10.4870  373    17351  9.5760  41.9750  42.1520  373
67642  7.6210  -9.7970  10.4480  374    17401  54.8620  -34.3670  -34.8340  374
67643  6.6050  -9.9990  10.6960  375    15841  24.9540  53.7840  -28.6660  375
67656  10.7350  -9.7850  9.1810  377    18089  27.5290  -36.0690  -33.9140  377
67660  10.2120  -9.7720  8.4060  378    18142  13.7150  47.2200  11.9910  378
67661  9.5400  -9.7260  7.8200  379    18338  49.5230  -32.4300  24.6210  379
67662  8.7000  -9.6230  7.3510  380    18394  36.3420  62.0580  -14.0510  380
67666  7.8580  -9.6410  6.9260  381    18561  45.1430  46.9470  -4.3560  381
67668  6.2830  -9.4610  6.4630  383    19067  47.2300  16.8850  13.1160  383
67669  5.4770  -9.3740  6.2210  384    19131  13.4360  -19.8740  17.3170  384
67670  4.8360  -9.2750  6.0430  385    19611  58.5750  -0.8230  -1.6060  385
67671  4.4180  -9.0590  5.8630  386    19702  38.6230  9.6170  -14.7470  386
67672  4.2040  -8.7050  5.8230  387    19758  10.5140  -44.5790  -16.7180  387
68645  6.3970  -8.5870  22.3730  389    24393  7.4550  56.0770  26.2330  389
68646  5.9020  -8.4830  22.2500  390    24468  31.7810  68.7940  -16.3780  390
68658  7.6410  -8.6280  21.6360  391    25385  33.2410  -10.5520  49.0420  391
68659  7.0570  -8.3670  22.0340  392    24439  31.6740  69.9100  -15.7170  392
68661  5.7140  -8.1890  21.5560  394    24535  14.4540  -45.7310  17.8010  394
68669  8.6430  -8.6600  20.6460  395    26622  11.9330  76.7300  -18.9050  395
68671  7.3850  -7.7710  21.6070  397    43334  17.1400  -38.9270  44.1820  397
68672  5.9690  -8.1290  20.1040  398    27183  37.3690  -44.6140  -36.5600  398
68673  5.7860  -8.3680  20.7270  399    25578  52.6250  -56.5870  -14.6630  399
68683  9.7600  -8.3320  19.4670  400    28424  52.9130  1.7730  10.2570  400
68685  8.4330  -7.8340  20.5580  402    44047  53.5390  1.9070  16.0480  402
68686  6.3750  -8.1750  19.4370  403    27210  45.1960  -39.9130  -28.2290  403
68697  11.7490  -8.8200  18.0970  404    29297  38.7460  -58.9670  12.5470  404
68698  11.2780  -8.4680  18.3410  405    29298  22.3100  3.9310  44.1560  405
68700  6.8250  -8.2590  18.4110  407    28513  22.7960  1.7740  -42.9110  407
68714  12.9180  -8.5500  17.2080  408    1825  59.1740  25.1790  -5.2060  408
68717  7.2720  -8.0350  17.0110  411    29708  40.2840  -67.2220  -35.3170  411
68727  16.8390  -8.2330  16.7760  413    31081  45.0830  18.4720  21.9080  413
68730  14.5010  -8.6170  16.5960  416    32151  50.3690  7.7450  25.2440  416
68732  7.3160  -8.0670  16.7270  418    3050  34.6910  6.2650  -35.5670  418
68740  7.2070  -8.3430  15.6150  421    32241  17.5320  -70.4010  -17.5550  421
68745  6.9300  -8.4420  14.7750  422    32818  11.2380  -71.5230  -18.4640  422
68751  6.4530  -8.6160  13.4950  424    33297  39.0040  15.4050  -57.1270  424
68756  6.2280  -8.9240  12.5910  425    33735  22.1870  -29.1630  -17.0800  425
68761  6.1940  -8.9840  11.7250  426    33914  45.3030  4.7160  22.1440  426
68766  9.7930  -7.8160  10.5770  427    49143  44.2390  56.4350  -10.7410  427
68767  8.8770  -7.9760  10.7520  428    35601  48.6830  -44.7190  22.0210  428
68768  8.3100  -7.9720  10.6860  429    12355  38.8280  -5.2430  -19.4410  429
68769  6.7170  -8.5450  10.8780  430    34597  3.1550  7.9560  -26.5930  430
68770  6.3900  -9.1250  11.1020  431    34055  42.0490  -49.3160  -23.2810  431
68775  10.4320  -8.6790  9.9100  432    35582  37.9020  73.8790  -26.4360  432
68777  8.1470  -8.6350  10.6060  434    35667  44.3560  -42.5150  -19.4230  434
68793  10.2980  -8.8530  8.8460  437    35626  22.1790  76.7470  -30.1940  437
68807  9.8880  -9.0850  8.2220  438    15457  23.6970  43.0340  33.2050  438
68808  9.3000  -8.7930  7.7680  439    37058  44.1370  -29.6170  -36.1780  439
68809  8.2280  -8.5400  7.1740  440    37095  44.6100  25.2560  -49.4420  440
68810  7.7020  -7.9240  7.0040  441    17802  37.1310  -42.1550  21.0740  441
68818  7.0580  -8.4810  6.7560  443    37522  57.7350  14.6430  12.6200  443
68819  6.0030  -8.4420  6.4100  444    37541  6.2840  -24.0860  -10.7080  444
68820  5.2260  -8.3960  6.1710  445    37826  8.5380  49.5370  31.7180  445
68821  4.6450  -8.3130  5.9980  446    37860  61.0860  13.6080  -9.1450  446
68822  4.2790  -8.1620  5.8400  447    37899  28.6710  -59.1880  3.6280  447
68823  4.0890  -7.9460  5.7960  448    37938  21.6900  40.9980  30.4390  448
69988  6.2380  -7.3540  22.0480  452    43335  45.8050  -44.5110  27.4980  452
69989  5.7560  -7.1810  21.4890  453    43633  11.4410  53.7640  31.4050  453
70001  5.6640  -7.2770  20.6000  457    43634  20.9610  -42.4090  43.3770  457
70011  9.4470  -7.4070  19.4800  459    45178  61.4090  17.8680  -40.8220  459
70013  5.9070  -7.3240  19.7420  461    44140  16.2030  64.7220  -19.0200  461
70024  11.1240  -7.4800  18.1870  463    2829  24.0270  -37.9990  -2.8260  463
70025  10.3400  -7.4880  18.8080  464    43416  46.9510  -20.0260  -20.4850  464
70026  9.7990  -6.9470  19.1030  465    45480  17.2780  -18.2590  -25.1000  465
70027  6.4620  -7.3100  18.6930  466    40226  50.4100  44.1290  -6.8270  466
70042  12.5600  -7.5720  17.2120  468    1827  24.4490  42.2300  -34.4730  468
70044  7.1940  -7.8910  17.1840  470    2998  44.1340  71.4330  -13.8320  470
70055  17.0630  -7.4690  16.9360  472    4777  40.5380  -8.1040  -7.1880  472
70056  16.3580  -7.3810  16.5710  473    4778  5.2860  -48.2400  8.4720  473
70057  15.5100  -7.4390  16.3680  474    4838  6.1950  44.0260  -45.0260  474
70058  14.5940  -7.5640  16.4360  475    4910  61.2870  9.3360  20.7750  475
70059  13.5430  -7.6600  16.7330  476    1826  2.8450  16.5660  8.4750  476
70060  12.9410  -7.0820  16.8940  477    1866  51.9640  -2.0450  -20.7960  477
70080  6.9060  -7.5210  14.7280  482    6777  13.4460  -57.4860  10.8150  482
70090  6.6730  -7.0920  14.1630  484    6150  33.8300  3.9360  37.3520  484
70091  6.5520  -7.5960  13.8040  485    7433  44.8370  56.3150  -36.1590  485
70099  6.2510  -7.7470  12.8210  486    9082  46.6080  21.4740  -0.3240  486
70107  6.1550  -7.9350  11.9700  487    10075  8.3820  -17.2360  5.8700  487
70115  9.9430  -6.8240  10.6320  488    11925  10.8260  -43.8260  -12.4540  488
70116  9.0840  -7.1760  10.8580  489    11926  26.1410  13.6710  -52.5460  489
70118  6.8110  -7.6620  10.9660  491    12485  40.6940  20.1480  -21.5720  491
70119  6.4270  -8.2050  11.3390  492    11383  40.5830  -64.5800  -21.3580  492
70127  10.3170  -7.4290  10.0510  493    12327  25.9360  -32.9130  28.0140  493
70129  7.3000  -8.1680  10.7110  495    13092  58.0660  -34.3950  14.4610  495
70141  10.3440  -7.5160  8.9930  496    13963  60.4620  17.0090  -4.3390  496
70142  9.9330  -6.8830  8.5190  497    15429  20.6430  6.7120  -45.6520  497
70159  9.3770  -7.4990  7.8970  499    15430  24.7780  -40.5250  23.8800  499
70160  8.2100  -7.3480  7.2640  500    17769  36.6070  52.7670  12.8960  500
70175  6.4910  -7.4550  6.6230  502    17842  27.7680  71.4820  -25.6090  502
70176  5.6730  -7.4800  6.3300  503    17865  62.1240  -33.7580  6.8640  503
70177  5.0130  -7.4900  6.1230  504    19443  29.5570  67.2680  15.8660  504
70178  4.5070  -7.4890  5.9630  505    19877  54.2250  54.6110  -15.6140  505
70179  4.1880  -7.4750  5.8300  506    19927  45.9820  62.5390  -17.2990  506
71360  7.0780  -6.3990  21.4300  507    43737  11.2290  73.1540  -2.5640  507
71361  6.4430  -6.3680  21.6730  508    43754  58.9120  -45.9410  -1.4980  508
71362  5.8330  -6.2910  21.5360  509    43802  64.4910  -23.2650  10.2000  509
71374  8.2300  -6.4660  20.4820  510    44644  38.5380  -14.6420  49.1020  510
71376  5.5540  -6.2840  20.8040  512    44053  9.5800  51.4220  -24.7720  512
71388  9.4170  -6.3010  19.3020  513    44673  50.7140  8.5280  28.7410  513
71390  5.7270  -6.7050  19.6620  515    44914  54.3330  -20.1880  -21.4480  515
71404  11.2490  -6.8990  17.9320  517    2780  23.9860  0.6070  -47.8300  517
71405  10.6390  -6.4560  18.3390  518    46535  37.1530  48.2640  17.0620  518
71407  5.9040  -6.3310  19.0030  520    45713  23.6340  -11.1880  -26.1110  520
71423  17.0540  -5.8990  17.0550  522    3513  45.9990  31.8850  -44.7060  522
71427  6.4810  -6.4360  17.8890  526    2997  41.1280  -33.4960  19.4920  526
71437  16.7360  -6.4270  16.7630  527    4776  42.4840  -35.8230  -2.3710  527
71438  15.7380  -6.4700  16.3840  528    4806  28.1030  61.1440  -29.1760  528
71439  14.7910  -6.5540  16.3110  529    4877  15.0870  -36.4540  20.1860  529
71440  13.8890  -6.6670  16.5130  530    4941  44.0040  54.9010  -36.0300  530
71442  6.8280  -6.4340  16.8250  532    2999  9.0850  55.5580  -21.3620  532
71446  7.0080  -6.6210  16.0250  533    5366  50.6810  2.0470  22.2790  533
71458  6.2570  -6.6450  13.1050  537    9057  48.2160  -25.4850  -30.6740  537
71462  6.0710  -6.7760  12.2090  538    10052  39.5080  49.8440  -22.4030  538
71466  9.9590  -5.9320  10.6570  539    11958  4.8860  -56.5300  7.0530  539
71467  9.1960  -6.2200  10.8990  540    11927  29.9620  54.1700  -25.5820  540
71468  8.0660  -6.6750  10.8320  541    12356  39.1380  14.4340  -54.1660  541
71469  6.9920  -6.7080  10.8670  542    12509  64.8600  -29.1480  -1.3850  542
71470  6.3540  -6.9900  11.4000  543    11344  13.3100  -60.1290  26.6070  543
71473  10.3470  -6.3170  9.9090  544    12298  41.0700  -31.5780  -38.8750  544
71479  10.1830  -6.2440  8.9400  547    13995  42.0380  59.0230  8.1770  547
71480  9.5480  -6.2920  8.2840  548    15500  18.0410  -8.1470  50.9740  548
71489  8.7200  -6.4070  7.6790  549    15561  15.6460  -42.1990  8.8540  549
71490  7.7780  -6.4210  7.2300  550    17786  53.6640  -48.9750  -9.2080  550
71491  6.9030  -6.4700  6.8740  551    17818  17.9170  -22.6400  -16.1990  551
71504  5.4090  -6.6090  6.3170  553    9882  11.5990  -45.5200  28.4230  553
71505  4.8510  -6.7120  6.1190  554    19461  46.5450  -42.3760  5.6180  554
71506  4.4440  -6.8540  5.9630  555    19902  28.4750  77.3750  -8.8660  555
72735  7.2800  -5.6330  21.0300  556    43738  6.3310  40.9570  34.6110  556
72736  6.7040  -5.6440  21.3630  557    33162  63.4670  -15.5460  24.8890  557
72737  6.1350  -5.4940  21.3640  558    43789  29.5030  -14.6170  -23.3500  558
72749  8.2890  -5.5710  20.1910  559    33809  42.4810  -9.4930  45.4770  559
72751  5.6950  -5.3870  20.8790  561    43817  56.7630  -17.5460  -7.8280  561
72764  9.1790  -5.3100  19.2760  562    34991  35.6120  -66.3110  1.6390  562
72766  5.5230  -5.3950  20.0780  564    44894  58.0590  13.9220  -24.9060  564
72779  10.3610  -5.2460  18.3410  565    46536  25.4250  12.6220  -49.5370  565
72780  9.8540  -5.7390  18.8500  566    45481  10.3250  3.2680  33.1700  566
72781  5.8410  -5.6900  18.5980  567    1791  9.1940  -1.4610  9.2170  567
72782  5.6420  -5.4930  19.1130  568    45730  53.0570  -46.5030  -11.1100  568
72796  12.5220  -5.2070  16.9950  569    622  19.5350  52.7110  30.3230  569
72797  11.7890  -5.4800  17.4320  570    623  7.0450  70.7960  -32.0400  570
72798  11.0800  -5.7820  17.8780  571    803  13.0870  -76.0460  -27.3080  571
72812  15.9290  -5.4940  16.5110  575    3514  18.3500  45.8370  34.7660  575
72813  15.0160  -5.5470  16.3080  576    4296  28.1130  14.3500  48.1210  576
72814  14.0530  -5.6370  16.4130  577    4365  42.1350  49.0410  -30.5540  577
72815  13.2160  -5.8630  16.6860  578    685  49.2260  30.0740  -18.0440  578
72816  6.3230  -5.5090  17.1370  579    1839  19.2450  -81.4370  -1.1570  579
72825  6.5610  -5.5690  15.8110  581    5895  7.8890  73.1970  -0.7280  581
72826  6.2190  -4.8090  15.3410  582    5894  7.6180  55.5690  -21.7990  582
72828  6.5850  -5.9090  14.6170  583    5896  6.1070  7.6600  13.1410  583
72832  6.2050  -5.5790  13.6940  586    6113  47.8940  -28.9050  6.3310  586
72834  5.9920  -5.6040  12.5600  587    6388  61.6210  -19.3200  17.2270  587
72836  6.1080  -5.7350  11.6860  588    7067  55.3100  -7.8130  -44.5820  588
72839  10.1170  -5.0680  10.3390  589    7841  11.0060  -28.2550  22.7510  589
72840  9.4280  -5.2270  10.8620  590    7840  44.1330  -63.8730  -17.5610  590
72841  8.4070  -5.4490  10.9210  591    7963  37.4800  6.8120  43.3920  591
72842  7.3090  -5.6390  10.8940  592    8024  27.3940  -10.7500  -37.6940  592
72843  6.5670  -5.9310  11.1480  593    7181  8.8180  4.6590  10.7530  593
72846  10.1880  -5.2460  9.4860  594    7939  15.2800  -21.7010  15.9070  594
72849  9.7450  -5.3080  8.6930  595    8251  31.8220  -59.2060  27.3350  595
72850  9.0270  -5.4330  8.0580  596    9001  29.4610  -19.9820  30.6700  596
72853  8.2160  -5.4870  7.5480  597    9065  43.6650  -23.8440  -36.9560  597
72854  7.3040  -5.4930  7.1930  598    9748  45.4620  46.3980  19.3940  598
72855  6.4890  -5.6020  6.8180  599    9815  40.7950  60.1320  -3.1440  599
72859  5.2270  -5.8330  6.3340  601    10406  49.5390  24.3990  -17.5090  601
72860  4.7630  -6.1340  6.1470  602    10452  61.7790  -32.8790  -37.3770  602
73969  7.2530  -5.2160  20.8850  603    33163  51.6540  2.1070  3.0130  603
73971  6.4870  -5.0410  21.1240  605    33161  48.7010  -39.8010  -34.5460  605
73983  6.1000  -4.6030  20.7580  609    33955  37.2800  25.1830  -47.9120  609
73994  8.4900  -4.7310  19.6600  611    33810  13.5120  83.7370  -23.1740  611
73995  7.7300  -4.0550  19.9560  612    33836  40.4070  4.8100  -11.8040  612
73996  5.7050  -4.5290  20.1710  613    34083  2.5150  45.7620  -8.2020  613
74007  10.2060  -4.4480  18.2980  614    36335  8.1450  -76.6750  1.2510  614
74008  9.4430  -4.5680  18.8650  615    34992  12.2110  -49.5720  -21.8220  615
74009  8.7430  -3.8870  19.1760  616    35009  42.5510  57.2600  -13.9090  616
74010  5.5790  -4.5230  19.3630  617    35388  53.1480  -50.3640  -22.6240  617
74024  11.9400  -4.4790  17.2500  619    621  54.9920  25.7220  -31.4980  619
74025  10.9570  -4.5010  17.8030  620    767  7.0930  -9.3340  15.2770  620
74026  5.6680  -4.5190  18.3930  621    1790  32.9140  28.3970  -10.5600  621
74038  16.0750  -4.6260  16.7480  623    3512  46.9930  28.8390  -43.3870  623
74039  15.2800  -4.5890  16.4990  624    3560  12.5590  -20.7230  23.3060  624
74040  14.3130  -4.6200  16.4340  625    4337  39.1860  -12.8420  17.5800  625
74041  13.2260  -4.6090  16.6940  626    686  49.9700  29.3700  -18.9700  626
74043  5.9000  -4.7020  17.2280  628    1792  6.8070  18.3460  43.1030  628
74053  6.0320  -4.4590  15.9750  630    5930  47.1710  -40.3430  -30.8970  630
74055  5.9330  -4.2240  14.9420  631    5988  46.1180  25.5010  -13.4760  631
74057  5.8960  -4.2850  13.9580  632    6183  4.1810  20.4210  -20.4750  632
74059  5.7720  -4.4010  12.9360  633    6389  60.1490  -19.0150  17.1020  633
74061  5.8830  -4.5100  11.9900  634    6390  60.8710  -19.4240  15.9400  634
74064  9.6710  -4.2840  10.7460  636    7842  43.0420  -35.8950  -28.9850  636
74065  8.7900  -4.4020  11.0000  637    7964  63.9330  16.4760  -1.1530  637
74066  7.6870  -4.5150  11.0010  638    8025  26.1190  -11.9720  -36.8580  638
74067  6.5250  -4.6040  11.2190  639    7149  5.6110  -29.3800  5.0070  639
74069  10.1320  -4.2630  9.8890  640    7938  14.2330  -20.5070  15.7140  640
74071  9.8660  -4.3250  9.1390  641    8216  63.5080  21.8360  -0.3870  641
74072  9.1610  -4.3740  8.4170  642    8979  48.1420  -7.8950  7.7340  642
74073  8.4630  -4.0640  7.9870  643    9040  47.7580  46.2130  18.2450  643
74077  7.7830  -4.4630  7.5540  645    9718  9.9530  -18.3880  48.6020  645
74078  6.7480  -4.5380  7.1420  646    9782  43.3450  -39.9040  -33.8270  646
74079  6.1120  -4.2610  6.9260  647    9857  53.7740  -14.8950  -40.7470  647
74084  5.1200  -5.2490  6.3580  650    10429  38.2380  47.0700  -13.3390  650
75144  7.0810  -3.7620  20.1440  651    33857  44.9780  -60.1300  6.1410  651
75145  6.4450  -3.8470  20.2950  652    33879  47.4420  -2.8210  16.3590  652
75146  5.9860  -3.7510  20.0890  653    33974  48.4250  56.4700  -0.3070  653
75156  8.1110  -3.4100  19.4850  654    35032  34.5320  -66.1030  1.6650  654
75158  5.7150  -3.6790  19.4970  656    34099  35.7190  44.0440  3.1290  656
75169  10.1180  -3.4780  18.2200  657    36336  6.7730  -28.7350  0.3010  657
75172  5.5980  -3.6430  18.6980  660    35405  26.0030  -10.3300  -32.0770  660
75181  16.4850  -3.6440  17.4260  661    36313  48.3340  -59.0750  4.1420  661
75182  16.0000  -3.1730  17.0970  662    51572  36.9000  -24.5570  47.5150  662
75183  12.4860  -3.6600  17.0010  663    37291  7.0130  55.2970  26.9150  663
75184  11.4910  -3.5690  17.4230  664    37309  30.7630  11.8320  23.8390  664
75185  10.8450  -3.5240  17.7600  665    36391  33.9620  34.8970  6.5070  665
75186  5.6460  -3.6010  17.6910  666    36453  47.9470  4.8700  -55.6800  666
75197  15.6860  -3.6540  16.8010  668    38275  6.5800  -30.1630  32.9310  668
75198  14.6570  -3.6940  16.5710  669    38287  45.8050  16.3670  -48.8460  669
75199  13.7350  -3.7390  16.5980  670    37336  6.8820  -59.1330  4.9390  670
75201  5.6820  -3.5270  16.5510  672    37403  67.3320  -16.1700  -13.5240  672
75212  5.6710  -3.3950  15.4090  673    38635  23.5150  -70.8720  11.6490  673
75218  5.6540  -3.3380  14.3570  674    39111  14.9770  -53.1890  35.5530  674
75220  5.5320  -3.1840  13.2770  675    39168  18.1790  -9.9570  39.8940  675
75221  5.4110  -2.6050  12.9100  676    53361  7.5110  -39.1910  5.5410  676
75223  5.5790  -3.2190  12.3400  677    39304  7.6600  -73.7290  -15.1380  677
75226  5.9810  -3.4700  11.5730  679    39515  40.5180  11.7260  -63.9560  679
75228  9.8370  -3.3810  10.3480  680    39840  30.6630  37.9280  -11.6900  680
75229  9.1990  -3.4300  10.9410  681    39856  8.1530  70.0060  -13.8920  681
75230  8.2060  -3.4900  11.0960  682    39912  5.2280  36.9400  -23.3850  682
75231  7.1310  -3.5270  11.1450  683    39950  35.5250  -43.6690  -35.8780  683
75232  6.4730  -3.5250  11.2860  684    39585  19.1410  77.9710  -34.0890  684
75234  9.8530  -3.4260  9.5880  685    39881  49.1670  -48.1130  -13.8420  685
75236  9.4690  -3.4210  8.9080  686    40310  6.8310  12.5110  50.7220  686
75237  8.7280  -3.3490  8.3710  687    40384  46.7100  46.3020  -32.1690  687
75238  7.9700  -3.4300  7.8750  688    40428  56.7460  9.9510  -7.8660  688
75241  7.1740  -3.5400  7.5150  689    40453  65.4100  -3.0350  3.2830  689
75242  6.3810  -3.5100  7.2250  690    40734  49.8250  26.8800  -56.1560  690
75243  5.7930  -3.6260  6.9280  691    40793  43.8270  -42.8620  -25.4380  691
75246  5.4310  -3.7930  6.7080  692    40819  53.1130  14.9570  30.4540  692
76291  6.9750  -3.2780  19.9320  693    49682  9.5990  54.4830  18.0290  693
76306  7.9850  -2.4260  19.2670  696    50377  57.0760  -22.3650  23.8840  696
76307  7.2590  -2.8390  19.6090  697    49692  2.6170  42.2660  -4.8310  697
76308  6.6040  -2.6300  19.5080  698    58340  39.6620  -5.0450  34.1200  698
76309  6.0500  -2.8340  19.4250  699    49942  12.2800  -51.4410  21.6960  699
76318  10.1220  -2.3620  18.1320  700    16243  42.5550  -40.9290  22.1730  700
76319  9.4650  -2.4780  18.5300  701    51017  54.2780  51.5060  -15.3800  701
76320  8.6370  -2.6050  18.9650  702    50407  42.1680  -63.4720  13.0260  702
76321  5.7170  -2.9350  18.9210  703    50430  10.5830  49.3680  14.0120  703
76328  16.6540  -2.8880  17.9550  704    50996  18.8030  -22.0580  23.8980  704
76330  15.4620  -2.2760  17.0940  706    52294  46.5790  -5.8300  -21.1150  706
76331  12.5770  -2.8170  16.9670  707    19431  5.3040  17.7580  12.9260  707
76332  11.9500  -2.7120  17.1800  708    51641  49.2940  -53.0850  16.4640  708
76333  10.9070  -2.5570  17.6860  709    51038  41.0930  56.2470  -15.0380  709
76334  5.6760  -2.7110  18.1230  710    51074  6.9150  67.5750  -22.7580  710
76344  14.0270  -2.9200  16.6010  713    19327  6.8580  75.0140  -11.3160  713
76345  13.1610  -2.9390  16.7990  714    19358  23.5940  68.5260  -15.2900  714
76346  5.6220  -2.5590  17.0790  715    51802  34.9660  -48.0020  -29.7410  715
76356  5.5710  -2.4280  15.9330  716    52352  9.9010  -27.5800  -4.2970  716
76363  5.5080  -2.3400  14.7370  717    52897  50.1190  -58.8510  -27.9860  717
76364  5.4920  -1.9620  13.9530  718    23686  49.3860  21.6790  -11.3090  718
76366  5.5230  -2.5980  13.9030  719    53162  41.3540  25.3710  15.6510  719
76369  5.5120  -2.6370  12.1930  721    53422  29.6660  -48.7820  27.9480  721
76373  5.5540  -1.7100  11.9770  724    26304  58.8980  -8.9300  -27.3930  724
76375  9.7270  -2.5260  10.3300  725    31596  11.1640  -28.3230  -14.9690  725
76376  9.4860  -2.5370  10.7190  726    53500  6.5900  -39.7480  5.2280  726
76377  8.7580  -2.5430  11.1190  727    53733  42.6530  -48.1890  -35.4100  727
76378  7.7070  -2.5400  11.1970  728    53758  39.3020  -47.7780  -28.0930  728
76379  6.5420  -2.5020  11.3490  729    53564  12.9930  -62.0930  -22.6290  729
76388  9.5500  -2.1110  9.3830  731    53962  12.7860  56.3660  -19.7630  731
76398  9.0860  -2.4070  8.8330  733    54003  25.8620  -38.7860  3.7990  733
76399  8.1040  -2.4370  8.2570  734    54023  1.5690  6.1070  -12.4530  734
76400  7.3750  -2.1450  7.9130  735    54049  29.3260  -42.8520  13.2750  735
76410  6.7550  -2.5340  7.5670  737    33509  15.7180  21.3070  50.9370  737
76412  5.4140  -2.2760  7.1170  739    54320  5.4230  -51.3030  14.6580  739
77436  8.3060  -1.7320  18.9180  742    12720  24.0030  75.3330  4.7560  742
77437  7.7170  -1.6120  19.0670  743    12722  21.7140  77.0660  0.0880  743
77438  7.0260  -1.6360  19.1740  744    12849  60.7910  -35.9580  13.9520  744
77439  6.4540  -1.8310  18.9920  745    12914  62.4290  -14.3240  -44.3740  745
77460  16.6440  -1.4920  18.8040  746    12186  5.4110  -47.4410  19.3370  746
77461  16.2340  -1.2230  18.0790  747    12677  47.0160  -9.6940  2.1780  747
77463  9.7970  -1.5830  18.2910  749    16245  19.8590  -31.9100  -27.8930  749
77464  9.0010  -1.4710  18.6540  750    12784  51.1530  -2.2580  0.8600  750
77465  5.9920  -1.9760  18.5740  751    12986  42.2640  15.8880  -37.7780  751
77486  16.4320  -2.0360  18.0220  752    16076  44.0860  8.1320  -31.5540  752
77487  15.7370  -1.5770  17.5090  753    16105  35.7290  -15.0090  -44.1040  753
77488  14.8770  -1.6680  16.9780  754    16217  54.7140  -49.4740  -8.9910  754
77489  13.8540  -1.5460  16.8460  755    19326  25.6070  -14.3230  -24.4840  755
77491  11.6550  -1.7210  17.3650  757    19479  8.0260  -78.0830  -21.0280  757
77492  10.9070  -1.4000  17.7160  758    16307  15.5560  -62.0770  14.9010  758
77493  5.8150  -1.6590  17.5830  759    16824  50.8460  1.5660  -12.2000  759
77514  5.6890  -1.4870  16.4900  763    19970  19.1040  -13.6920  50.9480  763
77529  5.5540  -1.2700  15.3000  764    22147  45.5530  52.0630  11.2700  764
77547  5.3830  -1.3130  12.8870  767    25044  7.9350  -71.4410  -13.6840  767
77573  5.9820  -1.3970  11.5720  769    29659  6.5530  -22.7950  2.9090  769
77591  9.2640  -1.6830  10.9370  772    31597  12.2210  -15.7400  -7.5490  772
77592  8.3960  -1.6300  11.2490  773    31627  16.9330  46.9280  -41.9110  773
77593  7.3380  -1.5960  11.3130  774    31655  34.1920  -13.9050  19.8650  774
77609  9.6120  -1.6000  9.7730  776    28708  24.8130  11.5960  35.1740  776
77610  9.1940  -1.4610  9.2170  777    25363  20.3120  11.0600  -46.2750  777
77620  8.4890  -1.4860  8.6650  778    25365  13.1070  -84.7770  -21.8550  778
77621  7.6410  -1.4690  8.2500  779    33276  36.6510  -70.6460  -17.9740  779
77628  6.2050  -1.6750  7.5660  781    33561  46.7240  2.7290  -30.2030  781
77629  5.5970  -1.6500  7.3310  782    34125  36.4060  10.3150  26.8290  782
77630  5.1510  -1.6810  7.1370  783    34170  42.2490  -27.5540  19.3300  783
77631  5.0060  -1.4590  7.1090  784    34186  25.2120  -12.0460  45.3870  784
77640  5.0200  -1.9690  7.0260  785    34187  30.2290  73.0520  -25.8220  785
78615  16.4070  -0.3500  19.1130  787    9374  54.0360  48.0880  -21.3860  787
78616  15.9760  0.1950  18.6690  788    39742  58.3150  -45.7160  2.7770  788
78617  9.2350  0.0090  18.6530  789    12820  63.4570  -11.0240  -14.4100  789
78618  8.4280  -0.5130  18.7690  790    12721  12.3700  -68.2960  6.4500  790
78619  7.5880  -0.4570  18.7850  791    12753  41.1810  -43.1590  -1.9680  791
78620  6.8170  -0.5520  18.6150  792    12876  37.9150  -17.6890  -33.1710  792
78621  6.3200  -1.2550  18.6100  793    12953  13.8800  -44.3610  -25.1600  793
78634  15.6940  -0.3410  17.9280  795    16194  55.1270  -50.0230  -8.9000  795
78635  14.9510  0.0410  17.5820  796    41318  8.8420  7.9920  35.8870  796
78636  10.3800  -0.7480  18.0690  797    16244  19.6640  -29.8920  -28.3050  797
78637  9.5350  -0.7360  18.4400  798    16280  58.8750  21.1220  -25.4700  798
78639  6.5940  -0.0950  18.2280  800    40318  37.5700  -20.7840  -25.8750  800
78640  6.1990  -0.6950  18.0470  801    13020  66.0390  -22.1120  7.0000  801
78656  14.5210  -0.5520  17.2310  803    19385  33.3230  -44.7260  33.1300  803
78657  13.2580  -0.7510  17.1290  804    19398  32.5650  7.7760  -47.9500  804
78658  12.2070  -0.8790  17.3590  805    19454  23.3820  53.6920  -36.8560  805
78661  5.9450  -0.5980  16.9910  808    16847  21.2380  28.9590  -36.9850  808
78679  5.7660  -0.4460  15.9490  809    19992  18.3050  -8.3140  47.9330  809
78698  5.6100  -0.2800  15.1100  810    22178  7.9270  60.0680  -14.1970  810
78723  5.4320  -0.1430  13.9160  813    25043  32.3640  -5.1070  -1.0760  813
78742  5.4210  -0.4670  12.5500  815    25904  10.6830  24.8740  32.3910  815
78757  6.1300  -0.5850  11.5490  816    27292  4.9530  -21.9100  53.4550  816
78767  9.6340  -1.3340  10.3210  818    31598  12.6990  -15.7830  -8.3090  818
78769  9.0440  -0.7360  11.1320  820    31628  56.4480  23.2590  3.7230  820
78770  8.0530  -0.7350  11.4000  821    31656  34.4140  -14.5140  19.5580  821
78771  6.8720  -0.6830  11.4550  822    29702  45.9260  -13.9110  20.2440  822
78775  9.3200  -0.6960  9.7250  824    26736  30.1230  -73.9650  5.2290  824
78780  8.7070  -0.6310  9.0140  825    25364  12.7940  -83.7800  -23.0310  825
78781  7.9860  -0.6410  8.5780  826    33242  50.3840  0.2240  39.6290  826
78782  7.0700  -0.6030  8.1690  827    33290  44.0790  23.4080  0.4910  827
78783  6.3620  -0.3430  7.8860  828    33535  7.8610  -16.1910  -8.1160  828
78790  5.4060  -0.9280  7.3900  831    34149  49.7110  28.2010  -53.9270  831
78791  5.1730  -1.0320  7.2600  832    34221  6.9000  -46.0580  4.4550  832
79807  16.2390  0.9640  20.0800  833    6416  61.7950  -19.6110  15.7670  833
79808  8.6250  1.3890  19.6380  834    6578  45.6540  -63.6990  -6.6930  834
79810  7.8630  1.4260  19.6080  836    54955  8.5750  56.4830  -20.4330  836
79823  16.3840  0.3180  19.8960  837    38846  53.8470  -42.6820  -23.3990  837
79825  10.3950  0.9200  18.7270  839    8771  14.7960  -21.8950  14.0000  839
79826  9.8980  0.7790  18.8190  840    40108  1.8710  18.5120  -15.6480  840
79827  8.8620  1.0420  19.1810  841    40109  42.2530  -48.1070  -13.1670  841
79828  8.0970  0.7030  19.0280  842    40182  44.3500  -50.9100  -36.5710  842
79829  7.5390  0.9500  18.8290  843    40223  35.2560  27.3880  -54.1290  843
79845  14.9910  0.5910  17.9640  845    10097  39.7300  0.5320  -52.8340  845
79846  14.1170  0.8230  17.9080  846    42496  37.9170  -31.9890  16.9200  846
79847  13.1370  0.8550  17.9030  847    56294  10.4790  -47.9970  42.1730  847
79848  12.0680  0.7470  18.0360  848    56310  39.6720  31.2010  -6.7180  848
79849  10.8350  0.5400  18.3830  849    41402  20.6730  2.6570  54.8580  849
79850  9.9480  -0.0110  18.4450  850    40150  35.4820  29.3280  39.6420  850
79851  6.8530  0.7120  18.2970  851    40357  68.0690  -13.2790  11.1370  851
79870  12.6440  0.0470  17.5350  855    42528  17.9350  -26.5610  14.3240  855
79871  11.6630  -0.1050  17.7620  856    42558  4.9010  2.2920  52.4550  856
79873  6.5540  0.8910  17.6140  858    56486  37.0560  -47.3140  -34.9030  858
79874  6.2440  0.2000  17.3490  859    41631  7.1140  -52.6980  31.8490  859
79890  6.3180  0.9240  16.9760  860    12484  40.0420  21.0700  -22.8020  860
79891  6.0140  0.4750  16.3820  861    42821  9.6910  54.3050  35.5770  861
79911  5.7110  0.4670  15.3650  862    43907  31.1540  -42.0490  -29.6510  862
79934  5.4790  0.3930  14.4240  863    45140  48.1550  61.1190  -6.6800  863
79957  5.2970  0.5980  13.5050  864    17889  7.3970  -22.9200  12.3350  864
79958  5.3240  0.3760  12.8120  865    46495  53.6900  17.6780  -43.6540  865
79973  5.5070  0.2750  12.2430  866    46630  34.2570  9.7170  -38.9920  866
79980  9.0870  1.1350  11.1480  867    59135  15.5500  43.7650  -35.4290  867
79981  8.3430  0.8690  11.6370  868    59142  43.6820  -62.2140  -32.6050  868
79982  7.3440  0.6640  11.7060  869    48389  42.2660  39.7290  25.1200  869
79983  6.3550  0.1940  11.6460  870    48357  28.8770  44.1840  -17.3910  870
79987  9.2240  0.3460  10.4070  872    48688  59.7470  -4.8570  -43.5380  872
79988  8.7000  0.1560  11.2970  873    48702  37.9240  -54.2450  23.9580  873
79993  8.5440  0.4190  9.2630  876    48725  9.7060  84.9850  -9.1300  876
79994  7.9220  0.8480  8.9340  877    23117  28.6230  67.3320  12.8770  877
79998  7.6320  0.3290  8.6380  879    49364  15.1450  -42.5320  -21.1760  879
79999  6.6670  0.3280  8.2140  880    49371  37.8460  48.0810  12.1590  880
80000  5.8950  0.2140  7.8410  881    49424  66.1800  -8.8880  -36.3420  881
80001  5.5860  0.5210  7.8120  882    24354  53.8430  -23.8970  30.0380  882
81024  7.2150  1.9670  22.3020  885    4619  33.5400  62.7840  -1.0700  885
81036  16.0490  2.2160  20.8290  887    6376  64.9870  -3.4420  17.8500  887
81037  9.3620  1.8550  21.0960  888    6576  28.3130  19.5550  -53.9410  888
81038  8.4710  1.8550  21.2460  889    6577  10.2980  -8.8530  8.8460  889
81039  7.6420  1.9400  21.3740  890    4621  41.5850  19.4490  -17.2070  890
81050  15.7740  1.8020  20.0850  893    6377  46.3940  -12.3780  -15.6770  893
81051  15.1200  2.3090  19.9490  894    8451  44.7990  -56.7930  9.5170  894
81052  10.3470  1.6890  20.0280  895    8743  64.1240  18.2390  -1.3260  895
81053  9.5790  1.6580  20.2280  896    6611  53.5130  -26.4360  -11.5350  896
81055  8.0300  1.6730  20.4090  898    7281  27.9320  -42.1130  26.9300  898
81056  7.3480  2.0770  20.2570  899    7400  23.2660  -40.0620  -17.9140  899
81063  15.3330  1.2760  18.9700  900    8474  57.6140  -28.1840  -38.3800  900
81064  14.5880  2.0000  19.3190  901    8452  33.6650  -75.4900  -31.9860  901
81065  13.3080  1.8980  19.2970  902    10621  56.8440  -4.1110  15.9230  902
81066  12.2600  1.6930  19.3410  903    10761  35.9780  -18.3680  29.2210  903
81067  11.3780  1.5170  19.3000  904    10892  57.0800  -22.9860  -37.2950  904
81069  9.6960  1.4420  19.4490  906    8744  12.2840  -42.4660  27.4720  906
81071  7.0310  1.8880  18.9700  908    9232  13.1540  8.5350  19.8130  908
81080  14.6710  1.2420  18.4650  910    10074  58.5510  21.8610  -22.3310  910
81081  13.7440  1.4520  18.5060  911    10622  36.8850  69.9040  -21.0700  911
81082  12.6780  1.3920  18.5700  912    10762  34.7180  -19.9510  30.2400  912
81083  11.6790  1.2840  18.6640  913    10893  57.4720  -22.2900  -38.0970  913
81085  6.7090  1.7530  17.9920  915    11572  63.0370  -30.3620  -36.1790  915
81113  6.1090  1.4570  16.4010  917    14123  19.4880  -27.9420  55.6030  917
81130  5.4770  1.2860  14.7180  919    16314  49.9830  -24.6810  13.4510  919
81166  5.2200  1.1760  12.9090  922    17820  24.9300  59.1860  5.3070  922
81176  5.4560  1.0090  12.4530  923    22399  48.9240  -58.5030  -12.1740  923
81178  9.3290  2.0060  11.0700  924    22189  37.5790  -59.6680  17.1020  924
81179  8.8620  1.7750  11.6380  925    22190  17.8030  4.6640  50.6100  925
81180  7.8550  1.5350  11.9280  926    22287  52.9350  -29.3060  -34.5270  926
81181  6.7390  1.2440  11.9120  927    22353  6.8880  67.0620  13.2060  927
81184  9.1830  1.7340  10.4630  929    22269  15.4420  -26.8280  46.9790  929
81187  8.7470  1.5350  9.6700  930    22477  38.7340  26.7060  -24.0190  930
81189  7.2550  1.6190  8.7510  932    23625  39.5250  -61.4530  11.7290  932
81194  6.2720  1.1490  8.2850  935    23857  61.7350  -36.6680  6.2450  935
81195  5.7540  1.1330  8.0380  936    24307  47.1890  7.9760  29.9780  936
81196  5.5700  1.2850  8.0390  937    24353  48.1220  53.8140  8.7800  937
82219  8.3920  2.3940  22.7270  939    4620  41.0740  20.9300  -18.9300  939
82222  5.9620  2.8260  23.0850  942    36752  30.8270  68.0260  -29.7810  942
82236  15.2610  3.4270  21.0290  943    37842  51.7650  21.7910  -5.6360  943
82237  14.8170  3.6390  21.0290  944    3145  15.6980  63.7470  -39.1590  944
82238  11.4800  2.3080  21.3570  945    3404  1.4080  46.1640  -9.6190  945
82239  10.8980  2.2680  21.5190  946    38298  0.5520  45.6560  -16.2860  946
82240  10.0710  2.2800  21.7600  947    6652  54.6380  -20.3810  21.9720  947
82241  9.0700  2.2420  22.1180  948    6653  10.7550  42.8260  41.6170  948
82263  15.3260  2.6750  20.5360  953    8509  39.0230  -55.9130  9.7590  953
82264  14.4520  3.1680  20.7200  954    37950  27.6700  -74.2280  -13.4400  954
82265  13.3700  2.8790  20.8600  955    40527  25.3220  20.4880  -50.4520  955
82266  12.1980  2.5420  21.1260  956    38311  34.0920  -31.6970  18.9610  956
82267  11.1490  1.9150  20.7390  957    9031  24.1860  -67.4530  9.5530  957
82268  10.2340  1.8750  20.9180  958    7198  37.3640  36.2530  36.2560  958
82270  5.7420  3.1340  21.4460  960    4292  14.3710  34.6440  38.7080  960
82289  13.8600  2.4530  20.0550  962    10691  32.3300  -62.2780  18.1980  962
82290  12.8200  2.1150  20.1840  963    10835  52.1150  -11.4980  12.6460  963
82291  11.8070  1.8160  20.1220  964    10951  35.7170  28.4900  -19.7320  964
82293  6.6540  2.7230  19.9480  966    9209  49.8070  49.2810  -31.9360  966
82310  6.6080  2.8670  18.5870  967    11539  25.0900  -31.6070  -24.8440  967
82324  6.4710  2.5290  17.3530  968    12457  30.9490  20.0830  -42.8090  968
82337  6.1590  2.2600  16.5140  969    14104  6.5210  -2.4970  11.3490  969
82349  5.4450  2.0790  14.9540  971    16286  38.5320  13.5800  -18.9740  971
82358  5.1010  2.0440  14.0920  972    17864  7.1010  -24.5310  12.1360  972
82380  5.6910  2.1340  12.3640  975    17770  36.1160  52.2590  12.1280  975
82384  9.4430  2.9800  11.0810  977    21814  8.6040  -52.7040  -24.6280  977
82386  8.4220  2.5390  11.9230  979    22216  6.6390  62.1710  25.3580  979
82387  7.1970  2.2260  12.1170  980    22332  14.5360  67.0530  14.0230  980
82393  9.2440  2.7420  10.6160  984    22239  24.7020  79.5170  -31.4010  984
82397  8.7900  2.6130  9.8920  985    22449  57.0670  -1.8580  -36.7800  985
82398  7.9810  2.4850  9.3270  986    23091  7.8980  80.7560  -31.5990  986
82399  7.2460  2.2970  8.9020  987    23599  9.9770  -46.8720  33.2680  987
82403  6.6540  2.0150  8.6070  988    22791  36.5080  0.1140  -16.2180  988
82404  6.0520  2.0170  8.3880  989    23886  56.0880  26.8410  -25.8030  989
82405  5.7580  1.8140  8.2610  990    24329  13.0650  -70.1640  -12.9380  990
83667  8.1070  2.7560  23.1700  991    36730  36.5180  63.6990  5.2120  991
83692  14.4870  3.9200  21.1620  996    3233  20.3810  -34.8010  -0.9040  996
83694  10.7680  2.9910  22.0380  998    3406  1.5290  45.7230  -8.8730  998
83695  9.8640  3.1140  22.2180  999    3595  27.4420  -52.8790  -11.1990  999
83696  8.8160  3.1800  22.6670  1000    4197  28.1630  23.1920  -31.5000  1000
83717  13.8190  3.7710  21.1520  1002    3304  49.0800  -12.0520  41.9300  1002
83718  12.8920  3.7280  21.3100  1003    5698  43.0120  -54.3560  -9.4530  1003
83719  11.9340  3.7030  21.3630  1004    3475  51.8880  -50.4380  -5.0040  1004
83735  6.2280  3.5300  19.7370  1007    6228  7.5580  -18.3850  51.6440  1007
83736  5.8990  4.4960  19.5390  1008    6227  31.9390  -41.3990  -17.3610  1008
83751  6.2280  3.9590  18.5920  1009    8022  37.4810  7.4880  43.0450  1009
83752  6.0380  4.4810  18.7490  1010    8054  40.1230  45.6210  18.8920  1010
83764  6.2230  3.7990  17.0630  1011    11467  16.1640  -78.6640  -12.4650  1011
83765  6.3170  3.5320  17.4580  1012    9813  3.2480  27.3190  -19.1940  1012
83776  6.1030  3.1060  16.5080  1014    11466  16.5180  -77.8210  -11.8550  1014
83787  5.8210  3.6980  16.0520  1016    13033  37.5060  -23.0020  39.0230  1016
83788  5.6280  3.2920  15.6600  1017    13061  47.2300  -36.9760  34.5560  1017
83798  5.1640  3.6340  14.7210  1020    14650  61.5130  22.9870  -4.4240  1020
83799  5.1050  2.8490  14.2740  1021    14790  57.7160  -8.5950  25.5190  1021
83812  5.0060  3.7470  13.3880  1022    16125  9.3530  23.9750  40.9570  1022
83813  5.0830  2.7550  13.1970  1023    16152  35.4030  -13.4260  -44.7970  1023
83830  7.2910  4.1460  12.2670  1025    19813  35.9410  24.2300  -47.9450  1025
83831  6.1630  3.6850  12.4140  1026    17749  31.0500  39.9350  -14.9180  1026
83849  7.7080  3.4900  12.1540  1031    19814  37.2380  52.1370  12.2430  1031
83850  6.4030  2.6960  12.2570  1032    19836  53.1880  -28.0780  30.2450  1032
83856  9.1120  3.5440  10.7500  1035    21898  34.9080  23.9830  -48.2190  1035
83860  8.7730  3.5290  10.1490  1036    22077  18.2010  -22.4550  58.1940  1036
83861  7.9780  3.5250  9.6060  1037    22382  42.5080  -26.5890  43.9740  1037
83862  6.9520  3.3590  9.0600  1038    22732  12.1850  84.3090  -8.5350  1038
83863  6.3360  3.7080  8.8650  1039    22790  36.3830  0.9080  -15.1810  1039
83869  5.9260  2.7770  8.5190  1042    23478  0.8250  11.1970  7.4020  1042
85172  6.2690  4.1870  23.1030  1045    22388  11.4000  -41.1580  4.6760  1045
85173  5.7020  4.4050  22.5410  1046    4293  21.5620  -59.4360  29.8700  1046
85184  15.2890  4.6740  21.6190  1047    3143  35.9050  10.7100  -56.9120  1047
85185  14.6850  4.6730  21.2360  1048    3196  36.0680  -47.4300  33.1570  1048
85186  14.1410  4.3990  21.1040  1049    3273  6.5700  -0.6370  7.9060  1049
85187  11.2280  3.6350  21.6480  1050    3405  2.4000  46.2830  -8.7630  1050
85189  9.5120  4.1390  21.9750  1052    3594  26.5480  -54.1480  -11.0240  1052
85190  8.2910  4.2380  22.4720  1053    4223  21.1410  50.6260  -36.7760  1053
85202  13.5170  4.6900  20.9520  1057    3358  43.1700  -24.2400  -34.2390  1057
85203  12.4010  4.7170  20.8260  1058    5736  46.9650  1.6640  -31.8640  1058
85204  11.2620  4.5060  21.0830  1059    3509  15.3220  41.1220  -43.2000  1059
85205  10.3210  4.6460  21.2870  1060    25334  22.5910  4.3210  -44.5220  1060
85207  5.5810  5.0870  20.6160  1062    4291  15.2240  34.7090  37.0640  1062
85216  11.6890  5.2660  20.5050  1063    52965  41.0150  -38.7180  7.2150  1063
85218  5.7100  5.5210  19.5990  1065    6282  66.4050  -30.3540  -11.0760  1065
85244  5.8590  5.2210  17.2250  1070    54235  35.6880  55.5860  -6.5360  1070
85256  5.6070  5.3050  16.2200  1073    54717  12.3020  -78.4790  -10.6590  1073
85269  5.2580  5.3450  15.2130  1076    55170  36.0250  30.7780  13.3880  1076
85270  4.9700  5.7260  14.5170  1077    55623  41.6310  40.7940  9.2310  1077
85282  5.2280  4.4510  15.0350  1079    16093  30.6520  -27.1680  31.9410  1079
85297  4.8650  4.5280  13.9000  1082    16176  22.1830  -44.4040  39.0300  1082
85299  5.1430  5.9000  13.3960  1084    31624  24.1830  12.0430  32.3590  1084
85315  8.3780  5.2850  12.2930  1085    57136  46.6890  -33.6030  -41.6470  1085
85316  7.2340  4.9110  12.4000  1086    19855  20.7850  -10.0710  36.5400  1086
85317  5.6860  4.9980  12.7400  1087    17791  6.6710  34.0510  40.1460  1087
85318  5.3860  5.7620  13.0660  1088    33698  42.4860  60.2260  8.1090  1088
85333  8.7820  4.6840  11.8060  1090    21815  13.8650  27.4300  -35.0750  1090
85334  7.9580  4.4730  12.2990  1091    19903  58.5710  6.3460  -1.1900  1091
85338  8.8170  4.6350  10.7230  1092    21868  61.8160  -6.9360  18.7070  1092
85339  8.3320  5.1480  10.2530  1093    36852  42.1430  -35.3740  18.5690  1093
85344  8.1220  4.5960  9.9750  1095    22381  42.7480  -25.5040  43.9860  1095
85345  7.0580  4.5270  9.3950  1096    22706  6.9670  58.7890  -13.5660  1096
85346  6.1590  4.4670  8.9920  1097    22808  61.0880  -43.0620  -20.7600  1097
85347  5.6350  4.9220  8.9250  1098    37791  56.4200  -37.0230  -7.2050  1098
85357  5.8390  4.1120  8.8060  1100    23477  61.6840  23.9970  7.1930  1100
86615  15.0040  5.3130  21.4850  1104    21604  58.8440  -22.9480  8.1740  1104
86618  8.0580  5.3510  21.7910  1107    23763  21.8240  10.8750  -45.8370  1107
86619  6.9760  5.6220  22.2170  1108    22389  35.2790  55.9610  11.5080  1108
86620  6.1670  5.9570  21.9960  1109    22387  5.1090  -55.6110  -19.1140  1109
86621  5.6600  5.8530  21.3860  1110    22438  48.8410  -35.4840  -39.0070  1110
86629  14.0340  5.5660  20.7590  1111    23711  47.2330  -49.5790  -12.5210  1111
86630  13.1460  5.6600  20.4430  1112    24925  36.0920  -19.0370  -40.5450  1112
86631  12.3580  5.5490  20.3730  1113    25285  50.7950  -16.2490  31.4390  1113
86634  9.0930  5.6380  20.9360  1116    23762  20.8300  -61.0440  11.6770  1116
86635  8.2720  6.1320  21.1270  1117    23786  39.2770  0.0530  16.1940  1117
86636  5.5800  6.1130  20.4000  1118    24008  51.0720  19.8960  29.4470  1118
86646  11.9220  5.9730  20.0110  1120    26701  17.3130  -67.6350  -31.5570  1120
86647  10.9520  5.7250  20.1960  1121    25333  22.3790  3.8420  -44.0340  1121
86648  9.9240  6.0480  20.2270  1122    25353  1.5600  -12.2940  -0.1610  1122
86649  9.2770  6.3600  20.3450  1123    25402  14.2230  -3.0960  25.5880  1123
86650  5.6210  6.3300  19.6160  1124    25898  7.2400  -7.7800  17.0150  1124
86671  5.7480  6.0130  17.7350  1126    28000  39.7210  28.9550  -46.7970  1126
86684  5.6090  6.0390  16.6900  1127    29156  65.1190  -33.8790  -18.1400  1127
86696  5.3390  6.0880  15.7370  1128    30379  40.4280  -62.8590  16.4040  1128
86733  8.6700  6.0820  12.2210  1132    34891  38.2340  -64.2470  -31.2330  1132
86734  8.0160  5.9040  12.5350  1133    34893  23.9640  9.8640  28.0780  1133
86735  6.9670  5.9040  12.5450  1134    34942  12.0250  33.5150  29.4390  1134
86749  8.8530  5.8550  11.7390  1137    34920  63.0120  23.9030  -2.4140  1137
86757  8.8510  5.7100  11.0100  1138    35919  66.8050  0.1030  -19.6070  1138
86767  7.8200  5.6740  10.0020  1140    36869  13.1400  -39.0090  17.1660  1140
86768  7.0550  5.6150  9.5950  1141    37719  39.3080  -62.9310  11.0590  1141
86769  6.1380  5.5760  9.2860  1142    37758  51.8840  -38.8490  16.6860  1142
87957  15.0250  6.7290  21.9150  1146    51375  63.1700  -23.2920  -0.2610  1146
87966  14.5840  6.3120  21.1610  1148    23271  64.0610  -27.0070  13.4260  1148
87967  7.5680  6.3340  21.5130  1149    23814  47.4710  -44.3270  -19.8210  1149
87968  6.7860  6.9720  21.6080  1150    23842  5.0420  -12.1100  54.9360  1150
87969  5.9830  6.9430  21.4640  1151    23931  12.7130  -15.7210  33.2980  1151
87970  5.6320  6.9430  20.8610  1152    23982  24.3680  -35.4250  -10.8800  1152
87978  13.8610  6.4780  20.4830  1153    23736  30.4190  -16.4540  32.3590  1153
87979  13.1120  6.6540  20.0510  1154    24938  12.4380  35.6420  10.7430  1154
87983  5.5800  6.9990  20.0320  1158    24035  60.7170  6.6170  -34.7940  1158
87991  12.3610  6.7260  19.7080  1159    25316  15.4080  -2.3240  -38.9310  1159
87993  10.5050  6.6890  19.6760  1161    27172  22.8570  -24.7350  38.8260  1161
87994  9.6510  6.8200  19.8830  1162    27223  46.3510  7.0800  -52.6570  1162
88005  5.7200  6.9010  18.1420  1166    27308  63.7100  -5.6650  16.6410  1166
88013  5.6360  6.8680  17.1250  1167    28025  23.9140  -69.0520  22.0920  1167
88036  5.1370  6.9230  15.3030  1169    30401  20.0780  73.3370  -21.5320  1169
88048  4.9530  7.0110  13.9280  1171    31637  37.0310  73.8440  -25.0500  1171
88074  7.8300  6.7030  12.7040  1174    34892  23.7320  9.0630  29.7140  1174
88075  6.9410  6.7930  12.8020  1175    34963  15.5470  -55.9670  -30.9620  1175
88076  6.1500  6.9700  12.9240  1176    33713  46.6820  59.6240  -30.8730  1176
88095  8.9010  6.7550  11.8330  1178    34919  56.1920  -48.4540  -10.9220  1178
88111  8.8320  6.7110  11.1600  1179    35895  55.8740  -3.7660  15.1310  1179
88112  8.3280  6.6950  10.4700  1180    36835  10.9400  -84.6330  -14.5460  1180
88113  7.6090  7.0270  10.0670  1181    4607  14.8590  -29.9010  -21.5570  1181
88123  7.0840  6.6690  9.7570  1183    37718  33.3890  61.5860  3.7350  1183
88124  6.1200  6.6420  9.4320  1184    37736  44.1450  36.7820  -8.2910  1184
88125  5.2390  6.6780  9.1640  1185    37777  33.5460  -35.4280  17.0480  1185
88126  4.5360  7.1780  8.9880  1186    38542  49.6490  17.6930  13.1980  1186
88127  4.1490  7.5520  8.9630  1187    38562  10.1850  -31.2250  48.6890  1187
89118  14.8670  7.5500  22.1850  1190    51398  46.2210  20.2740  2.2750  1190
89125  14.6430  7.2770  21.4570  1191    12446  15.8780  -42.1460  12.3820  1191
89126  6.8310  8.2730  21.3620  1192    51843  4.6190  -14.6490  -6.3270  1192
89127  6.2150  8.0050  21.4140  1193    51198  18.6540  -41.6620  -24.5190  1193
89128  5.7570  7.9020  21.0900  1194    49173  32.7540  4.5880  42.0600  1194
89136  14.2360  7.2700  20.8540  1195    52344  35.8520  5.3010  -47.9480  1195
89137  13.6330  7.4610  20.2520  1196    52774  44.4850  -63.4720  5.3440  1196
89138  8.0580  7.9740  20.6330  1197    52840  20.3260  10.6450  -29.5620  1197
89139  7.4300  7.6410  21.1910  1198    51842  39.8990  -45.0850  -0.8670  1198
89140  5.5830  7.8610  20.4170  1199    48444  15.9500  -53.8280  21.6220  1199
89146  12.8600  7.5580  19.7200  1200    52795  45.1190  49.6600  -5.8110  1200
89147  11.9870  7.5690  19.3510  1201    53346  6.8140  -21.8260  40.2730  1201
89148  11.0090  7.5670  19.3150  1202    53363  2.1540  34.5730  -20.7520  1202
89149  10.0610  7.5740  19.4950  1203    53377  38.4980  33.6760  -8.5850  1203
89152  5.5950  7.8340  19.5340  1206    53063  20.0200  46.5880  29.6000  1206
89170  5.6810  7.7590  17.5410  1208    53904  5.5320  -49.9370  21.6410  1208
89180  5.5130  7.7500  16.5630  1209    54209  33.4580  21.2900  13.0860  1209
89191  5.2450  7.7650  15.6670  1210    54668  54.8460  8.4250  -55.9080  1210
89220  8.4400  7.5330  12.5950  1214    643  7.7020  -18.4110  54.2910  1214
89221  7.7160  7.5260  12.9310  1215    582  49.8750  28.6420  -12.4250  1215
89222  6.8860  7.6260  13.0610  1216    581  64.7920  -30.7760  -19.4790  1216
89223  6.1190  7.7640  13.1290  1217    24533  14.5560  -61.0680  12.2140  1217
89233  8.8910  7.5920  12.0510  1219    703  30.7510  -48.6790  20.6630  1219
89242  8.8420  7.6330  11.3770  1220    2597  16.2520  79.8920  -8.9830  1220
89243  8.4930  7.6640  10.7050  1221    3863  39.6630  -48.9190  -1.2420  1221
89257  6.9920  7.7300  9.8610  1223    4681  22.6710  -56.5370  11.5030  1223
89258  6.1570  7.6650  9.5570  1224    6602  42.6150  -27.1440  39.2030  1224
89259  5.2920  7.6840  9.3060  1225    6638  33.4470  12.4270  -49.5150  1225
89260  4.5470  7.8370  9.1150  1226    6666  19.8840  1.1880  -31.8900  1226
89261  4.0130  8.0880  8.9980  1227    7361  27.3770  40.0300  -30.0360  1227
89262  3.6960  8.3550  8.9770  1228    7423  34.6900  -23.4910  41.9990  1228
90214  14.6780  8.3350  22.3740  1229    11077  41.9970  -57.7370  23.3970  1229
90215  14.5090  9.1060  22.5640  1230    10827  31.7380  -78.6490  -13.1130  1230
90225  14.4400  8.8350  21.7070  1232    12412  14.1080  69.7180  -5.5950  1232
90226  6.9760  9.3280  21.2680  1233    14116  55.0990  19.7800  -44.3280  1233
90227  6.3440  9.0530  21.4410  1234    14141  29.2310  41.9570  -31.2450  1234
90228  5.8230  8.8720  21.2930  1235    14665  65.4350  -12.5200  -24.7240  1235
90237  14.0850  8.3300  20.8360  1237    14014  47.6740  -5.3090  -20.6840  1237
90238  8.2160  8.9700  20.4570  1238    15693  48.4700  -8.4450  0.7260  1238
90239  7.4930  8.6380  20.9710  1239    14163  39.7590  4.3060  19.4900  1239
90240  5.5480  8.7840  20.7460  1240    14736  37.9840  -39.6870  36.8030  1240
90248  13.3300  8.4540  19.9730  1241    15666  54.4140  -24.4210  13.9980  1241
90249  12.4800  8.5120  19.4430  1242    17128  22.3010  82.8900  -5.3560  1242
90250  11.5150  8.5240  19.2060  1243    17176  13.8290  79.5740  -25.6190  1243
90251  10.5100  8.5100  19.2870  1244    17244  40.8530  31.3100  -55.5010  1244
90252  9.5700  8.4400  19.6130  1245    17295  60.7730  -29.5450  -19.6660  1245
90253  8.7670  8.2670  20.1050  1246    15750  39.4920  -6.3140  -47.7020  1246
90262  5.5960  8.7090  18.9850  1248    17662  33.9320  -64.1420  -19.4370  1248
90281  5.6030  8.6700  16.9810  1250    19455  51.7400  12.7180  -60.1170  1250
90293  5.3620  8.6760  16.0500  1251    20866  60.0230  -0.4120  15.1450  1251
90305  5.0240  8.7090  14.4510  1253    22285  36.5480  56.2400  11.6350  1253
90314  5.5590  9.2090  13.5510  1254    24532  20.7130  -7.0620  44.2090  1254
90324  8.2980  8.3280  12.8360  1256    580  65.4210  -31.9210  -19.3100  1256
90337  8.7630  8.4290  12.3070  1261    644  34.5500  -67.6520  -12.0570  1261
90344  8.8640  8.5270  11.6530  1262    2543  17.6980  78.6240  -9.8720  1262
90345  8.6270  8.5950  10.9680  1263    3832  64.0340  -27.2990  -36.0210  1263
90346  7.9750  8.6380  10.4480  1264    3896  9.2150  -18.5660  9.1460  1264
90355  7.1360  8.6600  10.0640  1265    4655  37.1650  28.5630  -5.1300  1265
90356  6.2580  8.6510  9.7370  1266    6565  39.4170  -57.2550  10.7200  1266
90357  5.3930  8.6420  9.4680  1267    6639  32.5580  13.1840  -49.5290  1267
90358  4.6090  8.6750  9.2560  1268    6640  33.6470  13.2970  -50.2670  1268
90359  3.9940  8.7650  9.0890  1269    6698  43.1880  58.9830  0.3610  1269
90360  3.5830  8.8770  9.0060  1270    7393  37.9330  -19.7910  22.7820  1270
90361  3.3680  8.9470  8.9840  1271    7449  53.4950  -35.4810  -29.2930  1271
91346  14.3060  9.6980  21.9400  1272    12987  41.4270  15.7370  -37.4350  1272
91347  7.1780  10.3210  21.1860  1273    14117  45.0960  63.9810  -8.1630  1273
91348  6.5290  10.0350  21.4300  1274    14118  46.3490  63.5990  -7.7020  1274
91349  5.9570  9.8130  21.4310  1275    14634  42.9500  -69.8750  -29.5490  1275
91358  14.0850  9.4390  21.1240  1276    14072  51.9820  -26.5700  -34.0160  1276
91359  8.4330  10.0190  20.3270  1277    15694  24.9850  0.6460  54.4630  1277
91360  7.6640  9.6810  20.8230  1278    14164  15.1770  -46.6100  18.9110  1278
91368  13.6120  9.3670  20.3900  1280    15635  34.6320  -26.4800  32.0010  1280
91369  12.9090  9.4630  19.7360  1281    17095  4.9340  -71.0400  -4.3170  1281
91370  12.0190  9.5000  19.2850  1282    17150  36.8620  60.1130  -8.3780  1282
91371  11.0080  9.5080  19.2070  1283    17214  44.5020  -10.9890  -17.7740  1283
91372  9.9700  9.4830  19.4560  1284    17276  29.1780  -37.6670  -10.6920  1284
91373  9.0300  9.2940  19.9370  1285    15751  40.1620  69.1610  -9.7660  1285
91374  5.4470  9.6710  20.3260  1286    15810  13.5430  -35.4790  -8.9920  1286
91381  5.4800  9.6480  19.4250  1287    17372  62.7980  14.6810  -39.2910  1287
91401  5.6060  9.6170  17.4430  1289    19434  49.9890  -39.8850  19.8940  1289
91412  5.4620  9.6220  16.4830  1290    20835  38.4410  27.3550  -24.2820  1290
91426  4.9930  9.6890  14.7920  1292    22265  6.7250  11.3990  39.2880  1292
91454  7.4920  9.2530  13.2430  1296    25624  12.2900  75.5040  -15.7580  1296
91472  8.9180  9.4140  12.0090  1300    27032  30.9040  -63.8920  8.2830  1300
91473  8.7380  9.5290  11.3010  1301    27033  40.0130  -60.5110  9.3230  1301
91474  8.2340  9.5900  10.6740  1302    27085  36.5800  1.2800  -21.3500  1302
91483  7.4000  9.6160  10.2890  1303    27130  38.1290  77.3900  -20.9250  1303
91484  6.5050  9.6310  9.9030  1304    28166  41.4930  -48.3810  -4.7220  1304
91485  5.6000  9.6240  9.6050  1305    28210  25.0300  -83.2150  -12.6790  1305
91486  4.7680  9.5970  9.3650  1306    28252  36.9340  51.6110  20.4530  1306
91489  3.3160  9.5680  8.9690  1309    28734  46.9540  -14.4280  -6.5620  1309
92567  14.1670  10.5730  22.1990  1310    34544  51.5760  -42.4100  -17.6390  1310
92568  7.3100  11.1150  21.1240  1311    2565  21.6740  -59.7490  30.6970  1311
92570  6.1590  10.7650  21.4340  1313    35291  1.1370  38.7210  -11.9260  1313
92579  14.0380  10.3080  21.3580  1314    35090  5.7780  -15.9640  -10.0520  1314
92580  13.7940  10.7270  20.8100  1315    36429  56.3020  -48.5310  -12.6820  1315
92582  7.9330  10.8640  20.7000  1317    35242  27.2920  1.6940  -49.3350  1317
92594  13.2960  10.4300  20.2070  1320    37013  40.9060  -56.7670  -14.7160  1320
92595  12.4670  10.4680  19.5800  1321    37045  50.3420  51.9550  -7.3890  1321
92596  11.5450  10.4960  19.2630  1322    37317  34.9990  24.1580  26.3000  1322
92597  10.5190  10.5370  19.3330  1323    37342  55.0850  5.5950  -56.5130  1323
92598  9.3340  10.6300  19.8150  1324    36498  42.2390  -5.4350  4.2230  1324
92599  5.4980  10.5950  20.6840  1325    36530  58.7510  -15.2910  23.4120  1325
92619  5.5050  10.5910  18.9150  1327    5543  49.9840  10.4750  21.2320  1327
92627  5.5690  10.5780  17.9380  1328    38761  10.2640  76.7180  -33.8600  1328
92636  5.5070  10.5790  16.9730  1329    39282  20.4690  78.0050  -33.7580  1329
92645  5.0600  10.6620  15.2180  1331    40111  12.6130  -76.1280  8.8510  1331
92653  5.1590  10.5230  13.8770  1332    40883  54.0240  14.6910  8.1820  1332
92668  8.1980  9.8830  13.0430  1334    42780  49.4440  -3.1200  1.3350  1334
92669  7.4110  10.3170  13.3310  1335    42792  9.8940  74.6850  14.0270  1335
92670  6.4880  10.5810  13.4410  1336    42844  39.5990  -12.0160  47.3540  1336
92671  5.6480  10.8100  13.5760  1337    41961  43.0780  22.9920  -8.5090  1337
92684  8.7090  10.2940  12.4650  1338    42811  45.6640  57.9020  -23.6700  1338
92694  8.8230  10.4920  11.7060  1339    43520  11.8230  5.9230  48.5990  1339
92695  8.4970  10.5720  10.9810  1340    43889  41.7880  49.6680  21.5490  1340
92696  7.7510  10.5960  10.4990  1341    43923  15.4030  -20.5650  -20.5640  1341
92703  6.8620  10.6190  10.0920  1342    43950  41.4760  -53.7150  28.1660  1342
92704  5.9340  10.6450  9.7250  1343    44438  50.6910  6.6100  9.8300  1343
92705  5.0330  10.6020  9.4570  1344    44464  25.3260  -67.9790  -0.1280  1344
92706  4.2710  10.4870  9.2420  1345    44710  29.3030  30.0760  31.8670  1345
92707  3.6940  10.3770  9.0850  1346    18681  37.1620  -41.4940  20.0090  1346
92708  3.3180  10.2650  8.9920  1347    18724  35.6590  39.7110  -35.8550  1347
92709  3.1360  10.1870  8.9500  1348    18776  36.3270  -73.4710  -32.9120  1348
93790  6.4990  11.7420  21.2870  1351    2710  45.1020  -12.8180  -36.7570  1351
93794  14.0160  11.3490  21.4690  1352    1919  51.2160  29.4110  -19.3920  1352
93795  13.5550  11.4670  20.5520  1353    3734  21.7200  -64.3980  28.5500  1353
93796  8.6950  11.4550  20.2120  1354    3869  64.3120  -25.8530  -35.8750  1354
93797  8.1270  12.0010  20.4910  1355    2614  34.3910  -47.9300  20.6410  1355
93798  5.8100  11.5210  21.0590  1356    2781  5.3030  19.2320  -36.5740  1356
93802  12.8510  11.4420  19.9170  1357    3808  9.7570  65.9860  -32.9550  1357
93803  12.0550  11.4530  19.4250  1358    4807  29.5600  60.7950  -30.3420  1358
93804  11.1470  11.4960  19.2820  1359    5347  36.1720  28.4640  -5.0420  1359
93805  10.2110  11.6170  19.4400  1360    5416  27.9210  -32.8880  50.4590  1360
93806  9.4260  11.9570  19.7750  1361    4498  48.4310  -64.0010  -25.6690  1361
93807  5.5510  11.5870  20.2660  1362    4571  23.7480  45.3590  35.0290  1362
93832  5.5160  11.5420  17.5010  1365    7313  60.8950  2.4690  -31.6010  1365
93843  5.3990  11.5530  16.5830  1366    8305  10.1650  57.9190  12.5040  1366
93855  4.9490  11.6810  14.9630  1368    10526  47.3910  -46.1430  28.5670  1368
93863  5.1270  11.5790  13.8890  1369    12536  57.5530  3.2610  20.0770  1369
93873  8.2060  11.2310  13.0530  1371    14078  12.7110  -22.1270  -13.1470  1371
93874  7.1720  11.4860  13.4260  1372    14079  53.9450  -54.4200  -16.4370  1372
93875  6.2350  11.6640  13.4530  1373    13119  59.1270  10.9720  -18.2410  1373
93886  8.7560  11.5200  12.2180  1375    14125  19.0890  -26.7790  56.5090  1375
93898  8.6490  11.6150  11.3890  1376    15644  11.6410  -54.9760  -17.5680  1376
93899  8.1330  11.6040  10.7160  1377    17229  64.1230  -5.7150  -27.1810  1377
93900  7.2960  11.6030  10.2900  1378    17283  13.6240  69.1860  16.8290  1378
93909  6.3970  11.6440  9.8680  1379    17326  26.2670  -61.6910  -35.0920  1379
93910  5.4150  11.7650  9.5340  1380    18544  11.0210  25.7130  -26.4770  1380
93911  4.5410  11.4860  9.3130  1381    18620  61.5810  -30.5800  -19.2600  1381
95000  7.6230  12.6020  20.6920  1385    2566  13.5930  -82.1260  -1.1240  1385
95001  6.9990  12.6880  21.0730  1386    2564  61.4200  -16.0360  -23.1880  1386
95002  6.3270  12.6550  21.0580  1387    2745  18.3200  32.6770  -34.5570  1387
95007  13.8950  12.4200  21.0050  1388    1950  5.5920  -57.5530  25.6520  1388
95008  13.2610  12.4240  20.2040  1389    3775  35.7840  -15.5360  -22.0600  1389
95009  8.8030  12.5930  20.0190  1390    3870  38.6010  66.0060  -4.8140  1390
95010  8.2140  12.8690  20.2980  1391    2660  26.9650  -5.7110  31.9850  1391
95016  12.5100  12.4010  19.6260  1393    3841  27.9300  -23.3670  38.8570  1393
95017  11.6970  12.4040  19.3190  1394    4842  44.1020  47.7860  5.8530  1394
95018  10.8600  12.4750  19.2600  1395    5376  41.0170  67.8560  -2.1370  1395
95019  10.0620  12.6270  19.4030  1396    4529  66.1210  1.5040  0.3750  1396
95021  5.6060  12.5810  19.8230  1398    4589  30.2680  -57.0370  11.1010  1398
95026  5.5870  12.5400  18.9480  1399    5590  55.0500  -53.3820  -12.8470  1399
95035  5.5020  12.5040  17.1310  1401    7336  68.9150  -21.3890  -18.4810  1401
95042  5.0850  12.5650  15.4640  1403    10020  7.2950  -34.7210  -4.5380  1403
95050  4.9230  12.6260  14.7640  1404    10555  30.3860  -72.6560  -27.3940  1404
95059  7.2880  12.8750  13.3990  1405    14174  40.2440  -43.0850  -2.6710  1405
95061  5.2780  12.6210  13.7220  1407    12566  5.7160  69.4870  -41.1950  1407
95071  8.4330  12.6080  12.7380  1409    14105  6.0310  5.1860  -35.9430  1409
95072  7.6780  12.5030  13.2980  1410    14080  21.4460  -41.7280  11.0990  1410
95083  8.7720  12.8630  11.8500  1413    14150  34.9050  -32.1620  -26.9070  1413
95093  8.4360  12.6560  11.0160  1414    15673  56.2610  -41.1880  22.4820  1414
95094  7.7290  12.5860  10.4970  1415    17256  46.0530  -9.2070  0.3470  1415
95095  6.8950  12.5860  10.0900  1416    17306  19.3910  -57.3560  1.9240  1416
95105  6.0760  12.6510  9.7020  1417    17355  47.4700  -54.1840  -19.4330  1417
95106  5.4060  12.8060  9.5000  1418    18566  12.8470  -85.8570  -15.8790  1418
95108  4.2050  12.2460  9.2270  1420    18645  1.7770  5.7150  -0.8450  1420
95109  3.7100  11.9590  9.0980  1421    18706  9.3780  20.6560  -28.9530  1421
95110  3.4420  11.5980  9.0470  1422    18753  28.6550  77.3880  -8.1310  1422
96176  7.4780  13.6120  20.6820  1423    37269  41.9770  50.9890  20.6490  1423
96177  6.8930  13.6020  20.9620  1424    37285  11.1880  65.6130  -38.6410  1424
96178  6.2600  13.5960  20.8210  1425    37347  51.0690  42.5570  16.9460  1425
96182  13.6440  13.4210  20.5890  1426    37260  9.9260  -51.5790  41.2440  1426
96183  12.9470  13.3860  19.7970  1427    37845  66.4710  -14.1920  15.3670  1427
96185  8.0450  13.6240  20.3130  1429    37304  9.1500  59.1370  -14.8950  1429
96186  5.8490  13.5860  20.2270  1430    37381  30.6650  -28.8330  -35.3760  1430
96190  12.1650  13.2830  19.3320  1431    37595  13.8090  -38.7040  30.9700  1431
96192  10.6390  13.4050  19.1550  1433    36146  25.3880  31.0530  43.9490  1433
96194  9.1710  13.4840  19.5970  1435    37943  32.8460  -51.7560  -33.0340  1435
96195  5.6940  13.5320  19.4270  1436    30538  14.4200  -72.0950  -16.3170  1436
96203  5.6110  13.4600  17.6850  1438    38767  8.6980  -13.2290  14.7470  1438
96211  5.2770  13.4690  15.9920  1440    39416  48.5110  51.8320  -12.9620  1440
96216  4.8980  13.5320  14.5520  1442    39773  6.8680  26.2060  40.3680  1442
96222  5.4150  13.5200  13.5080  1445    40805  50.7770  23.0890  -7.9780  1445
96230  8.5120  13.9370  12.4940  1447    41536  32.1600  -48.5650  -26.1230  1447
96231  7.8200  13.5810  13.1420  1448    40692  11.0590  29.9030  48.4790  1448
96233  6.0990  13.5080  13.2570  1450    40832  15.5750  67.1980  -8.9530  1450
96241  8.7720  14.0070  11.8450  1451    41781  39.2780  -73.4860  -17.2770  1451
96251  8.1230  13.5680  10.6570  1453    42768  8.6330  32.7620  24.4370  1453
96252  7.3790  13.5080  10.2610  1454    42851  26.6740  12.5210  41.0270  1454
96261  6.6010  13.5290  9.8850  1455    42877  7.5770  41.6200  8.8660  1455
96264  4.4880  13.2680  9.2210  1458    43755  30.5480  -13.4950  -23.2510  1458
96265  3.9810  12.9580  9.1090  1459    43761  32.1160  -55.4480  32.1780  1459
96266  3.7170  12.5260  9.0780  1460    43790  11.5500  26.7910  50.0710  1460
97329  7.2140  14.9480  21.0720  1461    2982  33.6880  30.1040  -30.2360  1461
97330  6.7820  14.8980  21.1770  1462    2984  19.7040  45.6070  21.7770  1462
97334  13.9510  14.4570  21.0940  1464    50817  10.6650  -48.8140  43.3410  1464
97335  7.4280  14.5760  20.8130  1465    51063  54.2110  -19.1030  -22.4100  1465
97340  13.3380  14.3910  20.1410  1468    50891  32.1000  35.1520  -22.6890  1468
97341  12.3920  14.3870  19.3910  1469    51406  4.8470  -21.5690  45.6570  1469
97342  11.8000  14.9880  19.1550  1470    4203  40.3540  -13.0030  17.5370  1470
97343  9.1480  14.7590  19.5900  1471    51470  10.2090  -49.1790  25.5960  1471
97344  8.5630  14.5560  19.9580  1472    51445  44.7540  -26.9820  -1.6730  1472
97345  7.9680  14.5460  20.4460  1473    51084  23.2880  47.8340  12.6210  1473
97346  5.8450  14.5030  19.9040  1474    51139  24.9660  73.7400  -15.8030  1474
97350  11.3030  14.3150  19.0390  1476    51778  29.8680  -65.8900  -32.1190  1476
97351  10.3710  14.2230  19.0710  1477    5764  13.9880  75.6340  9.4910  1477
97357  5.7310  14.4220  18.2240  1481    52045  62.9170  -20.7100  -30.7170  1481
97363  5.4880  14.3740  16.5380  1483    6718  37.1630  74.1090  -2.0390  1483
97380  8.3620  14.9690  12.5230  1489    53479  43.8200  9.0040  14.6160  1489
97381  7.8890  14.7280  12.9030  1490    53469  43.9740  54.8620  11.0860  1490
97382  7.0570  14.5500  13.0580  1491    53508  31.9120  33.0660  -28.0300  1491
97383  6.2210  14.4040  13.0330  1492    53226  20.7140  -61.5040  -30.2600  1492
97391  8.6670  14.7070  11.4880  1494    10144  47.0310  -26.4910  -41.1760  1494
97392  8.3670  14.5710  10.8550  1495    54234  26.3150  16.8140  25.3580  1495
97393  7.7830  14.4050  10.3850  1496    11878  46.7900  19.0750  -41.9770  1496
97398  6.4070  14.4730  9.6970  1498    54566  58.6520  -44.8350  -4.5330  1498
97399  5.5860  14.4560  9.4540  1499    54715  42.1650  -30.5100  27.9430  1499
97400  4.8920  14.3120  9.2330  1500    54740  29.0570  42.6590  -21.1680  1500
97401  4.3600  13.9960  9.1060  1501    54764  62.3600  -39.9420  -11.0310  1501
97402  4.0330  13.5210  9.0690  1502    13130  22.1720  79.7670  -18.2060  1502
98411  13.5650  15.4800  20.5940  1506    2900  24.8140  1.4670  -48.7710  1506
98412  13.0230  15.8960  20.0000  1507    4126  40.2550  25.5420  -8.2670  1507
98413  8.0770  15.8680  20.8950  1508    4341  25.8080  79.3500  -11.1270  1508
98414  7.5730  15.5890  21.1050  1509    3073  5.7780  -73.3220  -21.3860  1509
98415  5.8780  15.3860  20.3900  1510    3247  44.7180  46.8270  7.4280  1510
98420  11.0880  15.5130  19.1560  1513    5212  63.6250  15.2740  -20.6560  1513
98421  10.0050  15.8010  19.3370  1514    5763  20.9800  56.3470  -35.3120  1514
98422  9.1480  15.5940  19.7930  1515    5932  21.0880  0.1050  -31.4320  1515
98423  8.4250  15.5660  20.4220  1516    4925  38.3990  -8.6750  -7.0310  1516
98431  5.8930  15.3830  18.7430  1522    6050  18.3350  -73.6090  -23.1490  1522
98442  5.2010  15.3510  15.5450  1526    7679  32.7970  -55.4200  -1.2360  1526
98446  4.8230  15.4250  14.0630  1528    8029  51.2080  11.9060  -60.5340  1528
98450  5.6240  15.0800  12.9730  1529    8582  29.8350  -73.0400  -26.8500  1529
98455  8.4300  15.6730  12.2790  1531    10143  47.4800  -28.2090  -40.6050  1531
98457  7.1620  15.5780  12.8490  1533    10207  1.3120  39.7720  -3.5290  1533
98458  6.2070  15.4760  12.8330  1534    10265  31.0990  -23.3750  18.1280  1534
98468  8.5650  15.5380  11.1160  1537    10178  42.1870  -43.9700  -12.5150  1537
98469  8.0270  15.4840  10.4100  1538    11807  46.0730  -31.8440  -37.6080  1538
98474  7.7130  16.0050  10.1270  1540    11808  49.8960  27.5980  -12.8910  1540
98475  7.1830  15.4560  9.8780  1541    11839  25.3070  -68.5720  8.0050  1541
98476  6.1820  15.4450  9.5360  1542    12632  66.9750  7.1780  5.6380  1542
98477  5.3490  15.3910  9.2640  1543    12710  25.9230  69.2390  -7.2530  1543
98478  4.7530  15.2330  9.0660  1544    12781  63.1560  -22.0220  9.9660  1544
98479  4.3510  14.5800  9.0660  1545    12846  61.4960  -26.9030  20.6690  1545
99451  13.8020  16.3980  21.2140  1546    2881  13.8050  -46.1240  -20.3590  1546
99452  7.0970  15.8970  21.5830  1547    2983  20.8000  44.9620  20.1720  1547
99453  6.3500  15.9610  21.5110  1548    3018  53.7520  23.8420  -33.0740  1548
99457  13.2580  16.4940  20.5150  1550    2932  9.9380  75.8530  12.9310  1550
99458  12.6100  16.5740  19.9420  1551    4173  48.7560  5.8330  10.7840  1551
99459  7.9130  16.4260  21.3490  1552    4342  26.4500  80.4710  -10.6880  1552
99461  5.7800  16.3110  20.1070  1554    3279  47.3730  -29.1260  9.5960  1554
99464  11.6760  16.5980  19.5920  1555    4230  32.3270  -22.8790  -35.0490  1555
99465  10.6090  16.6400  19.5360  1556    5741  23.1240  50.6940  31.4160  1556
99466  9.6570  16.6240  19.8580  1557    5850  30.6860  -59.0190  24.4450  1557
99467  8.9140  16.5340  20.3720  1558    5968  30.5340  30.4710  -32.7360  1558
99468  8.3860  16.5030  20.9160  1559    4926  19.7520  -59.6610  29.6420  1559
99477  6.0740  16.3240  18.3800  1561    6500  43.0460  29.2380  -43.1860  1561
99488  6.0260  16.2110  17.4760  1562    6625  27.0730  -54.6400  -13.6960  1562
99515  5.6090  16.2150  16.0830  1564    7509  42.0740  20.4920  -20.2280  1564
99529  4.8870  16.3760  14.5380  1566    8000  4.5730  64.9510  -42.8780  1566
99554  5.1380  16.5000  13.2150  1568    8607  31.1750  9.8790  -60.5540  1568
99564  8.5060  16.4560  12.0090  1569    10142  20.1390  -47.7520  13.7100  1569
99566  7.3440  16.5230  12.6490  1571    10208  38.1260  40.6200  -31.9880  1571
99581  6.7800  16.4420  9.5930  1578    12606  47.6070  -1.6250  37.6660  1578
100541  13.4790  17.4300  20.9980  1582    16956  38.3420  -2.2780  -49.0850  1582
100542  12.9660  17.1910  20.3270  1583    17903  13.0990  77.8090  -27.6110  1583
100545  6.3420  17.4410  21.4940  1586    17430  17.1890  12.9350  43.3720  1586
100558  12.2260  17.5500  20.0000  1589    17944  39.7890  -25.6490  -36.6100  1589
100559  11.1440  17.5670  19.7430  1590    18661  30.1990  -6.4090  49.1120  1590
100560  10.1250  17.5640  19.9220  1591    18711  35.7750  23.2600  -46.6320  1591
100561  9.2710  17.4780  20.3820  1592    18763  5.1610  -61.2730  14.0850  1592
100563  5.8780  17.3160  19.7300  1594    18085  26.5440  65.7100  -18.4450  1594
100594  6.3740  18.1420  17.7870  1596    39845  51.8300  57.9510  -20.6760  1596
100595  6.2840  17.4080  17.9560  1597    20353  16.1890  39.8440  -34.0110  1597
100608  6.1290  16.9780  16.8140  1599    22339  6.3090  -55.8440  -20.0030  1599
100668  7.5910  17.4100  12.4790  1608    30974  5.9400  9.7640  31.8160  1608
100669  6.7440  17.4390  12.5880  1609    31029  15.7430  38.3840  -32.8940  1609
100681  8.5950  17.3340  11.2420  1611    30950  56.6260  -39.3610  11.5850  1611
100685  8.3990  17.4180  10.6130  1612    31517  51.6600  23.0930  28.3730  1612
100686  7.9370  17.3840  10.0950  1613    31970  33.2260  -23.0570  24.0820  1613
101665  13.7840  18.0970  21.2160  1615    33934  31.2540  -73.6940  -29.4880  1615
101666  8.2970  17.9520  21.2230  1616    35726  18.4440  -24.1110  -29.3000  1616
101668  6.7360  18.4510  21.5050  1618    35792  48.6850  21.1210  31.6020  1618
101685  13.9130  19.3600  20.8760  1620    38252  26.6380  -52.2730  39.1850  1620
101686  13.4620  18.6070  20.6740  1621    35338  45.2680  68.1180  -28.2540  1621
101687  12.5610  18.6460  20.0740  1622    37188  14.8790  -42.6160  -21.1750  1622
101688  11.6280  18.4210  19.7910  1623    37219  39.3290  -17.8430  25.0130  1623
101689  10.5650  18.5930  19.8150  1624    37254  16.3390  49.7010  34.2370  1624
101690  9.5370  18.4350  20.2330  1625    37276  59.2990  -10.9590  22.3290  1625
101691  8.6850  18.3240  20.7960  1626    35772  19.3330  -51.4970  43.4210  1626
101693  5.8580  18.3180  20.1570  1628    36153  57.1830  37.2400  -8.1740  1628
101707  11.9520  19.1210  19.6720  1629    50488  17.5660  6.2260  -32.5750  1629
101710  6.1720  18.8670  18.7960  1632    37614  7.7750  -16.4490  24.4940  1632
101740  6.0300  18.4840  16.0630  1638    41227  53.3280  -24.4160  -36.1900  1638
101749  5.1330  18.0220  14.6070  1640    41958  25.7270  11.8650  44.0000  1640
101768  5.1150  18.3830  13.2790  1643    42474  16.8640  -50.3040  -26.9810  1643
101779  8.4150  18.1550  11.7240  1644    44356  38.8730  -23.7680  -36.4920  1644
101780  7.8940  18.2550  12.2950  1645    44355  3.7440  -14.7290  49.0770  1645
101782  6.2120  18.3970  12.5010  1647    44432  28.1700  -6.6170  -36.2390  1647
101797  8.6020  18.3870  10.9730  1649    44385  38.5460  -59.9160  -5.2900  1649
101799  8.2870  18.3890  10.2380  1650    45221  59.0330  23.7310  -14.8580  1650
101800  7.8040  18.0410  9.8220  1651    45470  35.3750  24.5190  14.5520  1651
102733  6.1760  19.2340  21.2130  1654    49803  18.9270  44.6060  -38.6050  1654
102747  13.4990  19.7350  20.1550  1656    38251  31.8800  15.7200  32.7780  1656
102750  9.7450  19.2360  19.9100  1659    50922  33.9800  -11.3590  -2.4670  1659
102751  8.8040  19.3580  20.3660  1660    50952  7.3170  -32.9680  47.9340  1660
102752  8.0260  19.1420  21.0050  1661    49770  43.6490  -54.6450  21.8590  1661
102763  13.2290  20.0680  19.6550  1663    56325  43.0210  -56.5870  22.5030  1663
102764  12.6540  19.7560  19.5610  1664    50562  54.7780  7.7910  -3.9310  1664
102765  11.6060  19.7500  19.3400  1665    51578  1.3120  3.5990  -27.4030  1665
102766  10.7880  19.6150  19.4360  1666    51772  10.6830  62.9310  3.8490  1666
102770  5.9200  19.3610  19.5950  1670    51187  22.4960  52.6770  -37.2170  1670
102780  12.4600  20.2280  19.1930  1671    56796  15.3730  60.1580  25.5590  1671
102782  6.1900  19.3870  18.5450  1673    51861  59.8310  -39.7980  -5.2310  1673
102799  6.3890  19.4070  17.1840  1676    52690  13.0950  -28.6880  53.7370  1676
102807  5.9290  19.3210  15.6360  1678    53056  35.2990  45.0470  -26.6180  1678
102815  5.5470  19.4180  14.8700  1679    53523  59.4960  -41.1710  -17.3790  1679
102825  5.2140  19.2850  13.5920  1681    53850  51.9820  10.6800  -7.2610  1681
102836  8.1030  19.0180  12.0280  1682    54609  25.5280  -39.2850  -10.5980  1682
102837  7.4370  19.1280  12.2330  1683    795  29.2240  22.3060  -59.8610  1683
102839  5.8030  19.3800  12.4860  1685    54816  13.4000  -43.3370  11.4040  1685
102856  8.4350  19.5660  11.3990  1687    54776  51.0290  -42.8830  25.3750  1687
102862  8.5550  19.4040  10.5770  1690    55267  32.6440  7.4120  28.0340  1690
103801  13.9210  20.6550  20.0580  1694    55910  39.9910  -19.4200  -37.5910  1694
103804  7.2920  20.2360  20.6840  1697    55930  5.9720  49.0250  -12.2320  1697
103806  5.9240  20.2880  20.0200  1699    55963  17.8790  18.8290  52.1640  1699
103815  13.5910  20.8290  19.5130  1700    14747  12.7030  72.9820  -23.9930  1700
103820  9.4230  20.7650  19.2860  1705    56862  9.6080  27.4140  15.6740  1705
103821  8.2960  20.5030  19.9760  1706    56514  43.4010  -1.3390  20.1850  1706
103822  7.5840  20.8640  20.1440  1707    14777  40.6100  5.2020  3.1040  1707
103833  11.3540  20.5600  18.8140  1711    56848  21.2320  -18.7530  -14.7010  1711
103834  10.2660  21.0350  18.7070  1712    59540  5.8160  -68.7450  -13.4450  1712
103835  9.5510  21.4320  18.7930  1713    16289  25.5520  12.9060  37.1490  1713
103847  6.1750  20.8350  17.9080  1717    16737  42.4960  53.2510  -11.3000  1717
103875  5.5000  20.4150  14.2770  1722    58111  24.6840  -47.2570  43.2580  1722
103884  5.4130  20.9730  13.7440  1724    20810  52.2270  20.1060  -50.3130  1724
103899  6.6270  20.1840  12.0470  1726    794  29.1690  22.4440  -58.8880  1726
103901  5.6060  20.4020  12.6010  1728    844  7.6400  32.6830  -33.8570  1728
103918  8.5130  20.6550  11.2270  1729    4251  33.6790  -63.7440  -16.8530  1729
103919  8.0260  20.6000  11.6400  1730    4250  21.5680  -39.1680  -29.4720  1730
103920  7.1540  20.6000  11.8770  1731    796  42.7790  67.3110  -2.0820  1731
104909  6.6620  21.1640  20.3110  1734    14779  43.2730  7.4620  38.1640  1734
104920  8.4840  21.6610  19.2660  1739    16288  25.6210  13.9820  36.7670  1739
104922  5.9400  21.2800  19.2630  1741    15407  35.9420  -19.2100  -36.2010  1741
104928  13.4810  21.6950  18.7960  1742    15617  62.6490  17.8250  -5.6490  1742
104929  12.9020  21.2310  18.6310  1743    15616  43.5850  -42.3060  -4.1550  1743
104930  11.9760  21.3700  18.2000  1744    17057  7.5090  11.3070  43.6770  1744
104931  10.9060  21.4250  18.1640  1745    17655  20.1760  -31.0920  -28.1990  1745
104932  9.9160  21.9070  18.2000  1746    17745  35.8420  47.3490  -22.4060  1746
104934  8.5490  22.1810  18.9320  1748    16287  12.8920  3.7280  21.3100  1748
104944  6.2460  21.0520  17.2590  1753    18032  36.8720  -76.9220  -19.6360  1753
104953  6.1280  21.7480  15.7060  1756    19411  11.9010  63.1630  27.7500  1756
104980  5.5020  21.4420  12.7200  1761    23438  18.5710  -31.7210  38.7720  1761
104997  5.8330  21.4630  12.0130  1763    845  7.3010  30.5760  -34.3990  1763
105011  7.5940  21.4460  11.6160  1764    4252  33.6240  -63.3800  -17.6130  1764
105013  6.1560  22.0220  11.7210  1766    8973  7.1990  -10.9540  17.7110  1766
106041  7.2010  21.9220  19.7320  1767    14778  40.9430  6.0590  2.7340  1767
106049  6.2780  22.1630  19.3720  1773    15406  11.2280  -38.9080  -19.7180  1773
106052  13.1620  22.3070  18.1320  1775    17027  61.9200  -36.0330  -34.9680  1775
106055  9.2500  22.7700  18.1320  1778    17744  34.8420  48.5820  -21.4180  1778
106058  5.9640  22.2570  18.4830  1781    16418  25.8770  -46.1460  16.1440  1781
106061  12.8560  22.8440  17.5940  1782    37704  19.5150  9.1630  -45.7750  1782
106062  12.1930  22.4100  17.6020  1783    17654  57.4760  -39.9490  21.2480  1783
106063  11.0920  22.6400  17.3740  1784    18487  35.8720  6.6320  0.6280  1784
106073  6.1370  22.3710  16.3420  1790    19410  12.2020  62.0240  27.9110  1790
106082  5.9640  22.5230  15.2970  1791    19441  55.0570  21.9000  -29.5550  1791
106092  5.6900  22.4880  14.3560  1792    20789  15.0190  -33.2090  23.8550  1792
107288  7.3570  23.2990  18.8960  1793    37284  10.2790  65.5480  -38.3390  1793
107295  9.0930  23.2470  17.9780  1796    37803  51.9960  33.7180  23.9400  1796
107296  8.6560  23.4850  18.1410  1797    37804  8.1910  -60.4550  -0.4510  1797
107297  7.8940  23.2600  18.6810  1798    37267  39.1180  -61.1680  -1.2060  1798
107298  6.1830  23.2080  18.5000  1799    37345  64.9380  -22.8330  -32.6910  1799
107309  11.6650  23.2940  17.0210  1801    38549  56.1550  6.7330  -17.9080  1801
107310  10.5700  23.6170  17.0350  1802    38584  3.9950  -23.6210  -10.6950  1802
107313  5.9720  23.3040  17.6940  1805    38162  7.8940  55.3060  25.3660  1805
107323  5.8690  23.9090  16.4930  1806    38665  6.4500  -72.5150  2.9600  1806
107330  5.9220  23.9030  16.2620  1808    39106  13.2540  5.4460  54.7760  1808
108404  7.8490  24.2900  18.1910  1814    55420  39.8900  -44.3270  -5.9720  1814
108405  7.1030  24.3490  18.4190  1815    55443  56.5360  33.2850  -15.1670  1815
108424  6.0960  24.2170  17.8220  1817    55819  14.6540  47.6770  34.2700  1817
109417  7.2460  25.0580  18.0110  1822    5963  35.8730  -70.1410  2.4050  1822
109418  6.7440  24.9280  18.0550  1823    6078  8.9190  -75.3630  -30.6970  1823
