81855  -17.8070  0.6600  -43.8000  1    3474  -56.9330  -31.5650  7.1420  1
81870  -17.7690  1.0950  -44.3150  2    6311  -5.2810  -44.1400  -16.1260  2
81884  -18.5250  0.5450  -45.4050  4    7743  -48.4990  12.3080  -9.9940  4
81901  -19.7730  0.1750  -46.6690  8    9439  -34.5250  20.6110  30.9110  8
81915  -19.6260  0.8190  -46.8280  9    11564  -8.3170  -38.3880  12.3720  9
81917  -21.0480  0.1890  -47.7620  11    11534  -46.7970  58.3300  -15.9500  11
81933  -20.8870  0.8670  -48.0100  12    13942  -52.2990  -11.2130  17.3930  12
81935  -22.4580  0.2830  -48.7470  14    13911  -29.2480  -44.6860  -27.9920  14
81936  -23.2460  0.1780  -48.9410  15    16259  -62.0100  1.3710  3.9130  15
81938  -24.9310  0.6100  -48.9020  17    16342  -15.9680  20.3920  50.9780  17
81939  -25.7240  0.7270  -48.2490  18    14079  -47.2300  -16.7670  -15.2830  18
81950  -22.2530  0.9900  -48.9600  19    40191  -35.7870  -46.9480  -3.3150  19
81953  -24.3800  1.0170  -49.3650  22    40523  -3.7180  2.6570  19.5750  22
83141  -17.7490  1.7620  -44.3340  24    34825  -62.8500  -15.7920  -29.4930  24
83156  -17.6930  2.1780  -44.8370  26    26415  -34.4950  -16.1440  2.6960  26
83157  -17.9640  1.5940  -45.1050  27    30810  -5.0580  65.6650  -20.6200  27
83170  -18.6100  1.3350  -45.9270  28    30809  -3.9210  65.9960  -20.0440  28
83171  -19.1850  1.4550  -46.6450  29    38026  -48.5030  -37.5190  5.6890  29
83185  -20.3910  1.5450  -47.9570  31    39257  -20.5350  -45.0670  4.0020  31
83198  -21.0470  1.5610  -48.5310  33    39319  -12.7900  -56.5540  -31.7100  33
83213  -22.4540  1.6190  -49.4500  37    40450  -3.8710  17.9150  -37.7030  37
84518  -18.2150  2.4530  -45.8630  44    27848  -33.2410  -17.4510  -24.4350  44
84532  -19.2170  2.5010  -47.2250  47    30253  -18.1640  68.5900  7.7530  47
84534  -26.4400  2.0620  -48.1260  49    30765  -41.0420  7.0530  -54.3900  49
84536  -27.8560  2.5310  -47.1770  51    29486  -5.4560  61.5260  -0.8970  51
84537  -31.4460  2.9060  -46.8850  52    29608  -4.3840  82.8050  -27.7170  52
84546  -20.4240  2.6360  -48.6320  55    31763  -41.5000  -7.2240  4.5300  55
84548  -25.5270  2.1410  -48.9930  57    30764  -40.6400  7.7870  -52.5130  57
84550  -26.6580  3.0980  -48.1810  59    30763  -31.6410  29.3650  -19.7940  59
84551  -32.4530  2.6420  -48.5790  60    31166  -7.6260  -34.7740  34.1290  60
84562  -21.0590  2.8010  -49.3140  61    31780  -28.7530  8.4040  -57.0000  61
84563  -21.8400  2.5780  -49.6750  62    31823  -14.1010  -73.0430  -36.8930  62
84565  -23.5820  2.1240  -50.0980  64    33643  -52.3480  1.4510  27.3630  64
84567  -25.1660  2.5260  -49.4940  66    31955  -9.6360  53.4420  -6.8280  66
84579  -22.0110  3.1580  -50.1010  68    33099  -5.8050  70.6700  -10.9400  68
85729  -17.4110  3.6990  -44.5080  73    25176  -12.3770  81.9090  -18.4290  73
85741  -17.4670  3.6380  -45.3800  74    26439  -24.8050  -16.0520  38.3640  74
85742  -17.8280  3.0670  -45.6660  75    27836  -41.8280  -1.0570  28.3620  75
85755  -17.5340  4.0530  -45.9460  76    47790  -50.9160  -35.4540  14.8710  76
85757  -28.6790  3.2320  -47.0390  78    29468  -49.2800  11.7000  10.9560  78
85758  -29.4730  3.2490  -46.7630  79    29467  -34.4730  1.4230  -5.1640  79
85760  -30.9390  3.4750  -46.9250  81    29587  -52.0690  -31.1380  -25.6560  81
85767  -18.6220  3.5250  -47.0970  82    29113  -3.0620  -7.8580  44.5900  82
85768  -19.2110  3.5160  -47.8000  83    30468  -25.7650  45.3390  -18.8850  83
85772  -32.0450  3.5060  -48.0160  87    30860  -20.8900  -38.8220  49.5360  87
85782  -26.3150  3.6030  -48.7190  90    31915  -38.4730  -40.6390  25.2660  90
85795  -25.1000  3.6530  -49.8490  95    33614  -44.5630  -24.8510  -19.9890  95
86852  -17.0010  4.7650  -44.9470  103    47390  -17.4710  6.4950  37.8870  103
86881  -18.0290  4.5600  -47.0800  111    48417  -49.2080  -13.9400  -27.0060  111
86883  -27.7380  4.4530  -47.9160  113    49189  -46.0000  53.9310  -28.7990  113
86884  -28.4890  4.0890  -47.4550  114    49175  -47.8270  -27.3800  -8.1570  114
86885  -29.3580  4.5450  -47.2710  115    55983  -2.1320  -60.4880  25.7840  115
86887  -31.0140  4.4730  -47.3940  117    48698  -42.6640  -62.8420  -16.9560  117
86896  -19.1850  4.4620  -48.3540  120    49041  -4.6730  49.2900  -19.4470  120
86912  -25.4240  4.2770  -49.7480  129    9302  -23.4120  -43.3550  -17.1660  129
86914  -32.3360  4.1620  -49.3900  131    33863  -20.0530  76.3000  5.5110  131
86922  -20.8310  4.7380  -50.0220  132    50380  -3.0560  -44.4010  -2.1780  132
86924  -22.3260  4.2580  -50.8020  134    51042  -27.7010  56.0280  9.1060  134
86927  -24.8070  4.5400  -50.3030  137    50418  -6.4760  -5.4770  -31.7040  137
86928  -32.4110  4.2480  -50.4840  138    34611  -4.1020  -6.5300  47.0000  138
86939  -21.9620  4.9130  -50.9480  139    57333  -2.6720  -30.2310  26.5570  139
86942  -23.7670  5.3060  -51.0830  142    11582  -13.9770  -46.0760  -27.1780  142
88015  -16.8830  5.7320  -44.9740  143    3521  -40.2310  38.9280  7.7450  143
88016  -16.9430  5.3870  -45.4930  144    5519  -25.1420  27.2320  30.1780  144
88038  -17.5020  5.6420  -47.0510  147    6563  -18.6950  56.3800  -36.5340  147
88039  -18.0840  5.5240  -47.7160  148    8166  -38.8460  10.7570  -58.3580  148
88041  -28.2100  4.9910  -47.8320  149    8323  -14.2840  43.5510  37.1700  149
88044  -30.4840  5.5010  -47.5300  152    8964  -4.4760  4.2240  34.6110  152
88052  -19.2340  5.2350  -48.7950  155    11369  -32.2570  -63.1360  20.5120  155
88054  -27.5880  5.3470  -48.3100  157    8321  -24.8170  -44.5550  -33.2650  157
88055  -31.6020  5.4150  -48.4350  158    9101  -49.1540  -4.5810  -16.8210  158
88065  -20.3850  5.4350  -49.9450  162    11370  -34.4700  -49.0840  0.2120  162
88066  -25.4980  5.1510  -49.8790  163    9303  -24.6460  -21.1440  32.5690  163
88076  -21.4960  5.4780  -50.8480  168    13012  -37.3120  12.7380  14.8210  168
88079  -32.2330  5.1920  -50.8470  171    12176  -43.7920  -2.7340  18.5640  171
88088  -23.3490  5.8630  -51.4190  174    13151  -27.4240  -6.7200  -42.1590  174
89277  -16.8520  6.7730  -45.3110  177    3522  -41.4640  24.8290  28.7700  177
89290  -16.8050  6.7490  -46.0220  178    5544  -29.0170  66.9110  -28.4790  178
89291  -17.1390  6.6250  -46.7930  179    6564  -5.0880  -56.7540  -3.7010  179
89302  -17.7160  6.6000  -47.7160  180    6608  -45.6380  -16.9780  39.5080  180
89307  -29.0340  6.3700  -47.6470  183    8322  -29.1310  13.9620  -58.6280  183
89309  -30.8780  6.4770  -47.8860  185    8994  -46.6540  32.5970  -17.9710  185
89317  -18.4050  6.6550  -48.5830  188    8261  -64.8500  -17.0420  -12.7740  188
89318  -27.0790  6.3510  -48.9710  189    9301  -45.2030  8.2570  20.0260  189
89319  -27.9080  6.4350  -48.2800  190    41296  -30.7990  33.1040  38.3150  190
89330  -20.0000  6.5030  -50.1150  195    11396  -3.2740  34.6620  -40.0160  195
89332  -25.6040  6.1850  -49.9500  197    9334  -36.9870  45.3930  6.0610  197
89334  -31.8810  6.3050  -49.5750  199    9593  -41.8700  -31.7970  -9.1630  199
89341  -20.2470  7.0500  -50.6310  201    11494  -54.4350  -26.0800  -0.9970  201
89344  -25.1660  6.9900  -50.4060  204    12082  -20.6660  -13.1700  33.4180  204
89346  -31.9990  5.9380  -51.1320  206    12205  -41.4150  3.0700  2.3910  206
89355  -22.7960  6.5240  -51.7090  209    14161  -33.1000  -24.3230  -33.0920  209
89357  -24.1620  7.2290  -51.2330  211    14706  -46.6880  59.6270  -20.9660  211
89359  -31.6850  6.3320  -51.8280  213    14817  -6.6350  -42.8230  -18.0840  213
89367  -21.9300  7.3090  -51.7940  215    44375  -4.4340  17.0120  34.4450  215
90523  -16.8100  7.7700  -45.7550  219    31043  -22.7630  -61.8590  -2.1600  219
90524  -16.8860  7.5660  -46.4860  220    40789  -29.9880  -76.7000  -35.0090  220
90533  -17.2090  7.5230  -47.1860  221    40825  -39.0630  31.1200  -46.3660  221
90536  -29.0430  7.0970  -47.6700  222    41334  -6.7600  -32.7160  42.4390  222
90537  -29.5350  7.0980  -47.6280  223    1124  -26.6570  33.3370  -9.6910  223
90545  -18.0660  7.7840  -48.4980  226    42025  -57.2060  -22.0670  17.0230  226
90550  -27.1920  7.0030  -48.9920  227    42083  -37.1080  72.9530  -7.7030  227
90554  -31.2260  7.5870  -48.6310  231    42132  -2.5330  21.7880  14.1570  231
90560  -18.6840  7.6990  -49.3100  232    42070  -37.0980  -51.9420  30.7080  232
90563  -27.3380  8.0930  -49.0090  235    3709  -58.1410  -40.1040  -22.0480  235
90565  -31.8960  6.8060  -50.1470  237    43243  -43.0880  4.8920  20.2840  237
90573  -20.3760  7.5570  -50.9870  240    43656  -22.4950  -42.6210  38.2810  240
90595  -23.2360  8.0380  -51.8500  253    6740  -6.1810  -9.5620  39.5110  253
91647  -16.8000  8.5200  -46.3400  255    24149  -33.9480  68.3500  -17.7380  255
91676  -17.6710  8.6340  -48.0810  262    1811  -18.3150  -35.9480  44.7520  262
91677  -18.1750  8.8470  -48.9160  263    1812  -41.7140  24.5090  -1.4370  263
91685  -29.0400  8.4200  -47.9390  265    1123  -43.7880  -50.6320  -9.0760  265
91687  -30.7530  8.4770  -48.3640  267    1122  -31.3690  -28.8670  24.5070  267
91695  -18.7720  8.7760  -49.7120  269    2740  -22.4790  60.7980  20.8290  269
91696  -26.7660  8.5560  -49.5190  270    3742  -3.5610  -38.5440  -4.0310  270
91698  -31.6190  8.4820  -50.0360  272    4616  -52.8910  3.6350  -35.0830  272
91705  -20.0690  8.6110  -51.1060  274    6532  -29.4310  59.8210  13.4140  274
91707  -25.4520  8.5400  -50.4980  276    6739  -6.4090  -8.4000  40.2010  276
91716  -20.4150  9.1130  -51.5470  279    6994  -60.2910  -8.8390  22.8400  279
91721  -31.5210  8.3630  -52.0190  284    7432  -12.7730  -71.7310  1.4260  284
91727  -22.2010  8.6840  -52.1950  285    8392  -25.9550  -43.6750  -33.8220  285
92776  -17.3750  9.4300  -47.4920  290    24151  -44.9130  11.5850  -47.5210  290
92785  -17.8010  9.5200  -48.2830  291    1813  -42.8330  23.6110  -3.0570  291
92786  -18.1030  9.8000  -48.8590  292    1867  -4.9630  -70.3160  -1.3100  292
92794  -28.6130  9.3970  -48.4380  294    3710  -57.5390  -41.2890  -22.1970  294
92796  -30.3070  9.4830  -48.3720  296    3905  -16.1010  -38.5890  -4.8210  296
92812  -31.4070  9.5010  -49.6360  301    4617  -55.8310  2.4020  9.1610  301
92819  -18.9120  9.6510  -50.1550  302    5047  -17.2170  -47.8740  23.4090  302
92821  -25.3060  9.5870  -50.8630  304    6738  -4.9530  -8.6780  40.9870  304
92833  -24.2780  9.5840  -51.7040  310    9051  -16.6070  78.0270  -29.1530  310
92841  -21.1450  10.1340  -52.1530  313    30173  -10.8890  -6.1220  -30.7890  313
92843  -22.5480  9.5460  -52.3350  315    9514  -29.0890  -40.6930  38.1140  315
93972  -17.7210  9.8980  -47.8960  319    24268  -48.7010  -22.3760  -23.0310  319
93973  -18.0950  10.3670  -48.3300  320    26110  -23.7480  -61.2080  2.7040  320
93980  -27.5700  10.3690  -49.3410  321    28345  -56.5940  -2.8960  28.0970  321
93981  -28.2670  10.2450  -48.8520  322    26273  -20.4220  -38.2330  -11.2540  322
93982  -29.0490  10.2560  -48.5140  323    26272  -3.5110  47.3820  -45.7150  323
93991  -18.3290  10.4630  -49.1640  326    26157  -3.5460  -10.4320  -14.7690  326
93995  -26.5450  10.6540  -50.1410  327    28367  -6.3340  34.0240  44.9300  327
93997  -31.1570  10.4870  -49.2860  329    27112  -5.6920  -12.7930  21.1350  329
94004  -18.6150  10.5030  -49.8530  330    28225  -10.4820  -25.0490  -16.9280  330
94006  -25.4460  10.6590  -51.0470  332    29498  -10.0240  72.6630  16.0580  332
94017  -24.3750  10.6150  -51.8640  337    31624  -33.2860  1.5700  28.3540  337
94019  -31.6270  10.4110  -51.0570  339    29538  -9.0000  35.3050  26.6810  339
94028  -22.2050  10.5080  -52.4250  342    31229  -3.3910  20.9310  11.3770  342
95146  -28.6210  10.9830  -48.8630  349    46178  -17.1650  -29.2680  -28.2600  349
95151  -18.4440  11.0780  -48.8770  352    45088  -7.0020  69.2770  9.0950  352
95157  -28.1720  11.5880  -49.3300  355    11865  -19.7340  -37.3340  37.3590  355
95160  -30.6490  11.4360  -49.0570  358    46270  -31.4700  48.1690  -0.3470  358
95166  -18.5300  11.2060  -49.4980  359    46590  -8.6550  -39.8340  6.5150  359
95170  -26.7880  11.8460  -50.3660  363    11793  -15.9030  75.4920  -22.1410  363
95178  -19.2690  11.4830  -50.7620  365    47412  -41.9140  34.5990  27.3080  365
95179  -19.9410  11.5430  -51.3560  366    47897  -43.6780  -64.3840  -6.1750  366
95183  -25.6350  11.9520  -51.3420  370    12763  -60.7530  11.7090  -34.9060  370
95184  -31.5320  11.4490  -50.6250  371    47553  -2.8690  -60.1280  29.2270  371
95194  -21.8350  11.4990  -52.3820  374    48547  -31.3460  17.1220  26.5450  374
95197  -24.4320  11.9100  -52.2200  377    14286  -28.9880  -7.8860  -7.1080  377
95206  -31.5240  11.1190  -52.7370  379    48617  -50.7720  35.3080  -6.0790  379
96320  -18.6780  11.7840  -49.1490  380    9381  -4.2870  -2.3360  50.3640  380
96321  -19.0510  12.3990  -49.4590  381    9947  -24.7820  28.0430  29.4440  381
96325  -27.8380  12.2700  -49.7840  382    11792  -9.7460  56.1190  -42.9560  382
96328  -30.1810  12.4600  -49.3190  385    11902  -45.0700  -26.0760  -19.6240  385
96332  -19.0990  12.3110  -50.1940  388    11621  -3.0840  -10.5700  -4.6280  388
96340  -20.1650  12.5140  -51.3280  394    13545  -26.0540  -58.9290  -2.2860  394
96342  -25.4100  12.5070  -51.7680  396    14239  -53.2180  -14.6760  27.6890  396
96344  -31.5440  12.4030  -51.1480  398    12852  -63.6890  -4.6570  -18.5090  398
96347  -21.4770  12.4390  -52.1190  399    13668  -45.4240  -4.3260  -10.3020  399
96349  -23.1310  12.3950  -52.5520  401    14531  -26.6720  67.7440  -11.4560  401
96357  -31.5070  12.3150  -53.1590  405    15111  -56.7240  -40.3240  14.4730  405
97459  -19.5730  12.9980  -49.7510  406    9966  -2.6750  -17.6350  34.5800  406
97463  -29.5040  13.1340  -49.5940  409    11864  -35.2200  -59.6260  -0.9790  409
97467  -19.6860  13.1010  -50.3780  411    11661  -11.0760  -24.0600  11.9740  411
97468  -20.2440  13.7320  -50.5380  412    35180  -15.8750  0.1520  -34.1610  412
97470  -27.7850  13.3010  -50.2870  414    11791  -31.7200  25.5810  22.6220  414
97471  -28.8480  13.6940  -49.9940  415    35222  -46.0560  53.1340  -1.1560  415
97474  -31.2800  13.3730  -50.8440  418    12823  -0.7320  -72.1600  -17.1410  418
97478  -20.5320  13.4520  -51.1940  420    13568  -3.0170  -1.3060  44.4160  420
97479  -21.2640  13.4340  -51.6900  421    13632  -0.7680  -69.5310  -23.0440  421
97482  -26.6780  13.3560  -51.0520  424    12762  -60.5550  9.3040  0.3670  424
97486  -21.8520  13.1000  -52.1330  427    13701  -54.5500  5.8540  17.1810  427
97488  -23.4060  13.3970  -52.6490  429    14971  -12.8740  -17.5350  31.7830  429
97489  -24.2970  13.3700  -52.6710  430    15024  -16.9810  -53.2470  -16.3540  430
97490  -25.1720  13.3470  -52.3670  431    14285  -28.6190  -9.7860  -35.3580  431
97491  -31.6060  13.3340  -52.4980  432    14336  -4.5850  43.2490  30.8490  432
98601  -20.7970  14.4160  -50.6480  434    35209  -11.5830  54.2400  -38.7790  434
98602  -21.1210  14.7170  -50.9210  435    48917  -48.8050  -2.4010  37.7310  435
98604  -29.0600  14.5740  -50.5080  437    36110  -48.9760  -55.7470  -27.9240  437
98605  -30.1590  14.4360  -50.4890  438    36184  -36.7060  32.9980  -55.1890  438
98606  -30.9230  14.2890  -50.8700  439    36487  -21.0860  -51.8790  40.2430  439
98610  -21.0100  14.1150  -51.1820  441    36055  -4.0640  27.8230  -30.5760  441
98611  -21.4900  14.5020  -51.4360  442    36640  -38.8260  4.1680  13.8450  442
98613  -26.3120  13.8380  -51.7450  444    36722  -49.8000  24.4610  -17.9760  444
98615  -27.8790  14.5500  -50.8940  446    36143  -46.7780  17.6220  -50.5230  446
98621  -22.8100  14.3860  -52.6210  450    36884  -29.7220  47.5060  23.3550  450
98622  -23.6990  14.3170  -52.9830  451    37449  -16.7960  24.9790  -35.5890  451
98623  -24.7200  14.2200  -53.0100  452    37472  0.0450  3.4090  -25.1440  452
98624  -25.8170  14.2630  -52.4100  453    36757  -28.8260  -10.8400  -26.7270  453
98629  -31.5660  14.4040  -53.6750  456    37527  -32.7050  -22.9220  21.7100  456
99717  -21.2140  15.3730  -49.9420  457    48311  -37.1880  -71.0420  -23.5180  457
99718  -21.3550  16.0650  -50.1320  458    56518  -40.5560  36.4460  -49.2360  458
99732  -21.3550  15.4970  -50.7630  460    49190  -46.0690  40.5170  16.6400  460
99738  -21.8470  15.4000  -51.4640  464    49197  0.0550  35.8280  -20.0950  464
99741  -28.1400  15.4960  -51.3860  467    49649  -34.4720  69.1100  1.6120  467
99744  -30.9950  15.3640  -51.7790  470    50333  -62.3220  -35.1840  -15.3260  470
99747  -23.0050  15.3240  -52.9460  472    49555  -36.0150  -54.2020  25.3040  472
99748  -24.0020  15.3100  -53.5610  473    50085  -36.0780  -55.7160  26.2560  473
99749  -25.1580  15.0300  -53.2570  474    50110  -4.2990  -57.8660  22.7360  474
99750  -25.9360  15.1940  -52.7800  475    50130  -20.5530  -78.4650  3.8310  475
99751  -26.6830  15.5090  -52.2620  476    49624  -32.2170  36.9080  -21.8990  476
99752  -27.4450  15.7810  -51.8250  477    57086  -38.2330  30.4020  28.6490  477
99753  -31.0970  15.9290  -52.3740  478    57245  -5.2760  -82.1390  -2.2830  478
99757  -24.2050  15.8850  -53.9140  480    57350  -25.1950  30.2580  22.5900  480
99759  -25.5170  15.7120  -53.3930  482    18522  -14.9960  52.8780  18.1860  482
99761  -31.5580  15.3710  -54.0160  484    50347  -30.6450  7.4140  25.0200  484
100700  -27.4250  16.8480  -42.7270  485    54249  -30.3610  33.5800  7.8180  485
100743  -21.7850  17.0840  -48.5720  486    12144  -28.1700  40.2930  -32.8620  486
100748  -21.6100  16.5780  -49.3870  487    56526  -30.9840  -58.0510  7.3800  487
100762  -21.6570  16.6300  -50.3920  488    56547  -33.8380  -32.5630  17.1040  488
100763  -21.9980  17.0620  -50.6880  489    15246  -45.7950  11.6030  -39.0910  489
100772  -21.6690  16.0250  -51.0300  490    56919  -43.1620  33.0860  14.9930  490
100776  -29.6790  16.1250  -51.6800  494    57110  -58.1340  -25.5170  8.1370  494
100780  -22.6320  16.3410  -52.2900  496    57078  -40.4560  -43.9240  -8.9020  496
100781  -23.1130  16.3280  -53.2050  497    57263  -5.0980  -58.4570  5.8780  497
100782  -26.4830  16.2430  -52.9140  498    18523  -12.6670  -74.5920  -18.3570  498
100790  -23.7230  16.3040  -53.9010  504    57351  -24.9490  31.1230  21.8070  504
100792  -25.1930  16.3030  -53.9300  506    18524  -19.1870  72.0870  -22.0600  506
100794  -30.6940  17.0360  -53.1530  508    20646  -5.5440  36.0100  24.5370  508
101779  -28.0340  17.6720  -42.5440  510    5823  -32.9970  76.3830  -17.2090  510
101780  -28.8980  17.6240  -42.5420  511    5862  -19.8510  74.8580  -10.9810  511
101789  -25.5380  17.6460  -43.3910  512    7578  -1.1440  -60.7860  -8.3770  512
101790  -26.4190  17.6240  -42.8830  513    7579  -23.4660  -74.0660  -7.8440  513
101791  -27.3180  17.8880  -42.5840  514    5824  -57.9630  4.6300  -33.7780  514
101802  -24.2920  17.6730  -44.3060  515    9431  -1.1150  17.5140  -28.6650  515
101830  -21.8480  17.7130  -47.5430  517    11133  -53.0090  0.2250  8.7270  517
101850  -21.7850  17.3020  -49.5420  524    13935  -18.4960  -65.5220  -26.3610  524
101851  -22.0700  17.7200  -50.0510  525    13960  -29.9460  -72.0990  -14.7570  525
101852  -22.4880  18.0300  -50.4980  526    15247  -16.5330  36.8310  28.9550  526
101877  -22.5010  17.1000  -51.6140  529    17219  -9.4030  78.2270  -35.8120  529
101878  -22.8300  17.4520  -52.2950  530    17247  -15.6430  -62.2210  -32.1280  530
101881  -27.5750  17.1010  -52.8120  533    19006  -6.4940  8.4550  41.7960  533
101882  -28.5290  17.3060  -52.6460  534    20478  -4.8450  36.9540  8.4460  534
101883  -29.4490  17.3040  -52.6740  535    20523  -14.7620  31.2750  -33.2110  535
101886  -23.2740  17.3790  -53.4890  536    18467  -1.7130  -54.3120  -13.7180  536
101887  -23.8060  16.9530  -54.3370  537    19766  -12.3060  -23.3400  15.9990  537
101888  -24.6840  16.9010  -54.4720  538    19829  -36.1450  -8.5570  -10.3200  538
101890  -26.9010  17.4670  -53.5070  540    18986  -54.7730  -18.5380  30.5320  540
101899  -23.9640  17.5840  -54.7550  546    19765  -12.9800  -23.9850  15.6560  546
101900  -24.8720  17.6330  -54.7640  547    19860  -47.5690  55.4180  -17.2160  547
101901  -25.6430  17.8560  -54.5380  548    19918  -39.9350  -29.4210  16.8310  548
101903  -31.1290  16.9950  -54.3330  550    21494  -15.2350  -61.1350  5.7260  550
102891  -28.3770  18.6010  -42.6260  552    5825  -59.3780  4.0410  -33.2360  552
102900  -25.9500  18.4260  -43.4890  554    7577  -0.9380  12.7910  -9.9490  554
102901  -27.2430  18.8850  -43.0740  555    7663  -18.3060  -47.6980  21.4240  555
102902  -28.1160  19.1760  -42.9790  556    29037  -53.9740  -49.0820  -9.8420  556
102910  -22.7720  18.0600  -45.1750  557    9430  -22.7040  -71.5620  13.0530  557
102911  -23.7460  18.3180  -45.0000  558    9429  -35.6730  -56.8140  -6.4460  558
102912  -25.0590  18.7570  -44.4410  559    9476  -3.6560  -11.0210  22.0260  559
102913  -26.3580  19.1770  -43.9240  560    30080  -43.4690  12.5660  38.1610  560
102914  -26.9810  19.4200  -43.7170  561    30130  -38.7970  -18.9810  -10.1250  561
102923  -22.0980  18.1400  -45.8620  562    11242  -36.9060  -3.2490  -35.8640  562
102925  -24.1040  19.0740  -45.7330  564    30804  -45.0410  -2.4740  26.6300  564
102926  -24.8780  19.2390  -45.2860  565    30839  -15.0160  -68.0510  3.3110  565
102940  -23.1510  18.9680  -46.6320  568    33402  -32.5810  40.9960  32.5510  568
102941  -23.8290  19.2220  -46.7650  569    31945  -59.4750  19.9480  -4.1980  569
102956  -22.5950  18.5250  -48.3580  574    13091  -21.1630  -42.3380  -17.8550  574
102960  -22.4800  18.4850  -49.2150  576    13837  -4.1820  13.6350  32.4250  576
102974  -23.0820  18.5450  -51.4360  580    15392  -26.8330  -37.8430  23.5910  580
102989  -23.1620  18.4850  -52.5300  581    17596  -3.9750  25.8140  16.2360  581
102998  -23.2720  18.5060  -53.5670  582    18497  -8.4240  -22.3380  39.3640  582
103001  -28.0530  18.4250  -53.7490  585    20444  -47.2220  17.9330  6.5290  585
103002  -29.1070  18.4840  -53.8370  586    20501  -56.7420  -6.8710  4.4720  586
103003  -29.9570  18.3910  -54.1250  587    20557  -25.5250  39.5790  -11.6010  587
103008  -23.5140  18.4670  -54.4520  588    19805  -34.7000  -9.9540  -10.0630  588
103009  -24.0660  18.3240  -55.1450  589    21318  -22.8680  15.5880  26.1980  589
103010  -25.0310  18.3840  -55.0340  590    21361  -30.3740  -7.7120  -11.9270  590
103012  -27.1600  18.8910  -54.3420  592    37882  -46.5780  30.3890  -35.9080  592
104019  -28.5770  19.3630  -42.8530  595    29055  -10.4830  -37.9570  -1.8190  595
104020  -29.3140  19.3960  -42.3670  596    28386  -40.4650  -16.9850  -0.3710  596
104021  -29.8110  19.4670  -41.8460  597    28342  -27.4320  -22.5800  -17.8980  597
104032  -28.3020  19.7750  -43.4800  599    29127  -44.1080  -1.7360  27.8070  599
104039  -26.1130  19.5260  -44.8050  602    30851  -25.9600  -59.1160  -25.0710  602
104041  -27.8100  20.0270  -44.3520  604    44985  -18.5660  -61.2550  -23.6090  604
104048  -24.3880  19.3980  -46.4640  605    31963  -56.2750  -19.6740  -28.8050  605
104064  -26.5090  19.9650  -46.1360  610    46114  -24.9020  66.2580  -12.9750  610
104089  -24.4060  19.5180  -48.8090  614    48172  -32.5190  31.7850  38.1390  614
104093  -23.6400  19.3090  -49.6010  615    34533  -29.8060  -22.0340  49.9720  615
104097  -23.5830  19.3190  -50.5890  616    35011  -47.2930  24.6760  -33.5100  616
104101  -23.5500  19.3340  -51.6000  617    35355  -43.6910  -50.0690  -13.5320  617
104114  -23.5140  19.6100  -52.6780  618    35611  -20.9350  -44.4670  14.6950  618
104133  -23.3410  19.4100  -53.8210  619    37181  -8.7590  22.6590  50.2550  619
104143  -23.5430  19.4090  -54.8230  620    37845  -65.1120  -22.3540  -22.5310  620
104144  -24.3100  19.0880  -55.3780  621    38381  -20.1300  -50.9820  35.8410  621
104145  -25.2730  19.1260  -55.2640  622    38402  -33.4770  11.4550  -62.7640  622
104146  -26.2800  19.3190  -55.0070  623    38417  -6.8690  -43.6540  24.7600  623
104148  -28.3040  19.6340  -55.0600  625    38717  -12.9870  45.2950  -39.8860  625
104153  -23.9200  19.8460  -55.3140  626    50539  -53.7690  -9.0300  -1.8520  626
104155  -25.4610  19.8720  -55.5440  628    50779  -7.5190  27.3460  -34.9810  628
104156  -26.4350  19.9800  -55.4580  629    50804  -43.6250  34.3450  -8.0740  629
104157  -27.4160  20.0810  -55.5410  630    38683  -34.0530  -21.4210  -23.7240  630
105162  -29.7760  20.1080  -42.7530  631    44288  -12.2420  -55.7990  39.3080  631
105163  -30.2930  20.0470  -42.2060  632    43605  -24.7630  39.9180  26.1720  632
105164  -31.4510  20.3850  -42.2330  633    54117  -35.3660  34.0730  -8.7580  633
105165  -32.4590  20.4540  -42.2790  634    54138  -38.1650  -41.9270  25.2940  634
105166  -33.3720  20.3910  -42.2680  635    54283  -18.2600  29.0770  26.9880  635
105176  -28.8940  20.2340  -43.8940  636    44994  -4.5980  32.1440  45.7250  636
105177  -29.3600  20.1590  -43.3810  637    44312  -31.9840  56.4750  -5.4690  637
105178  -30.3390  20.3150  -43.3210  638    54573  -57.5320  14.3010  -45.2090  638
105179  -31.2550  20.4490  -43.2210  639    54591  -40.8940  -62.6270  -27.8510  639
105186  -29.4000  20.3390  -44.4020  641    55042  -43.4040  -3.7820  23.3890  641
105187  -30.2190  20.3600  -44.2580  642    55048  -29.5090  38.5000  32.6140  642
105188  -31.1400  20.3070  -44.2010  643    55065  -36.1590  -53.3280  11.4100  643
105189  -32.0590  20.3440  -44.1550  644    55083  -11.7430  -33.4640  8.4830  644
105190  -32.9790  20.2350  -44.1860  645    55122  -35.6670  -8.5210  25.1210  645
106196  -33.9150  20.3320  -44.2220  648    55137  -34.3350  -62.8290  -29.2430  648
