#!ascii label  , from subject FreeSurferMNI152_0.4 vox2ras=TkReg
1299
44753  -40.379  -56.463  14.486 1.0000000000
44817  -2.497  -6.695  -20.897 2.0000000000
45096  -44.151  24.418  8.803 3.0000000000
45137  -43.023  26.969  36.303 4.0000000000
45208  -26.098  -44.316  -12.919 5.0000000000
45252  -23.502  -59.389  12.842 6.0000000000
34479  -34.723  -73.312  -10.101 7.0000000000
32549  -29.822  -68.728  -38.940 8.0000000000
32933  -26.304  -29.480  -23.888 9.0000000000
32973  -25.926  53.398  11.536 10.0000000000
33011  -28.037  -47.152  -13.840 11.0000000000
33337  -48.274  11.940  -36.383 12.0000000000
33374  -33.610  7.412  -60.102 13.0000000000
33417  -17.849  19.881  -52.435 14.0000000000
43892  -52.670  5.949  -45.760 15.0000000000
9338  -57.309  9.481  -52.802 16.0000000000
9479  -42.147  -4.108  -7.697 17.0000000000
43359  -47.109  -43.754  -9.578 18.0000000000
52723  -12.986  -27.573  32.037 19.0000000000
52137  -33.672  -15.398  0.950 20.0000000000
43909  -25.311  11.338  -42.475 21.0000000000
52366  -47.838  -56.014  7.173 22.0000000000
44767  -41.033  -56.648  14.026 23.0000000000
44860  -26.900  -63.912  1.978 25.0000000000
45125  -40.904  64.023  -6.624 26.0000000000
45192  -34.454  54.688  -35.009 27.0000000000
45246  -3.427  -33.100  25.160 28.0000000000
45496  -4.935  -32.715  25.119 29.0000000000
45548  -32.816  35.609  -44.263 30.0000000000
45603  -59.332  -39.012  -39.219 31.0000000000
45630  -30.921  51.488  18.842 32.0000000000
45650  -66.964  -2.624  -19.991 33.0000000000
45723  -60.550  -2.218  -7.936 34.0000000000
45750  -11.781  35.634  -44.636 35.0000000000
45926  -64.744  -34.861  -4.124 36.0000000000
45955  -58.683  -8.716  28.513 37.0000000000
45975  -65.930  -23.758  11.676 38.0000000000
47025  -6.861  -84.086  0.671 40.0000000000
54500  -1.986  -32.393  -8.643 41.0000000000
47035  -8.202  -53.023  6.574 42.0000000000
11171  -58.907  19.712  -46.851 45.0000000000
9337  -32.517  -72.770  -39.499 46.0000000000
34370  -42.715  -10.268  -39.207 49.0000000000
57921  -49.194  -46.610  27.808 50.0000000000
11291  -12.873  -11.356  16.974 51.0000000000
9433  -40.803  30.787  -21.816 52.0000000000
9400  -29.890  67.746  -34.561 53.0000000000
57932  -45.963  -20.122  4.718 57.0000000000
58278  -9.221  40.742  -42.780 58.0000000000
53241  -51.919  36.875  12.960 59.0000000000
13562  -47.985  -21.382  -16.639 60.0000000000
53263  -20.633  -27.524  -35.577 61.0000000000
53328  -43.101  39.373  -24.303 62.0000000000
53349  -0.385  -9.293  33.502 63.0000000000
53475  -3.324  26.640  19.719 64.0000000000
53493  -4.417  26.583  19.117 65.0000000000
53510  -21.354  29.184  27.828 66.0000000000
53586  -35.131  0.218  -0.952 67.0000000000
53605  -2.027  27.711  21.551 68.0000000000
53736  -12.348  33.640  -34.719 69.0000000000
53756  -29.301  -5.926  -49.780 70.0000000000
53779  -23.392  -44.466  -15.020 71.0000000000
53801  -7.397  -38.172  50.390 72.0000000000
58063  -29.583  39.144  -58.182 74.0000000000
52955  -11.759  33.361  -33.280 75.0000000000
16950  -0.929  46.671  -26.364 76.0000000000
53989  -56.359  -45.385  8.120 77.0000000000
54526  -39.102  -65.302  -3.429 78.0000000000
10090  -53.501  1.422  -27.446 82.0000000000
8611  0.026  34.809  25.975 83.0000000000
11172  -43.467  -13.806  -41.641 90.0000000000
33420  -28.197  -29.020  -23.445 92.0000000000
12962  -24.905  -7.892  47.492 93.0000000000
13585  -49.577  -20.646  -16.409 94.0000000000
13686  -62.078  -18.285  19.494 95.0000000000
13874  -40.338  -33.256  31.175 96.0000000000
14518  -40.559  14.463  -10.386 97.0000000000
14517  -12.170  53.984  36.644 98.0000000000
14624  -5.063  -47.222  -6.642 99.0000000000
11315  -34.054  42.921  34.881 100.0000000000
15127  -56.382  -39.866  -20.390 103.0000000000
12897  -46.526  15.233  -56.935 104.0000000000
13522  -7.417  15.757  26.916 105.0000000000
12936  -1.909  54.670  36.979 106.0000000000
12937  -16.919  -5.144  -32.433 107.0000000000
13873  -52.046  4.849  14.541 110.0000000000
16386  -4.885  -78.431  -20.203 111.0000000000
16444  -62.453  -38.822  7.165 112.0000000000
16816  -17.589  -57.903  -29.895 113.0000000000
16856  -58.558  -7.532  -36.433 114.0000000000
14547  -12.451  55.280  36.134 115.0000000000
14596  -0.247  1.065  14.731 117.0000000000
15128  -30.144  22.303  -67.464 119.0000000000
17427  -16.538  -42.633  -4.981 120.0000000000
18422  -11.692  9.764  54.233 122.0000000000
17428  -5.084  -49.399  39.598 123.0000000000
17429  -56.448  6.311  -43.954 124.0000000000
4225  -39.305  63.138  -22.185 125.0000000000
5380  -35.082  65.908  11.064 126.0000000000
5327  -40.121  -12.660  -38.195 127.0000000000
6933  -30.050  -74.262  -39.180 129.0000000000
29427  -30.362  -49.998  31.736 131.0000000000
31701  -25.613  -16.559  -23.432 132.0000000000
31811  -17.141  54.115  20.446 134.0000000000
11292  -12.999  -13.218  17.562 135.0000000000
9370  -17.366  -68.084  3.470 136.0000000000
9339  -63.818  7.822  -27.655 137.0000000000
9480  -41.231  -4.981  -7.222 138.0000000000
32204  -0.242  69.608  -13.940 140.0000000000
8456  -25.442  82.281  -7.518 141.0000000000
8612  0.328  34.448  24.317 142.0000000000
31702  -67.115  3.571  -35.787 144.0000000000
33360  -66.562  2.322  -38.970 145.0000000000
46856  1.694  20.673  -15.147 146.0000000000
14654  -45.187  1.470  -10.327 148.0000000000
12840  -13.065  -5.566  -33.072 157.0000000000
16164  -58.072  -39.543  -1.963 158.0000000000
13058  -37.364  22.780  7.686 159.0000000000
12935  -1.862  52.881  38.029 160.0000000000
16387  -5.761  -77.006  -18.958 164.0000000000
35487  -7.803  37.096  -39.450 165.0000000000
14573  -6.104  53.928  8.026 166.0000000000
14519  -54.145  26.071  -19.870 167.0000000000
34371  -1.855  61.918  -26.986 171.0000000000
16445  -62.984  -38.145  6.031 178.0000000000
16817  -66.039  7.951  -34.860 179.0000000000
16857  -17.240  -57.569  -32.099 180.0000000000
36245  -20.661  25.612  40.174 182.0000000000
15129  -6.258  33.860  30.490 183.0000000000
16951  -36.286  64.321  -36.462 185.0000000000
18423  -66.713  -14.102  6.525 186.0000000000
17553  -4.166  -47.376  37.252 187.0000000000
41139  -56.384  -21.949  34.480 188.0000000000
28344  -1.668  42.317  24.649 189.0000000000
41825  -12.013  -45.820  40.301 190.0000000000
4186  0.457  26.626  11.446 191.0000000000
29056  -7.475  -38.974  9.003 194.0000000000
42723  -49.117  48.185  7.029 195.0000000000
42990  -41.938  2.198  -48.316 199.0000000000
43454  -26.994  -14.483  -35.933 200.0000000000
42991  -42.237  1.419  -47.288 202.0000000000
43477  -21.524  38.429  34.790 204.0000000000
43499  -24.636  -46.152  -16.225 205.0000000000
8546  -8.463  -46.754  45.080 206.0000000000
30266  -15.704  -52.228  29.833 207.0000000000
31179  -1.037  -11.624  26.142 208.0000000000
32903  -43.787  60.177  -4.722 209.0000000000
33055  -48.363  -13.077  -24.637 210.0000000000
44103  -41.673  33.359  8.417 211.0000000000
31874  -66.000  -30.375  -29.012 219.0000000000
31889  -27.097  -47.034  -12.304 220.0000000000
32189  -24.640  69.518  6.069 222.0000000000
31700  -59.643  -19.085  -45.975 230.0000000000
33852  -28.856  -72.731  -7.933 233.0000000000
34333  -31.015  10.757  30.658 235.0000000000
45727  -63.071  -38.922  -5.493 237.0000000000
45763  -9.974  14.957  -34.078 238.0000000000
46839  -6.651  58.093  -5.650 246.0000000000
33874  -0.641  3.512  -7.071 249.0000000000
35381  -20.888  19.123  38.650 250.0000000000
35869  -20.924  32.584  47.629 254.0000000000
34280  -0.216  68.693  -15.582 255.0000000000
47097  -57.815  11.935  19.972 256.0000000000
47131  -3.066  -62.702  24.658 257.0000000000
47151  -58.392  12.970  19.684 258.0000000000
34422  0.117  61.563  -7.163 260.0000000000
47851  0.589  -7.395  23.439 263.0000000000
47863  -7.120  -20.097  31.830 264.0000000000
48083  -24.710  -11.997  39.325 265.0000000000
48110  -20.057  46.564  19.588 266.0000000000
35615  0.100  52.361  -37.553 268.0000000000
36827  -11.519  -55.727  29.293 269.0000000000
35919  -18.496  -71.991  22.346 270.0000000000
48166  0.271  -83.337  -12.073 271.0000000000
48181  -58.114  12.531  17.256 272.0000000000
48196  -0.886  79.969  1.435 273.0000000000
48208  -15.039  81.505  5.419 274.0000000000
36882  -35.599  -32.677  23.587 279.0000000000
15341  -51.214  15.218  -59.978 281.0000000000
48838  -17.077  66.884  25.268 283.0000000000
49064  -56.646  -50.365  6.470 284.0000000000
49087  -47.015  -49.208  -24.896 285.0000000000
49103  -3.443  55.092  7.435 286.0000000000
49128  -34.224  -22.674  48.166 287.0000000000
49304  -4.285  70.542  25.511 288.0000000000
49326  -62.937  17.930  -2.028 289.0000000000
49342  -5.489  -9.504  23.297 290.0000000000
49357  -52.070  20.835  -18.788 291.0000000000
49381  -21.274  -41.227  -32.413 292.0000000000
49391  -2.140  70.174  24.006 293.0000000000
37782  -15.126  27.027  50.623 296.0000000000
36957  -26.589  4.368  -59.454 297.0000000000
37269  -48.245  -51.509  21.456 298.0000000000
41028  -25.610  3.225  54.843 299.0000000000
41434  -34.702  -31.904  21.459 300.0000000000
41814  -34.880  -79.207  -24.024 301.0000000000
51394  -50.609  46.699  9.581 303.0000000000
42125  -10.198  -51.868  13.918 304.0000000000
54816  -2.193  -36.885  48.837 310.0000000000
44158  -37.164  -56.907  16.940 315.0000000000
44975  -0.863  28.715  48.177 320.0000000000
47191  -42.999  -55.366  12.264 337.0000000000
54299  -48.709  48.504  3.684 338.0000000000
47842  -65.989  -6.853  -38.367 340.0000000000
49576  -37.951  -51.765  4.974 343.0000000000
48447  -2.978  -53.594  5.876 344.0000000000
49644  -38.952  37.950  -17.906 347.0000000000
48826  -0.063  49.439  -37.266 349.0000000000
50226  -0.474  -34.542  0.679 350.0000000000
50253  -38.416  16.047  -3.615 351.0000000000
50273  -24.663  -0.594  -40.164 352.0000000000
50293  -30.082  -27.208  -29.174 353.0000000000
50319  -38.500  26.313  24.012 354.0000000000
50530  -0.178  49.802  -45.638 355.0000000000
50546  -55.066  -17.331  35.244 356.0000000000
50571  -38.289  -69.298  -16.383 357.0000000000
50593  -54.271  41.407  6.341 358.0000000000
49405  -1.344  52.115  -23.725 360.0000000000
49680  -39.071  22.921  -19.247 364.0000000000
50688  -5.804  -42.918  -21.047 365.0000000000
50704  0.106  19.050  18.040 366.0000000000
55629  -20.340  -47.136  45.076 367.0000000000
52240  -3.601  -36.841  30.467 374.0000000000
52260  -44.915  5.190  35.165 375.0000000000
53253  -24.774  -7.979  39.319 380.0000000000
53619  -45.565  39.278  -46.711 384.0000000000
53688  -46.039  38.409  -47.731 385.0000000000
54580  -45.073  38.832  -22.929 392.0000000000
55058  -47.597  -55.131  -10.043 393.0000000000
55100  -36.405  -74.910  -6.264 394.0000000000
55114  -17.909  5.114  -40.686 395.0000000000
55220  -63.472  -29.397  -36.943 396.0000000000
55236  -47.724  7.270  -11.977 397.0000000000
55254  -53.995  30.003  5.640 398.0000000000
55265  -50.084  21.316  23.543 399.0000000000
55366  -43.609  26.988  22.837 400.0000000000
55377  -4.375  -32.739  -14.259 401.0000000000
55388  -41.429  37.600  6.459 402.0000000000
54601  -52.721  48.684  1.813 404.0000000000
56337  -44.202  25.385  4.229 406.0000000000
54776  -31.751  12.529  27.355 407.0000000000
55568  -2.502  -42.395  22.743 408.0000000000
56870  -44.762  39.550  22.447 409.0000000000
56861  -48.299  62.639  -27.432 410.0000000000
56883  -7.454  -53.873  -8.239 411.0000000000
57322  -14.386  83.664  -33.756 412.0000000000
57313  -41.620  28.805  9.542 413.0000000000
57587  -43.086  37.332  -52.844 416.0000000000
57613  -25.417  -15.064  -25.054 417.0000000000
54048  -7.529  49.202  5.016 418.0000000000
54232  -51.949  -2.290  -4.609 419.0000000000
54316  -50.683  48.418  4.299 420.0000000000
54790  -54.462  26.155  -41.931 423.0000000000
54798  -43.799  48.515  18.750 424.0000000000
54858  -42.311  -4.554  -51.216 426.0000000000
2787  -24.777  20.260  -34.673 427.0000000000
55594  -26.310  -21.424  -23.078 437.0000000000
1317  -47.908  -7.480  -12.777 440.0000000000
1425  -48.912  -52.470  -20.480 441.0000000000
56321  -59.994  -16.570  15.025 445.0000000000
56313  -63.936  -23.895  3.452 446.0000000000
56300  -57.175  -32.149  26.627 447.0000000000
56656  -1.456  62.110  -47.370 448.0000000000
56668  -54.776  -49.845  -34.364 449.0000000000
56685  -64.942  -35.296  -23.073 450.0000000000
56694  -8.789  -32.195  -21.204 451.0000000000
56706  -48.649  21.043  -20.408 452.0000000000
56813  -12.486  32.661  -34.663 453.0000000000
56824  -39.945  -71.353  -15.912 454.0000000000
56837  -44.901  -36.190  -41.085 455.0000000000
56854  -10.838  -12.229  -25.658 456.0000000000
56900  -54.194  21.327  -34.353 457.0000000000
56340  -0.559  -30.376  -3.409 460.0000000000
57011  -54.536  -55.115  -4.716 461.0000000000
57020  -1.161  30.438  3.301 462.0000000000
5636  -17.648  -42.598  -31.333 463.0000000000
58355  -18.592  -85.066  -5.610 464.0000000000
58366  -16.355  -34.365  -29.957 465.0000000000
56876  -20.843  -46.236  30.395 466.0000000000
58384  -38.413  -7.553  -5.709 468.0000000000
58392  -16.989  -57.682  -10.860 469.0000000000
6815  -44.948  55.121  5.914 470.0000000000
58468  1.573  -24.671  -3.146 471.0000000000
6754  -2.507  -6.039  -5.713 472.0000000000
58568  -30.759  -74.167  8.382 473.0000000000
58599  -57.573  -47.818  -32.219 474.0000000000
57325  -27.937  -75.384  -6.159 475.0000000000
57419  -44.316  38.298  -50.787 476.0000000000
58651  -0.547  32.281  -27.755 477.0000000000
9769  -0.394  49.363  25.622 478.0000000000
9416  -3.520  -76.463  11.851 479.0000000000
11935  -64.997  -9.462  -36.848 480.0000000000
58886  -11.309  -54.014  -12.422 481.0000000000
57608  -54.045  -11.711  29.908 482.0000000000
57632  -11.042  -58.661  -8.898 484.0000000000
12230  -32.077  -1.540  22.322 485.0000000000
56434  -45.569  36.849  -22.307 486.0000000000
56466  -49.436  61.783  -27.184 487.0000000000
56510  -55.995  -32.206  25.785 488.0000000000
56695  -9.515  -31.739  -21.011 489.0000000000
56707  -24.764  -15.474  -24.532 490.0000000000
13510  -24.613  -24.405  41.291 491.0000000000
14342  -25.494  -24.090  40.351 493.0000000000
1316  -64.178  -39.145  -10.510 499.0000000000
3234  -50.773  45.733  -28.064 500.0000000000
1318  -48.667  -7.333  -11.836 512.0000000000
2725  -3.345  64.379  -25.460 514.0000000000
2695  -57.545  27.828  -12.824 515.0000000000
2864  -44.701  39.993  2.643 516.0000000000
4633  -50.690  -11.013  40.888 517.0000000000
4766  -6.805  -49.682  -26.339 518.0000000000
4843  -51.207  -51.338  -18.233 519.0000000000
4911  -2.751  6.689  27.472 520.0000000000
4910  -46.748  63.090  -30.486 521.0000000000
4563  -33.328  -3.618  26.939 523.0000000000
4483  -29.596  72.252  -5.978 524.0000000000
4935  -18.677  41.300  26.307 525.0000000000
4912  -2.402  7.802  27.245 526.0000000000
6814  -45.186  56.064  6.371 529.0000000000
7508  -10.128  60.224  -10.337 530.0000000000
6725  -1.761  -3.598  -4.835 531.0000000000
6689  -2.166  -6.227  -4.770 532.0000000000
7481  -37.427  -20.866  26.143 535.0000000000
6816  -45.701  55.045  5.947 536.0000000000
9294  -66.456  -30.147  -22.427 538.0000000000
12054  -15.417  -60.568  -31.556 541.0000000000
12101  -40.977  -56.186  -29.317 542.0000000000
12171  -45.475  -20.959  -19.598 543.0000000000
9526  -14.217  -46.831  -0.659 544.0000000000
11936  -65.451  -10.921  -36.894 546.0000000000
12055  -14.458  -59.914  -33.511 548.0000000000
12561  -32.079  18.830  -8.027 549.0000000000
12737  -42.809  -13.302  -43.212 550.0000000000
13314  -5.055  78.193  15.866 551.0000000000
13381  -47.640  -63.800  -2.010 552.0000000000
11703  -31.965  38.022  -8.362 553.0000000000
12502  -26.477  35.787  38.522 554.0000000000
15533  -2.675  -14.614  29.028 559.0000000000
3235  -37.184  -9.029  30.222 561.0000000000
1528  -40.663  -32.774  -33.846 564.0000000000
1589  -45.291  61.321  2.258 570.0000000000
2754  -21.080  5.602  -33.544 573.0000000000
4634  -55.362  -42.673  -11.813 576.0000000000
4767  -7.067  -51.013  -27.216 577.0000000000
4844  -40.703  15.023  41.915 578.0000000000
5151  -49.651  36.490  -42.117 579.0000000000
6659  -13.664  30.820  -35.361 581.0000000000
21355  -40.304  72.132  -14.645 582.0000000000
21402  -24.323  46.567  -32.521 583.0000000000
21904  -20.163  -64.800  31.939 584.0000000000
4962  -24.851  4.708  -54.355 585.0000000000
18934  -51.682  39.230  7.972 586.0000000000
22772  0.059  -74.875  -0.789 587.0000000000
22788  -22.492  -7.395  -28.960 588.0000000000
22843  -41.497  22.125  2.854 589.0000000000
7038  -31.487  -25.049  -31.685 590.0000000000
12102  -9.652  -29.426  -22.925 597.0000000000
3283  -26.195  -14.306  38.232 602.0000000000
3110  -46.339  -57.829  -31.829 604.0000000000
4490  -41.611  -21.392  27.821 610.0000000000
18097  -14.197  -87.997  -27.592 616.0000000000
18152  -23.957  23.113  38.057 617.0000000000
18933  -23.206  69.271  -0.951 618.0000000000
18978  -42.558  -46.576  20.275 619.0000000000
20211  -31.227  -23.635  34.573 621.0000000000
20247  -3.313  56.733  -5.963 622.0000000000
20351  -67.425  -7.744  -7.781 624.0000000000
20471  -31.366  -3.552  -35.758 625.0000000000
20493  -0.916  37.132  2.332 626.0000000000
21105  -15.242  78.350  6.964 627.0000000000
21716  -23.099  -73.014  10.952 633.0000000000
10789  -48.066  9.140  8.147 634.0000000000
11467  0.526  38.927  -9.830 635.0000000000
11547  -39.507  65.543  6.401 636.0000000000
11704  -27.674  -13.367  -41.645 637.0000000000
12503  -1.614  -67.110  -16.557 638.0000000000
3070  -19.593  43.917  20.450 643.0000000000
3071  -19.681  44.603  19.636 644.0000000000
6891  -34.532  39.807  -42.460 652.0000000000
6890  -35.489  39.217  -42.143 653.0000000000
6950  -11.741  -21.887  -30.355 654.0000000000
7816  -52.036  -59.955  -20.539 655.0000000000
9823  -40.019  57.097  -9.001 656.0000000000
9895  -5.313  -23.648  30.673 657.0000000000
9956  -8.118  -22.882  30.337 658.0000000000
10146  -1.004  -35.243  47.319 659.0000000000
10214  -42.088  10.048  -23.477 660.0000000000
7886  -25.131  -62.461  -0.319 661.0000000000
7887  -39.371  35.051  -40.231 662.0000000000
58230  -2.465  28.938  18.627 664.0000000000
11604  -46.480  63.953  -30.741 666.0000000000
11705  -33.136  -33.384  49.496 667.0000000000
58536  -45.399  24.905  18.294 668.0000000000
58218  -40.464  2.033  -2.614 669.0000000000
3069  -54.870  -32.805  -25.472 672.0000000000
3111  -23.899  17.284  -29.257 675.0000000000
3169  -5.151  -67.646  -34.700 676.0000000000
4491  -2.440  -14.805  -6.134 678.0000000000
6892  -34.391  40.652  -41.971 680.0000000000
6951  -25.390  1.705  55.519 682.0000000000
59229  -43.085  17.253  -22.751 683.0000000000
59379  -21.560  -81.155  -5.047 684.0000000000
59422  -25.294  37.313  -54.572 685.0000000000
58993  -34.318  23.596  -34.916 686.0000000000
1111  -25.753  6.653  -54.027 687.0000000000
9824  -16.872  81.670  -5.868 688.0000000000
9896  0.278  -17.989  45.956 689.0000000000
9957  -37.448  50.659  2.504 690.0000000000
10147  -0.655  80.131  -9.277 691.0000000000
10215  -33.805  22.303  -56.857 692.0000000000
1110  -25.673  8.254  -53.978 694.0000000000
1112  -26.190  7.840  -52.937 695.0000000000
57695  -46.820  32.772  -22.266 699.0000000000
57716  -56.530  -51.202  0.468 700.0000000000
57970  -46.265  25.490  18.777 701.0000000000
56957  -41.401  -68.635  -15.300 702.0000000000
58172  -12.709  -56.014  -9.788 704.0000000000
58761  -12.170  14.697  53.136 711.0000000000
58512  -53.464  29.941  -15.176 714.0000000000
58920  -29.221  23.052  -41.036 715.0000000000
58921  -32.208  -74.219  6.677 716.0000000000
57437  -51.421  -54.385  -12.650 718.0000000000
58519  -1.724  43.675  28.220 719.0000000000
58927  -27.780  -14.278  39.942 720.0000000000
59169  -38.603  1.734  27.167 721.0000000000
57829  -28.972  39.819  -52.118 722.0000000000
725  1.151  -78.135  -7.787 724.0000000000
1949  -23.550  19.592  36.065 726.0000000000
1858  -4.084  -48.552  -22.748 728.0000000000
723  -23.157  -62.807  22.010 733.0000000000
57619  -20.513  26.891  29.455 735.0000000000
56743  -47.517  38.543  -28.199 738.0000000000
57696  -20.146  11.380  -41.135 739.0000000000
56822  -60.271  -16.405  13.484 743.0000000000
57957  -4.089  -54.898  -10.047 744.0000000000
57079  -5.451  -41.346  -15.195 749.0000000000
57178  -12.745  -20.237  -14.814 752.0000000000
57286  -51.533  -48.771  -36.256 753.0000000000
58511  -49.684  26.666  -0.083 755.0000000000
57688  -2.229  47.651  7.665 756.0000000000
58712  -11.934  -59.649  14.144 759.0000000000
57701  -42.965  23.324  -25.777 761.0000000000
724  -36.129  36.463  -60.256 762.0000000000
53730  -23.663  -62.300  28.454 763.0000000000
58174  -0.344  -51.160  -16.661 766.0000000000
58370  -51.602  23.619  -20.457 772.0000000000
53835  -21.534  44.773  29.269 775.0000000000
53836  -38.569  8.278  -28.645 776.0000000000
53962  -0.827  -34.983  25.428 779.0000000000
54823  -50.665  60.236  -20.805 786.0000000000
57421  -22.451  -5.126  55.623 787.0000000000
57680  -23.386  17.283  -29.407 790.0000000000
55656  0.966  -74.780  1.326 794.0000000000
55283  -53.491  -55.505  0.699 796.0000000000
53731  -0.446  -22.664  16.583 799.0000000000
58831  -36.101  23.636  -33.856 803.0000000000
56614  -11.288  -50.826  -13.529 809.0000000000
57082  -23.645  18.006  -40.380 810.0000000000
48384  -52.133  20.152  -18.475 812.0000000000
48721  -6.313  48.549  -29.359 814.0000000000
53967  -15.983  85.521  -6.237 817.0000000000
54152  -24.571  62.816  6.342 818.0000000000
54241  -28.802  -13.787  -35.981 819.0000000000
54418  -43.322  -33.700  0.338 820.0000000000
54807  -63.797  -3.903  5.282 822.0000000000
55036  -59.927  -46.842  -25.574 823.0000000000
49865  -25.413  -15.091  -43.214 824.0000000000
55021  -36.352  31.615  8.868 825.0000000000
50490  -33.627  22.320  -37.321 826.0000000000
51380  -0.337  -21.005  41.813 832.0000000000
51962  -1.467  -26.795  1.132 834.0000000000
51403  -0.785  6.277  49.459 835.0000000000
57123  -54.186  -46.995  -20.931 840.0000000000
56213  -2.289  62.561  -47.407 841.0000000000
48669  -11.900  -62.347  -35.191 846.0000000000
53104  -40.310  -2.638  -47.718 848.0000000000
48654  -20.640  18.608  -38.771 849.0000000000
43200  -12.319  88.168  -21.991 850.0000000000
48722  -3.708  48.842  -30.909 852.0000000000
49008  -50.449  -55.165  5.628 853.0000000000
49129  -3.345  -14.008  -5.371 854.0000000000
49283  -1.410  43.507  -46.927 855.0000000000
49500  -12.315  -72.326  12.024 856.0000000000
49839  -39.907  46.569  25.966 857.0000000000
49803  -51.408  -32.293  -11.389 858.0000000000
50164  -1.324  -32.261  23.491 859.0000000000
50645  -56.284  -33.319  20.185 864.0000000000
38871  -26.177  46.850  -39.657 865.0000000000
50507  -29.760  31.898  -39.467 866.0000000000
45978  -37.277  -77.109  -23.259 869.0000000000
47221  -32.562  -8.359  46.600 870.0000000000
51963  -20.391  -47.654  31.314 876.0000000000
47279  -50.710  9.294  34.819 877.0000000000
48317  -16.815  -10.542  -40.112 878.0000000000
49491  -7.831  33.012  12.043 884.0000000000
48680  -41.902  68.722  -17.241 886.0000000000
43169  -62.418  -42.328  -21.650 888.0000000000
36667  -51.022  24.037  2.127 890.0000000000
43831  -6.905  -78.166  -28.679 891.0000000000
43830  -23.691  -70.145  -39.542 892.0000000000
37255  -58.689  -6.092  -38.316 893.0000000000
37506  -19.700  24.592  30.493 894.0000000000
37951  -48.477  -52.685  22.598 895.0000000000
38123  -35.697  -1.388  -3.555 898.0000000000
45410  -56.059  -17.711  15.802 900.0000000000
38455  -46.727  29.779  -59.663 901.0000000000
39347  -20.935  43.057  -40.115 904.0000000000
39301  -41.604  1.704  -4.870 906.0000000000
46256  -13.588  -56.566  14.865 909.0000000000
41072  -7.147  -73.738  -20.628 914.0000000000
33097  -42.244  30.430  -50.181 915.0000000000
42729  -47.210  -37.128  3.145 919.0000000000
48360  -57.945  -19.111  9.230 924.0000000000
43423  -41.687  -41.951  -7.020 925.0000000000
23450  -42.625  -70.249  -4.450 929.0000000000
36249  -2.749  -73.802  -17.524 930.0000000000
36250  -21.850  82.834  -0.444 931.0000000000
24380  -0.944  51.408  -25.998 934.0000000000
5366  -30.676  57.347  20.242 935.0000000000
37256  -50.362  -7.371  -9.782 937.0000000000
26810  -13.542  -45.109  -11.155 939.0000000000
27442  -1.688  56.346  -18.665 946.0000000000
29413  -21.347  -38.706  -30.473 951.0000000000
19932  1.542  -66.871  -4.424 952.0000000000
20077  -47.932  -42.414  -8.000 957.0000000000
34100  -40.539  32.076  -61.582 962.0000000000
22883  -5.504  -40.148  -13.419 963.0000000000
36027  -18.901  -11.476  -41.478 965.0000000000
24275  -68.155  -11.169  -32.356 966.0000000000
23607  -41.144  -18.841  4.257 968.0000000000
23714  -1.019  -62.821  -13.204 969.0000000000
5426  -36.285  52.838  -33.023 975.0000000000
5770  -23.072  -34.024  53.347 977.0000000000
8191  -54.906  46.902  -2.691 978.0000000000
27391  -54.198  31.613  -30.862 982.0000000000
26831  -28.012  75.282  -8.491 983.0000000000
3791  -21.555  33.874  -44.691 984.0000000000
28088  -29.803  -50.429  33.963 985.0000000000
5720  -14.679  51.760  36.843 987.0000000000
18387  -10.980  -65.930  22.271 989.0000000000
18508  -3.866  77.292  -2.439 991.0000000000
22809  0.442  -0.703  30.991 995.0000000000
22859  -16.210  58.545  32.516 997.0000000000
23875  -0.942  8.615  11.027 1001.0000000000
23715  -0.448  -63.068  -13.403 1008.0000000000
57384  -45.231  -19.293  -44.094 1011.0000000000
5368  -60.442  -35.651  -38.735 1013.0000000000
8190  -22.315  -21.468  -16.277 1023.0000000000
8251  -0.487  28.807  -26.839 1024.0000000000
8252  -54.764  44.491  -20.638 1025.0000000000
3793  -23.776  -50.976  -16.179 1026.0000000000
27419  -59.299  5.182  24.393 1028.0000000000
1778  -58.229  11.798  14.150 1039.0000000000
2016  -59.126  27.062  9.805 1041.0000000000
22810  -0.054  -0.070  29.823 1045.0000000000
4142  -36.424  -36.156  34.743 1048.0000000000
23608  -36.299  10.297  -4.965 1052.0000000000
53949  -29.337  -45.576  -36.629 1054.0000000000
52675  -0.626  39.090  -2.451 1058.0000000000
5367  -8.046  8.542  50.371 1059.0000000000
56236  -42.687  -60.960  -2.156 1064.0000000000
5536  -30.723  34.180  -35.893 1065.0000000000
10971  -0.713  -26.553  1.751 1070.0000000000
56809  -59.085  -16.299  13.346 1072.0000000000
18509  -25.113  -71.588  -8.570 1074.0000000000
3792  -10.324  -16.061  22.004 1076.0000000000
18510  -63.509  -2.721  -46.758 1081.0000000000
1780  -64.644  -8.678  -45.846 1084.0000000000
1885  0.372  -56.292  -19.908 1090.0000000000
2015  -59.019  27.815  7.211 1091.0000000000
23897  -0.644  14.337  -25.201 1092.0000000000
4141  -37.188  -35.814  35.253 1094.0000000000
3201  0.615  -56.179  -17.757 1095.0000000000
4143  -22.104  -80.119  -3.548 1096.0000000000
53916  -52.266  55.228  -25.425 1098.0000000000
50586  -4.411  53.222  -29.823 1099.0000000000
54301  -56.732  24.876  -42.293 1102.0000000000
53166  -57.090  -34.300  -3.567 1107.0000000000
53820  -25.417  -25.677  43.138 1110.0000000000
56254  -22.655  -63.506  31.359 1111.0000000000
57143  -7.634  20.093  19.052 1113.0000000000
54634  -1.454  -85.493  -23.708 1115.0000000000
54667  -5.922  -59.637  11.387 1119.0000000000
1841  -26.518  54.508  12.525 1124.0000000000
55508  -46.374  -53.525  1.825 1126.0000000000
1779  -57.715  11.418  14.324 1127.0000000000
2014  -30.490  75.042  -34.218 1131.0000000000
56429  -40.422  -47.815  23.938 1136.0000000000
50563  -0.970  52.814  -30.510 1139.0000000000
48007  -20.342  -84.829  -8.809 1142.0000000000
48298  -35.012  38.339  -11.576 1143.0000000000
48377  -53.743  4.622  28.154 1144.0000000000
49603  -1.343  28.462  49.000 1149.0000000000
49818  -31.366  -25.865  40.823 1150.0000000000
50233  -14.004  -19.355  28.215 1151.0000000000
50259  -50.231  -57.715  11.622 1152.0000000000
49817  -24.680  45.506  26.045 1153.0000000000
54643  -0.139  27.518  33.619 1155.0000000000
52282  -1.018  -45.879  23.901 1159.0000000000
51951  -23.847  65.187  10.070 1162.0000000000
52653  -44.524  17.115  34.402 1164.0000000000
52901  -13.633  -65.150  20.090 1167.0000000000
52911  -57.315  33.472  5.057 1169.0000000000
53268  -39.657  16.757  -31.851 1171.0000000000
47971  -41.794  29.679  29.229 1173.0000000000
56442  -51.640  -46.151  17.854 1176.0000000000
40240  -42.650  -22.527  -45.428 1177.0000000000
47445  -46.546  -48.641  -23.426 1178.0000000000
47444  -19.377  26.547  29.617 1179.0000000000
44021  -0.460  58.207  -0.548 1183.0000000000
49628  -39.855  -54.977  9.457 1188.0000000000
45605  -1.340  -76.309  -20.734 1192.0000000000
46263  -19.543  28.279  50.492 1194.0000000000
47596  -40.747  -30.265  33.078 1201.0000000000
46991  -50.382  -29.243  -43.986 1203.0000000000
53672  -6.658  -49.629  -2.607 1213.0000000000
48621  -20.357  27.396  28.708 1214.0000000000
39024  -51.421  -4.893  -11.675 1215.0000000000
40209  -20.399  12.211  -46.104 1216.0000000000
28525  -32.209  -35.058  22.157 1218.0000000000
29705  -43.109  51.787  -22.491 1219.0000000000
20677  -62.826  -40.877  -6.424 1221.0000000000
42877  -45.955  1.760  18.404 1223.0000000000
32265  -37.865  50.397  -0.923 1226.0000000000
20898  -37.956  -1.734  17.300 1228.0000000000
33292  -35.296  3.190  -37.947 1231.0000000000
43991  -36.491  -47.412  38.765 1232.0000000000
44820  -40.688  -71.050  -4.702 1233.0000000000
44769  -16.749  -38.567  37.716 1235.0000000000
45563  -6.994  -83.826  -4.246 1236.0000000000
36646  -44.838  28.263  -47.057 1240.0000000000
37502  -39.683  63.993  -21.998 1246.0000000000
47234  -32.918  12.770  31.673 1247.0000000000
38479  -49.829  -46.021  -3.801 1249.0000000000
38074  -49.216  40.890  -10.476 1251.0000000000
47931  -21.057  43.313  -41.730 1252.0000000000
47932  -4.143  -68.054  -14.941 1255.0000000000
39010  -27.920  -65.124  8.573 1256.0000000000
48301  -55.797  40.711  -15.009 1257.0000000000
27427  -59.351  -18.180  -19.113 1260.0000000000
28357  -42.299  69.701  -8.319 1261.0000000000
4098  -60.995  4.795  -48.526 1268.0000000000
18397  -50.541  -63.070  -8.302 1269.0000000000
21006  -11.800  -10.242  -27.798 1274.0000000000
23811  -8.801  15.951  21.784 1276.0000000000
22955  -45.421  -9.798  18.535 1283.0000000000
25214  -22.347  11.604  -42.264 1286.0000000000
26220  -6.952  -15.301  53.906 1288.0000000000
25615  -63.597  -18.179  6.351 1289.0000000000
26500  -38.614  10.784  -31.081 1292.0000000000
26289  -38.059  -4.526  18.792 1293.0000000000
27708  -47.715  10.896  -51.647 1294.0000000000
15317  -29.796  -44.774  39.441 1298.0000000000
38478  -56.431  -17.798  11.485 1300.0000000000
38978  -0.577  42.313  -1.272 1302.0000000000
39359  -65.018  5.841  -14.531 1303.0000000000
29558  -45.761  61.525  -1.126 1305.0000000000
12933  -5.648  32.936  17.482 1307.0000000000
13714  -62.170  -17.881  18.454 1308.0000000000
13715  -25.891  -55.507  -35.380 1310.0000000000
13806  -65.125  2.666  -22.792 1311.0000000000
5703  -23.170  40.749  39.940 1316.0000000000
6710  -23.431  -81.800  -3.134 1318.0000000000
7798  -32.993  58.898  -36.209 1320.0000000000
10244  -10.003  -36.905  -17.504 1326.0000000000
10298  -21.230  20.980  32.306 1328.0000000000
14386  -53.189  -38.952  -20.063 1335.0000000000
27728  -16.495  10.143  -52.570 1340.0000000000
15215  -29.427  24.411  -36.790 1341.0000000000
16041  -18.647  22.151  -39.010 1343.0000000000
16952  -62.106  20.491  5.657 1344.0000000000
28978  -55.790  -10.029  26.979 1345.0000000000
16906  -33.695  7.925  -60.048 1346.0000000000
57182  -0.806  -47.369  37.556 1349.0000000000
13713  -42.408  30.110  -25.777 1352.0000000000
4100  -19.802  -80.804  -8.348 1354.0000000000
4155  -27.963  -46.127  36.706 1358.0000000000
6711  -23.088  -82.471  -3.708 1359.0000000000
5702  -43.776  -33.771  -41.833 1361.0000000000
6709  -56.057  2.669  31.037 1364.0000000000
8485  -44.206  19.108  -58.289 1365.0000000000
8484  -25.504  82.138  -7.984 1368.0000000000
11779  -17.905  79.680  7.424 1370.0000000000
10299  -20.483  21.224  33.233 1371.0000000000
11847  -2.830  -55.402  -25.487 1373.0000000000
12150  -44.958  -12.570  17.279 1375.0000000000
12399  -52.412  -55.446  -26.711 1376.0000000000
13492  -51.601  -2.248  19.633 1380.0000000000
14387  -25.073  22.398  -67.178 1381.0000000000
13524  -42.368  -13.440  -44.551 1383.0000000000
15318  -28.829  -45.156  39.258 1385.0000000000
16139  -49.735  9.372  -63.449 1388.0000000000
17008  -1.052  62.346  -11.345 1390.0000000000
57088  -57.941  -6.528  -38.678 1391.0000000000
57227  -10.860  -50.074  1.874 1394.0000000000
52129  -40.754  -50.111  0.124 1395.0000000000
52736  0.521  28.563  26.195 1396.0000000000
4099  -58.441  -25.123  -31.962 1397.0000000000
7799  -51.666  18.854  -42.436 1403.0000000000
10273  -55.601  11.738  -31.664 1410.0000000000
11780  -19.454  79.779  7.311 1411.0000000000
11747  -0.861  -36.777  15.430 1413.0000000000
11888  -37.500  -29.049  29.883 1414.0000000000
12775  -4.690  53.068  39.586 1417.0000000000
15214  -26.319  -8.348  46.764 1425.0000000000
16075  -64.083  -27.902  -36.365 1427.0000000000
16953  -32.482  -18.692  -35.864 1428.0000000000
16138  -48.426  7.846  -63.421 1429.0000000000
16927  -34.160  7.615  -59.744 1430.0000000000
17452  -51.630  51.550  -1.211 1431.0000000000
38760  -12.201  -24.315  34.703 1432.0000000000
50150  -22.860  -12.458  -43.108 1433.0000000000
38963  -0.546  77.211  -29.418 1434.0000000000
39066  -41.353  15.002  -21.918 1436.0000000000
51123  -61.377  18.300  -35.852 1437.0000000000
43804  -47.794  -39.421  -34.421 1440.0000000000
44596  -35.841  37.122  -18.218 1442.0000000000
45325  -46.028  -40.936  17.175 1444.0000000000
38248  -60.575  18.467  -33.313 1446.0000000000
54465  -46.672  -21.536  31.259 1449.0000000000
38311  -33.547  -27.114  21.650 1452.0000000000
47042  -0.876  -2.916  45.906 1455.0000000000
55376  -7.277  -37.586  47.551 1459.0000000000
40050  -0.705  -40.636  18.253 1462.0000000000
55950  -47.380  26.661  17.960 1464.0000000000
55959  -28.071  41.540  -22.623 1467.0000000000
56152  -0.551  61.620  -47.004 1468.0000000000
56140  -55.506  29.936  -0.017 1470.0000000000
56317  -41.996  -71.390  -15.021 1472.0000000000
56497  -3.642  -48.176  -5.305 1473.0000000000
56487  -44.791  -46.649  -21.586 1475.0000000000
27219  -12.515  -30.771  58.304 1477.0000000000
34928  -11.664  -14.887  42.947 1486.0000000000
43122  -33.933  33.482  -38.938 1489.0000000000
37870  -22.625  -46.591  -15.159 1494.0000000000
46045  -1.762  44.958  22.583 1500.0000000000
38810  -25.148  -66.961  2.582 1502.0000000000
20101  -11.276  -42.852  -24.990 1505.0000000000
39272  -31.431  -40.203  32.786 1507.0000000000
47404  -4.676  13.726  23.387 1508.0000000000
47774  -42.710  -50.999  31.624 1511.0000000000
40051  -23.921  -40.847  31.451 1513.0000000000
48335  -13.588  -56.818  12.270 1514.0000000000
40501  -0.646  44.328  -39.843 1515.0000000000
48371  -41.296  -2.247  43.365 1516.0000000000
41313  1.037  -54.639  15.276 1517.0000000000
40938  -59.750  -20.953  0.861 1518.0000000000
49251  -39.525  -55.893  11.936 1519.0000000000
41682  -8.607  -55.789  18.275 1520.0000000000
48996  -1.361  -36.411  12.479 1521.0000000000
49250  -3.330  59.465  -16.714 1522.0000000000
49292  -50.028  -42.123  1.128 1523.0000000000
27220  -26.894  -71.919  11.414 1525.0000000000
4657  -17.093  13.124  -54.366 1526.0000000000
9065  -45.862  -65.330  -31.790 1529.0000000000
31645  -5.666  -66.492  -35.239 1530.0000000000
33301  0.208  61.708  -5.498 1533.0000000000
35570  -2.339  82.170  -0.681 1534.0000000000
34959  -60.910  -21.089  3.339 1535.0000000000
36480  -56.564  -40.865  -41.665 1536.0000000000
37318  -17.024  -8.501  -41.666 1538.0000000000
38312  -7.544  49.214  -44.864 1545.0000000000
38249  -39.712  -22.028  0.019 1546.0000000000
18763  -2.213  -39.002  -12.413 1547.0000000000
38313  -24.088  24.420  38.882 1549.0000000000
17988  -65.463  -8.297  -5.444 1550.0000000000
18823  -26.903  -22.543  39.388 1553.0000000000
21596  -62.802  -27.905  -40.440 1558.0000000000
21395  -28.215  -68.976  -33.043 1560.0000000000
21595  -5.212  -36.714  1.882 1564.0000000000
41328  -48.717  -54.516  21.619 1568.0000000000
29200  -44.608  -41.750  -8.915 1569.0000000000
27389  -41.815  -72.794  -15.718 1570.0000000000
2373  -8.222  -69.880  -16.107 1571.0000000000
2693  -26.155  72.545  10.232 1572.0000000000
2375  -1.040  82.734  -25.295 1573.0000000000
10750  -39.689  -0.619  -8.151 1577.0000000000
34929  -4.324  60.240  -14.596 1579.0000000000
35571  -9.925  -52.510  19.933 1581.0000000000
36481  -33.203  -17.684  24.168 1583.0000000000
37319  -17.044  -9.779  -40.974 1585.0000000000
37871  -49.924  -34.267  -4.748 1587.0000000000
18043  -23.614  6.279  53.787 1594.0000000000
18762  -13.445  -48.927  -14.153 1596.0000000000
18824  -29.771  -14.135  -29.098 1598.0000000000
21621  -46.005  -21.035  39.091 1600.0000000000
20102  -59.258  -18.919  -34.584 1602.0000000000
21644  -46.397  -20.815  39.904 1605.0000000000
21699  -42.781  43.194  -20.079 1608.0000000000
23075  -47.464  -58.854  -35.176 1611.0000000000
23035  -36.292  48.555  17.428 1612.0000000000
41050  -52.193  -22.921  -13.743 1613.0000000000
23104  -26.389  -28.805  50.251 1614.0000000000
23765  -19.591  12.846  -42.664 1615.0000000000
27388  -20.914  -71.172  5.941 1616.0000000000
4757  -12.220  -36.520  51.305 1620.0000000000
9066  -48.164  36.032  -46.735 1622.0000000000
19994  -42.002  -63.879  -2.254 1623.0000000000
17989  -65.950  -9.912  -4.938 1637.0000000000
21394  -1.462  59.753  -28.183 1650.0000000000
21597  -62.176  -26.842  -41.633 1652.0000000000
22362  -24.754  -10.100  53.490 1655.0000000000
23058  -46.362  -59.599  -35.799 1657.0000000000
23076  -33.192  14.913  43.378 1659.0000000000
12798  -25.698  -51.126  -35.809 1660.0000000000
39577  -55.577  -27.491  -31.331 1662.0000000000
39941  -39.414  8.786  -26.361 1663.0000000000
12981  0.191  52.382  0.654 1664.0000000000
41093  -7.583  -28.292  -18.687 1665.0000000000
16938  -47.843  56.073  -20.783 1666.0000000000
44160  -22.243  -1.903  57.134 1671.0000000000
21071  -60.964  -6.575  -24.589 1673.0000000000
21708  -5.515  69.462  -45.525 1674.0000000000
22733  -16.920  -44.545  -1.885 1676.0000000000
23399  -63.183  -7.992  -37.630 1678.0000000000
24195  -23.820  15.862  40.248 1680.0000000000
24869  -31.806  8.250  49.344 1682.0000000000
26779  -44.776  -37.988  7.820 1685.0000000000
25610  0.416  -47.356  -0.284 1687.0000000000
18764  -5.666  22.550  38.602 1689.0000000000
47367  -7.127  -60.961  25.050 1690.0000000000
28172  -67.371  -10.191  -34.966 1692.0000000000
27948  -49.514  24.608  30.063 1695.0000000000
29252  -7.208  60.833  -16.782 1701.0000000000
29609  -54.954  -15.309  34.715 1703.0000000000
20714  -8.621  -29.379  13.378 1714.0000000000
27949  -48.741  24.270  31.553 1733.0000000000
26884  -59.547  -17.330  23.024 1735.0000000000
29251  -32.253  -2.772  52.759 1738.0000000000
29204  -0.489  63.645  20.230 1743.0000000000
29662  -34.234  62.744  16.936 1744.0000000000
42558  -21.275  -47.586  36.118 1751.0000000000
12827  -53.900  -1.317  21.050 1752.0000000000
13005  -22.602  13.780  31.197 1754.0000000000
15383  -5.157  -52.304  42.870 1755.0000000000
16966  -60.117  -8.018  -35.994 1756.0000000000
18487  -42.177  -44.573  -21.576 1757.0000000000
21072  -61.651  -5.829  -24.744 1760.0000000000
21709  -39.091  -50.977  35.949 1761.0000000000
22734  -60.932  -27.867  -42.580 1763.0000000000
23400  -43.660  22.544  -61.823 1765.0000000000
24196  -53.821  30.587  -26.019 1767.0000000000
24929  -26.530  6.655  48.992 1771.0000000000
26835  -21.430  6.666  -38.003 1776.0000000000
28318  -28.405  -14.846  -22.951 1781.0000000000
51765  -5.828  -38.389  6.543 1786.0000000000
29250  -40.826  -1.977  -17.195 1787.0000000000
29223  -7.723  -2.445  -39.562 1788.0000000000
30230  -37.744  42.201  26.624 1792.0000000000
29628  -9.803  -70.474  8.218 1794.0000000000
30767  -3.387  52.320  9.390 1796.0000000000
25467  -34.456  -1.682  -36.922 1797.0000000000
25967  -48.565  19.128  -22.044 1798.0000000000
28438  -13.417  -13.836  -24.666 1801.0000000000
29669  -34.752  -64.691  -9.461 1802.0000000000
32293  -17.408  77.710  -18.595 1809.0000000000
31290  -21.903  45.290  -41.255 1810.0000000000
36938  -62.122  -0.879  1.567 1818.0000000000
37099  -61.137  -29.194  -9.650 1820.0000000000
37806  -19.687  -37.282  -16.600 1822.0000000000
38749  -43.560  40.069  -12.047 1826.0000000000
38748  -47.505  40.508  -9.715 1827.0000000000
39629  -50.698  53.331  0.250 1830.0000000000
48446  -39.096  29.430  27.339 1845.0000000000
52763  -39.972  -48.490  24.690 1846.0000000000
48536  -43.363  15.867  -18.315 1847.0000000000
48228  -48.501  53.772  -22.330 1848.0000000000
48544  -0.529  34.332  13.697 1849.0000000000
48122  -4.193  -19.818  6.411 1850.0000000000
25468  -22.877  -54.950  37.490 1851.0000000000
2795  -47.915  24.431  -24.787 1859.0000000000
7814  -60.453  -20.734  -30.442 1864.0000000000
12859  -33.376  -4.036  -0.226 1865.0000000000
14591  -32.339  -7.433  47.828 1867.0000000000
16003  -50.550  24.393  25.361 1869.0000000000
18981  -44.239  10.772  -25.590 1877.0000000000
20374  -1.834  55.312  -48.442 1880.0000000000
20987  -59.309  -40.091  18.468 1884.0000000000
20513  -2.589  -22.174  16.603 1885.0000000000
21074  -63.117  14.686  -37.649 1888.0000000000
21829  -45.632  -44.170  -20.485 1890.0000000000
40432  -12.539  52.801  36.649 1891.0000000000
22572  -46.958  39.048  3.874 1895.0000000000
41263  -39.343  -7.549  30.407 1897.0000000000
41937  -2.542  23.271  38.285 1898.0000000000
41936  -37.456  -7.389  27.828 1899.0000000000
41700  -11.987  -46.425  41.596 1900.0000000000
26026  -37.431  -4.669  -19.894 1902.0000000000
28439  -30.887  80.144  -11.886 1905.0000000000
28459  -26.664  -75.778  -5.187 1907.0000000000
2797  -59.568  13.714  -1.026 1908.0000000000
5692  -42.707  -38.762  13.716 1912.0000000000
7813  -1.441  -26.796  44.670 1914.0000000000
16004  -34.016  50.706  22.512 1922.0000000000
37100  -62.360  13.105  10.523 1924.0000000000
18980  -44.551  9.285  -24.048 1926.0000000000
19252  -18.157  -32.297  41.946 1929.0000000000
19374  -40.935  -13.648  -7.605 1933.0000000000
21929  -10.990  9.832  49.213 1942.0000000000
23284  -25.196  46.006  -33.715 1949.0000000000
24614  -0.489  78.081  -28.832 1951.0000000000
24055  -8.039  -65.931  -10.641 1952.0000000000
46526  -55.130  -44.432  22.806 1953.0000000000
53972  -50.325  -52.666  0.709 1955.0000000000
54170  -39.935  -47.401  21.307 1956.0000000000
48493  -22.659  -60.597  23.242 1961.0000000000
49640  -43.316  -46.417  -29.771 1962.0000000000
2796  -58.297  13.110  -0.503 1965.0000000000
2906  -48.723  46.423  4.550 1967.0000000000
10611  -56.949  17.424  -9.176 1972.0000000000
14592  -61.989  16.695  -33.136 1974.0000000000
16002  -47.632  -51.344  -38.229 1976.0000000000
18979  -43.464  9.879  -26.555 1984.0000000000
19251  -6.664  60.139  -46.177 1985.0000000000
19250  -6.876  58.371  -46.314 1986.0000000000
20375  -35.087  -5.322  -15.903 1987.0000000000
19399  -4.651  -61.072  -11.311 1989.0000000000
20439  -11.437  11.105  -43.950 1991.0000000000
21106  -59.478  14.517  2.950 1995.0000000000
21852  -37.039  38.109  3.552 1997.0000000000
23283  -24.568  45.406  -33.715 2001.0000000000
23318  -66.747  2.624  -27.461 2004.0000000000
24615  0.355  -39.770  32.570 2005.0000000000
24632  -48.998  62.691  -13.778 2006.0000000000
24074  -35.841  -11.899  -0.059 2007.0000000000
46524  -60.146  -44.668  -1.868 2008.0000000000
15678  -54.280  -30.793  30.051 2009.0000000000
46786  -48.195  31.579  13.414 2012.0000000000
50234  -0.182  49.004  -44.525 2020.0000000000
18945  -26.441  16.418  46.071 2021.0000000000
39360  -35.621  16.008  -3.279 2024.0000000000
40255  -3.674  9.287  23.865 2026.0000000000
52812  -53.587  -45.157  11.404 2029.0000000000
53312  -37.646  38.685  33.914 2034.0000000000
53622  -1.908  16.335  29.061 2035.0000000000
43338  -12.968  -31.296  16.779 2037.0000000000
44036  -56.037  -49.446  11.540 2039.0000000000
44308  -16.153  -20.275  55.876 2041.0000000000
44324  -19.738  47.099  39.536 2046.0000000000
45177  -1.111  73.937  -30.356 2048.0000000000
44566  -1.986  30.921  19.876 2049.0000000000
45142  -0.889  -35.399  0.534 2051.0000000000
48836  -47.855  -52.434  5.425 2055.0000000000
45575  -46.921  36.970  -13.170 2058.0000000000
12661  -40.279  -12.540  -44.052 2059.0000000000
15677  -53.297  -30.546  29.063 2064.0000000000
17477  -37.795  71.033  0.560 2065.0000000000
18127  -37.735  -4.253  -11.940 2067.0000000000
19111  -1.666  45.040  -31.664 2071.0000000000
19666  -35.423  -4.145  -8.134 2073.0000000000
23292  -61.220  -3.246  2.070 2077.0000000000
23293  -63.303  -3.470  1.437 2080.0000000000
41020  -62.515  -17.805  6.415 2081.0000000000
27036  -18.391  -57.780  40.241 2084.0000000000
41768  -26.551  -54.920  22.179 2089.0000000000
42442  -26.375  -84.178  -26.423 2091.0000000000
30518  -4.049  20.582  32.904 2100.0000000000
44567  -36.164  49.877  -31.749 2101.0000000000
31590  -26.484  25.548  -39.674 2111.0000000000
12662  -25.365  62.280  -35.745 2114.0000000000
13386  -1.175  -16.489  30.790 2115.0000000000
17498  -41.104  -20.547  -38.307 2126.0000000000
21859  -6.082  -12.803  -18.422 2132.0000000000
23291  -21.818  20.815  41.015 2135.0000000000
24766  -11.716  -11.932  50.200 2140.0000000000
27106  -26.805  -24.163  -28.751 2152.0000000000
28717  -28.561  -55.724  36.227 2153.0000000000
28743  -22.390  27.339  -45.306 2156.0000000000
29381  -61.101  -41.451  -28.364 2158.0000000000
29887  -53.242  11.977  -12.062 2160.0000000000
30517  -0.370  11.698  -12.767 2164.0000000000
45196  -0.786  -32.854  26.290 2167.0000000000
30788  -21.976  -9.045  35.424 2169.0000000000
32140  -20.765  64.930  -30.775 2170.0000000000
32139  0.234  62.094  -4.125 2173.0000000000
43589  -62.195  0.337  -6.712 2176.0000000000
13465  -51.241  58.175  -12.940 2177.0000000000
14075  -6.149  -33.377  -16.501 2181.0000000000
15742  -38.924  -3.456  -4.361 2183.0000000000
18280  -20.235  -20.053  -21.235 2186.0000000000
18568  -26.743  15.585  46.628 2188.0000000000
19112  -2.130  45.537  -31.541 2189.0000000000
19667  -30.226  -29.904  -26.696 2191.0000000000
48124  -3.621  49.417  -34.284 2194.0000000000
21860  -15.982  78.385  -4.998 2196.0000000000
24767  -9.849  -14.279  49.446 2200.0000000000
50628  -64.471  7.111  -14.950 2212.0000000000
27035  -4.123  40.491  13.780 2216.0000000000
27138  -10.128  48.123  6.638 2218.0000000000
28718  -20.350  -43.197  41.799 2220.0000000000
28781  -10.598  -66.991  -13.768 2223.0000000000
29404  -14.437  -70.544  24.766 2225.0000000000
29913  -32.792  -22.992  -31.299 2227.0000000000
52441  -35.806  -71.309  -7.910 2229.0000000000
30519  -10.698  -35.015  -18.835 2230.0000000000
30416  -42.972  -1.915  -46.654 2231.0000000000
30805  -17.992  18.351  -32.859 2237.0000000000
49479  -15.936  82.897  -34.211 2240.0000000000
43565  -55.677  -16.838  -34.681 2242.0000000000
17930  -22.545  73.205  0.814 2243.0000000000
18817  -41.465  13.035  -20.342 2245.0000000000
22480  -36.535  -47.196  1.960 2255.0000000000
23597  -14.070  -3.537  59.194 2257.0000000000
25108  -29.224  74.574  -7.508 2260.0000000000
23833  -2.026  -74.300  -1.395 2262.0000000000
29516  -6.371  -58.278  39.582 2275.0000000000
51266  -35.202  -69.724  -16.397 2283.0000000000
51475  -39.299  16.209  34.552 2285.0000000000
52708  -54.677  18.941  -35.986 2296.0000000000
52932  -51.289  15.082  33.218 2299.0000000000
49548  -25.441  -68.559  3.276 2307.0000000000
36590  -4.223  20.626  35.307 2309.0000000000
42883  -1.232  57.304  1.933 2310.0000000000
36046  -27.061  68.549  15.474 2311.0000000000
49582  -9.288  -48.610  16.151 2312.0000000000
17797  -47.800  -39.680  5.110 2314.0000000000
20522  0.067  22.182  20.911 2320.0000000000
20554  -37.377  25.750  -39.931 2321.0000000000
21506  -31.350  -76.800  0.513 2322.0000000000
22152  -16.291  6.824  -34.813 2323.0000000000
22266  -34.719  -14.273  -30.717 2325.0000000000
25109  -29.597  76.172  -6.933 2332.0000000000
26389  -59.785  5.499  -27.912 2337.0000000000
29599  -30.645  79.557  -14.987 2349.0000000000
30065  -14.530  68.428  24.254 2354.0000000000
31510  -21.791  -20.672  56.213 2356.0000000000
51323  -43.317  -33.797  1.226 2357.0000000000
33202  -46.935  -18.782  -46.373 2359.0000000000
33203  -25.945  -80.405  -3.389 2361.0000000000
33219  -55.794  18.761  -53.607 2366.0000000000
34158  -56.199  10.475  -52.770 2368.0000000000
1616  -41.278  1.596  -11.405 2369.0000000000
34159  -56.933  9.902  -53.330 2370.0000000000
1699  -51.710  53.119  -24.542 2373.0000000000
3636  -36.043  -39.002  31.046 2375.0000000000
35742  -16.659  31.822  49.315 2377.0000000000
1698  -23.783  -16.035  -35.915 2378.0000000000
36047  -17.872  -47.350  -31.983 2379.0000000000
35826  -41.525  -39.009  -26.115 2380.0000000000
4716  -60.530  -22.467  28.401 2383.0000000000
17931  -21.256  71.572  -0.266 2386.0000000000
20414  -54.575  7.682  -46.406 2387.0000000000
18475  -21.432  40.876  20.432 2390.0000000000
19384  -52.816  39.579  8.160 2392.0000000000
21505  -17.251  -12.500  58.497 2395.0000000000
22360  -48.121  3.186  26.663 2398.0000000000
23567  -17.668  0.788  -40.146 2400.0000000000
23834  -18.889  57.197  31.791 2403.0000000000
26388  -58.603  4.924  -28.129 2407.0000000000
49274  -1.187  15.145  -36.794 2408.0000000000
26387  -16.068  12.538  46.993 2417.0000000000
30200  -24.546  23.476  -38.406 2419.0000000000
27863  -19.484  -26.311  -30.126 2421.0000000000
51244  -20.367  16.872  -40.187 2426.0000000000
30149  1.229  -2.711  3.633 2427.0000000000
33204  -6.081  -80.323  7.764 2435.0000000000
110  -8.588  63.761  -22.736 2438.0000000000
109  -8.660  62.688  -23.525 2440.0000000000
1189  -46.168  37.720  -37.350 2442.0000000000
1188  -43.996  37.175  -37.438 2443.0000000000
1697  -57.189  -23.130  5.462 2445.0000000000
4622  0.402  -46.140  10.519 2453.0000000000
36048  -32.783  36.083  -9.740 2458.0000000000
5592  -21.939  -52.963  -32.930 2460.0000000000
21727  -1.159  8.586  11.011 2463.0000000000
24816  -53.690  31.446  -27.559 2466.0000000000
25939  -8.639  -55.643  26.346 2467.0000000000
26340  -36.465  62.173  -18.277 2471.0000000000
27221  -25.268  25.475  -41.911 2473.0000000000
49266  -34.548  -70.803  -15.294 2476.0000000000
49022  -7.317  48.645  -29.437 2479.0000000000
29758  1.824  1.340  -27.169 2482.0000000000
29759  -9.235  -45.910  -22.844 2490.0000000000
30286  -56.655  10.356  -12.028 2495.0000000000
52934  -7.683  -77.590  -31.948 2502.0000000000
52712  -63.194  -30.820  4.587 2503.0000000000
53209  -44.011  -29.877  -35.640 2504.0000000000
1187  -43.829  36.395  -36.491 2513.0000000000
108  -16.280  -47.619  -11.628 2516.0000000000
3637  -36.351  -40.557  31.132 2522.0000000000
4653  -35.784  -7.403  -16.365 2523.0000000000
3718  -7.522  68.548  -5.917 2524.0000000000
4583  -21.014  47.884  -32.024 2525.0000000000
4687  -37.968  -59.989  -0.766 2527.0000000000
22587  -34.694  22.885  44.890 2534.0000000000
24817  -54.519  30.758  -27.291 2536.0000000000
26048  -35.003  15.921  39.853 2540.0000000000
26774  -9.304  -29.148  14.004 2542.0000000000
26187  -53.083  54.905  -13.289 2544.0000000000
27461  -45.968  -34.552  -1.768 2546.0000000000
28554  -42.748  -13.003  -4.380 2551.0000000000
27866  -40.539  42.090  28.070 2556.0000000000
29757  -14.622  14.305  -48.033 2563.0000000000
30201  -29.731  77.632  -7.350 2564.0000000000
32479  -53.883  7.434  5.998 2572.0000000000
52197  -9.467  -36.995  25.892 2573.0000000000
14555  -47.992  16.090  -52.918 2574.0000000000
14554  -64.577  -17.032  14.454 2576.0000000000
35492  -5.731  -72.356  -15.262 2579.0000000000
35901  0.304  43.505  5.788 2584.0000000000
35990  -1.749  -45.730  -16.183 2586.0000000000
36390  -3.210  -17.724  54.568 2591.0000000000
36904  -12.078  26.727  -38.717 2592.0000000000
37188  -46.602  -19.322  25.835 2593.0000000000
37540  -23.763  -70.782  16.190 2597.0000000000
18997  -14.029  68.706  -40.340 2599.0000000000
37042  -60.937  16.333  7.800 2600.0000000000
20413  -37.365  9.138  46.784 2601.0000000000
38553  -41.740  14.097  -20.287 2604.0000000000
25998  -56.440  7.932  -47.867 2609.0000000000
26186  -30.865  26.504  -60.482 2611.0000000000
26775  -0.770  -35.183  -4.676 2614.0000000000
27462  -38.312  52.591  19.744 2618.0000000000
43767  -62.087  10.920  15.864 2631.0000000000
43793  -22.879  55.631  -33.406 2632.0000000000
30351  -22.957  65.671  20.124 2638.0000000000
20761  -9.366  -0.278  -40.994 2643.0000000000
14556  -48.898  15.813  -53.229 2648.0000000000
35493  0.549  41.298  19.799 2651.0000000000
35991  -35.426  35.598  -41.550 2658.0000000000
23817  -46.303  -22.573  7.240 2660.0000000000
36946  -45.968  -50.864  21.941 2662.0000000000
36905  -12.641  25.819  -39.187 2664.0000000000
37210  -32.404  -80.473  -14.247 2665.0000000000
37298  -57.385  -44.258  1.203 2667.0000000000
37787  -47.348  -21.008  -42.967 2668.0000000000
37043  -33.626  4.329  -61.549 2672.0000000000
2315  -32.273  -26.111  -29.311 2675.0000000000
2316  -42.711  -16.827  -3.686 2676.0000000000
3513  -10.558  -4.527  -38.792 2679.0000000000
9068  -43.243  -18.803  21.058 2682.0000000000
8249  -60.127  -32.018  -7.768 2686.0000000000
8435  -30.539  63.311  -33.672 2688.0000000000
42223  -26.052  20.990  -39.249 2693.0000000000
42961  -2.932  -27.932  -0.411 2699.0000000000
15610  -24.527  -35.678  28.065 2706.0000000000
17267  -0.036  -16.232  -10.329 2710.0000000000
46944  -31.689  -37.012  19.210 2713.0000000000
21599  -14.507  -81.170  -38.454 2716.0000000000
47355  -43.276  -56.770  8.036 2719.0000000000
47471  -53.987  40.999  6.879 2723.0000000000
24402  -62.732  -18.201  7.168 2727.0000000000
47937  -12.036  -60.673  -34.299 2729.0000000000
48294  -27.744  -36.517  51.863 2730.0000000000
48249  -13.114  -62.590  23.448 2732.0000000000
48604  -24.309  -45.048  -26.273 2733.0000000000
24605  -55.889  -48.912  -6.688 2736.0000000000
48657  -53.887  9.206  30.482 2737.0000000000
3512  -57.163  28.297  11.382 2743.0000000000
8248  -60.364  -32.951  -7.118 2748.0000000000
8434  -30.450  62.675  -33.984 2750.0000000000
8250  -0.399  30.146  -27.862 2755.0000000000
13253  -9.989  37.519  9.520 2763.0000000000
14814  -32.106  32.260  -34.318 2765.0000000000
14919  -18.188  80.379  -18.360 2769.0000000000
15661  -48.652  3.052  14.068 2772.0000000000
17268  -4.596  -81.097  -33.168 2773.0000000000
19388  -38.264  24.756  -13.336 2775.0000000000
20737  -0.586  56.987  11.544 2778.0000000000
22365  -42.762  -1.955  17.240 2783.0000000000
23078  -7.889  -21.189  34.350 2787.0000000000
23816  -47.032  -22.337  7.012 2789.0000000000
24401  -38.626  8.394  -10.290 2793.0000000000
24339  -5.269  25.760  -39.196 2796.0000000000
24606  -25.205  12.869  50.602 2797.0000000000
25143  -0.239  40.768  15.321 2798.0000000000
37044  -0.115  -38.035  33.428 2802.0000000000
17966  -0.568  76.763  7.545 2803.0000000000
2317  -7.007  -27.054  48.298 2805.0000000000
3539  -6.442  -21.556  -14.413 2807.0000000000
22813  -55.723  0.514  18.829 2810.0000000000
8496  -4.885  65.542  -2.639 2812.0000000000
6136  -36.157  47.548  -33.243 2814.0000000000
8403  -59.939  -3.219  4.582 2817.0000000000
11414  -38.510  -1.015  48.775 2827.0000000000
14813  0.197  59.930  11.110 2832.0000000000
32310  -26.928  76.412  -10.417 2841.0000000000
33742  -2.217  -5.578  41.700 2844.0000000000
21600  -42.125  72.517  -16.299 2845.0000000000
34876  -19.706  78.522  -22.084 2847.0000000000
22364  -57.924  -44.726  -19.681 2848.0000000000
22421  0.186  59.936  23.656 2852.0000000000
23105  -20.354  61.009  8.319 2854.0000000000
23690  -43.095  -3.239  37.145 2858.0000000000
24473  -23.758  -75.880  -2.955 2861.0000000000
25123  -16.601  -9.885  -33.546 2863.0000000000
17191  -35.136  48.296  -17.946 2865.0000000000
17209  -17.322  81.074  -22.376 2866.0000000000
18454  -43.766  -48.056  22.230 2867.0000000000
19393  -46.035  31.654  -29.179 2870.0000000000
22814  -47.516  -50.053  -17.940 2873.0000000000
20784  -40.559  21.058  4.060 2875.0000000000
25772  -16.332  8.360  45.879 2879.0000000000
22812  -7.722  -87.969  -25.455 2882.0000000000
26931  -6.735  -30.762  43.456 2888.0000000000
28171  -33.529  -42.765  42.437 2891.0000000000
29416  -13.907  -37.684  -18.439 2896.0000000000
15609  -24.893  -35.868  29.217 2897.0000000000
54074  -6.262  -53.739  0.943 2899.0000000000
32311  -26.558  -32.944  25.531 2903.0000000000
34964  -36.016  -9.543  -1.471 2913.0000000000
35458  0.375  7.591  -28.840 2915.0000000000
36213  -13.259  84.900  -1.577 2918.0000000000
36141  -36.638  -1.969  -55.437 2920.0000000000
36379  -50.885  42.453  -24.283 2921.0000000000
36215  -23.168  -20.810  -37.497 2922.0000000000
22016  -27.658  -20.540  -18.347 2923.0000000000
22017  -28.649  -18.572  -19.103 2925.0000000000
23401  -47.408  5.105  15.213 2928.0000000000
20863  -24.866  -18.425  -38.690 2930.0000000000
24316  -21.340  -56.490  39.902 2932.0000000000
25789  1.348  3.730  0.082 2941.0000000000
27776  -39.761  34.032  36.296 2946.0000000000
29372  -62.301  -5.277  -39.852 2949.0000000000
32129  -50.025  24.773  -59.722 2956.0000000000
32761  -48.137  64.124  -21.506 2958.0000000000
33761  -38.634  57.052  -38.866 2964.0000000000
34921  -55.270  35.021  9.628 2969.0000000000
35399  -13.744  83.959  1.471 2971.0000000000
35476  -27.552  30.190  -48.568 2973.0000000000
36142  1.440  24.445  1.353 2974.0000000000
36214  -22.733  -21.533  -38.104 2976.0000000000
36166  -52.102  14.699  -15.074 2977.0000000000
36231  -30.796  78.142  -18.965 2979.0000000000
19823  -60.716  1.267  11.410 2980.0000000000
22095  -64.002  -21.213  20.307 2982.0000000000
23402  -55.396  -29.420  -31.700 2986.0000000000
27548  -6.662  32.019  17.767 2998.0000000000
28581  -52.126  8.887  -11.413 3002.0000000000
54130  -36.872  -61.186  -37.270 3003.0000000000
54499  -24.574  36.528  30.873 3005.0000000000
32128  -49.255  24.550  -60.642 3008.0000000000
33287  1.583  19.690  -8.611 3011.0000000000
34230  -1.412  -3.428  9.303 3014.0000000000
34760  -51.322  37.781  -7.169 3017.0000000000
35718  -39.397  -30.146  43.511 3020.0000000000
36170  -24.526  -12.472  50.229 3022.0000000000
36724  -56.749  -10.547  -3.633 3025.0000000000
37084  -46.626  -40.340  -38.650 3027.0000000000
13832  -64.138  4.328  -23.911 3029.0000000000
15239  -54.713  6.210  -59.388 3031.0000000000
15269  -42.054  -6.264  -47.511 3036.0000000000
15665  -10.257  6.322  -35.534 3040.0000000000
18350  -4.601  -48.942  39.131 3043.0000000000
18391  -27.885  28.668  -39.577 3047.0000000000
21241  -40.773  66.287  -5.387 3053.0000000000
54488  0.614  26.198  29.761 3055.0000000000
23456  -62.820  -39.079  -0.635 3057.0000000000
26649  -16.800  -46.111  -8.552 3060.0000000000
27567  -39.942  -9.313  48.801 3063.0000000000
28763  -6.649  -64.755  -32.903 3066.0000000000
34777  -34.171  4.616  -40.247 3068.0000000000
35732  -42.947  -46.674  -1.736 3070.0000000000
36185  -10.620  -56.664  29.107 3072.0000000000
36747  -54.298  -1.112  -55.618 3074.0000000000
37116  -50.027  17.897  -18.194 3075.0000000000
14588  -12.759  6.067  58.487 3076.0000000000
15532  -4.312  -17.775  29.989 3082.0000000000
16898  -68.332  -13.211  -26.461 3087.0000000000
28582  -52.088  10.931  -11.848 3091.0000000000
21240  -36.009  -51.940  37.269 3092.0000000000
22096  -35.705  -23.571  43.761 3094.0000000000
23457  -47.273  -28.987  -47.121 3096.0000000000
30925  -60.094  -21.430  -30.648 3104.0000000000
32954  -45.569  33.510  29.918 3106.0000000000
33225  -6.853  -61.598  15.177 3107.0000000000
14646  -33.521  61.896  -36.718 3109.0000000000
15240  -39.375  -32.496  -43.051 3110.0000000000
18368  -0.235  -39.453  40.096 3119.0000000000
1792  -52.570  -45.825  9.775 3125.0000000000
5816  -24.663  -33.193  53.283 3128.0000000000
28762  -27.112  -22.114  32.540 3135.0000000000
30944  -26.194  6.168  -52.945 3137.0000000000
32334  -5.956  45.256  -43.821 3138.0000000000
31849  -14.446  -52.292  28.883 3139.0000000000
32449  -27.067  -68.765  -38.508 3141.0000000000
32857  -60.397  -0.133  8.940 3143.0000000000
33481  -28.744  -23.485  -18.543 3145.0000000000
34634  -61.809  -20.297  -29.168 3149.0000000000
35069  -9.146  -10.535  20.228 3150.0000000000
1790  -50.601  -45.699  9.460 3153.0000000000
5858  -0.632  43.111  13.986 3156.0000000000
5815  -1.870  73.349  -30.347 3161.0000000000
34035  -66.063  0.537  7.044 3171.0000000000
35082  -7.549  -60.944  28.987 3175.0000000000
1791  -51.503  -45.603  8.585 3178.0000000000
31850  -28.875  32.358  -62.531 3184.0000000000
32448  -33.392  -12.310  -2.560 3186.0000000000
32877  -40.014  58.251  -4.759 3188.0000000000
33504  -5.850  43.557  -45.976 3190.0000000000
34633  -16.004  -18.930  49.590 3194.0000000000
48089  -23.684  30.324  -64.004 3197.0000000000
47849  -48.092  -54.191  6.963 3202.0000000000
48205  -41.638  22.051  16.692 3207.0000000000
48229  -26.773  72.831  2.499 3208.0000000000
36978  -53.223  -45.403  -8.998 3211.0000000000
42882  -59.222  18.146  18.650 3214.0000000000
48854  -17.864  67.328  24.492 3220.0000000000
36979  -41.313  -21.780  2.533 3221.0000000000
