102392  -1.7450  19.1890  10.1110  1    45472  -36.3390  50.4740  21.7630  1
103477  -1.8240  19.8680  9.9640  2    45441  -19.0440  -46.6800  -31.9730  2
103478  -1.9020  19.9650  9.7650  3    53975  -48.3700  -55.1440  4.7330  3
103479  -2.1510  19.7800  9.8670  4    54116  -2.9100  41.5410  -33.0310  4
103480  -2.4090  19.8200  9.7870  5    54135  -54.9690  -45.1680  -8.6210  5
103481  -2.2470  19.8880  9.8580  6    53889  -24.6630  10.5020  -47.6720  6
103495  -2.0120  20.3270  9.6990  7    15195  -29.3320  -11.8960  -47.9870  7
103496  -2.0570  20.5830  9.5750  8    12130  -21.2610  -43.8410  30.6170  8
104553  -1.8100  20.5000  9.9260  9    8585  -47.4950  36.6270  26.4220  9
104563  -2.1360  20.1230  9.7490  10    10412  -26.1870  -7.4460  49.5480  10
104564  -2.0390  20.7970  9.6050  11    8638  -6.1220  -36.0360  33.3810  11
104574  -2.6270  20.7770  9.5440  13    12128  -12.1030  40.3890  -45.5510  13
104575  -2.3210  20.8280  9.6330  14    12194  -39.6310  -15.5310  -7.9620  14
104576  -2.1260  21.0070  9.5900  15    9312  -64.0330  -32.3900  -24.8690  15
104599  -2.4880  21.3090  9.3600  19    12129  -21.0030  -44.8210  30.0150  19
105609  -8.6860  22.0980  18.5190  20    25168  -64.8740  -0.1560  -9.3590  20
105610  -8.9020  22.1680  18.7860  21    25140  -63.1830  -0.5850  19.5960  21
105611  -9.1340  22.0280  19.1330  22    23871  1.4830  -13.2060  1.8700  22
105627  -7.8310  22.4000  18.0900  23    27063  -25.4240  -68.2910  -32.3240  23
105688  -0.8690  21.4300  10.0540  26    7528  -0.8820  48.1430  30.9990  26
105689  -1.3350  21.2520  9.8150  27    7643  -14.8840  -19.2840  21.0670  27
105690  -1.7840  21.4240  9.5230  28    8615  -48.2300  12.7370  -34.6480  28
105699  -2.0120  21.6600  9.2700  29    32682  -31.9370  -22.1400  28.4760  29
105712  -2.3010  21.8400  9.2150  31    12154  -36.9440  45.4580  -19.2540  31
105713  -2.1770  21.6370  9.2700  32    12755  -58.1480  14.8190  -12.8390  32
105733  -2.4640  21.6570  9.2470  34    15196  -28.4890  -11.2020  -47.7230  34
106600  -9.3370  23.0880  18.9070  38    23872  -22.8970  59.2240  25.9210  38
106614  -5.0190  23.5960  19.2820  39    24530  -15.1630  28.7910  -44.4780  39
106615  -6.1190  23.3340  18.4540  40    27015  -49.6200  -48.7060  22.2890  40
106616  -7.2980  23.4210  17.9080  41    27043  -16.8140  -56.6820  36.5210  41
106617  -8.1840  23.2320  17.8560  42    27094  -43.1170  -23.8920  34.6610  42
106618  -8.6590  23.5760  18.0220  43    27497  -37.6100  -20.5100  -47.0180  43
106619  -9.0180  23.3490  18.4540  44    25169  -40.3090  -0.6520  14.9260  44
106620  -9.2710  23.8040  18.4870  45    30009  -22.5270  18.2510  -32.8480  45
106633  -7.6030  24.1170  17.6600  46    33124  -26.2290  -0.8710  -38.2880  46
106665  0.1230  22.4170  12.0150  49    30572  -2.9920  21.9740  41.0950  49
106673  -0.1360  22.2730  10.7050  50    31161  -13.2940  31.0350  46.4850  50
106683  -0.2490  22.7460  10.1410  52    37481  0.5460  -63.2470  -23.9310  52
106684  -0.7150  22.1770  9.8510  53    32618  -29.0650  -7.4360  -48.3140  53
106685  -1.4190  22.1230  9.4730  54    32642  -58.5240  2.1250  -8.1290  54
106707  -2.0320  22.7460  8.9000  58    33658  -4.3750  -47.1050  36.1880  58
106723  -2.1460  22.8180  8.9370  60    36180  -28.6250  -9.5180  -39.1910  60
106724  -2.0210  22.8530  8.8050  61    36211  -30.3630  26.8170  -37.9450  61
106725  -1.9310  23.0590  8.7040  62    39738  -17.5240  -69.4070  -37.1050  62
107591  0.2100  24.3110  19.5830  63    31183  -23.6880  -70.4410  8.3410  63
107592  -0.7230  24.6860  20.4900  64    31184  -23.2230  -69.5650  6.0150  64
107600  0.3580  24.4770  18.4110  66    31322  -13.3660  68.7790  22.8690  66
107603  -4.3050  24.6950  19.7870  69    32664  -38.2780  15.4480  -8.7810  69
107604  -5.5650  24.4110  18.7710  70    32702  -66.9610  -10.7850  4.9720  70
107624  -8.5720  24.5490  17.5570  79    33250  -0.0050  22.5560  6.8300  79
107625  -8.9760  25.1270  17.4390  80    38320  -9.9130  9.6880  49.6990  80
107635  0.2090  24.0540  16.0340  81    34284  -30.6930  -78.8290  -6.0660  81
107647  -0.0070  23.8190  14.4240  82    35235  -33.3320  46.9620  -17.2430  82
107657  0.1860  23.5900  12.9230  83    36182  -61.8800  2.6320  -44.7240  83
107664  0.2690  23.4280  11.5930  84    36741  -24.0660  -10.7510  45.4200  84
107673  -0.4000  23.2240  9.7320  86    38065  -9.9980  -60.9650  -34.0110  86
107675  -1.5310  22.7980  9.2540  88    38318  -1.4030  31.3430  48.0810  88
107686  -1.7050  23.2390  8.9910  91    38355  -43.6220  -59.8090  -35.3110  91
107697  -1.8220  23.3810  8.6940  93    38844  -1.5090  52.2410  -48.3040  93
107705  -1.9460  24.0010  8.2560  95    40563  -56.2190  -18.8110  19.1440  95
107706  -1.9800  23.7800  8.4040  96    40814  -2.6880  -36.7080  -12.5960  96
107708  -1.8290  23.9500  8.5130  98    43494  -8.5550  -29.5530  55.4970  98
107719  -1.4960  24.1460  8.3210  99    40537  -2.8750  45.0540  27.7840  99
108615  -0.0520  25.6860  19.1100  103    37459  -34.6550  -27.5940  22.0800  103
108617  -2.7920  25.6170  20.2310  105    37996  -13.4850  -14.1340  -31.7100  105
108618  -4.7470  25.6080  19.1680  106    38008  -32.1810  -47.0930  -37.2600  106
108621  -9.4990  25.4140  17.7890  109    37524  -3.0110  -5.5530  -31.5660  109
108630  0.4590  25.3220  17.5090  110    37984  -47.0150  -19.9040  25.6000  110
108633  -7.1950  25.4880  17.3260  113    39302  -41.5720  2.2860  -4.0540  113
108634  -8.2050  25.6130  16.9060  114    39599  -25.3220  -58.6230  20.5240  114
108635  -8.8740  25.7210  16.9850  115    39627  -44.1310  25.3430  36.2790  115
108637  -9.3720  25.8940  17.3050  117    44746  -14.7170  -46.1670  -30.2750  117
108650  0.2610  25.1080  15.6480  118    39275  0.3910  23.3800  18.7790  118
108651  -8.4000  26.1380  16.5320  119    45658  -10.2820  -30.4530  14.6780  119
108665  0.1020  24.8360  13.9790  121    40352  -0.5290  7.1310  -33.4740  121
108676  0.3220  24.5840  12.4870  122    40940  -36.2450  -4.9910  -52.2590  122
108685  0.3730  24.4190  11.1810  123    41613  -54.6300  -41.2440  -20.2410  123
108693  0.0740  24.2830  9.9240  124    42006  -44.8570  57.0280  -4.5290  124
108703  -0.0470  24.7270  9.3910  126    43275  -25.9900  -70.5930  -9.3560  126
108706  -1.6420  24.1090  8.6020  129    43479  -22.1080  -56.0250  17.5360  129
108724  -1.6070  24.5900  8.0800  133    44560  -37.0300  -56.5140  15.0790  133
108735  -1.3190  24.9030  8.0370  135    45375  -68.7480  -15.5500  -21.1840  135
108736  -1.3230  25.1570  7.9220  136    50217  -52.0450  -42.1180  0.1890  136
109707  -9.8230  26.2310  17.5780  142    44248  -59.9090  14.3720  -48.6350  142
109711  -0.2010  26.9010  18.9510  143    44407  -6.3040  -71.7510  -15.1140  143
109712  -2.1230  27.5760  19.6530  144    53934  -0.0640  18.3050  8.1790  144
109714  -5.2100  26.7700  18.3510  146    45398  -26.1860  -66.2580  14.5460  146
109716  -7.5020  26.2360  16.8160  148    45397  -42.6060  -41.3760  -27.5530  148
109719  -9.3350  26.5800  16.7960  151    45749  -4.8550  72.2400  -14.6550  151
109730  0.4280  26.5150  17.0250  153    45360  -22.5810  2.8230  -41.5440  153
109749  0.3140  26.1780  15.1910  159    46521  -44.0680  2.3780  28.8840  159
109773  0.4000  25.5430  12.0470  161    48048  -45.8140  39.5830  6.9910  161
109782  0.4350  25.3770  10.7790  162    48451  -58.6270  33.7850  -0.1500  162
109791  -0.8490  24.9450  8.5750  165    49371  -40.1000  -1.7040  36.3650  165
109800  -1.5520  24.9690  8.2970  168    49406  -49.3990  -59.1100  9.0050  168
109807  -1.5300  25.3580  7.9250  169    50270  -44.7220  58.6280  -7.6340  169
109818  -1.3270  25.6870  7.6760  171    50659  -7.3970  -52.1880  4.0580  171
109819  -1.2290  25.8950  7.6570  172    50680  -40.4500  8.2990  -24.5270  172
110707  -9.8440  27.1000  16.9930  177    53710  -25.6670  -68.6110  17.8200  177
110711  0.0480  27.5990  17.9570  178    54176  -51.6990  34.3010  -19.7370  178
110713  -2.9420  28.2470  18.9960  180    52838  -65.9160  -10.7720  15.8070  180
110716  -9.3850  27.2480  16.4050  183    54497  0.7230  -64.7170  -17.3760  183
110717  -9.5730  27.3010  16.5580  184    53987  -50.4330  -43.6860  30.2760  184
110723  -5.0880  28.3790  17.5580  187    53347  -41.7260  62.1770  -20.8740  187
110725  -7.1160  27.6160  16.1850  189    54922  -58.5600  -34.8380  15.8380  189
110727  -8.6800  27.3290  15.9150  191    54955  -61.2040  -35.0050  15.5420  191
110738  0.3400  27.1160  14.6050  194    53250  -30.1450  -70.0380  -9.8160  194
110739  -7.1530  28.0010  15.8750  195    53348  -38.0890  49.7100  18.2650  195
110780  0.4190  26.3000  10.3830  201    52979  -1.9690  -54.0770  2.4240  201
110788  0.2140  26.0780  9.3620  202    52980  -1.5900  -54.4120  2.9340  202
110797  -0.4200  26.5080  8.1680  205    54683  -21.3750  28.7250  34.3560  205
110798  -1.0860  25.9800  8.0080  206    56815  -29.3410  -46.9350  41.2720  206
110807  -1.3440  26.3510  7.6840  208    57084  -0.2470  -54.1190  -8.3000  208
110817  -1.3360  26.1520  7.5980  212    57098  -54.3590  31.5940  -17.5610  212
110835  -1.1680  26.9390  7.3260  213    57272  -61.2940  -44.5750  -23.8010  213
110836  -1.2230  26.7050  7.3230  214    57315  -17.7430  -34.9310  -29.6400  214
110837  -1.3470  27.1730  7.1550  215    57979  -19.8350  42.8270  30.9530  215
111563  -10.1090  27.7370  16.8750  216    52459  -52.5490  -57.9100  1.4000  216
111568  -1.4330  29.0670  18.5410  217    52837  -58.9970  -44.0850  12.1970  217
111571  -9.8450  27.9620  16.3990  220    52548  -29.0140  8.5250  32.0840  220
111576  0.1580  28.9230  16.7620  221    49226  -34.3830  7.6930  -67.2400  221
111579  -3.9280  29.2100  17.8050  224    52836  -41.1390  39.9530  -23.4100  224
111582  -9.2910  28.2320  15.6800  227    53460  -60.0730  -35.7980  17.0810  227
111583  -9.5140  28.1690  15.9250  228    52983  -23.0000  -66.5800  17.9440  228
111592  -7.7480  28.5290  15.2930  233    50017  -28.8080  49.2460  13.5110  233
111593  -8.5280  28.4740  15.1210  234    50041  -0.3720  46.8330  -9.5950  234
111601  0.3330  27.8940  13.9760  237    49737  -64.0330  -7.8560  -38.1630  237
111609  0.3830  27.5700  12.5790  238    48203  -22.3690  48.7160  -36.4900  238
111622  0.3730  27.7450  9.1990  242    51575  -60.7140  -24.7870  -14.9030  242
111624  -0.5080  27.1270  7.9040  244    55040  -4.9420  21.5830  -32.6980  244
111630  -1.1000  27.2610  7.3410  245    51908  -20.8470  7.5160  49.9460  245
111637  -1.3660  26.9900  7.3230  247    55477  -28.4100  -46.2980  46.1900  247
111638  -1.4390  27.3970  7.1760  248    55479  -47.5330  48.3080  1.2660  248
111658  -1.0630  27.4660  7.2670  250    56219  -28.9660  -47.4830  41.8950  250
111659  -1.2750  27.7150  6.8180  251    56230  -44.6640  26.2240  15.7670  251
111660  -1.4570  27.9050  6.9080  252    55478  -46.9870  48.5200  1.7260  252
111661  -1.2270  28.3640  6.6540  253    55484  -50.9460  -29.0170  -44.1080  253
111671  -1.3510  28.1010  6.7020  254    53780  -40.7730  -71.6090  -5.7780  254
111672  -1.4420  28.5720  6.4650  255    53289  -14.1690  14.8060  -45.3000  255
112404  -10.1050  28.6110  16.3230  256    48804  -40.0450  -65.3710  -4.6020  256
112412  -2.6410  30.1510  17.5320  259    49227  -6.3640  -52.6090  5.0390  259
112414  -9.8200  28.8970  15.7680  261    49082  -26.7920  67.5610  -10.0320  261
112419  0.2030  29.5650  16.2750  262    47623  -21.1750  -84.5840  -8.6740  262
112421  -2.7750  30.5500  17.1520  264    47624  -20.7070  -84.2050  -7.7200  264
112423  -5.5740  30.0120  15.8010  266    49778  -43.7280  39.6660  22.5140  266
112424  -7.0410  29.3820  15.1460  267    49977  -10.6760  48.8460  -41.2720  267
112427  -9.1700  29.3050  14.9470  270    47859  -35.9620  -16.5810  -48.0520  270
112435  -5.7470  30.4830  15.2820  273    48216  -25.4230  71.6850  1.1620  273
112437  -7.4100  29.9630  14.4970  275    50011  -13.6910  -68.1940  25.8830  275
112438  -8.2830  29.8250  14.2940  276    50033  -0.6680  13.4530  11.8130  276
112439  -8.8120  29.8190  14.4490  277    50052  -35.7820  -3.0160  18.3460  277
112458  0.4670  28.4360  11.0670  280    51511  -6.1120  -14.0480  55.8450  280
112461  0.3320  28.2770  8.8000  282    49418  -4.4220  -36.7800  11.8470  282
112462  -0.0010  27.8070  8.0860  283    51642  -24.5280  19.5050  -67.3390  283
112466  -0.4240  28.1750  7.4630  285    51891  -23.1170  -79.1970  -3.4190  285
112478  -1.0020  28.3580  6.7920  287    51909  -44.0480  -62.0790  -0.2970  287
112497  -1.1360  28.9200  6.2760  290    53290  -51.8000  -59.4430  0.7490  290
112498  -1.0140  29.1550  6.2170  291    52752  -26.9180  10.5290  -46.1860  291
112506  -1.1630  29.2820  6.1260  293    53288  -64.7950  -21.5310  -32.5640  293
112507  -1.0850  29.7440  5.7960  294    51697  -9.9080  26.2840  19.7100  294
113279  -10.1020  29.5710  15.6990  297    46975  -55.8200  -33.0220  18.8890  297
113287  -4.0350  31.0230  16.1910  301    45512  -61.0030  20.8160  -12.5120  301
113290  -9.7480  30.0200  14.9500  304    47310  -63.2000  -39.2820  -6.2720  304
113295  0.0620  30.2790  15.7400  305    45500  -0.0650  3.0550  40.3440  305
113300  -7.6660  30.6370  13.9080  310    48454  -29.5590  -13.1140  -47.5840  310
113301  -8.5300  30.5030  13.8630  311    46801  -56.3630  -20.1700  -46.8730  311
113302  -9.1500  30.3470  14.3550  312    47860  -17.9040  81.6080  5.1220  312
113303  -9.5150  30.9690  14.2570  313    47867  -42.1700  22.4720  17.8380  313
113319  0.4000  29.6240  12.4080  317    46239  -50.6670  49.9730  3.0990  317
113322  0.3820  29.5350  11.0130  318    43898  -15.0320  -20.3540  58.8680  318
113325  0.3550  29.0580  8.6010  320    47781  -42.7150  48.6390  20.2040  320
113335  0.2430  29.3800  7.9330  322    50287  -22.9540  68.9980  -10.7870  322
113336  -0.2310  29.3100  7.0100  323    50315  -18.0610  -51.0930  3.1420  323
113352  -0.6680  29.6270  6.3680  324    50338  -42.3010  -51.3880  5.4160  324
113367  -0.9280  30.2410  5.7690  326    51241  -41.0390  -18.9090  1.8870  326
113373  -1.1690  29.7950  5.6910  327    51844  -62.0470  -33.3980  -9.4980  327
113374  -1.0850  30.2800  5.3860  328    51876  -28.9460  -36.7670  28.4690  328
113375  -1.0550  30.5230  5.3730  329    51698  -54.7760  -50.7660  -32.4470  329
113376  -1.0630  30.9850  5.2260  330    46576  -53.5810  -1.7360  14.4880  330
113383  -1.3120  30.7540  5.0940  331    51855  -0.6180  -7.8100  8.6750  331
113384  -1.3610  31.1520  4.9150  332    49991  -46.9240  18.0240  -58.9560  332
114158  -10.0350  30.6620  15.1360  333    44848  -12.5230  -27.5500  -21.5900  333
114163  -1.4050  31.4150  16.5540  334    45499  -46.8170  9.3680  38.1920  334
114166  -9.8660  31.2240  14.4580  337    45144  -54.2040  14.9030  -10.9000  337
114176  -2.3390  32.2380  15.8430  340    45498  -63.9500  10.2820  11.1950  340
114178  -5.5090  31.8150  14.5420  342    46512  -0.5230  42.2220  -36.5810  342
114179  -6.7570  31.3800  13.8730  343    46539  -44.8430  36.4770  -14.7700  343
114182  -9.1410  31.4790  13.6700  346    46802  -3.8250  64.0550  -45.4540  346
114183  -9.5670  31.8310  13.8680  347    45741  -4.1580  79.7550  -41.6310  347
114195  -6.0090  32.0710  13.9030  349    43530  -20.4770  20.0840  53.5550  349
114197  -7.7860  31.6740  13.1130  351    47294  -38.5030  25.2890  -61.2780  351
114198  -8.5550  31.7760  13.1220  352    46800  -55.1440  -1.7710  -41.3630  352
114199  -8.9760  32.2100  13.0900  353    43547  -53.4170  -47.4360  19.8290  353
114219  0.3170  30.5680  8.6440  357    44809  -33.3270  49.3010  21.3750  357
114220  0.1880  30.4690  7.4690  358    48506  -27.9930  12.7130  38.7410  358
114221  -0.1770  30.1640  6.6530  359    48545  -18.7430  -83.0600  -0.1240  359
114236  -0.4130  30.7350  6.0880  361    49329  -52.2020  9.2710  4.0260  361
114253  -1.3270  31.5570  4.8530  364    49990  -66.5950  6.3300  -32.4520  364
114260  -1.6960  31.8720  4.5050  366    50339  -31.2370  -26.7570  -29.4840  366
114262  -1.5690  32.0490  4.6440  368    47467  -10.0060  25.5360  18.2640  368
115024  -10.0610  31.7360  14.6440  369    41771  -50.3540  -31.3490  37.6140  369
115028  -9.9550  32.2300  14.0000  370    42202  -59.0430  15.5860  -27.9790  370
115041  -0.0720  31.7490  14.9160  371    43473  -31.9010  35.2370  -12.9250  371
115043  -2.3310  32.8400  15.3510  373    43474  -32.9730  35.5610  -14.1220  373
115047  -9.6960  32.7620  13.3060  377    42549  -30.8760  -6.7870  51.0630  377
115056  0.0970  32.0400  13.9860  378    43472  -31.9780  34.2650  -13.1600  378
115058  -2.2490  33.4980  14.8580  380    43489  -25.9220  -55.4370  18.9760  380
115061  -6.8180  32.5770  12.9000  383    44205  -40.4660  17.1870  30.0570  383
115062  -7.8590  32.3270  12.5420  384    44231  -43.2230  39.3580  -10.3120  384
115063  -8.6090  32.6300  12.4940  385    44287  0.0610  -31.9890  28.0610  385
115064  -9.2260  32.8730  12.7370  386    43548  -57.4620  -24.5790  -15.6790  386
115065  -9.6650  33.3510  12.6220  387    37471  -25.3040  -54.6120  19.6810  387
115069  -7.2210  32.8960  12.3630  389    39243  -5.9140  -72.9760  16.6720  389
115070  -7.8580  32.9670  12.0790  390    39270  -50.5980  -32.6590  -9.4240  390
115071  -8.4660  33.1710  11.9270  391    38546  -61.8930  -4.2560  23.8490  391
115073  0.2740  31.7960  11.1090  392    44653  -51.5330  11.6290  -48.6840  392
115087  0.1700  31.5950  8.4850  394    39712  -52.5160  -51.3820  19.0870  394
115088  0.0850  31.5640  7.3750  395    39778  -29.4010  2.8940  -35.6810  395
115100  -0.0910  31.6180  6.5010  396    46061  -0.6970  29.6410  34.6230  396
115101  -0.4320  31.7290  5.7500  397    46558  -13.5610  -30.8770  17.1040  397
115117  -1.3890  32.3450  4.7280  400    47205  -42.2680  1.0240  26.4360  400
115122  -2.1170  32.8010  4.0870  401    47566  -8.1540  57.7450  -7.9220  401
115123  -2.0910  32.7190  4.3180  402    43844  -2.8170  -27.2870  37.2010  402
115125  -1.7000  32.8690  4.4470  404    42960  -1.8040  -39.8490  19.4390  404
115851  -10.1170  32.7190  14.2030  407    35598  -44.9300  23.8750  36.1430  407
115856  -10.0600  33.1550  13.5660  408    36081  -34.8180  25.7980  43.9570  408
115869  -9.9880  33.5890  12.8860  409    36509  -0.4100  51.7890  -40.1100  409
115878  -0.0660  32.8510  13.7160  410    37966  -36.3960  77.1790  -24.2290  410
115880  -2.1920  34.1690  14.2910  412    38206  -20.5180  82.2140  -25.9930  412
115881  -4.0840  33.9930  13.8940  413    38245  -56.7330  -36.7040  -25.9290  413
115882  -5.6080  33.4360  13.1160  414    39209  -44.2840  29.6850  -61.4440  414
115890  0.0520  33.1200  12.7500  419    37967  -30.3080  30.9840  43.6610  419
115891  -0.5290  34.3320  13.6970  420    28850  -3.9500  45.2620  8.0960  420
115892  -1.5670  34.7840  13.9250  421    28872  -49.4320  -41.0620  -32.2950  421
115898  -9.3440  34.0170  11.3410  427    28293  -53.3330  10.7700  -49.1030  427
115901  0.1770  32.9200  11.2140  428    39164  -0.5530  -36.3260  28.1100  428
115918  -0.0570  32.2880  7.1410  431    30733  -23.7570  78.0910  -16.4520  431
115932  -0.2830  32.6590  6.3740  433    41678  -5.7070  13.5820  55.1130  433
115933  -0.4970  32.4290  5.5060  434    41742  -57.9430  24.0560  16.8290  434
115949  -0.7910  32.9020  5.0200  436    42643  -29.3720  0.0310  -48.9980  436
115967  -2.3150  33.2020  4.1610  439    39459  -10.7830  70.0570  -43.6050  439
115968  -1.9470  33.3800  4.2590  440    43619  -36.2560  -76.4890  -29.6970  440
115974  -2.1240  33.8880  3.9220  441    41854  -38.4620  21.7720  -37.8190  441
115975  -2.2460  33.7090  3.9160  442    39458  -18.7470  -35.3770  -29.0520  442
116651  -10.1920  33.6110  13.7770  445    25690  -5.7410  -43.5620  20.0240  445
116656  -10.2190  33.9730  13.1470  446    8909  -9.9570  79.8920  10.5150  446
116664  -10.1890  34.3580  12.4470  447    26433  -39.4920  67.8910  -7.2390  447
116677  -10.1020  34.6890  11.6200  451    27141  -36.3360  -61.4570  -36.9460  451
116684  -4.0640  34.8980  13.1190  455    28959  -0.1350  -2.9520  -16.8790  455
116685  -5.6160  34.5520  12.1320  456    29005  -43.0350  -19.4370  30.5190  456
116686  -6.9280  34.1410  11.4580  457    29361  -35.5540  17.6490  15.0880  457
116687  -7.9560  34.1110  11.0960  458    29447  -27.1220  -71.1860  9.4670  458
116688  -8.8510  34.2550  10.8900  459    29480  -43.4090  70.1320  -11.2420  459
116689  -9.6670  34.6090  10.8850  460    28294  -54.0110  10.1560  -48.9180  460
116690  -10.0880  35.1630  10.9710  461    10876  -21.2460  -73.2990  -5.5900  461
116693  -0.0780  34.1110  11.4950  462    28851  -0.1480  -42.4960  40.3880  462
116694  -0.5000  35.1290  12.3980  463    13189  -33.6380  37.7150  -10.2690  463
116695  -6.1570  34.7690  11.4540  464    13300  -23.0800  68.7010  -35.2720  464
116696  -7.0390  34.7190  11.0030  465    14580  -11.2090  -61.2330  -8.4260  465
116697  -8.0390  34.6910  10.5820  466    14941  -19.3660  -27.0070  41.1140  466
116698  -8.9220  34.8260  10.3630  467    13391  -32.1690  -3.0110  23.9440  467
116702  -0.2610  33.8350  9.8550  469    14203  -2.3930  41.5720  44.9240  469
116725  -0.4540  33.8400  7.2710  471    15749  -39.6980  0.2520  36.1650  471
116726  -0.4210  33.4920  6.2000  472    32795  -27.1060  33.3470  -62.5530  472
116738  -0.5390  33.8720  5.5010  474    33814  -64.3300  -19.8130  0.4230  474
116739  -0.7930  33.6320  4.7530  475    19503  -1.0070  16.4080  -36.3420  475
116767  -1.5770  34.1140  4.1670  478    35360  -50.9860  -15.6690  -21.1550  478
116778  -2.0050  34.2130  3.7390  480    37687  -25.6460  46.2950  -38.5370  480
116779  -1.9620  34.4030  3.5860  481    24328  -24.9670  -18.9680  -41.8000  481
116780  -2.0070  34.2240  3.9130  482    36355  -55.1090  8.8140  2.2570  482
116785  -1.7770  34.4860  3.7620  483    37646  -38.8330  -20.7520  -4.8420  483
117434  -10.3690  35.1860  12.0010  487    10024  -66.0190  8.1200  -31.7850  487
117452  -2.3860  35.5890  13.0400  490    13190  -34.2470  37.4600  -10.6650  490
117453  -4.0460  35.5200  12.6130  491    13250  -57.9040  -25.9620  -32.9640  491
117462  -0.7650  35.9490  12.6300  496    13188  -35.2230  37.8620  -11.0580  496
117463  -2.4740  36.1220  12.5060  497    13222  -39.9890  13.7460  -9.1270  497
117464  -4.2560  35.9900  12.0800  498    13271  -1.9440  -6.1880  8.8730  498
117470  -10.0620  36.2140  10.0890  504    13390  -31.7270  -3.0150  24.7130  504
117473  -0.3360  34.8980  10.0260  505    14204  -13.2120  -74.9530  16.4270  505
117491  -0.5930  34.9550  7.4670  507    183  -24.2960  -67.9220  12.2610  507
117502  -0.5670  34.9330  6.3090  508    1667  -21.3380  -54.9800  -16.2090  508
117503  -0.5830  34.8310  5.3050  509    3570  -15.7410  -19.5320  50.1390  509
117517  -1.0170  34.7430  4.0000  511    6683  -21.7030  -80.3530  -4.8740  511
117529  -1.4800  34.8790  3.6770  512    20998  -54.6920  16.8010  -34.8920  512
117546  -1.6230  35.1430  3.2220  514    22111  -16.6530  -8.5770  -28.5140  514
117559  -1.6120  34.9150  3.4160  515    25193  -21.1200  12.2170  -44.4140  515
117560  -1.6600  34.9790  3.2000  516    25236  -52.5980  19.5660  -21.1550  516
117561  -1.6770  35.3270  3.0410  517    12324  -35.1300  22.5330  8.3150  517
117562  -1.5460  35.8210  2.6780  518    12344  -2.7760  85.7180  -10.0090  518
117566  -1.5400  35.1590  3.1520  519    13305  -52.7190  -34.4000  19.4330  519
117567  -1.4670  35.5600  2.8480  520    12325  -27.8800  50.6720  -37.2250  520
118253  -10.5070  36.0660  11.5380  521    10061  -25.5540  8.7010  -38.4270  521
118273  -0.9480  36.7560  12.2220  525    14234  -57.6870  -51.6790  -13.9920  525
118274  -2.9170  36.7280  12.1190  526    14329  -22.9180  -31.2430  51.1640  526
118275  -4.7140  36.4650  11.5360  527    14501  -31.9970  34.6240  -34.7460  527
118276  -6.1230  36.0970  10.5570  528    1004  0.2620  -64.4580  -27.7840  528
118277  -7.2320  35.8370  9.9870  529    1005  -19.7380  65.8600  12.5600  529
118278  -8.1830  35.8750  9.6840  530    1085  -48.7930  -45.3710  24.8690  530
118279  -9.0430  36.0810  9.5820  531    15017  -50.3850  -55.0630  -34.4390  531
118286  -0.4540  36.1190  10.4900  534    184  -24.3610  -67.0290  11.4120  534
118287  -0.7500  37.0830  11.4090  535    185  -23.3030  -66.2070  13.9400  535
118291  -9.0840  36.7240  9.1970  539    1201  -52.3240  -60.7030  -11.6570  539
118315  -0.6220  35.4470  4.9960  544    4961  -24.2370  3.7360  -54.1850  544
118326  -0.7210  35.6850  4.2350  546    6549  -25.8310  -35.2740  53.1720  546
118336  -0.8380  35.9300  3.5480  548    6589  -2.7400  65.5200  -1.2240  548
118337  -1.1240  35.7250  3.1580  549    8281  -48.6360  34.9840  -46.3050  549
118350  -1.2810  36.0420  2.6210  550    8338  -39.9040  56.5690  16.8840  550
118381  -1.5160  36.5750  1.7230  555    2663  -44.0690  -31.3390  -5.0620  555
119101  -10.5800  36.9540  11.0090  556    58381  -17.3350  -34.2210  -29.8300  556
119114  -1.8380  37.3410  11.8940  558    58663  -8.5400  -36.1610  22.9000  558
119115  -3.5870  37.2940  11.7390  559    58665  -2.7260  42.6600  44.5780  559
119119  -10.0790  37.4110  9.7160  563    54259  -58.8950  32.7790  -2.8150  563
119128  -2.5060  37.9960  11.6410  566    54899  -18.3360  -20.0440  -35.8410  566
119130  -6.1170  37.1560  10.1350  568    1003  -30.5130  -11.1320  31.0130  568
119131  -7.4090  37.1390  9.2440  569    1054  0.2690  66.3540  -19.3760  569
119132  -8.3840  37.1290  8.9470  570    1138  -48.1900  -45.4720  16.6130  570
119141  -0.2150  37.1890  8.9900  574    270  -41.9240  38.8550  20.9290  574
119144  -8.9740  38.0190  8.7740  577    55103  -52.5210  -13.9550  0.6570  577
119148  -0.4330  37.1670  7.4060  578    1666  -20.6740  -54.6670  -16.3330  578
119154  -0.6000  37.0390  5.9610  579    3601  -27.9820  32.0020  -34.7650  579
119163  -0.6260  36.8310  4.7220  580    4986  -24.0560  0.5030  -31.7080  580
119174  -0.9790  36.5910  2.6530  583    8311  -0.6120  46.6830  -19.4150  583
119197  -1.2960  37.2710  1.6950  586    12376  0.2730  63.1040  -6.2460  586
119213  -1.6230  36.7050  1.4650  587    2528  -2.3090  32.3540  -43.3300  587
119214  -1.3860  36.7960  1.3490  588    2578  -44.8620  39.1520  2.8340  588
119216  -1.5210  37.8660  1.3200  590    3347  -17.1940  -70.1630  2.1590  590
119224  -1.3740  37.2500  1.3360  591    2527  -55.8240  -42.0530  -41.1050  591
119225  -1.2240  37.6020  1.4030  592    2619  -9.9340  83.9850  -28.8040  592
119226  -1.4020  37.9710  1.2040  593    3225  -55.6410  -23.5460  -46.5120  593
119876  -10.4990  37.8940  10.4770  594    54030  -39.2350  49.7060  18.2390  594
119891  -0.5100  38.1550  10.4560  596    54898  -4.8400  -49.4400  -3.7080  596
119894  -5.0730  38.3270  10.5400  599    54919  -33.8010  28.5970  9.6470  599
119898  -9.6660  38.4930  9.1580  603    46792  -38.7750  22.2460  19.6230  603
119908  -0.1930  38.6740  9.1330  605    37728  -64.0190  4.4700  -43.7520  605
119910  -2.1280  39.5000  11.2430  607    54897  -50.0800  -2.6390  18.1980  607
119911  -3.9640  39.4570  10.9600  608    54908  -28.9870  -25.4250  41.6210  608
119912  -5.8230  38.9910  9.9740  609    54926  -2.6570  -39.3150  18.2490  609
119914  -8.5170  38.4470  8.7010  611    48184  -0.7190  16.1710  -17.5680  611
119935  -0.5410  37.7120  3.9750  616    55978  -21.7590  -34.4540  -27.7170  616
119944  -0.5860  38.0930  3.2830  618    49532  0.4320  29.6610  25.3710  618
119945  -0.7060  37.5630  2.7910  619    56142  -7.9780  48.3770  -43.9990  619
119954  -0.7050  38.0730  2.2450  621    50446  -32.7870  -26.6540  19.1970  621
119964  -1.2240  38.1820  1.3550  623    56701  -32.6380  80.8340  -25.7360  623
119996  -1.3570  38.9370  0.6200  629    42196  -2.7400  -81.0690  -27.8370  629
120001  -0.9880  38.3500  1.0000  630    52364  -42.8980  23.6860  20.7990  630
120002  -0.9440  38.8960  0.8240  631    52407  -16.4600  -56.3320  3.2670  631
120620  -10.3570  38.9440  9.9870  632    36489  -43.8410  1.8760  -58.6080  632
120641  -1.1760  40.1290  10.8760  637    37730  -43.8610  40.0190  27.4340  637
120642  -2.6820  40.3490  11.0160  638    37769  -26.5140  72.5660  -0.8810  638
120643  -4.7520  40.4350  10.3850  639    47921  -21.1790  -36.1090  53.1790  639
120644  -6.7660  39.6410  9.4430  640    47940  -36.5500  -74.0600  -15.8080  640
120646  -8.7950  39.0980  8.5580  642    37857  -4.2410  -87.9650  -20.7680  642
120647  -9.2510  39.3260  8.8510  643    37289  -22.4580  -80.0650  3.1670  643
120657  -0.1240  39.7090  8.5710  645    37729  -63.6900  2.7920  -44.2080  645
120659  -5.1370  41.2560  9.9280  647    26138  -30.4410  -10.3540  -32.1730  647
120660  -6.3260  40.7360  9.4450  648    38747  -47.6780  19.5410  21.3940  648
120671  -0.2570  39.2910  6.7990  652    38337  -38.5200  35.2190  5.0560  652
120677  -0.3290  39.0150  5.1450  653    49332  -0.3870  49.9720  -40.3920  653
120693  -0.2320  39.3530  2.9930  656    40385  -42.5460  19.4400  -25.5440  656
120694  -0.5070  38.8040  2.3980  657    50007  -65.1940  -9.9640  19.3300  657
120706  -0.5820  39.3060  1.7820  659    40802  -30.4140  11.0730  -68.1110  659
120707  -0.8350  38.8750  1.5590  660    50447  -49.2250  -62.4660  -2.1070  660
120718  -1.0810  39.0190  0.7790  661    41530  -15.3500  2.1620  -45.5050  661
120732  -1.0490  39.0530  0.5510  662    43088  -27.5300  -17.3730  -21.4920  662
121371  -9.9170  40.2850  9.2080  668    24162  0.5420  -59.7640  -18.2330  668
121392  -1.5230  41.6940  10.5620  677    37752  -40.2920  -56.7600  28.8660  677
121393  -3.0270  42.0470  10.5060  678    26071  -15.0400  -39.2090  -27.1000  678
121397  -8.3460  40.8190  8.2830  682    39086  -1.1960  55.7160  -22.1400  682
121399  -9.3480  41.1880  8.3110  684    25452  -38.1300  -0.1700  -21.7780  684
121407  -0.1010  41.5030  8.9150  686    26072  -17.4920  25.1750  -44.6920  686
121408  -8.0690  41.5130  8.1570  687    27951  -32.0210  26.1340  -65.4970  687
121415  -0.0850  40.2830  6.4190  689    27376  -53.3740  53.9490  -19.9280  689
121419  -0.1660  40.1140  4.8540  690    40272  -42.2620  49.6680  -23.8410  690
121426  -0.1370  39.8750  2.6310  692    29155  -23.1040  56.4870  -33.9370  692
121436  -0.5910  39.8100  1.3920  694    30277  -5.8040  83.5750  -36.0790  694
121471  -0.8130  40.4940  -0.4040  698    43510  -18.0360  19.4870  54.3070  698
121473  -0.7560  40.6940  -0.4520  700    43087  -24.3530  -52.9330  17.8490  700
121479  -0.8390  41.1590  -0.8160  701    44135  -53.2100  -44.4940  -10.0570  701
121481  -0.9080  41.2640  -0.8090  703    32875  -15.3360  -12.4400  39.7960  703
122138  -9.8480  41.0760  8.7490  704    14511  -45.9370  -19.7990  43.2580  704
122154  -6.5390  42.1650  8.6970  710    26254  -7.8520  -29.4890  -18.4170  710
122156  -8.8560  41.3080  8.0930  712    26667  0.0460  9.5740  -7.8860  712
122166  -2.1810  43.4690  9.7280  717    26070  -14.4200  -40.5380  -26.2200  717
122167  -4.0920  43.4080  9.2730  718    26117  -17.4420  23.9810  -42.6200  718
122178  0.0890  41.3810  6.1520  724    17027  -3.4200  5.0430  27.9620  724
122182  0.0300  41.2620  4.6150  725    17026  -9.3560  59.7050  -40.8530  725
122186  -0.0270  40.4840  2.1550  727    29348  -30.3130  20.3960  45.7180  727
122204  -0.3940  40.9840  0.7510  731    21546  -42.5720  19.5630  -18.6230  731
122205  -0.6180  40.7620  0.3940  732    30337  -54.0950  -44.0930  8.1680  732
122219  -0.6500  41.0060  -0.2340  733    22716  -6.0330  -35.6550  32.6930  733
122226  -0.6910  41.5170  -0.7410  735    24317  -49.6970  -22.2300  6.9560  735
122230  -0.8030  41.5670  -1.0240  736    33028  0.8270  -72.4580  -19.1140  736
122231  -0.9660  41.6290  -1.0100  737    33355  -36.3160  31.4590  -63.3080  737
122232  -0.7420  41.7240  -1.0500  738    25009  -62.7040  -15.1670  25.0310  738
122233  -0.8320  41.7380  -0.9350  739    25008  -0.1700  38.2110  -32.3710  739
122241  -0.7640  41.9420  -1.3110  741    25671  -36.9020  -31.1750  47.0180  741
122242  -0.8600  42.1660  -1.3980  742    25736  -8.4160  48.4540  8.1910  742
122949  -9.4560  42.3040  7.5840  744    15272  -61.0810  -20.2950  -18.1060  744
122959  -0.7960  43.8450  8.9780  747    17081  -15.6030  -42.5690  52.8080  747
122961  -4.9170  43.8900  8.4960  749    10148  -1.0820  79.7060  -11.1560  749
122962  -6.5060  43.6160  7.7090  750    10182  -37.0900  27.3560  8.7220  750
122963  -7.8330  43.0290  7.4110  751    10184  -24.9700  41.4710  35.0550  751
122964  -8.6280  42.7020  7.2350  752    19398  -3.3860  -60.5420  -11.2340  752
122966  -9.3910  42.8520  7.1400  754    7714  -37.6050  20.4700  13.3260  754
122974  -0.1200  44.1180  7.5390  757    17028  -13.0930  15.6420  49.9000  757
122984  0.1570  42.5840  4.3860  764    11644  -51.2210  -9.5270  -21.0010  764
122987  0.1460  42.2890  2.7410  766    20547  -2.6800  -7.1510  42.1500  766
122994  0.1250  41.9390  1.2700  767    20671  -22.3750  -32.0690  -35.3400  767
123003  0.0860  42.2610  0.5690  769    14097  -0.9020  37.8570  11.5700  769
123019  -0.2180  42.2890  -0.2530  772    16005  -32.9750  50.9290  22.4430  772
123030  -0.3800  42.8010  -1.5740  777    17546  -62.9360  1.6910  12.2620  777
123038  -0.4390  43.0780  -2.0060  781    25007  -2.8000  -80.6670  3.6750  781
123046  -0.4910  43.2570  -2.1050  783    7882  -49.4620  -52.6350  -31.1540  783
123047  -0.4560  43.5140  -2.2970  784    5988  -0.5740  73.4230  11.7060  784
123804  -3.2790  44.9670  8.6590  785    10047  -45.5390  -5.7790  -6.9490  785
123813  -0.3780  45.3410  7.5320  790    9926  -34.9950  -39.2880  24.8790  790
123814  -1.8300  45.3620  8.6310  791    9927  -59.8350  -27.4880  2.9950  791
123828  0.2440  43.8070  3.8560  801    11645  -50.7450  -9.2560  -21.5940  801
123835  0.2330  43.2950  2.1190  803    14159  -35.8090  24.7690  -62.4710  803
123860  0.2510  43.4070  0.1100  806    516  -34.0200  -77.5870  -31.9310  806
123861  0.0830  42.9330  -0.2660  807    14096  -1.8380  37.3410  11.8940  807
123873  0.1340  43.4250  -0.8080  809    515  -25.6790  -6.3130  -29.6270  809
123874  -0.1190  43.0590  -1.0500  810    16006  -8.5600  -16.4150  28.1670  810
123878  -0.6300  43.3810  -2.1640  812    18354  -54.4610  26.5590  -49.6070  812
123880  -0.1740  43.7220  -2.5240  814    4180  -68.1270  -5.6610  -27.0550  814
123884  -0.6200  44.0890  -2.8200  816    5989  -40.8090  -57.7640  -26.8730  816
123885  -0.4560  43.9070  -2.6530  817    5987  -19.3850  -5.4470  -30.1580  817
124621  -9.7580  43.9560  6.7090  820    7715  -37.4750  21.9170  12.6210  820
124628  -2.9280  46.1810  7.9630  823    9925  -35.3970  -40.2250  25.6430  823
124630  -6.6400  45.1090  6.6130  825    10149  -1.0620  81.1190  -10.4790  825
124631  -7.7940  44.7770  6.2080  826    10183  -24.8900  42.6160  33.6360  826
124633  -9.0700  44.5200  6.0240  828    10864  -56.5870  -45.6870  4.5670  828
124641  -4.4710  46.3900  7.1990  833    55571  -39.1910  35.4480  -26.2230  833
124701  0.2400  44.1500  -1.6990  847    3929  -20.7510  -34.4660  -28.2710  847
124708  -0.2260  44.3640  -3.0120  852    6152  -42.4130  3.8080  38.8170  852
124709  0.0240  44.5870  -2.9600  853    4459  -5.4410  -45.5100  22.4660  853
125393  -9.4680  45.0170  5.9390  862    56407  -1.7930  49.1350  -48.1030  862
125404  -7.7120  46.0100  5.4830  869    54223  -0.4350  -34.3480  1.9730  869
125405  -8.8100  45.6140  5.3550  870    52887  -40.4550  47.1500  3.3640  870
125406  -9.3200  46.0580  5.2700  871    52034  -0.8420  16.0730  -31.0320  871
125410  -0.0180  46.2950  6.2480  872    51815  -0.4460  -51.6020  3.2360  872
125412  -4.4880  47.4560  6.8660  874    51816  -58.1000  23.4300  -21.0850  874
125413  -5.6250  47.3380  6.3050  875    52349  -18.9250  -36.3400  -17.4410  875
125415  -7.9940  46.7430  5.1320  877    52412  -24.7250  -10.3610  -30.7570  877
125416  -8.6610  46.7660  4.8590  878    52035  -48.0560  38.9840  -24.0750  878
125423  0.2900  45.5240  3.1380  879    52740  -50.9320  29.4360  22.2040  879
125424  0.3450  46.0020  4.3180  880    52132  -19.6260  -85.2850  -8.8440  880
125457  0.1910  45.3800  0.0570  885    517  -32.9620  -76.3580  -35.9430  885
125470  0.3300  45.4340  -1.0190  888    3930  -21.4510  -31.8770  -26.8830  888
125478  0.3780  45.1970  -2.1950  890    4181  -68.1910  -4.8070  -27.8920  890
125487  -0.0830  45.9900  -3.6140  893    5995  -6.8800  -57.3070  -21.5830  893
125488  0.0000  45.7130  -3.5700  894    6056  -55.5020  -2.4820  9.3840  894
125489  0.0690  45.9190  -3.5670  895    6122  -43.8820  -34.4920  -31.9870  895
126177  -9.4210  47.0090  4.8640  905    43949  -24.9040  11.3080  -43.6150  905
126183  -2.2750  48.4600  7.5530  908    44679  -23.7900  -49.9140  11.3280  908
126196  -6.6460  48.8440  5.7630  916    44740  -40.1780  -56.1170  13.9590  916
126197  -7.4830  48.6670  5.1380  917    45430  -39.8270  -2.5910  -11.6000  917
126198  -8.2840  48.4620  4.5700  918    45465  -62.6530  13.8680  -5.0510  918
126215  0.1120  46.2480  1.7050  922    45843  -40.9300  19.6250  15.0260  922
126241  -0.1090  46.3710  -0.0910  926    46467  -62.6760  -12.3090  -36.6660  926
126242  0.0790  46.1690  -0.7400  927    47187  -19.3550  -23.7820  46.4580  927
126253  0.4050  46.2320  -1.9520  930    47824  -47.8540  -53.0070  6.2320  930
126261  0.4040  46.3440  -2.7340  931    55032  0.5220  -64.6630  -22.8230  931
126268  0.3180  46.6520  -3.4630  934    55269  -55.1200  30.6000  5.3580  934
126271  0.2200  47.0900  -4.0600  935    5996  -20.8480  -45.3970  32.5490  935
126272  -0.0040  47.1300  -4.0630  936    55686  -0.3820  16.7190  -18.6810  936
126273  0.0320  46.8840  -4.0040  937    49314  -34.2300  -29.3800  25.6430  937
126275  0.3570  47.8210  -4.1630  939    55616  -3.9250  30.6740  16.5100  939
126280  0.4090  47.8690  -4.5850  942    49313  -27.9570  8.6950  38.8140  942
126967  -4.3660  49.6640  7.1050  946    44717  -16.8750  56.5980  34.3310  946
126973  0.0790  48.7110  5.3870  949    44680  -31.0230  45.3400  -17.1620  949
126974  -0.8310  50.2500  6.8340  950    44678  -35.1060  -40.8740  24.8130  950
126976  -4.8350  50.7570  6.6710  952    33281  -36.1760  -69.5460  -16.4600  952
126981  -9.4130  49.2300  3.8730  957    9909  -38.0710  55.3040  -38.9290  957
126987  0.3700  48.7310  3.5660  958    32723  -29.3770  -2.8780  -51.5020  958
127031  0.4340  47.1620  -2.5420  966    48399  -43.7660  -39.8480  -28.8310  966
127041  0.4440  47.6700  -3.2520  968    48756  -26.2770  -38.0890  32.1730  968
127049  0.4470  48.1060  -3.9450  969    38775  -35.8630  -5.5450  -2.5590  969
127053  0.4330  48.1950  -4.6470  971    49315  -35.8240  32.7960  8.4050  971
127054  0.5260  48.8190  -4.6950  972    39555  -33.4980  16.7380  32.0890  972
127058  0.5040  48.0360  -4.7480  973    49559  -2.9250  57.7580  -17.8300  973
127061  0.6260  49.0330  -5.2430  976    39931  0.0950  -75.5880  -20.1550  976
127067  0.7810  49.2500  -5.9280  979    39932  -0.3700  -74.2960  -19.8190  979
127711  -1.0360  51.8420  6.1980  981    10195  -42.4450  10.6230  -22.0350  981
127712  -3.4390  52.2930  6.2530  982    10196  -8.3720  -36.4130  -17.5900  982
127714  -7.0260  50.6230  4.9600  984    11682  -26.0040  79.1050  -11.6000  984
127715  -7.9460  50.0530  4.2520  985    33734  -31.0380  54.2240  -27.0380  985
127717  -9.2320  49.8450  3.5880  987    9910  -40.8630  56.9040  15.3280  987
127720  0.2360  50.7140  3.6570  988    10197  -27.7620  -63.2170  3.0560  988
127733  0.2880  49.9560  1.6510  996    34122  -50.5790  24.3070  27.4700  996
127745  0.0620  49.4450  0.1310  997    15049  -33.3360  -41.0720  45.9830  997
127762  0.0260  49.1340  -1.1720  998    37159  -34.0940  -3.2970  25.0670  998
127776  0.1640  49.0780  -2.3220  999    35467  -1.5130  -23.4120  28.5190  999
127788  0.3740  49.0830  -3.4260  1000    36945  -9.6910  -18.0980  48.3600  1000
127798  0.4330  49.6340  -4.0200  1002    20358  -13.0870  -38.8600  -27.2570  1002
128441  -2.4600  53.3070  5.1440  1010    10994  -46.9010  22.2700  34.2630  1010
128443  -6.0830  52.4550  4.1640  1012    11252  -13.1430  22.0940  -37.6130  1012
128445  -8.0350  50.9190  3.2800  1014    11683  -11.4160  5.9030  -35.0140  1014
128446  -8.9930  50.6400  2.9410  1015    10356  -41.5960  24.8000  4.4330  1015
128449  0.0780  51.9090  2.8400  1016    11104  -34.9240  -75.1440  -15.1610  1016
128451  -4.9870  53.4490  3.4510  1018    11251  -12.7060  -45.1580  -2.2590  1018
128459  0.2580  51.2170  1.1880  1023    15086  -1.7760  -0.3380  -37.9370  1023
128486  0.2090  50.4750  -1.6190  1025    15048  -34.1810  -38.8040  46.8210  1025
128503  0.2310  50.3610  -2.8340  1026    18994  -60.4490  -19.2990  -34.3240  1026
129188  -7.5230  51.6960  1.9350  1037    12726  0.5500  -76.2370  -20.4950  1037
129193  -0.7050  53.7180  2.2490  1040    55015  -41.9400  -21.8650  30.0350  1040
129194  -4.9750  53.6220  2.1740  1041    55014  -63.2270  -36.5370  -32.9090  1041
129198  -8.8610  51.6380  0.4300  1045    55028  -38.7180  18.4650  -13.9750  1045
129215  0.2960  52.1120  -0.7470  1047    15050  -21.4050  67.3880  -34.8630  1047
129974  -1.5900  54.5050  1.3910  1052    44897  -39.2290  -47.6750  37.7910  1052
129977  -6.3940  52.7080  0.5540  1055    55707  -8.5510  20.4760  -33.9190  1055
129992  -0.2590  53.7300  0.1910  1057    44896  -8.5430  -7.4960  59.2860  1057
