36962  -10.1450  -38.8680  -14.1760  1    16482  -0.1700  3.2760  11.3800  1
36964  -11.6830  -38.5810  -14.3990  3    17069  -52.0420  29.4550  -45.8350  3
36966  -13.1990  -38.1190  -14.8220  5    17701  -55.6080  10.3350  0.8580  5
36967  -13.6230  -37.8660  -14.8740  6    17809  -5.2750  -68.2730  -33.5950  6
37971  -9.7220  -38.4380  -14.3720  7    16992  -33.9180  -8.0270  45.2410  7
37973  -11.3840  -38.0060  -14.5170  9    17097  -27.7400  73.7280  -0.3090  9
37990  -3.7970  -37.9980  -14.2600  13    19242  -54.0050  11.2080  30.9440  13
37991  -4.7220  -38.6720  -14.4900  14    19271  -49.7490  36.2610  8.9800  14
37992  -5.8580  -38.5670  -14.6590  15    19322  -52.3580  -15.3650  -48.0020  15
37993  -7.3370  -38.7550  -14.4500  16    17020  -31.7250  38.7120  -14.8410  16
37996  -14.6780  -37.6420  -14.8540  19    19459  -32.2410  -59.7690  32.0990  19
37997  -15.7050  -37.6820  -14.7970  20    19486  -35.9540  73.9840  -1.2630  20
37998  -16.7000  -37.7480  -14.8010  21    19505  -35.3400  -63.1620  -39.0900  21
38013  -4.2290  -37.5480  -14.6290  22    28706  -33.7650  51.5220  -30.1260  22
38014  -4.8710  -37.7140  -14.9230  23    28765  -6.6610  -64.5050  -33.5350  23
38972  -0.7320  -35.1810  -4.1120  25    5307  -37.0970  -64.9670  20.5860  25
38973  -0.6900  -35.0060  -3.1860  26    19420  -28.7070  8.2690  -44.3660  26
38983  -0.8050  -35.1600  -5.0550  27    20840  -42.6980  -25.6440  -43.0970  27
38993  -1.0030  -35.2010  -6.3150  28    22204  -1.1760  56.8650  -9.6710  28
39000  -1.2890  -35.3350  -7.6920  29    22900  -62.0120  -43.2810  -21.8810  29
39006  -1.5530  -35.6160  -9.1380  30    23691  -44.7560  -41.9400  9.9810  30
39012  -1.9230  -36.1030  -10.6390  31    24908  -30.0470  8.8160  48.3740  31
39013  -2.2920  -35.9410  -11.4390  32    38059  -68.1400  -9.5990  -26.0580  32
39020  -2.6880  -36.7080  -12.5960  33    26739  -2.0920  18.8040  52.8160  33
39022  -10.1270  -37.5790  -14.6460  35    26883  -60.6600  12.7880  -47.7530  35
39023  -11.0640  -37.4530  -14.7190  36    26903  -17.6040  -24.3400  -32.2290  36
39024  -11.9730  -37.4630  -14.8880  37    26980  -57.2140  8.8360  -13.5670  37
39025  -12.7870  -37.2620  -15.0820  38    27411  -1.8470  -80.2650  2.2720  38
39032  -3.2520  -36.6630  -13.5210  40    26795  -53.1000  55.6150  -17.2370  40
39034  -6.9170  -37.6930  -15.0380  42    28880  -19.9820  -56.9220  37.7550  42
39038  -11.5590  -37.0800  -15.0040  46    39369  -43.7470  53.9470  -1.1490  46
39040  -13.0620  -36.8630  -15.2250  48    39445  -26.4310  -84.2650  -15.4790  48
39041  -13.9770  -37.0380  -15.1560  49    27480  -15.9670  -82.9530  1.8220  49
39042  -14.9680  -37.0930  -15.0570  50    29391  -26.7630  68.6640  -9.9680  50
39043  -15.9360  -37.1310  -15.0110  51    29435  -1.3570  49.5230  -13.3850  51
39044  -16.8670  -37.3330  -15.0190  52    29470  -36.7700  18.8860  -8.6040  52
39045  -17.5070  -37.4570  -15.1200  53    29508  -43.7500  69.6520  -11.7290  53
39057  -4.3570  -36.6510  -14.7800  54    31054  -60.9340  -17.4330  21.1170  54
39058  -5.0510  -36.8930  -15.1940  55    28906  -47.2290  -6.9000  -4.7480  55
39060  -16.3160  -36.9470  -15.1660  57    37376  -1.3200  -78.7460  2.8970  57
39061  -16.9720  -37.0450  -15.2300  58    34922  -8.5520  -14.2360  55.8860  58
40003  -0.5890  -34.5960  -2.3570  59    34719  -9.7480  2.7360  -39.2040  59
40010  -0.6810  -34.2290  -3.4530  61    34233  -0.1300  -11.5040  5.8250  61
40013  -0.8950  -34.3140  -5.4350  62    36312  -1.7910  68.2130  -0.6020  62
40019  -1.2440  -34.2870  -6.7900  63    36616  -34.5280  77.1260  -21.9460  63
40025  -1.5490  -34.4100  -8.1690  64    37178  -20.2240  -38.1620  -15.5280  64
40030  -1.9270  -34.6440  -9.5870  65    37604  0.0350  -61.1190  24.1890  65
40031  -2.2680  -34.3960  -10.3590  66    40731  -5.0160  57.4930  -28.2170  66
40037  -2.5290  -35.0090  -11.3870  68    38526  -46.2280  13.5980  -21.0240  68
40042  -2.9710  -35.3070  -12.5190  69    38544  -19.4850  -35.3350  -28.5460  69
40044  -11.0330  -37.0350  -14.9640  71    39338  -0.4800  -14.2390  8.0560  71
40050  -3.4450  -35.4250  -13.4250  72    39038  -29.2740  6.6940  -39.8830  72
40051  -3.9220  -35.4940  -14.2370  73    39912  -60.4630  -0.9640  -44.5660  73
40052  -7.7490  -37.0440  -15.2140  74    40194  -15.6380  13.6080  47.0870  74
40056  -11.4130  -36.6480  -15.1640  78    40284  -22.3560  2.5580  56.5820  78
40057  -12.4190  -36.4420  -15.3110  79    40285  -4.5320  0.9370  -39.8810  79
40058  -13.3770  -36.5340  -15.3410  80    40550  -4.0920  43.4080  9.2730  80
40059  -14.2310  -36.6410  -15.3260  81    40577  -15.4370  -13.7060  46.5110  81
40060  -15.0600  -36.7320  -15.2790  82    40604  -1.9670  73.3800  19.4600  82
40069  -4.6430  -35.5430  -15.0150  84    38656  -28.9460  5.0890  -37.8580  84
40071  -6.6450  -36.5410  -15.5160  86    38657  -25.0810  -56.0700  21.8450  86
40072  -12.8700  -36.1810  -15.4100  87    44698  -6.7890  -61.8250  26.4750  87
40073  -13.5110  -36.2140  -15.4430  88    44938  -51.0650  48.8180  -30.8600  88
40074  -14.2930  -36.3450  -15.4820  89    44992  0.7360  -64.2910  16.2300  89
40075  -15.0630  -36.4890  -15.5000  90    45013  -39.0560  -55.9680  12.7830  90
40076  -15.9930  -36.6030  -15.5360  91    35943  1.1800  -10.7720  -0.5670  91
40077  -17.1230  -36.8190  -15.5450  92    33372  -30.4380  -53.0370  25.3090  92
40091  -5.3430  -35.5010  -15.4970  93    45453  -18.5710  30.5810  33.8570  93
40094  -16.5820  -36.4450  -16.0240  96    45838  -33.5850  38.3370  -25.8050  96
40095  -17.4400  -36.6850  -15.8930  97    42770  -30.3570  32.5770  -38.6940  97
40112  -16.5870  -36.2610  -16.4480  98    46910  -53.6290  7.2390  18.7050  98
40830  -2.2570  -35.1790  11.1300  99    36579  -49.3750  -7.6750  -49.7720  99
40831  -3.0100  -35.2110  10.8140  100    36580  -45.7960  -7.3250  -49.6570  100
40841  -0.9320  -35.3620  10.0840  101    37118  -56.8140  3.6850  -27.9850  101
40844  -5.0780  -35.0670  9.7010  104    37423  -3.7870  20.4450  34.8950  104
40845  -6.2470  -34.8860  9.6900  105    37474  -32.8010  -48.1010  -37.4960  105
40846  -7.1430  -34.7520  9.9210  106    37808  -59.6220  -6.1520  -38.5390  106
40847  -7.7700  -34.4780  10.1790  107    37875  -34.9760  -23.2320  35.8040  107
40848  -8.2110  -34.1890  10.4230  108    37922  -21.0990  -76.5630  -4.1410  108
40849  -8.5800  -33.8910  10.6000  109    33629  -0.0790  38.8790  30.8060  109
40854  -1.1570  -35.7460  8.8970  111    37119  -32.0590  2.8640  -38.7160  111
40855  -2.6960  -35.7490  8.9330  112    37399  -1.4530  -78.4160  3.7910  112
40856  -4.1750  -35.5220  8.8040  113    37424  -38.1940  29.5110  -63.3520  113
40857  -5.5090  -35.3510  8.6790  114    37475  -31.9210  -45.6580  -36.6770  114
40858  -6.6010  -35.3470  8.8590  115    37809  -35.3610  2.0990  -0.1720  115
40859  -7.3550  -35.2120  9.3130  116    34613  -65.5130  -2.9980  -24.4980  116
40860  -7.7810  -35.0570  9.7790  117    34189  -26.4800  27.7330  -65.4510  117
40861  -8.0400  -34.8280  10.1100  118    33941  -31.7720  -72.5990  -7.8800  118
40866  -3.3060  -35.7320  7.7970  121    38709  -56.6640  -1.1930  -44.3520  121
40867  -4.6910  -35.4820  7.6570  122    38750  -45.4890  40.5420  -11.7210  122
40868  -5.9820  -35.4190  7.3010  123    38785  -23.8830  -8.7920  32.8650  123
40869  -7.0730  -35.5340  7.9980  124    35135  -60.5190  16.2700  10.4310  124
40873  -6.1170  -35.1410  5.9460  126    35557  -29.5270  -16.9210  -27.5330  126
40874  -6.6910  -35.4360  6.6710  127    35165  -48.3950  -18.3300  30.7260  127
40877  -5.4070  -34.4780  4.4290  128    35842  -33.5640  -72.5600  -13.0490  128
40878  -6.0520  -34.8190  4.9150  129    35655  -39.6340  -3.4430  -44.0510  129
40882  -5.0310  -34.4820  3.5700  130    40171  -35.9140  59.3340  -8.9380  130
40898  -3.1600  -35.1150  2.6370  131    41332  -66.9830  -11.7330  11.6450  131
40918  -2.1140  -35.3310  2.0860  132    39751  -15.3910  4.1760  -41.1830  132
40932  -1.0710  -35.3190  1.4850  133    39762  -21.0780  2.7460  57.2160  133
40943  -0.6150  -34.8300  0.6340  134    40196  -1.7620  72.0490  -21.4480  134
40951  -0.3600  -33.6040  -1.7670  135    44426  -55.5690  -22.4370  11.9750  135
40952  -0.4550  -34.4920  -0.4260  136    40643  -22.7410  -50.0720  26.4970  136
40959  -0.4730  -33.5140  -2.5570  137    31502  -16.4970  -70.9290  3.1900  137
40975  -0.6940  -33.5340  -4.2650  141    29833  -19.6500  -75.0240  -6.5410  141
40981  -1.0120  -33.2840  -5.9500  143    42169  -25.6590  47.6990  28.7980  143
40984  -1.4450  -33.3100  -7.3050  144    42520  -21.5940  -48.2350  37.4220  144
40987  -1.8270  -33.4400  -8.5610  145    42650  -9.4470  44.2410  -46.0350  145
40992  -2.5150  -33.7380  -10.5690  147    39484  -24.7040  -15.4620  48.9990  147
40996  -2.8590  -34.0010  -11.5430  148    39483  -35.9520  -9.8940  31.3170  148
41001  -3.2740  -34.2020  -12.5030  149    43600  -41.2600  -60.6090  -27.7060  149
41006  -3.6620  -34.3420  -13.4040  150    43915  -46.9780  -61.3090  -30.1570  150
41007  -4.0790  -34.4170  -14.2010  151    44302  -0.4950  -32.9080  27.6940  151
41008  -8.2810  -36.7790  -15.2740  152    44578  -7.2270  23.7300  22.2640  152
41010  -9.6390  -36.4130  -15.2880  154    44622  -42.0910  1.4810  -50.3210  154
41011  -10.5850  -36.2390  -15.3270  155    44646  -3.1200  -22.1280  34.1410  155
41012  -11.5390  -36.0970  -15.3780  156    44673  -36.3790  -75.8180  -15.3700  156
41018  -4.5030  -34.3570  -14.7290  158    44333  0.1910  34.9970  -19.3080  158
41020  -8.7950  -36.0580  -15.6170  160    47462  -12.3220  -27.6520  32.1850  160
41021  -9.7060  -35.8520  -15.6440  161    47477  1.6640  -69.5340  4.5000  161
41022  -10.6900  -35.6740  -15.6580  162    47495  -32.2650  -3.2780  -35.6990  162
41023  -11.6890  -35.7190  -15.5950  163    47708  -40.9540  -65.8810  -3.0860  163
41024  -12.6260  -35.8220  -15.5650  164    45590  0.3490  40.2780  -4.4810  164
41025  -13.4770  -35.9120  -15.6160  165    45602  -36.8990  -67.9560  16.2810  165
41026  -14.2590  -36.0560  -15.6510  166    45785  -42.1350  -18.5620  -45.4830  166
41027  -14.9910  -36.2370  -15.6990  167    45808  -39.7720  38.8260  -12.8350  167
41037  -5.6710  -35.0580  -15.7790  170    45558  -38.1840  -2.4670  -18.9420  170
41039  -11.0770  -35.4020  -15.8910  172    48119  -1.6740  83.3000  -33.6940  172
41040  -11.7580  -35.3610  -15.8550  173    48143  -2.6540  49.0270  -34.6760  173
41041  -12.6020  -35.4480  -15.8510  174    48354  -57.3410  10.8190  7.9800  174
41042  -13.4100  -35.5980  -15.8840  175    48376  -27.6320  72.2540  -19.4480  175
41043  -14.1860  -35.7540  -15.9640  176    48406  -35.6910  -73.6960  -16.0190  176
41044  -14.9840  -36.0250  -15.9710  177    46067  -44.9380  -34.1970  -41.6940  177
41057  -14.4470  -35.6260  -16.3210  179    49043  -58.9450  33.6930  -3.1550  179
41058  -15.1420  -35.8430  -16.4070  180    49061  -4.1890  19.6860  -37.5100  180
41076  -14.5920  -35.4300  -16.7480  183    49844  -6.8690  -84.6810  -3.5940  183
41077  -15.1920  -35.4720  -17.0950  184    49857  -62.0280  -24.3060  -33.3190  184
41079  -16.9470  -35.8620  -17.3630  186    48075  -32.0140  -30.6100  17.9390  186
41092  -15.5440  -35.1100  -17.7410  187    50826  -51.1940  -57.3140  6.2330  187
41093  -16.3600  -35.1940  -17.8950  188    50852  -46.3750  58.6600  -7.9600  188
41808  -0.9850  -33.8620  12.5200  189    40909  -21.3840  25.7210  41.2310  189
41810  -2.1830  -33.9540  12.2340  191    36578  -46.3380  -8.7480  -48.5630  191
41821  -4.4590  -33.9900  11.1360  195    37463  -56.5920  -17.1680  15.5410  195
41822  -5.3500  -33.8290  10.7930  196    42069  -7.9550  12.3900  54.1340  196
41823  -10.1620  -32.2200  10.9690  197    36641  -58.1700  -17.2920  16.6700  197
41827  -0.6840  -34.6520  11.1260  198    37332  -25.0920  -13.0410  50.1980  198
41835  -8.8970  -33.1560  10.6270  206    38298  -10.5820  36.8760  -44.8670  206
41836  -9.4750  -32.8500  10.7540  207    36674  -34.6620  -14.9920  -29.1500  207
41841  0.0860  -34.4170  8.4960  210    43105  -58.8280  11.8230  16.0940  210
41842  -0.5160  -35.2670  7.7730  211    38694  -0.3760  -8.0800  33.5360  211
41843  -1.2350  -35.8230  7.0730  212    39205  -39.9680  -74.8330  -19.7470  212
41844  -2.4650  -35.8470  6.8390  213    39216  -51.3860  -8.8650  -5.5930  213
41845  -3.9110  -35.5840  6.7160  214    39251  -31.6540  -7.1300  -44.4050  214
41846  -5.0310  -35.3000  6.6790  215    39280  -61.5560  6.3770  -13.0230  215
41851  0.1630  -33.9340  6.8810  216    43176  -34.8950  33.8580  -39.4180  216
41852  -0.5920  -35.0900  6.2440  217    43191  -37.5970  21.4370  18.8190  217
41854  -3.1160  -35.6180  5.7790  219    43242  -39.7960  -21.6920  -3.0980  219
41862  0.0310  -33.8600  4.9810  222    43910  -35.5570  -75.6440  -33.4580  222
41863  -0.9150  -35.2360  4.9130  223    43918  -9.5710  -24.6390  51.5380  223
41864  -2.2930  -35.6290  4.8550  224    43975  -12.4910  -28.1330  35.0090  224
41872  0.1960  -32.9910  3.3300  228    44675  -14.4330  15.2770  -31.7410  228
41873  -0.4570  -34.4790  3.7540  229    44663  -13.7580  -46.9990  -29.8700  229
41874  -1.5050  -35.5130  3.9140  230    44714  -0.2390  34.7050  -20.4010  230
41875  -3.1030  -35.3810  4.0060  231    40172  -1.3040  19.5720  -38.4800  231
41883  0.2530  -32.2690  2.0100  233    45127  -57.9990  34.0620  -10.9770  233
41884  -0.0550  -33.7710  2.5360  234    45107  -54.1490  -44.0960  24.9660  234
41885  -0.8760  -35.0150  2.9640  235    41495  -32.8210  -61.2350  -38.7040  235
41903  0.2490  -31.9360  1.3230  238    41367  -2.0640  -25.8730  2.8110  238
41905  -0.4350  -34.3480  1.9730  240    42155  -11.3630  -15.9220  20.3350  240
41923  0.0860  -32.3170  0.0760  242    41369  -34.1000  -27.0300  17.3270  242
41924  -0.1280  -33.7360  0.9430  243    41368  -33.9670  -26.7860  18.5230  243
41937  -0.0220  -31.8390  -1.1280  245    47721  1.2020  8.2840  -17.3380  245
41938  -0.0770  -33.2760  -0.1130  246    47709  -3.3340  -36.8830  15.4900  246
41949  -0.2490  -31.5530  -2.4040  248    48393  -49.6170  -47.5060  -36.7600  248
41950  -0.2300  -33.0820  -1.2430  249    44460  -23.6350  -62.6120  27.1570  249
41960  -0.4700  -31.4890  -3.6030  251    49015  -24.8050  -43.1390  -10.8240  251
41970  -0.7340  -31.4380  -4.5930  253    49511  -49.0310  -58.4040  9.9530  253
41971  -0.5820  -32.4090  -3.9750  254    29831  -1.0120  -59.3160  31.7040  254
41980  -0.9090  -31.3290  -5.2440  255    49917  -27.7600  31.9200  -38.2010  255
41981  -0.8730  -32.1700  -5.2450  256    29832  -15.8020  14.2470  -35.3100  256
41988  -1.2730  -32.2390  -6.6080  257    45788  -5.9610  71.4960  -15.4680  257
41993  -1.7030  -32.3810  -7.8340  258    46084  -46.2230  -59.1980  13.2830  258
41995  -2.0820  -32.5310  -8.9440  259    46155  -0.3770  63.8120  27.2590  259
41998  -2.4250  -32.7400  -9.8940  260    46455  -67.4380  -20.0100  -17.4070  260
41999  -2.7620  -32.9010  -10.7110  261    46738  -45.9420  14.7650  -16.7710  261
42002  -3.1240  -33.0260  -11.6230  262    46757  -36.1410  66.7910  -4.6340  262
42005  -3.5150  -33.2330  -12.5840  263    46870  -5.7910  -62.2420  -33.1480  263
42014  -4.7200  -33.6780  -14.8850  266    48755  -33.7360  -65.1740  -9.0810  266
42015  -7.8960  -35.7110  -16.0120  267    48034  -20.3600  84.0660  -29.1030  267
42016  -8.6960  -35.4700  -16.1130  268    48053  -37.7080  -8.6810  44.2880  268
42017  -9.6470  -35.3050  -16.0440  269    48101  -9.9980  60.5570  -9.4550  269
42024  -6.0150  -34.4680  -16.1730  272    48766  -46.6350  -52.2040  5.8040  272
42025  -7.3110  -34.7820  -16.5220  273    48077  -3.4750  32.4220  30.4790  273
42026  -8.6190  -34.8100  -16.5140  274    51970  -24.6880  65.4640  9.8190  274
42027  -9.6210  -34.7590  -16.3970  275    51985  -14.5680  -35.5740  -29.2230  275
42028  -10.7120  -34.8860  -16.2530  276    48962  -45.2160  -50.2490  30.8120  276
42029  -11.6670  -34.9020  -16.2070  277    48976  -3.3400  78.5900  13.2910  277
42030  -12.5310  -35.0590  -16.2040  278    48999  -0.3470  34.3480  -37.1180  278
42031  -13.2920  -35.2560  -16.2470  279    49027  -42.3280  5.1390  -13.8600  279
42041  -7.7460  -34.1690  -16.7600  281    52438  -57.0340  -5.1100  -4.7460  281
42042  -8.5740  -34.0960  -16.8250  282    52461  -39.0520  -3.4150  -22.0650  282
42043  -9.6360  -34.1250  -16.7180  283    52503  -63.6950  -18.6510  -0.1930  283
42044  -10.6620  -34.2340  -16.6150  284    52527  -0.5490  66.8140  -14.3370  284
42045  -11.6010  -34.3610  -16.6400  285    52549  -47.5580  -44.0470  -5.2750  285
42061  -11.8980  -34.1550  -16.9390  289    53176  -3.7970  22.7870  -29.7900  289
42063  -13.3010  -34.4520  -17.2330  291    50811  -16.2330  -17.9170  52.0660  291
42082  -13.6600  -34.2400  -17.6840  294    54069  -48.5110  37.2100  10.2610  294
42083  -14.2770  -34.2600  -17.9790  295    51597  -50.0650  29.5560  23.7000  295
42085  -15.8150  -34.5520  -18.2520  297    51582  -4.1340  -33.0600  11.7710  297
42100  -14.6440  -33.8960  -18.4090  299    54774  -38.6530  21.8010  -13.6230  299
42101  -15.2900  -33.8700  -18.5560  300    54793  -0.2500  -38.3680  18.8700  300
42103  -17.0900  -33.7980  -18.6520  302    51639  -3.1330  83.7440  -0.7860  302
42840  -4.1340  -33.0600  11.7710  308    38737  -11.1660  -19.2410  24.9060  308
42842  -6.4680  -32.2490  10.7390  310    42718  -0.1830  77.9770  -32.2810  310
42843  -7.1990  -32.1300  10.5460  311    42744  -62.5620  -39.0560  -29.9030  311
42844  -9.6070  -31.4680  10.6910  312    42474  -53.9600  -52.1460  -28.3930  312
42853  -8.3950  -32.5800  10.5170  319    42774  -40.4340  -42.7790  -23.5310  319
42858  0.3490  -33.5430  9.4870  322    42709  -56.6450  0.7650  -11.3700  322
42873  0.4970  -32.4970  6.9270  324    43215  -21.5030  -47.4650  -29.4780  324
42878  0.4230  -32.4130  5.7040  325    43933  -60.4430  14.6970  -47.4000  325
42882  0.3980  -31.9030  4.1930  326    44687  -23.8500  7.4110  -39.1020  326
42886  0.3820  -31.0130  2.5990  327    45140  -36.4150  -15.1040  -1.0640  327
42892  0.2720  -30.8470  1.0890  328    45840  -48.7730  31.7110  -49.4340  328
42908  0.0870  -29.9640  -0.2230  330    51060  -57.1450  -45.0680  16.0230  330
42924  -0.2130  -29.4070  -1.2630  332    51608  -20.9020  -83.1030  -6.0290  332
42925  0.0600  -30.7690  -0.7650  333    47730  -41.3070  -45.7310  -17.7040  333
42943  -0.5760  -29.0540  -1.7740  334    52403  -0.7410  -50.3450  -1.9360  334
42944  -0.3630  -29.9780  -2.1000  335    48407  -50.3080  -12.5500  -3.6790  335
42957  -0.5590  -30.3760  -3.4090  336    49028  -41.2260  16.2550  -35.1990  336
42977  -1.1880  -31.1170  -6.0020  339    50435  0.4640  -13.0670  25.0270  339
42987  -1.6260  -31.3850  -7.2900  340    50475  1.4100  22.8450  -1.2450  340
42996  -1.9910  -31.6110  -8.3710  341    50846  -1.2230  34.9330  -24.3650  341
42998  -2.4400  -31.7020  -9.4390  342    51101  -37.5720  -1.0710  32.8650  342
42999  -2.6560  -31.1910  -9.8640  343    55185  -4.0460  -38.6800  18.1340  343
43002  -2.9130  -31.8480  -10.6390  345    51319  -44.8490  -51.3500  26.4740  345
43005  -3.3950  -32.1600  -11.8660  346    51332  1.5060  -72.9770  -25.2500  346
43007  -3.7130  -32.4190  -12.7840  347    51391  -0.7710  16.3100  -29.1720  347
43010  -3.9860  -32.4820  -13.5220  348    51461  -39.4810  68.3930  -16.0280  348
43011  -4.4180  -32.5680  -14.3240  349    51668  -28.9690  8.3020  33.6900  349
43014  -4.9810  -32.9550  -15.2400  350    51687  -31.9200  -8.7700  43.6890  350
43018  -6.1580  -33.5620  -16.4510  352    52265  -27.3260  12.0640  -69.2090  352
43025  -6.4610  -33.1220  -16.6800  354    55652  -31.1960  -35.7120  49.9940  354
43026  -7.2910  -33.2790  -16.9980  355    53080  -63.6280  -21.2820  -33.6660  355
43027  -8.4450  -33.2460  -17.2360  356    53093  -25.5980  16.0880  -31.2570  356
43028  -9.6580  -33.4910  -17.0520  357    53108  -62.8760  6.1610  -24.8020  357
43029  -10.5850  -33.6170  -16.9930  358    53158  -38.5230  9.5160  -6.0260  358
43040  -8.8720  -32.8080  -17.4070  360    56013  -53.2610  -52.5270  -2.3390  360
43041  -9.6440  -32.8810  -17.4090  361    56025  -9.3150  57.4220  -6.0870  361
43042  -10.5890  -33.0180  -17.3990  362    54070  -48.6120  -13.1320  19.5700  362
43057  -10.9960  -32.7750  -17.6730  366    56483  -43.6780  -45.9280  -22.6750  366
43059  -12.4950  -33.1330  -18.0720  368    54767  -7.6120  -55.0370  -10.0570  368
43080  -13.5520  -32.9670  -18.6490  372    6221  -0.4260  74.3670  10.2910  372
43081  -14.5340  -33.1040  -18.8510  373    55380  -31.8570  35.6810  -27.0930  373
43082  -15.5600  -33.1640  -18.9610  374    55387  -19.4830  -27.4040  -29.9410  374
43083  -16.4470  -33.0380  -18.9350  375    55396  -31.7510  51.0790  21.3500  375
43084  -17.1290  -32.8820  -18.9570  376    55409  -5.1300  -25.3900  33.8790  376
43098  -15.8330  -32.3940  -19.3060  378    57464  -5.9590  -25.1020  33.3450  378
43099  -16.7110  -32.2680  -19.2770  379    57470  -50.6690  32.7550  -21.4530  379
43823  -0.3750  -32.4120  13.5590  380    48188  -47.0310  -59.2180  12.8400  380
43832  -2.1050  -32.3630  13.7250  385    38736  -10.0120  -18.1120  24.4410  385
43834  -10.8880  -30.9000  11.4940  387    43994  -47.8320  -43.0420  -10.1330  387
43835  -10.8660  -30.7010  12.1890  388    46299  -55.1000  -47.6600  -6.1030  388
43838  0.1710  -32.8640  11.8050  389    40910  -45.3530  5.9870  -19.0610  389
43842  -6.1170  -31.4790  11.2620  393    48589  -46.8590  64.1920  -8.6520  393
43843  -7.2330  -31.2190  10.7550  394    48632  -55.8740  4.7590  28.2970  394
43844  -8.2660  -30.9920  10.5920  395    52483  -58.2740  -39.0570  -41.5620  395
43845  -9.1640  -31.1620  10.6000  396    48881  -0.5160  -35.2670  7.7730  396
43847  -10.5240  -30.7890  11.2350  398    43995  2.4310  -22.4520  -4.4600  398
43878  0.5220  -31.5800  7.6740  404    49271  -7.3790  5.6800  57.9720  404
43887  0.4820  -30.7170  4.9720  406    50134  -1.4020  -83.1310  -3.9270  406
43892  0.4360  -30.1170  3.6070  407    50372  -51.6770  -43.7190  -20.6860  407
43902  0.2600  -29.3580  1.5030  409    50735  -18.0890  9.2020  47.7110  409
43910  -0.0330  -29.0300  0.3210  410    51072  -54.5430  32.8190  9.8580  410
43918  -2.4180  -28.5670  -1.8340  413    55574  -41.3950  28.6330  29.1630  413
43931  -1.2550  -28.7050  -1.9910  416    53082  -63.5650  -21.3310  -32.1810  416
43932  -1.8620  -28.8180  -2.4100  417    55963  -40.3500  37.6160  5.6920  417
43934  -2.7550  -29.0040  -2.1010  419    55598  -20.8860  -16.4820  51.7730  419
43935  -2.7760  -28.7570  -2.4220  420    12403  1.4000  27.0950  -11.2170  420
43950  -0.9840  -29.3330  -3.3500  421    53242  -1.7650  63.9800  4.2070  421
43951  -1.6670  -29.0120  -3.3480  422    55958  -28.8370  42.2800  -21.6690  422
43952  -2.0920  -29.0050  -3.3160  423    55976  -8.1040  -47.0280  -3.2440  423
43953  -2.3920  -28.9980  -3.1420  424    55997  -2.5400  -47.6540  40.1900  424
43970  -1.0090  -29.8710  -4.3390  426    53802  -11.9190  -30.1030  19.6770  426
43971  -1.4930  -29.3140  -4.4400  427    56484  -41.6380  -11.0080  22.3900  427
43972  -1.8980  -29.0750  -4.4060  428    56496  -50.5120  -29.7900  24.0620  428
43973  -2.0780  -29.2700  -4.1730  429    56513  -52.1920  25.9640  -10.3700  429
43974  -2.3660  -29.1840  -3.8640  430    56531  -59.8100  -42.4350  -19.3940  430
43990  -1.3830  -29.9880  -5.4970  432    54541  -58.7320  32.3560  -5.2990  432
43991  -1.8870  -29.4240  -5.5210  433    57053  -20.2410  17.9190  -39.3840  433
43992  -2.0970  -29.3190  -5.3960  434    57066  -49.8040  -52.4200  -8.9730  434
43993  -2.1300  -29.4580  -5.0720  435    57101  -5.4780  -49.9710  1.4270  435
44003  -1.7010  -30.4480  -6.9090  436    54558  -25.1210  -49.9150  9.8830  436
44004  -1.9520  -29.7470  -6.7160  437    57436  -49.9230  -53.4240  -11.7070  437
44005  -2.1860  -29.5390  -6.6250  438    57448  -17.6600  -60.1600  -10.6920  438
44006  -2.4280  -29.6200  -6.4240  439    57556  -46.6180  26.1970  20.8880  439
44018  -1.9860  -30.8180  -8.0530  440    54803  -61.2800  -19.4740  9.5670  440
44019  -2.1250  -30.1070  -7.9150  441    57712  -22.0680  9.8990  -39.9230  441
44020  -2.2920  -29.6540  -7.8060  442    57721  -12.1660  -55.2070  -9.6870  442
44021  -2.5640  -29.5860  -7.7990  443    57731  -50.9770  -52.8760  -9.3540  443
44022  -2.5970  -29.4230  -8.3420  444    57757  -5.7210  -36.1340  53.1570  444
44033  -2.4540  -30.6540  -9.1310  446    55196  -2.4280  -23.4810  36.5350  446
44034  -2.5140  -29.8930  -8.9080  447    58055  -43.8970  -32.8770  -2.9000  447
44035  -2.6600  -29.5820  -8.8480  448    58064  -4.1000  34.6840  30.0340  448
44036  -2.8070  -29.3790  -8.8640  449    58072  -49.6220  -46.6640  26.3240  449
44039  -2.8660  -30.7880  -10.3170  450    55209  -19.7820  84.5530  -19.3440  450
44040  -2.7950  -30.0630  -10.0020  451    58273  -2.5030  -34.7630  24.0960  451
44041  -2.8540  -29.6350  -9.8390  452    58285  -41.9960  36.6500  -26.6190  452
44042  -3.0150  -29.4470  -9.8990  453    58295  -14.8690  -52.6760  -14.3200  453
44045  -3.2890  -31.1160  -11.3600  454    55240  0.9350  -57.7580  -4.6710  454
44046  -3.1850  -30.2320  -11.0200  455    58382  -16.6350  -51.9010  -14.0860  455
44047  -3.1360  -29.5940  -10.8700  456    58389  -26.8990  -25.5490  43.3780  456
44048  -3.0820  -29.4140  -10.5700  457    58399  -8.7410  40.3660  -43.7870  457
44050  -3.6250  -31.5170  -12.4040  458    55322  -10.9480  -64.2570  25.4100  458
44051  -3.5480  -30.4370  -12.1410  459    58413  -16.2620  41.0810  -44.3590  459
44052  -3.3990  -29.7520  -11.6170  460    58490  -36.9100  30.2270  -15.9180  460
44055  -3.9670  -31.2900  -13.4210  462    55586  -60.9950  -31.9800  -10.7690  462
44058  -4.6720  -31.6350  -14.7530  463    55603  -0.7020  33.3110  -25.2110  463
44063  -5.5190  -31.5770  -16.0920  466    55993  -0.9140  60.3380  -27.6650  466
44065  -7.1260  -32.1310  -17.2590  468    55996  -36.0260  -44.3770  36.2200  468
44072  -7.5470  -31.7030  -17.5340  470    3530  -9.9150  -60.7840  -13.0150  470
44074  -9.6070  -32.2560  -17.7290  472    4352  -32.5070  -23.1100  48.5750  472
44087  -11.6720  -32.3390  -18.2650  477    5437  -2.9710  84.3820  -33.4150  477
44121  -12.8440  -31.4870  -19.2470  485    7377  -51.4110  6.0690  28.0090  485
44122  -13.8470  -31.5790  -19.5190  486    59233  -8.0820  31.0760  -38.5860  486
44124  -16.0720  -31.5460  -19.7130  488    10015  -29.9980  37.9920  -7.5460  488
44843  -0.9400  -31.2780  15.4640  492    17145  -40.5420  15.0630  27.9010  492
44851  -3.0320  -31.1600  14.8520  497    52139  -44.7410  -35.7750  -39.2870  497
44852  -10.7550  -30.2000  13.1700  498    51857  -38.0630  35.9240  -26.7790  498
44853  -10.5860  -29.8840  13.9900  499    47818  -14.2290  -22.8270  25.1860  499
44858  -5.0780  -30.6420  12.9800  503    52150  -53.7090  11.7960  7.8890  503
44859  -6.0380  -30.2420  12.4710  504    52429  -20.7800  -26.2100  -33.1170  504
44860  -10.4530  -30.0650  11.7380  505    52739  -7.4790  -77.9820  -30.1280  505
44862  -10.6320  -30.1580  12.7500  507    51894  -21.3670  41.2470  -35.3320  507
44870  -7.9300  -30.2820  11.0400  512    52506  -15.1100  10.1300  45.9960  512
44872  -9.7170  -30.2560  11.0360  514    52610  -41.3190  46.1070  4.4500  514
44885  0.5890  -31.0470  10.0980  517    639  -52.8890  -24.1020  -46.7930  517
44896  0.5070  -30.4670  8.5600  518    1513  -59.0950  3.4720  23.5850  518
44908  0.4980  -29.5660  5.6820  520    54078  -0.8660  31.9350  16.0140  520
44912  0.5130  -29.0480  4.3190  521    5111  1.1010  -74.3380  0.2590  521
44920  0.0620  -28.2040  1.9390  523    54571  -32.4280  41.3390  -51.2940  523
44925  -0.3210  -27.9200  0.8180  524    54739  -4.1310  -8.3310  38.4980  524
44926  -0.9840  -27.5080  0.3500  525    54949  -36.8370  -48.9450  0.0150  525
44927  -2.7370  -27.5390  0.1140  526    8699  -16.3450  -39.0560  -17.2530  526
44928  -2.9400  -27.6880  0.2870  527    8723  -25.5910  42.8020  35.3640  527
44929  -3.1710  -27.8340  0.4490  528    58056  -28.0010  38.3340  -58.7090  528
44937  -1.4160  -27.8070  -0.1210  530    55211  -53.1940  29.9440  7.1930  530
44938  -2.2050  -27.9900  -0.0900  531    58051  0.3430  -4.1240  -35.9380  531
44940  -3.1360  -28.2730  -0.0230  533    58150  -51.7500  -56.5610  -13.0740  533
44949  -1.4940  -28.1470  -1.0170  535    55404  -35.5150  23.7360  -7.9980  535
44950  -1.8660  -28.3060  -0.9280  536    55417  -36.3510  -65.4510  -4.8840  536
44951  -2.3350  -28.6850  -1.0570  537    55573  -17.2100  -54.0910  -0.2210  537
44952  -2.7130  -28.6930  -0.8480  538    55572  -57.2860  -47.7350  7.7410  538
44956  -1.7960  -28.5690  -1.5860  540    55970  -35.9220  33.1220  -14.1240  540
44969  -2.5050  -29.0310  -3.5800  545    12434  -56.0250  -47.4000  -36.6410  545
44983  -2.2580  -29.6770  -4.5740  546    57111  -14.9270  84.1980  -32.6190  546
44999  -2.5830  -29.6590  -5.8900  547    14780  -56.0250  -4.5660  -41.2260  547
45038  -2.5060  -29.3390  -8.2110  550    19431  -1.8060  38.7160  -24.0660  550
45049  -2.9240  -29.2460  -9.7990  552    58361  -19.7080  -66.0220  -32.4770  552
45052  -3.2950  -29.2440  -11.2590  553    58498  -52.7430  -54.7940  -14.9850  553
45053  -3.2830  -29.2190  -10.9580  554    465  -25.0830  -17.7720  -25.5860  554
45056  -3.5760  -29.5860  -12.3030  555    729  -0.4960  -22.7240  5.7850  555
45057  -3.5110  -29.2030  -11.9160  556    774  -27.4520  -35.3280  26.1120  556
45058  -3.6230  -28.8610  -12.0550  557    885  -32.1970  24.9340  9.0380  557
45061  -3.7800  -29.8840  -13.0780  558    728  -26.7880  -6.5320  -29.4940  558
45062  -3.7180  -28.9690  -12.9250  559    730  -1.8670  -76.6620  -35.6330  559
45063  -3.8480  -28.7220  -12.6320  560    835  -16.4580  80.4550  -2.3000  560
45066  -4.2760  -30.1720  -14.1790  561    2032  -20.1410  -21.4350  51.3060  561
45067  -3.9830  -29.2650  -13.6330  562    2033  -19.5880  -20.5880  51.0650  562
45069  -5.0360  -30.6070  -15.5220  563    2558  0.5080  44.6270  -15.0480  563
45070  -5.1340  -29.7110  -15.9230  564    3300  -3.2050  -29.0180  19.2730  564
45072  -5.6250  -31.2250  -16.2590  565    2557  0.6090  47.0370  -14.2550  565
45073  -5.9770  -30.6130  -16.7880  566    2559  0.4970  45.7850  -13.5960  566
45076  -6.3590  -30.0750  -17.2950  568    4101  -8.4740  -34.5680  13.0330  568
45077  -7.2320  -30.6840  -17.6890  569    3531  -54.6410  3.2100  -11.2600  569
45085  -7.4920  -30.1200  -18.0330  571    4353  -23.7610  8.6510  -56.0560  571
45097  -8.6620  -30.0240  -18.5060  575    5438  -33.2300  -19.5820  20.9080  575
45112  -10.7660  -30.1430  -19.1630  579    7378  -44.4780  16.9950  -28.5240  579
45114  -12.9710  -30.6550  -19.7460  581    9872  -7.0300  -3.8090  25.2510  581
45115  -14.2090  -30.8670  -19.9530  582    9904  -52.4810  -58.4900  -22.8740  582
45132  -12.7240  -29.9400  -20.0330  585    9905  -0.4610  -25.6440  3.2950  585
45134  -14.6030  -30.1250  -20.3620  587    10016  -28.9750  36.7390  -7.8630  587
45135  -15.9250  -30.2590  -20.4550  588    10365  -47.1770  19.0820  -63.2910  588
45888  -1.8630  -29.1050  17.3470  590    17147  -22.5090  42.4990  26.8520  590
45903  -3.0150  -29.1300  16.9380  594    17695  -47.4650  5.6560  19.3850  594
45912  -4.6480  -29.3100  15.8790  599    17721  -52.6310  -48.4200  21.2810  599
45913  -10.7790  -29.3370  14.4060  600    19236  -33.0740  -54.9060  -38.0000  600
45916  0.2670  -30.4370  14.0570  601    19979  -31.5660  30.6480  -36.5600  601
45921  -6.2350  -29.6360  14.2190  606    17982  -1.0270  46.1410  7.8390  606
45922  -10.1230  -29.7070  13.2090  607    20829  -55.7700  6.8020  -9.8210  607
45923  -10.2270  -29.6800  13.4760  608    59295  -25.5510  -85.0680  -17.6000  608
45924  -10.4390  -29.7040  13.9020  609    19234  -32.6310  30.3870  -36.3000  609
45931  -6.9500  -29.6980  12.9000  615    56485  -0.2290  -54.9000  -8.9830  615
45932  -8.1420  -29.5050  12.4380  616    18708  -66.7250  -5.9930  6.1990  616
45933  -9.0030  -29.4920  12.2110  617    56860  -7.0410  29.3820  15.1460  617
45934  -9.6900  -29.5730  12.1610  618    20176  -35.1920  61.4020  -8.8820  618
45947  0.5080  -28.9500  10.9190  623    640  -54.6190  -24.3190  -46.6270  623
45983  0.4840  -28.4890  6.4040  632    3148  -31.6140  -3.3970  -34.7590  632
45988  0.5480  -27.9850  5.0110  633    5109  -29.7430  2.6800  -51.8170  633
46000  -0.2050  -27.1550  2.4940  635    5890  -23.2440  -53.5540  -30.2470  635
46001  -0.8680  -26.6840  1.9510  636    6874  -38.5840  -63.7360  20.0870  636
46002  -3.3230  -26.6580  1.9600  637    7141  -24.4220  -13.4570  -39.6610  637
46009  -1.4220  -26.7840  1.3940  640    6939  -26.2920  -6.2920  -30.1570  640
46010  -2.3010  -26.9000  1.3590  641    8639  -5.9220  -76.4000  14.0520  641
46012  -3.7780  -26.9870  1.6550  643    7140  -61.1150  -21.8250  -12.8830  643
46022  -3.8150  -27.4120  0.5980  648    8847  -29.3350  9.8020  27.2330  648
46029  -3.3960  -28.0050  0.0920  651    9840  -27.6820  -67.4790  -32.4890  651
46039  -3.1490  -28.6230  -0.4910  652    10724  -30.5580  -82.4010  -21.6730  652
46042  -2.9200  -28.8010  -1.4890  653    12287  -36.3570  9.9450  -58.1160  653
46045  -2.4260  -28.1870  -2.6220  655    12404  -58.8080  -33.3610  -35.3310  655
46049  -2.2600  -28.9330  -3.1640  658    13099  -2.7970  54.8340  8.5030  658
46050  -2.2870  -29.0970  -3.5760  659    13098  -59.9820  -23.8880  2.3390  659
46053  -1.9070  -29.2530  -5.3040  661    14052  -51.0350  -61.9060  -6.0040  661
46054  -2.1880  -29.0080  -4.5680  662    13820  -18.4790  62.0830  12.6820  662
46055  -2.3270  -29.0730  -4.7630  663    13849  -30.3920  -10.7670  35.2260  663
46059  -1.9340  -29.4380  -5.9520  665    14053  -23.7450  11.6110  -58.0520  665
46061  -2.3040  -29.4620  -5.7230  667    14173  -41.9950  29.8190  -27.5970  667
46072  -2.3030  -29.5620  -7.6780  669    15507  -42.7830  -21.8410  23.2590  669
46073  -2.3180  -29.5370  -7.1930  670    15476  -41.9440  -59.9920  -27.1500  670
46074  -2.3450  -29.5800  -6.6310  671    15600  -44.6930  1.9650  -11.1690  671
46092  -2.4830  -29.5650  -8.4430  672    16497  -63.5390  -6.5310  22.8730  672
46094  -2.5280  -29.5490  -8.2970  674    16587  -7.6080  -49.1300  -13.1880  674
46118  -2.8420  -29.4560  -9.6660  676    18920  -37.9090  -18.9370  17.3860  676
46119  -2.9450  -29.3960  -9.9290  677    18898  -43.6770  2.4720  -14.2050  677
46120  -2.8130  -29.3780  -9.4180  678    19432  -46.1570  4.0400  11.2010  678
46137  -3.2140  -29.2410  -10.9510  679    466  -24.3110  -18.7390  -24.0450  679
46145  -3.7370  -28.6190  -12.6090  681    464  -57.8980  -43.7230  2.5230  681
46146  -4.0730  -27.9130  -13.1940  682    24696  -63.5770  5.4980  -26.8480  682
46149  -3.8800  -28.2940  -13.2530  683    2126  -45.4810  44.9970  21.4970  683
46150  -4.0220  -28.1080  -13.1450  684    941  -38.0290  -2.2530  -19.9940  684
46151  -4.2380  -27.5550  -13.5630  685    24675  -57.3360  -13.9590  -19.7840  685
46154  -4.2660  -29.1920  -14.2730  686    2367  -24.9640  58.9380  20.1570  686
46155  -4.1250  -28.4500  -13.8870  687    2216  -21.0640  -44.9720  35.8320  687
46156  -4.2320  -27.6310  -13.8050  688    24904  -51.1280  28.4430  -16.7570  688
46157  -4.5990  -27.0200  -13.9900  689    24951  -42.6290  -19.1880  -44.5770  689
46160  -4.6090  -28.7270  -15.1240  691    3336  -4.6470  -28.1710  48.9930  691
46161  -4.4650  -27.5100  -14.4960  692    25556  -53.9840  -42.0510  -9.7990  692
46162  -4.7000  -26.8740  -14.3210  693    25596  -40.5180  63.6880  6.9710  693
46164  -5.2490  -28.9810  -16.2750  694    3412  -45.9800  -9.3690  -12.7690  694
46166  -5.9710  -29.2090  -17.1130  695    4132  -6.0390  -35.9000  12.7680  695
46172  -6.0380  -28.6440  -17.4160  697    4430  -33.2530  -22.6860  48.8790  697
46185  -8.9180  -29.6260  -18.7420  702    7612  -22.5990  -22.3490  -16.0030  702
46198  -10.9500  -29.6650  -19.4940  706    9766  -61.7940  19.5840  7.9310  706
46217  -10.2670  -28.8860  -19.6310  708    29688  -0.5350  53.5370  -19.8340  708
46218  -11.1560  -28.9800  -20.0020  709    29730  -32.3840  -41.6160  31.1880  709
46219  -12.4390  -29.1910  -20.3900  710    9980  -36.8290  -28.5140  20.0050  710
46220  -13.6930  -29.3690  -20.6890  711    12339  -18.8580  58.8370  11.8080  711
46221  -14.7810  -29.3920  -20.8830  712    12400  -5.6910  77.9350  -13.2260  712
46222  -15.5730  -29.3270  -21.1010  713    12459  -23.2580  -47.0760  15.0150  713
46235  -13.7990  -28.6780  -21.2020  715    31648  -3.0490  -87.0310  -10.2410  715
46236  -14.7810  -28.6890  -21.4430  716    31891  -23.5220  -13.3600  -26.4280  716
47013  -4.4950  -28.3410  16.3380  723    17696  -2.4460  27.8400  -39.0170  723
47019  -6.4420  -28.6480  15.1910  727    17851  -56.0240  45.1830  -14.2020  727
47020  -7.2960  -28.5320  14.9000  728    18531  -50.3740  -25.5640  -42.8460  728
47021  -10.6370  -28.6180  14.5910  729    19235  -33.6540  30.0400  -35.9330  729
47026  0.2810  -29.3080  14.7810  731    17146  -2.9020  -31.3100  47.6480  731
47031  -8.9120  -29.0930  14.1120  736    19171  -5.5190  28.1730  -41.0010  736
47075  0.3600  -27.7760  8.4180  748    638  -33.7270  26.9030  9.7010  748
47085  0.4640  -27.5150  7.0960  750    1570  -9.5180  -47.9390  13.4440  750
47101  -0.3600  -26.2300  3.2710  753    5110  1.4690  -72.8540  0.0770  753
47102  -1.2350  -25.9510  2.9100  754    5929  0.7960  18.5740  -23.6130  754
47103  -2.0640  -25.8730  2.8110  755    27418  -23.3160  57.6610  26.0820  755
47104  -2.7490  -25.8430  2.7900  756    27583  -22.2200  -61.4850  -36.7610  756
47105  -3.2760  -25.9190  2.8090  757    27923  -22.6530  81.5220  -32.7810  757
47111  -1.5750  -26.3630  2.1940  759    6909  -11.3630  -9.8360  56.0420  759
47112  -2.4390  -26.1940  2.2080  760    6966  1.7720  -78.0510  -12.2680  760
47113  -3.1530  -26.4170  2.2340  761    7374  -59.7100  -44.6800  -31.4540  761
47114  -3.6260  -26.4040  2.4100  762    7142  -24.8770  -68.9360  -36.3580  762
47123  -3.5590  -26.8590  1.8150  766    7173  -24.5270  15.4020  35.0330  766
47129  -3.2400  -27.2820  1.0570  767    9445  -43.0670  -28.6620  -33.0140  767
47135  -2.9320  -27.9320  -0.4110  768    30020  -9.3960  -59.6690  38.7790  768
47136  -3.3830  -27.7150  0.2500  769    9839  -35.7200  49.3100  -35.8100  769
47147  -2.4140  -28.5640  -0.9120  770    31405  -1.4780  12.2870  25.1400  770
47148  -2.6910  -28.6420  -0.8600  771    30268  -62.5990  -42.2920  -9.6860  771
47149  -3.3770  -28.6880  -0.9600  772    10747  -5.8250  -66.1980  -34.9090  772
47151  -2.1380  -28.2990  -1.7710  773    13163  -12.9320  -19.9060  -19.7200  773
47153  -2.7110  -28.7780  -1.3250  775    12320  0.1350  46.6480  -3.8040  775
47155  -1.4370  -28.6350  -3.0360  776    32304  -24.8920  -39.4540  -35.3990  776
47156  -1.7840  -28.3370  -2.7940  777    31932  0.5780  -54.2950  27.9840  777
47160  -1.4430  -29.0240  -4.0490  780    32322  -32.8110  30.1580  -62.9680  780
47161  -1.6130  -28.7870  -3.7460  781    13914  -23.8450  81.9060  -17.0090  781
47162  -1.9760  -28.9950  -3.4520  782    13186  -54.1210  -24.2990  -16.6630  782
47165  -1.7340  -29.0820  -5.1710  783    32818  -42.5880  27.0920  -34.7340  783
47170  -2.1540  -28.9590  -6.3660  786    33058  -24.8880  24.8660  -41.1740  786
47171  -1.9570  -29.2380  -6.0990  787    14080  -3.5940  -80.1380  -25.9470  787
47174  -2.5310  -28.7340  -7.5250  789    33455  -39.2550  -49.0780  -25.7350  789
47175  -2.3670  -29.1130  -7.3460  790    33234  -42.6400  -7.4620  -5.8630  790
47176  -2.1820  -29.3450  -7.0300  791    15546  -16.7920  50.0040  22.0750  791
47178  -2.7430  -28.5980  -8.1710  792    33893  -24.3650  23.7420  39.0830  792
47179  -2.8160  -28.8000  -8.5910  793    33589  -48.3660  -18.6090  -2.1670  793
47180  -2.5690  -29.3140  -8.4760  794    16525  -16.9550  -65.3040  -37.4520  794
47191  -3.1160  -28.6660  -9.4190  796    34057  -62.3350  -22.4080  -16.0990  796
47192  -3.1300  -28.8170  -9.8870  797    34043  -24.5470  -79.3150  -0.1660  797
47193  -2.9140  -29.2710  -9.8140  798    19385  -59.2780  -35.5030  16.1300  798
47212  -3.4300  -28.5910  -10.8160  800    35039  -36.9490  -39.1180  32.3140  800
47213  -3.4670  -28.6640  -11.2510  801    35017  -13.0320  -70.5050  5.2730  801
47214  -3.2800  -29.0970  -11.1450  802    22008  -10.9680  61.9480  -11.1190  802
47215  -3.3970  -29.0500  -11.5380  803    21990  -24.5800  34.1530  27.4740  803
47225  -3.7710  -28.3080  -12.2110  804    36531  -31.0280  48.6350  20.0860  804
47227  -3.7820  -28.3840  -12.6790  806    23996  -3.1640  -37.3000  35.0450  806
47234  -4.2250  -27.5460  -13.5640  808    37688  -20.1310  -67.0470  28.8230  808
47235  -4.3430  -27.3300  -13.5990  809    24770  -53.0410  31.5150  -38.7110  809
47239  -5.2430  -26.1530  -14.4140  810    25082  -12.1220  86.3000  -25.1680  810
47240  -6.0810  -25.3450  -14.8860  811    38371  -43.9250  -60.1590  -34.6730  811
47243  -4.7250  -27.2840  -15.1830  812    26062  -31.8050  -17.2190  -25.2040  812
47244  -4.9890  -26.5350  -14.8630  813    26086  -61.4590  -16.9120  -35.8660  813
47245  -5.4260  -25.9920  -14.6800  814    25994  -22.1980  1.2460  -40.5030  814
47246  -6.5070  -25.0830  -15.0530  815    38291  -44.5410  -50.0250  20.9210  815
47247  -7.3390  -24.4310  -15.4790  816    39067  -12.9830  -32.0800  17.7370  816
47249  -5.0110  -27.6760  -15.9010  817    26111  -0.2410  69.8760  16.8040  817
47250  -5.2490  -26.3520  -15.6310  818    38688  -33.8170  -4.7570  -0.4240  818
47251  -5.7320  -25.6390  -15.2070  819    38720  -22.7270  -86.0280  -27.2290  819
47252  -6.4420  -25.0530  -15.2070  820    39029  -1.5820  60.8430  -47.2890  820
47255  -5.4400  -28.1230  -16.7570  822    26593  -6.7320  -34.9940  31.0120  822
47256  -5.3780  -26.8790  -16.5570  823    39177  -8.0900  -41.3280  51.8720  823
47259  -5.9280  -27.7740  -17.4700  825    27297  -9.8100  -15.7540  -21.5560  825
47267  -6.7550  -28.1190  -18.1880  826    27386  -19.5200  -71.3330  5.1250  826
47277  -7.5000  -27.7970  -18.7800  829    39908  -32.6590  -73.2780  -7.5220  829
47278  -8.3560  -28.2270  -19.1170  830    29675  -7.9790  57.6350  -8.7550  830
47314  -10.5840  -27.4490  -20.6000  836    42162  -49.4530  -19.4770  0.9230  836
47315  -11.4190  -27.5820  -20.9890  837    42193  -12.7900  -71.3670  9.7490  837
47316  -12.6020  -27.8640  -21.3700  838    32924  -29.7730  18.1230  45.1480  838
47317  -13.7460  -28.0270  -21.6940  839    32941  -35.7820  -74.5760  -7.7140  839
47318  -14.5850  -28.0640  -21.9480  840    32981  -6.6240  -9.7890  22.3220  840
47322  -12.8480  -27.5300  -21.8690  841    43372  -5.6610  72.3090  -30.3800  841
47323  -13.3970  -27.6370  -22.1420  842    43407  -53.5510  6.2010  -9.3010  842
47324  -14.0080  -27.7080  -22.4510  843    43456  -19.8220  -70.4270  -39.4690  843
48069  -5.3000  -27.5750  15.8870  850    17833  -37.0580  -7.4650  43.5110  850
48070  -6.0240  -27.1310  15.4870  851    18652  -44.6410  0.5710  21.2840  851
48087  -7.9640  -27.8170  14.8030  855    18687  -24.8450  39.4000  34.9370  855
48088  -8.7520  -27.2820  14.6810  856    20235  -22.2070  -49.8410  36.1200  856
48089  -9.4100  -27.4360  14.7020  857    34918  -20.9160  32.7370  -58.5950  857
48090  -10.0450  -27.6120  14.6540  858    20853  -4.9630  -70.5200  -13.6580  858
48092  -11.6480  -27.4830  14.5580  860    19294  -16.4570  -58.5390  -31.8290  860
48106  0.5200  -27.7410  12.5830  862    20022  -25.0290  77.3070  5.8430  862
48109  -9.7070  -28.5220  14.5640  865    20259  -37.4810  21.0770  -16.5880  865
48131  0.2510  -27.0120  10.0830  869    22965  -57.5530  -39.8640  -0.9570  869
48158  0.1840  -25.7190  5.2620  873    25980  -10.7290  37.7650  -45.2500  873
48162  -0.4930  -25.4230  4.1610  874    26574  -0.8760  56.0940  24.4690  874
48164  -2.1070  -24.9640  3.8220  876    27405  -3.3660  -19.0200  30.8210  876
48165  -2.7650  -24.9770  3.8510  877    39890  -27.6820  80.4010  -31.4920  877
48166  -3.3190  -24.9660  3.8130  878    40165  -6.5630  -59.1110  21.8190  878
48167  -3.8810  -24.8680  3.8760  879    40216  -62.5210  16.2170  -2.9750  879
48175  -3.0330  -25.3760  3.2560  883    27906  -23.8900  8.3460  39.2960  883
48176  -3.6660  -25.6380  3.3140  884    27985  -52.9310  54.3030  -20.9720  884
48182  -3.6540  -26.0990  2.7210  886    28023  -23.2390  64.1140  23.9580  886
48189  -3.3510  -26.5830  2.0440  887    28982  -24.6560  8.9200  -55.5270  887
48197  -2.7490  -27.0080  1.0890  888    41448  -47.7990  29.6470  -58.6260  888
48198  -2.9630  -27.2540  1.2320  889    29539  -10.0800  -17.8020  60.4020  889
48206  -1.8230  -27.0170  0.4200  890    42351  -14.9410  3.5040  -45.4540  890
48207  -2.0790  -27.1690  0.1660  891    42075  -7.7130  -57.0730  16.6120  891
48208  -2.6010  -27.2910  0.3120  892    30445  -40.2320  35.7950  -36.3600  892
48224  -1.0240  -27.7250  -0.2510  894    42612  -22.7140  -50.4130  25.2370  894
48225  -1.5770  -27.6080  -0.3120  895    42352  -60.0760  -1.8720  -52.4000  895
48226  -2.2410  -27.7800  -0.5740  896    31406  -0.9330  11.9060  25.2310  896
48232  -1.0050  -28.1970  -1.3150  898    43724  -20.7680  28.2910  40.0760  898
48233  -1.5360  -28.2950  -1.4260  899    43735  -20.8740  -68.8520  -39.0600  899
48234  -2.0530  -28.4900  -1.0550  900    31755  -8.8660  -55.0910  20.0580  900
48236  -1.1660  -28.4830  -2.7170  901    44279  -24.1690  44.5740  -34.9810  901
48237  -1.1100  -28.5890  -2.4660  902    44105  -22.6570  68.0630  -0.7650  902
48238  -1.3050  -28.5060  -2.2700  903    32340  -50.8840  -40.9250  32.6230  903
48242  -1.6980  -28.3350  -3.8730  905    44457  -39.4240  -17.5940  19.6540  905
48244  -1.3190  -28.7990  -3.2570  907    32380  -14.4350  -11.9610  19.6430  907
48247  -2.0390  -27.7920  -5.2380  908    44657  -25.9530  31.1500  41.1360  908
48249  -1.7430  -28.5910  -4.6380  910    44644  -19.7970  43.4300  -36.1360  910
48250  -1.5130  -28.9680  -4.3290  911    32844  -46.2500  -3.8180  -1.9690  911
48252  -2.0660  -27.3060  -6.4380  912    44918  -54.3680  -48.4120  17.2430  912
48254  -2.2650  -27.8830  -6.0010  914    44917  -62.1460  -40.9550  -26.5450  914
48256  -1.8960  -28.7840  -5.4810  916    33074  -4.0550  55.4300  -29.7540  916
48258  -2.1030  -27.0470  -7.3920  917    45300  -21.4650  -35.0440  -27.7920  917
48259  -2.2520  -27.2960  -7.2270  918    45299  -30.6000  -61.9300  30.5450  918
48261  -2.4820  -28.0280  -6.9000  920    45612  -56.5500  7.8930  -10.5040  920
48262  -2.3650  -28.5210  -6.6580  921    33473  -56.0770  -34.9820  -8.0130  921
48266  -2.5440  -27.2850  -8.0690  924    45936  -24.4370  31.7330  31.4280  924
48271  -2.5160  -26.7870  -8.8300  928    46272  0.5520  54.6300  -14.5410  928
48274  -3.1490  -27.6450  -9.1070  931    46350  -46.7390  -40.2660  15.5270  931
48290  -3.3650  -26.9100  -9.7860  934    46688  -42.8750  -57.2400  10.0310  934
48292  -3.6620  -27.4750  -10.3720  936    46733  -35.5220  22.2100  11.8720  936
48293  -3.5560  -28.2330  -10.6620  937    35062  -60.7440  -38.3770  -3.4100  937
48307  -4.0030  -27.2030  -11.1800  939    47701  -4.3280  -34.7440  10.6920  939
48309  -3.9470  -27.7930  -12.1850  941    36792  -62.3510  16.5400  -34.6520  941
48310  -3.9320  -27.9390  -12.8940  942    37616  -3.4960  8.4620  48.9170  942
48311  -3.8920  -28.1570  -13.0220  943    37628  -18.5150  -67.4940  28.8210  943
48317  -4.3570  -27.1380  -13.1080  944    48618  -49.0450  -27.2870  -11.4570  944
48318  -4.3180  -27.3180  -13.3560  945    48603  -37.3650  1.6860  -58.0890  945
48319  -4.4080  -27.1750  -13.7380  946    37703  -6.2590  -19.0010  -13.8270  946
48324  -5.0550  -26.1390  -14.4970  948    49010  -32.2040  -26.6710  -27.8020  948
48325  -5.0690  -26.2800  -14.3170  949    38157  -36.8010  -1.2150  -4.3190  949
48326  -6.0280  -25.5640  -14.7520  950    38388  -8.4820  -71.8490  15.2160  950
48329  -6.7740  -24.8680  -15.1770  951    38422  -6.4170  -39.0480  -20.2610  951
48330  -7.7010  -24.5270  -15.4470  952    39095  -48.7830  3.4570  36.8400  952
48332  -5.9240  -25.3880  -15.6950  953    39440  -21.7450  -66.3790  -28.2860  953
48333  -6.5640  -24.8880  -15.5490  954    39462  -51.2360  -32.3950  18.8130  954
48334  -7.3620  -24.4030  -15.4970  955    39525  -39.4880  23.6960  -62.3880  955
48335  -8.3170  -24.0130  -15.6430  956    39146  0.0350  -37.1050  27.3950  956
48338  -5.7450  -25.6580  -16.2820  957    39477  -26.9970  -4.0940  -49.7330  957
48339  -6.5570  -24.7470  -16.1020  958    49588  -26.9380  -8.7000  45.0940  958
48340  -7.4060  -24.2920  -15.8380  959    49615  -59.8050  -8.0900  -38.2760  959
48341  -8.2270  -23.8270  -15.7460  960    49622  -42.0130  -46.6720  -29.0560  960
48344  -5.9110  -26.0800  -17.2170  961    39853  -26.1790  -54.8180  23.3540  961
48345  -6.2140  -25.0920  -16.7030  962    49939  -3.2290  20.0920  -37.1650  962
48383  -7.6730  -26.3110  -19.3330  968    51412  -43.9120  -56.6730  7.1050  968
48384  -8.7110  -26.6220  -19.9550  969    42152  -44.7470  41.5690  -35.3020  969
48412  -9.3030  -26.1880  -20.5510  971    52592  -0.7780  32.6940  15.2930  971
48413  -10.3140  -26.5990  -21.0340  972    43340  -41.2370  28.6950  -62.9100  972
48414  -11.4390  -27.0150  -21.4650  973    43352  -21.3980  -48.0130  33.5160  973
48434  -10.6910  -26.3110  -21.5730  975    53993  -58.5760  22.5000  -28.4420  975
48435  -11.2510  -26.6110  -21.9010  976    54017  -55.7280  26.7050  16.9220  976
48436  -12.0240  -27.0910  -22.1820  977    43756  -23.5160  -29.0550  -36.7880  977
48437  -12.6720  -27.3980  -22.4620  978    43764  -38.4170  41.2650  2.6550  978
48438  -12.8550  -27.5500  -22.7450  979    43789  -35.2440  -47.2310  38.6740  979
48445  -11.5910  -27.0810  -22.5500  980    54874  -48.3880  -47.7870  29.4360  980
48446  -11.6490  -27.3930  -22.8740  981    54884  -29.6740  -25.6400  40.5500  981
49144  -0.2030  -26.9380  16.5450  982    32705  -50.2090  4.0230  -32.3410  982
49150  -11.5940  -26.2330  14.5380  988    17903  -2.9280  46.1810  7.9630  988
49163  -6.2170  -25.8370  15.1800  990    34827  -36.3170  -68.8750  -16.7590  990
49165  -8.1430  -26.3710  14.6840  992    34846  -8.5490  32.6960  49.5650  992
49167  -9.7270  -26.4380  14.5140  994    35306  -15.7620  -16.7990  56.4890  994
49168  -10.4320  -26.5770  14.5100  995    35328  -18.4620  -79.8190  6.9310  995
49169  -11.2080  -26.5950  14.4810  996    35394  -54.4370  -49.4670  -20.4210  996
49202  0.5160  -25.7700  7.5710  1002    38160  -49.8110  -28.8240  -10.2250  1002
49203  0.4490  -25.4710  8.5580  1003    37631  -2.6990  8.3270  47.8980  1003
49221  -0.3390  -24.5310  4.9680  1005    38967  -41.0890  21.1920  -19.0120  1005
49222  -1.2820  -24.2810  4.9380  1006    39443  -18.0350  -35.6830  -29.4100  1006
49232  -2.4780  -24.3270  4.3160  1010    39873  -27.3850  -53.4430  23.6680  1010
49233  -3.1180  -24.4220  4.2450  1011    39935  -34.6360  -74.1970  -7.2190  1011
49239  -3.6760  -25.4240  3.4460  1014    40469  -0.6850  64.0130  -29.9070  1014
49240  -3.7950  -24.7430  3.8930  1015    40470  -6.1000  -36.9070  26.3700  1015
49244  -3.5190  -25.5680  3.2550  1016    40696  -34.8420  -10.3150  30.3060  1016
49245  -3.6920  -24.8700  3.7270  1017    49852  -4.9590  9.3580  51.2090  1017
49250  -2.4960  -25.8790  2.7350  1018    50430  -47.6790  37.5760  -23.9840  1018
49252  -3.0230  -26.2780  2.2960  1020    41052  -57.1740  -1.3040  -26.9350  1020
49260  -1.6420  -26.3970  2.0800  1021    50481  -28.7160  -1.5290  -30.2270  1021
49261  -2.0960  -26.3200  2.0270  1022    50429  -48.9710  38.3590  -24.1320  1022
49262  -2.5240  -26.7170  1.4060  1023    42063  -14.7980  -13.7670  -35.3860  1023
49272  -1.0550  -26.8130  1.2700  1025    51086  -24.9370  9.7870  46.5880  1025
49292  -0.6790  -27.3290  0.6780  1029    51633  -22.1160  36.7520  34.9080  1029
49293  -0.9170  -27.2380  0.5500  1030    43777  -34.3870  -47.2740  38.2620  1030
49304  -0.7430  -27.4360  0.1940  1032    52499  -59.2030  -38.1040  -40.4360  1032
49306  -0.7970  -27.9710  -0.6940  1034    43766  -59.7050  18.2730  -10.2420  1034
49312  -0.9430  -27.4920  -0.5170  1035    52850  -1.7960  -51.7140  2.7230  1035
49313  -1.0240  -28.0760  -1.6200  1036    44280  -53.2980  -44.4270  25.6570  1036
49314  -0.9770  -28.3880  -1.7190  1037    44121  -13.1420  -57.9800  17.4010  1037
49320  -1.5360  -27.7360  -2.7570  1038    53428  -50.4070  25.0730  -8.1140  1038
49325  -1.7930  -27.5630  -4.1890  1040    53847  -26.9170  -29.1920  -38.4220  1040
49326  -1.8650  -27.6980  -4.3850  1041    44827  -45.1590  -21.7480  30.3630  1041
49331  -1.8670  -27.4200  -5.4490  1043    45518  -11.6140  47.9230  35.8750  1043
49337  -1.9600  -27.1590  -6.7810  1045    45542  -43.8390  31.7470  -53.0310  1045
49349  -2.3750  -26.6450  -9.0350  1048    46303  -6.7230  -62.8830  27.3640  1048
49364  -2.6110  -25.9460  -10.5070  1051    54838  -47.5470  -47.3320  31.2170  1051
49385  -2.7080  -25.5900  -11.0340  1056    55343  -23.0660  48.5170  -41.1420  1056
49387  -3.1640  -25.9990  -10.8000  1058    55346  -58.2040  -14.0640  -0.0950  1058
49389  -3.9660  -26.7520  -11.1300  1060    47725  -32.7580  51.9320  -38.0610  1060
49390  -4.2120  -26.9710  -11.8070  1061    48412  -12.9960  -30.5830  15.9170  1061
49398  -3.9680  -25.6550  -11.7790  1063    52046  -52.5940  -24.6720  -16.7630  1063
49400  -4.4120  -26.3520  -12.0950  1065    51176  -63.1810  9.3590  -24.4350  1065
49401  -4.6310  -26.5650  -12.8240  1066    48069  -2.8420  -16.2680  7.4820  1066
49402  -4.6780  -26.6360  -13.7070  1067    48945  -57.5840  -9.0930  -37.4560  1067
49403  -4.6020  -26.7840  -13.9480  1068    48971  -30.1040  22.4030  -36.2820  1068
49408  -5.1880  -25.7770  -13.4760  1069    48070  -21.1450  -85.0940  -9.5230  1069
49409  -5.2340  -25.9510  -13.8570  1070    48713  -3.4400  70.0830  -2.9300  1070
49410  -5.3260  -25.8460  -14.5090  1071    49025  0.2500  -5.1650  34.8430  1071
49411  -5.6550  -25.5130  -14.7390  1072    49275  -37.5300  38.4840  -11.4280  1072
49416  -6.1100  -24.9660  -15.1060  1074    56713  -39.4270  37.7190  -27.3420  1074
49417  -6.2990  -24.8170  -15.1570  1075    56603  -8.1710  -64.6820  27.2400  1075
49418  -6.6870  -24.6870  -15.0830  1076    49318  -5.9480  70.5710  26.0590  1076
49419  -7.6780  -24.1170  -15.4820  1077    49519  -10.1560  42.6360  -45.8730  1077
49422  -8.6850  -23.5450  -15.7800  1078    49542  -51.2180  -61.1850  -4.2660  1078
49425  -7.4000  -24.1050  -16.2170  1079    50118  -27.4240  -6.9040  -29.2740  1079
49433  -6.3650  -25.0970  -17.2710  1080    50213  -58.7240  22.9300  -16.4760  1080
49434  -6.9460  -24.2520  -16.8340  1081    50139  -15.7080  -57.1160  1.9380  1081
49435  -7.9250  -23.6140  -16.4810  1082    57033  -41.3280  26.4710  24.5610  1082
49448  -6.8060  -24.6680  -17.7770  1084    51426  -3.2030  23.0800  35.9520  1084
49486  -7.7220  -25.2890  -19.5310  1087    11157  -11.8080  37.1140  -33.7660  1087
49510  -9.2830  -25.3910  -20.9040  1089    16433  -34.1920  49.4760  -39.9110  1089
49540  -9.5420  -25.0690  -21.4170  1091    58682  -16.1500  -59.1830  -14.6910  1091
49541  -10.2110  -25.5910  -21.8950  1092    54843  -7.5990  30.3920  14.1020  1092
49542  -10.8760  -26.2560  -22.2410  1093    54849  -25.3910  46.0290  29.7150  1093
49565  -10.1710  -25.5020  -22.3790  1095    21544  -40.8980  -43.0920  -23.8470  1095
49566  -10.3160  -25.9400  -22.7050  1096    59148  -27.8330  23.4230  -42.7730  1096
49567  -10.4410  -26.7110  -23.0950  1097    55128  -38.5880  26.3230  21.6410  1097
49568  -10.4550  -27.5720  -23.4290  1098    55140  -8.2360  -63.1270  24.7400  1098
49579  -9.6750  -27.0210  -23.7500  1099    25048  -31.2190  53.4550  18.9490  1099
50281  -0.3910  -25.7290  16.6800  1100    9500  -13.6410  -45.7970  -1.2570  1100
50283  -2.8880  -25.3250  16.8280  1102    45222  -12.7650  -57.6490  10.0350  1102
50284  -4.8650  -25.1480  15.7450  1103    7719  -23.3540  64.5620  9.3580  1103
50286  -10.8800  -25.4420  14.6010  1105    8318  -0.6750  -7.8020  53.6650  1105
50287  -11.3550  -25.6840  14.7710  1106    5947  -57.2650  -46.7730  6.8180  1106
50298  -8.4650  -25.3270  14.4250  1111    9862  -3.1620  62.5610  -29.2930  1111
50300  -9.9530  -25.5460  14.3980  1113    10345  -44.2320  -35.6590  38.4380  1113
50301  -10.6580  -25.6660  14.4260  1114    8317  -49.9860  35.4580  -33.4810  1114
50308  0.5620  -25.9580  13.7740  1116    45999  -2.0860  7.8980  43.6900  1116
50325  0.4370  -24.4940  8.5690  1120    12592  -39.2970  -25.0010  -36.9910  1120
50338  -0.1470  -23.7780  5.8740  1124    48109  -10.3250  60.8810  -9.9670  1124
50339  -0.8500  -23.2310  5.3820  1125    48550  -1.2600  79.9920  0.3280  1125
50349  -1.6810  -23.6200  5.3240  1127    49163  -56.7690  -43.3010  20.8990  1127
50350  -2.5620  -23.5570  4.7720  1128    49210  -56.9550  4.4270  27.5050  1128
50351  -3.2470  -23.4460  4.8110  1129    49224  -18.3180  28.9800  30.6040  1129
50352  -3.6700  -23.4370  4.7680  1130    16845  -59.3330  9.5130  21.6810  1130
50353  -3.9490  -23.4630  4.7760  1131    49493  -25.5420  -8.5180  45.9830  1131
50365  -3.8490  -23.8160  4.3950  1135    49520  -54.6920  14.5620  -33.5890  1135
50373  -3.7910  -24.1770  4.1670  1136    49643  -42.4320  -23.4380  -38.4140  1136
50376  -3.2750  -24.7890  3.8810  1137    57870  -60.7050  25.5470  -9.3770  1137
50377  -3.3690  -25.0970  3.4270  1138    50108  -43.0470  -42.5520  16.1030  1138
50378  -3.6490  -24.7560  3.9450  1139    19217  -6.4580  -78.7650  -21.3470  1139
50381  -1.7650  -25.4450  3.3210  1140    57981  -13.6410  73.3100  10.8420  1140
50382  -2.1580  -25.6620  2.9820  1141    50442  -44.6480  -51.0590  27.7310  1141
50383  -2.8910  -25.2840  3.2980  1142    50443  -1.3510  -39.5540  18.2490  1142
50384  -3.0490  -25.6250  2.8520  1143    50141  -16.8160  -72.7460  11.0090  1143
50388  -0.6070  -26.0450  3.0140  1144    21281  -57.0620  10.6300  19.0370  1144
50390  -1.3610  -26.1100  2.5540  1146    51079  -2.5550  -26.5080  1.6210  1146
50399  -0.4770  -26.5120  2.1410  1148    22140  -64.3200  -29.1920  -24.2000  1148
50400  -0.5420  -26.4060  2.3070  1149    58164  -38.7200  24.8840  21.4100  1149
50401  -0.8730  -26.7410  1.6820  1150    51621  -56.7330  -0.2030  15.1840  1150
50423  -0.7310  -26.6510  1.5610  1152    58326  -38.6900  -61.3290  19.2560  1152
50513  -2.6860  -24.8070  -11.8270  1161    501  -39.1980  -35.9720  41.5510  1161
50514  -2.8980  -24.8890  -11.8590  1162    556  -66.9420  -27.6340  -28.1070  1162
50516  -3.6860  -25.1230  -11.9970  1164    753  -61.9720  11.1340  -11.9020  1164
50518  -4.6160  -25.7010  -12.4170  1166    1886  -18.5910  3.8300  -51.2160  1166
50523  -3.9600  -24.4170  -12.5690  1168    1787  -16.8230  -27.9850  -31.9640  1168
50525  -4.7540  -24.9530  -12.7620  1170    1887  -16.7750  4.4770  -49.5550  1170
50526  -5.1140  -25.4050  -13.1180  1171    2013  -52.7780  -56.3780  -25.2420  1171
50527  -5.7500  -25.0800  -13.9710  1172    3132  -48.4960  -22.6900  -46.8670  1172
50528  -5.6030  -25.4470  -14.3720  1173    3199  -48.7900  -22.4550  -46.4270  1173
50531  -6.2540  -24.4460  -14.3980  1174    3229  -4.8520  43.2230  24.8710  1174
50532  -6.1880  -24.7510  -14.8080  1175    3200  -48.1490  -22.4760  -46.5380  1175
50533  -6.8150  -24.3220  -15.3790  1176    4073  -2.0740  -73.3270  -35.3400  1176
50534  -7.5930  -23.8300  -15.5400  1177    4139  -29.7050  -36.3590  23.7530  1177
50535  -7.6920  -23.9980  -15.4580  1178    4207  -5.5730  34.3040  30.1540  1178
50557  -7.7290  -23.5570  -16.9820  1179    9347  -19.9940  37.1870  23.9200  1179
50618  -8.0610  -24.1080  -19.6700  1182    13600  -29.9260  74.0820  5.1640  1182
50638  -8.8940  -24.1520  -20.9230  1184    16967  -59.7450  -7.3610  -36.8930  1184
50660  -9.3410  -24.3330  -21.6760  1185    19328  -49.1530  -57.0340  -33.5580  1185
50689  -9.7590  -24.9560  -22.8170  1187    21569  -34.6630  -63.3520  -8.9310  1187
50690  -9.6180  -25.5310  -23.4450  1188    25004  -25.1250  67.6250  -6.6260  1188
51445  -10.3580  -24.6930  15.1650  1190    5949  -43.3040  -59.2240  -28.0630  1190
51455  -1.2250  -24.3070  16.8690  1192    9531  -60.0590  15.2970  16.0230  1192
51456  -3.2270  -24.1230  16.5490  1193    7718  -22.5490  65.0810  9.5110  1193
51458  -9.9050  -24.4880  14.7860  1195    5948  -19.9820  -26.7160  47.7570  1195
51470  -5.9050  -24.0550  14.9310  1200    7759  -7.8110  80.2700  11.7990  1200
51471  -6.9310  -24.2490  14.6100  1201    9861  -4.6810  62.5320  -29.3350  1201
51473  -8.7170  -24.5150  14.3180  1203    9891  -59.2360  -28.2330  3.4510  1203
51482  0.5760  -24.5450  13.6460  1207    9558  -15.1220  -45.6220  -1.2330  1207
51490  0.4560  -24.2540  11.0590  1208    11194  -14.8110  -75.5940  11.3870  1208
51508  0.1370  -23.2120  7.0040  1212    13572  -42.9240  22.5670  -18.9470  1212
51515  -0.4960  -22.7240  5.7850  1213    14455  -45.1770  -43.8680  16.2830  1213
51516  -1.6120  -22.7650  5.7300  1214    15354  -25.3210  76.0950  3.0180  1214
51517  -2.4490  -22.5340  5.3830  1215    15885  -9.2870  7.4780  57.1570  1215
51526  -2.9410  -22.8890  5.1230  1217    15946  -50.1520  23.6790  24.0720  1217
51527  -3.4230  -22.9630  5.0420  1218    15972  0.5080  -1.5550  -0.9600  1218
51529  -4.0890  -22.9970  4.9380  1220    16872  -33.8750  -68.7070  -16.9090  1220
51536  -3.8910  -23.2720  4.7540  1221    16920  -62.1340  19.3370  6.4070  1221
51543  -3.5590  -23.4550  4.7690  1222    19046  0.5740  -29.8130  11.6230  1222
51545  -3.8030  -23.8280  4.4580  1224    17704  -53.9990  -16.8940  -34.9340  1224
51550  -1.7590  -24.3670  4.3130  1225    19907  -27.8720  30.4820  -45.4130  1225
51551  -2.1350  -24.2930  4.2990  1226    19908  -16.5560  45.2420  -43.8660  1226
51552  -3.0630  -24.2120  4.3730  1227    19045  -20.9460  -50.8980  33.8940  1227
51553  -3.5200  -24.3440  4.1300  1228    19044  -20.7930  -51.8190  34.1460  1228
51558  -0.4610  -25.4240  3.9600  1230    21156  -3.7420  11.7230  53.6640  1230
51559  -0.6620  -25.1430  3.8450  1231    21157  -2.3540  12.6000  53.3310  1231
51560  -1.3830  -24.9680  3.8930  1232    19909  -15.9110  47.4490  -44.0970  1232
51562  -2.6230  -25.1090  3.7090  1234    20050  -8.9930  45.8380  5.2000  1234
51568  -0.4710  -25.7600  3.3760  1235    21155  -22.6770  6.9250  50.3140  1235
51712  -2.9950  -24.3470  -12.3150  1239    500  -39.3800  -35.0110  42.2890  1239
51713  -3.2080  -24.4670  -12.2980  1240    695  -33.9350  15.0850  42.8240  1240
51725  -3.3250  -23.8140  -12.7270  1243    1788  0.6830  -80.4110  -9.9820  1243
51727  -4.2300  -23.8460  -13.0160  1245    2957  -19.0770  -43.3730  1.5860  1245
51729  -5.2350  -24.3790  -13.2930  1247    3058  -19.9460  -21.1150  -17.9360  1247
51730  -5.6540  -24.5290  -13.6700  1248    3133  -24.0080  6.0590  -33.7070  1248
51734  -4.6090  -23.4680  -13.3640  1249    28990  -30.7850  25.9190  -56.1900  1249
51736  -5.6790  -23.6350  -13.8280  1251    25809  -45.4740  27.7630  -47.4850  1251
51737  -6.2590  -23.9580  -14.1290  1252    3272  -34.6780  -19.8700  -26.1000  1252
51738  -6.7330  -23.8870  -14.6590  1253    4026  -21.9230  -80.1170  -4.3970  1253
51739  -7.1820  -23.8000  -15.1880  1254    4074  -2.6520  79.3900  -41.4750  1254
51829  -8.9470  -22.8880  -20.9900  1255    19329  -17.9470  -44.3040  51.5180  1255
51845  -9.3190  -23.4370  -22.0290  1256    19352  -51.6230  -33.1140  25.5530  1256
52745  -3.8130  -23.1210  16.1590  1260    7717  -21.7970  63.8070  9.0660  1260
52746  -8.9690  -23.7110  14.6020  1261    8408  -51.7360  34.4850  -35.8090  1261
52755  0.5480  -23.1490  14.2090  1264    9501  -41.4850  -26.6250  -34.7670  1264
52756  0.0770  -23.0350  15.8480  1265    9502  -0.2850  51.8550  -43.9760  1265
52757  -0.4460  -22.6640  16.5830  1266    44993  -36.6470  -6.7440  27.1810  1266
52760  -7.3570  -23.5470  14.4920  1269    9860  -31.7380  -68.5290  -15.1210  1269
52762  -8.8330  -23.8940  14.4260  1271    10344  -15.0260  -60.4360  -30.6090  1271
52770  0.5440  -23.0480  12.0260  1273    9588  -6.1880  52.2030  -42.4890  1273
52777  0.5040  -22.7830  9.8330  1274    11234  -24.2250  42.0140  32.6370  1274
52785  0.3260  -22.4040  7.8840  1275    12623  -0.6740  -38.0150  -7.2080  1275
52794  -0.3010  -22.0390  6.4370  1276    13604  0.4540  5.4280  32.4200  1276
52803  -2.0690  -21.9770  5.9300  1278    15353  -25.0670  76.9080  3.7690  1278
52804  -3.0340  -22.1290  5.6280  1279    15917  -48.1410  12.6400  -16.1550  1279
52805  -3.6780  -21.8160  5.7800  1280    48343  -46.7110  -27.2990  -12.0840  1280
52806  -4.1500  -21.6130  5.7480  1281    16844  -17.7980  18.7370  -53.4810  1281
52807  -4.2280  -21.3870  5.8060  1282    4643  -10.7860  -10.3930  23.0190  1282
52816  -4.0440  -22.0790  5.3730  1286    16897  -4.9910  -43.8570  -8.2280  1286
52823  -3.9370  -22.7090  5.0480  1287    16940  -18.0320  7.2730  -38.6920  1287
52832  -3.0460  -22.7250  5.2220  1288    19156  -35.1200  -51.1860  38.1700  1288
52833  -3.4680  -22.9170  5.0250  1289    19133  -23.2350  21.7270  51.5010  1289
52835  -3.9000  -23.1420  4.8660  1291    7486  -23.6990  18.7110  -39.8980  1291
52842  -0.9430  -24.0260  4.8070  1292    10612  -58.3520  17.8690  -10.2320  1292
52843  -1.2710  -23.7800  4.9030  1293    20263  -24.9030  21.7260  46.1970  1293
53019  -3.3620  -23.1240  -13.1500  1300    36726  -32.3280  5.0090  -63.0200  1300
53020  -3.6080  -23.1530  -13.2040  1301    36760  -31.7710  5.4860  -62.4070  1301
53021  -4.0940  -22.9730  -13.4050  1302    36799  -48.1550  -66.5480  -18.5310  1302
53030  -4.4010  -22.2950  -13.6840  1304    28310  -16.7970  -39.8950  36.3600  1304
53031  -4.7340  -22.6290  -13.6870  1305    37131  -28.3280  29.2560  -61.1860  1305
53032  -5.4880  -22.5550  -13.9870  1306    37132  -7.0320  60.4890  -9.9050  1306
53033  -6.1840  -22.7230  -14.2280  1307    37212  -50.7600  41.3080  16.4100  1307
53034  -6.8250  -22.9590  -14.5130  1308    37247  -42.6940  35.9280  5.4330  1308
53035  -7.4520  -23.0920  -14.8690  1309    37462  -57.8570  -16.5190  15.0240  1309
54068  -8.4270  -22.6640  15.1110  1310    33871  -11.1280  2.8210  -38.1230  1310
54069  -8.8100  -23.0560  15.2640  1311    32836  -31.9750  -74.3350  -6.7650  1311
54073  -2.5890  -22.1740  16.6030  1313    45015  -6.7780  62.1540  -46.4980  1313
54074  -4.6440  -22.3260  15.7570  1314    45025  -6.8380  35.8060  -43.6520  1314
54075  -5.9570  -22.1960  15.0900  1315    34938  -30.5090  -37.9550  29.8230  1315
54076  -6.9800  -22.3320  14.8200  1316    46081  -8.8020  -52.6890  8.5110  1316
54077  -7.8130  -22.6300  14.7590  1317    34350  -24.6900  -12.2430  45.2670  1317
54085  -0.8670  -22.0210  16.6780  1323    34896  1.7440  -73.3860  -15.3170  1323
54093  0.5530  -21.9070  12.6960  1329    45789  -20.9300  -17.8140  -37.5240  1329
54099  0.5840  -21.6530  10.6400  1330    46473  -32.1000  -9.2190  -38.7490  1330
54106  0.3900  -21.4100  8.6390  1331    46825  -15.9450  64.3340  26.9080  1331
54116  -0.1300  -21.1820  7.0230  1332    1548  -50.1880  -30.5370  22.8750  1332
54128  -0.8690  -21.1290  6.0720  1333    1547  -51.0690  -29.5660  23.1210  1333
54130  -2.5530  -21.1990  6.1270  1335    4413  -17.4390  7.1190  44.6180  1335
54131  -3.3790  -21.1390  6.0460  1336    4495  -28.8310  -70.6290  2.6080  1336
54132  -3.9340  -20.9510  6.0190  1337    4573  -15.0470  -62.5530  18.1170  1337
54142  -4.2110  -21.0630  6.0790  1339    4710  -34.6900  25.2920  -40.4330  1339
54150  -3.8560  -20.9030  6.0290  1340    6903  -19.2060  -30.8240  -29.2630  1340
54151  -4.0150  -21.1910  5.8980  1341    6904  -18.6260  -31.4390  -29.8090  1341
54152  -4.0940  -21.5540  5.7080  1342    6252  -13.0930  -21.6570  60.0500  1342
54161  -2.4000  -21.8970  5.5230  1343    9042  -18.4880  16.6720  -32.5170  1343
54162  -2.9400  -22.0940  5.6440  1344    9043  -37.1700  64.0020  7.9010  1344
54163  -3.5540  -21.7640  5.7200  1345    6905  -11.2810  -20.1480  -30.3640  1345
54164  -3.8690  -22.1720  5.4970  1346    6934  -35.3610  -4.9790  -5.7750  1346
54175  -1.3890  -23.2220  5.4250  1349    10689  -3.3680  -64.3940  -33.6120  1349
54176  -1.7810  -22.7750  5.3160  1350    9078  -65.9680  4.6560  -16.2200  1350
54177  -2.4040  -22.7630  5.1530  1351    9044  -20.7270  -16.8990  48.6420  1351
54331  -3.4710  -22.5240  -13.3670  1353    28197  -50.6110  27.1070  -21.8620  1353
54332  -3.6350  -22.3790  -13.4710  1354    28248  0.4270  -52.1870  26.6460  1354
54341  -3.9060  -21.9650  -13.6420  1356    28271  -23.8990  -80.7950  -1.5600  1356
54343  -4.6910  -21.6050  -13.8840  1358    29303  -1.0770  -65.0450  19.6480  1358
54344  -5.2750  -21.4200  -14.0900  1359    29355  -61.8300  -4.8100  -40.5410  1359
54345  -5.9690  -21.4070  -14.2810  1360    29401  -44.6280  1.3620  19.3050  1360
54346  -6.6600  -21.6680  -14.4800  1361    29441  -26.8930  34.4550  -35.7260  1361
54347  -7.3450  -22.0690  -14.6870  1362    29476  -48.0950  33.3500  12.9510  1362
54348  -8.0210  -22.3580  -14.9770  1363    29513  -31.1050  77.4570  -5.9920  1363
55318  -7.7790  -21.8240  15.6790  1364    32793  -5.2130  82.9140  6.8570  1364
55323  -7.0700  -21.5990  15.3300  1366    34349  -2.1510  85.5380  -17.4080  1366
55329  -1.1800  -21.1740  16.6790  1369    34514  -22.7430  68.7480  16.0590  1369
55330  -3.2600  -21.4800  16.5170  1370    34885  -44.4350  43.0920  -20.9800  1370
55332  -6.1650  -21.7030  15.2300  1372    34954  -23.5440  69.7540  -16.4860  1372
55337  0.5520  -21.1480  13.2390  1375    35450  0.1090  -24.6480  26.2420  1375
55338  0.4840  -20.8360  14.3930  1376    35411  -61.5700  -7.4110  -6.2160  1376
55342  0.5710  -20.4630  11.4960  1378    35530  -34.0890  29.3860  -63.0490  1378
55347  0.4390  -20.3530  9.2810  1380    35563  -39.0790  -75.5300  -23.7590  1380
55353  -0.0310  -20.2170  7.5790  1381    36241  -0.6440  11.6560  -20.2800  1381
55361  -1.1700  -20.2460  6.5640  1382    1549  -50.0690  -31.0580  21.6800  1382
55362  -1.8800  -19.9460  6.4340  1383    4414  -2.2630  -54.0440  -22.6550  1383
55363  -3.3710  -19.5470  6.5680  1384    37682  -42.5210  13.8810  -17.9150  1384
55364  -4.0050  -19.4320  6.5220  1385    37699  -40.0210  -21.9520  -39.3760  1385
55365  -4.4220  -19.3420  6.6210  1386    37815  -60.7280  -36.6950  -4.8540  1386
55382  -3.0130  -20.3890  6.3540  1390    4458  -6.3990  77.6320  17.2980  1390
55383  -3.7150  -20.2670  6.3100  1391    4535  -34.5490  -20.1670  51.3130  1391
55384  -4.1750  -20.1270  6.3840  1392    4610  -54.7700  -43.1580  -11.8600  1392
55385  -4.5220  -19.9600  6.6830  1393    4676  -56.1760  -43.4480  -11.3350  1393
55399  -4.4490  -20.3840  6.4660  1394    4740  -2.6720  -53.9000  -24.3450  1394
55408  -3.4970  -20.4740  6.1820  1395    40445  -0.6890  11.7610  -26.4120  1395
55410  -4.1090  -20.3370  6.2670  1397    7373  -32.3230  -3.3000  25.8910  1397
55411  -4.2940  -20.5110  6.3290  1398    6278  -14.7450  -21.4730  59.3540  1398
55419  -1.6720  -21.5950  5.8020  1399    10645  -27.1470  11.8810  -55.9830  1399
55420  -2.0640  -21.3740  5.9030  1400    9170  -42.4940  9.4250  -21.4310  1400
55422  -3.1070  -21.1510  6.0520  1402    9144  -31.2790  -14.3390  -39.0530  1402
55576  -3.6890  -21.9550  -13.5820  1407    28218  -14.6010  11.8890  -34.9150  1407
55587  -4.5740  -20.9460  -13.8900  1410    29053  -2.8580  19.0270  -29.4100  1410
55588  -5.1340  -20.4370  -13.9990  1411    29324  -13.7250  66.9790  24.8680  1411
55589  -5.7570  -20.1260  -14.0930  1412    29380  -12.1710  -13.7740  23.0400  1412
55590  -6.4250  -20.2220  -14.2410  1413    29420  -16.7510  14.5010  -33.7660  1413
55591  -7.1050  -20.7160  -14.4630  1414    29457  -20.9300  -40.1260  -31.9370  1414
55592  -7.7640  -21.3710  -14.6990  1415    29493  -47.3600  65.1350  -17.4370  1415
56490  -6.5450  -20.7590  16.3280  1416    32770  -63.8510  2.2410  -7.5710  1416
56503  -6.4280  -20.8220  15.9410  1418    48845  -45.5400  39.2250  25.9020  1418
56511  -5.4150  -20.7720  15.8200  1420    34420  -44.1360  -41.8440  9.1220  1420
56516  -0.3980  -20.2420  16.3320  1423    34515  -22.4530  66.8370  15.8550  1423
56517  -1.9760  -20.7660  16.7610  1424    34516  -32.5510  -27.1480  16.8400  1424
56518  -3.7370  -20.9630  16.3230  1425    34924  -37.8520  -4.5450  -10.2070  1425
56524  0.5090  -19.5960  13.8910  1428    35412  -55.6630  -49.8610  -20.0800  1428
56525  0.1670  -20.4000  15.5230  1429    34897  -7.3350  73.8530  -16.4700  1429
56529  0.5450  -19.0470  10.9730  1430    35531  -7.9400  47.9150  42.3450  1430
56530  0.5590  -19.8430  12.6450  1431    35451  -25.3910  12.6280  35.1580  1431
56535  0.3970  -19.2410  9.5550  1432    35564  -37.9860  -76.3300  -24.1990  1432
56541  0.0350  -19.2320  8.0540  1433    36242  -23.0850  49.7920  -41.2010  1433
56546  -0.6930  -19.1670  6.8490  1434    36806  -7.5160  -56.8710  23.2930  1434
56547  -1.9290  -19.2450  6.6040  1435    37385  -0.3840  -25.2740  4.1730  1435
56548  -3.0200  -18.8550  6.5620  1436    37736  -17.6920  -46.1360  1.9140  1436
56549  -3.7330  -18.7300  6.7210  1437    37718  -8.6870  -54.7850  24.4050  1437
56550  -4.2970  -18.6980  6.8530  1438    37831  -53.8690  -18.7120  -16.1960  1438
56560  -4.7320  -18.9530  6.9270  1442    38139  -56.2250  9.1840  0.9060  1442
56574  -4.6140  -19.1860  6.7150  1443    40004  -48.3160  -65.9890  -11.7640  1443
56575  -4.7220  -19.3500  6.8240  1444    39142  -38.8510  47.9510  -21.6870  1444
56588  -3.2640  -19.7900  6.3490  1445    41485  -6.7530  -78.4750  -24.9380  1445
56590  -4.0330  -19.5530  6.4890  1447    40494  -10.1900  67.0230  -24.9320  1447
56598  -1.8720  -20.6540  6.1300  1450    41664  -46.2690  -30.8480  39.5800  1450
56599  -2.0730  -20.7910  5.9810  1451    41187  -44.7540  -69.0850  -28.1500  1451
56600  -2.4980  -20.5740  6.2110  1452    41195  -35.2430  12.5870  -67.9050  1452
56745  -3.9580  -21.2470  -13.6980  1456    49488  -37.5180  20.1160  17.2760  1456
56746  -4.2390  -20.7930  -13.7810  1457    49513  -8.2960  10.7150  23.9970  1457
56747  -4.6320  -20.0860  -13.8160  1458    20019  -6.1810  -48.0310  -10.7940  1458
56763  -4.9490  -19.9000  -13.8520  1460    50081  -50.8200  25.5290  7.9290  1460
56764  -5.5410  -19.2740  -13.9010  1461    50091  -39.0310  -28.1190  40.7650  1461
56765  -6.0350  -18.9390  -13.7880  1462    50114  -1.0650  -0.2830  9.4580  1462
56766  -6.7930  -19.3050  -13.9710  1463    50135  -44.6030  -18.9130  -43.3910  1463
56767  -7.4200  -20.2380  -14.3880  1464    50155  -54.4200  -46.0790  17.5170  1464
56780  -7.1280  -19.4090  -14.0990  1465    22074  -8.7710  46.8720  -46.4990  1465
57691  -5.2710  -20.0150  16.6030  1466    32820  -17.5640  79.1410  -20.4380  1466
57702  -5.0740  -20.1650  16.3350  1468    33894  -10.4890  -59.2160  30.4560  1468
57711  -3.1010  -20.3930  16.7970  1470    34917  -57.6940  9.4900  5.2650  1470
57712  -4.3290  -20.3450  16.3910  1471    49795  -11.9010  7.1780  58.0660  1471
57716  -0.0390  -19.4690  15.9660  1473    35521  -42.1710  -7.1700  -47.9720  1473
57717  -0.8930  -20.0700  16.7580  1474    50045  -39.5260  -0.1540  -18.9440  1474
57718  -2.4210  -20.4690  16.8290  1475    50090  -24.6530  52.0630  12.3800  1475
57719  -4.1140  -20.6280  16.2780  1476    49825  -23.4390  -55.4400  12.2800  1476
57723  0.5520  -18.6490  13.5180  1477    50373  -19.1010  -12.2990  57.9820  1477
57724  0.3980  -19.2920  14.9860  1478    50068  -7.2660  -85.8780  -4.2270  1478
57727  0.5020  -18.0580  10.6110  1479    50644  -56.8010  -34.1190  19.2370  1479
57728  0.5630  -18.5990  12.1660  1480    50401  -43.6520  5.3080  37.3270  1480
57736  0.0510  -18.2740  8.2430  1482    36916  -51.7110  52.3540  -30.3340  1482
57740  -1.4000  -18.1830  6.6970  1484    51485  -37.0760  -49.9280  0.9410  1484
57741  -2.4610  -18.1480  6.8840  1485    51528  -18.8740  -85.6780  -8.5440  1485
57742  -3.4060  -17.9620  6.9070  1486    51548  -2.1160  59.7230  -32.5400  1486
57743  -4.1230  -17.9120  7.0140  1487    51568  -9.8980  31.9170  14.1250  1487
57744  -4.6210  -18.0140  7.1860  1488    51588  -9.9420  45.6420  8.9500  1488
57747  -4.8520  -18.0780  7.1910  1489    51782  -41.0960  18.0880  32.3290  1489
57757  -4.5700  -18.1950  6.8610  1490    52728  -48.6910  -46.6140  -21.0450  1490
57758  -4.7410  -18.4270  6.8940  1491    52700  -25.0290  -26.1640  -31.8510  1491
57759  -4.8440  -18.2840  7.0710  1492    52084  -8.0300  -32.6110  10.4890  1492
57777  -2.6630  -19.2390  6.5200  1493    53891  -60.9220  -37.5370  -26.3450  1493
57779  -3.3620  -19.0070  6.5190  1495    53265  -2.1760  35.5340  29.9990  1495
57780  -3.8410  -18.7600  6.6180  1496    53442  -43.9010  40.4790  -44.1970  1496
57788  -2.1430  -20.0520  6.3040  1499    53803  -29.2630  -72.7680  4.4760  1499
57789  -2.4470  -19.7800  6.3200  1500    40874  -20.3650  -6.1380  54.8890  1500
57934  -4.1780  -20.5600  -13.7520  1503    19976  -14.1700  -57.6590  -33.5350  1503
57936  -4.9990  -19.3890  -13.6860  1505    20070  -54.4460  -16.3120  -47.9590  1505
57948  -5.4030  -19.1730  -13.6710  1506    20131  -42.6380  -4.4510  42.2760  1506
57949  -5.6450  -19.4110  -13.7440  1507    21508  -56.7790  17.1160  23.5510  1507
57950  -6.2520  -19.0540  -13.7680  1508    21666  -22.3310  -73.3920  10.8120  1508
57964  -5.7700  -19.9450  -12.8880  1510    21667  -57.3780  7.1970  -10.1080  1510
57965  -6.3700  -20.0520  -12.9930  1511    21695  -16.9180  -10.6850  53.4910  1511
58971  -3.1790  -19.9350  17.0290  1513    32821  -6.9380  82.9390  7.5110  1513
58983  -2.9000  -20.0510  17.0510  1515    33913  -3.2090  -77.4600  -19.7180  1515
58992  -1.4220  -19.8580  17.1280  1517    35363  -30.0050  80.1150  -19.4530  1517
59003  0.5340  -18.1100  13.9590  1523    35873  -16.8510  -17.1990  53.6050  1523
59004  0.3290  -18.5940  15.1980  1524    35550  -0.9510  48.3120  -25.7350  1524
59008  0.5330  -17.3860  11.0130  1525    36318  -25.4840  66.7310  9.9170  1525
59009  0.5450  -17.7010  12.5210  1526    35899  -30.5990  78.8970  -19.6100  1526
59014  0.3770  -17.1760  9.5260  1527    36357  -48.6470  -2.7810  -4.1970  1527
59018  -0.1860  -17.1450  7.9960  1528    36568  -52.7950  6.8410  12.5790  1528
59019  -0.7280  -16.6840  7.2050  1529    36933  -5.9140  -71.6890  19.9990  1529
59020  -3.5720  -16.5250  7.2610  1530    37237  -56.1060  41.1260  -9.3710  1530
59026  -0.9550  -17.2560  6.9700  1533    36917  -27.1480  -46.6180  -12.2910  1533
59027  -2.0340  -17.3500  6.9300  1534    37317  -54.9710  49.0320  -8.7710  1534
59028  -2.9790  -17.1550  7.1430  1535    37238  -66.4150  -9.0930  -37.2690  1535
59029  -3.9120  -16.9600  7.3360  1536    37239  -5.4320  -69.8890  -18.0370  1536
59030  -4.5260  -17.1690  7.4040  1537    37820  -0.0290  28.9930  45.8340  1537
59034  -5.1050  -17.4820  7.7790  1538    37851  -18.4700  39.3730  25.2100  1538
59043  -4.6160  -17.7160  7.0820  1539    39179  -54.1750  24.1450  20.6170  1539
59044  -4.7630  -17.5640  7.2400  1540    39180  0.5280  -62.0270  -25.7970  1540
59045  -4.8550  -17.5280  7.4910  1541    38250  -39.2810  -23.2120  36.1260  1541
59067  -2.6750  -18.5180  6.7160  1542    40498  -26.8320  -53.7610  24.0630  1542
59068  -2.8700  -18.5900  6.5930  1543    40873  -32.5040  11.2960  -68.4650  1543
59069  -3.1710  -18.2030  6.7520  1544    41116  -54.6700  17.9040  -35.4260  1544
59070  -3.5780  -17.9930  6.8740  1545    41142  -44.1180  56.1960  -4.2100  1545
59071  -4.0340  -17.7590  6.8770  1546    41170  -28.9990  -8.2990  -48.4120  1546
59248  -5.0010  -19.1430  -13.6180  1550    20039  -66.9050  -25.7410  -9.6110  1550
59249  -5.3170  -18.7100  -13.5880  1551    20096  -38.7110  -74.8260  -12.2540  1551
59258  -5.2750  -19.4240  -13.5780  1552    20408  -68.3020  -23.1090  -23.4170  1552
59259  -5.2070  -19.8640  -12.7980  1553    21641  -59.1610  7.8940  -10.8600  1553
60226  -0.9020  -19.2970  17.2540  1554    52543  -34.5470  -0.4460  -0.0850  1554
60227  -2.0200  -19.7500  17.1620  1555    33934  -51.8750  -40.8940  31.4840  1555
60230  -0.9720  -19.4900  17.1150  1556    35364  -17.7350  57.8810  -40.2040  1556
60234  -0.1900  -18.7490  16.3410  1558    22315  -18.5120  -81.9340  -37.7650  1558
60239  0.4600  -17.5290  14.3750  1560    22926  -16.0670  -43.5440  -8.0720  1560
60240  0.2940  -18.0900  15.4520  1561    35551  -58.3800  -48.0490  -20.0170  1561
60244  0.5220  -16.5690  11.4310  1562    36319  -42.4360  7.2060  -65.0730  1562
60245  0.5490  -16.9640  12.9930  1563    35900  -25.1670  -23.7400  37.5030  1563
60249  0.3960  -16.2930  9.8990  1564    36358  -37.5330  20.1580  -34.2280  1564
60253  0.0270  -16.1130  8.4320  1565    36569  -27.7360  41.7730  -11.7450  1565
60255  -1.8360  -15.9010  7.1340  1567    53945  -46.8560  34.7360  -19.9300  1567
60256  -2.8420  -16.2680  7.4820  1568    37297  -56.6620  -43.8170  0.9440  1568
60258  -4.2880  -15.8170  7.5580  1570    37254  -60.1700  8.0410  -47.0930  1570
60266  -4.4600  -16.2380  7.5860  1575    37821  0.3370  29.5750  43.9510  1575
60270  -4.9430  -16.1530  7.7000  1576    25787  -35.5490  1.9900  50.4890  1576
60271  -4.8700  -16.4190  7.6480  1577    37852  -34.4690  78.0880  -21.0510  1577
60280  -4.1980  -16.3520  7.5100  1578    28170  -3.7480  86.3780  -7.0320  1578
60281  -4.4440  -16.8350  7.4440  1579    39178  -38.1670  23.0230  -61.0200  1579
60282  -4.8000  -16.6330  7.5830  1580    39191  -43.2970  31.1640  -60.7230  1580
60300  -2.8370  -17.8490  6.9550  1582    40857  -20.1530  -47.7030  45.2620  1582
60301  -2.9890  -17.5020  7.0410  1583    40915  -17.9110  11.5170  -39.7630  1583
60302  -3.3030  -17.1920  7.1000  1584    41127  -55.2980  -21.8970  -13.5920  1584
60303  -3.7240  -16.9820  7.0380  1585    41155  -7.4710  -77.5400  -23.3330  1585
60304  -4.1520  -16.8040  7.1620  1586    41190  -63.7220  -1.4440  -3.6670  1586
61584  0.2720  -17.2790  16.0400  1588    21731  -48.9400  -19.7390  4.3040  1588
61585  -0.1030  -18.2150  16.6220  1589    21706  -5.6590  -79.0830  -22.6520  1589
61588  0.4660  -16.1330  14.5090  1590    22424  -0.6140  -10.6980  53.3380  1590
61589  0.3100  -17.2930  15.5010  1591    22294  -28.5060  28.8820  -38.3870  1591
61593  0.5140  -16.2070  13.6980  1593    22902  -31.4230  -9.2150  -9.7630  1593
61598  0.4270  -15.4150  10.3000  1595    23802  -27.5710  20.1930  43.3470  1595
61599  0.5180  -15.7340  11.8640  1596    23129  -6.5750  -77.8210  -36.2010  1596
61603  0.1260  -15.1910  8.8480  1597    23848  -41.0640  44.2230  -36.4490  1597
61607  -0.5670  -15.0590  7.7260  1598    24088  -10.1480  -13.7780  -23.7470  1598
61608  -1.6140  -15.0700  7.3150  1599    24560  -54.5020  -48.4770  -6.8670  1599
61609  -2.5910  -15.2500  7.5980  1600    24607  -28.0990  -76.7570  -38.7500  1600
61610  -3.5470  -15.2970  7.6300  1601    25002  -28.2000  -39.8890  -26.7170  1601
61611  -4.1680  -15.3050  7.6030  1602    25067  -5.1120  -25.6760  56.2260  1602
61612  -4.5080  -15.4350  7.6700  1603    25093  0.1410  -14.0110  25.8630  1603
61617  -4.7310  -15.6540  7.7400  1604    25145  -16.4280  -32.4090  44.1320  1604
61623  -4.8200  -15.7170  7.7450  1605    26417  -23.2600  -23.9260  41.8790  1605
61635  -3.6150  -15.6350  7.3040  1607    27815  -31.1810  -9.0640  -2.5840  1607
61638  -4.5860  -15.8260  7.6260  1610    26460  -45.4210  -6.6330  -3.1360  1610
61658  -2.9830  -16.7980  7.1770  1611    29984  -13.2300  -58.5290  36.7530  1611
61659  -3.1130  -16.3720  7.2190  1612    30012  0.1730  4.9690  45.7760  1612
61660  -3.3910  -16.0500  7.1540  1613    27814  -26.5090  -8.9200  -29.6600  1613
62922  0.5130  -14.9220  13.0530  1615    22990  -41.0370  0.3250  30.4020  1615
62932  0.4960  -14.4940  10.6510  1616    23803  -50.4690  34.2640  23.7570  1616
62933  0.5040  -14.8200  12.1060  1617    23130  -1.8010  24.5390  -29.0980  1617
62942  0.2320  -14.2770  9.2250  1618    23849  -40.4500  45.3310  -36.1320  1618
62951  -0.4520  -14.1590  8.1270  1619    24089  -35.0980  -74.4550  -13.5930  1619
62952  -1.4290  -14.1900  7.6620  1620    24561  -47.7100  4.2660  23.2440  1620
62953  -2.4640  -14.3540  7.7030  1621    24608  -26.8440  -78.1920  -38.2590  1621
62954  -3.3540  -14.5020  7.7240  1622    25003  -28.9370  -38.3760  -26.1470  1622
62956  -4.4150  -14.7730  7.7590  1624    25094  0.4010  -15.3880  25.8010  1624
62964  -4.7080  -14.9160  7.8000  1625    25146  -26.6960  -55.0230  20.3700  1625
62970  -4.8760  -14.8590  7.7780  1626    26418  -51.3380  -31.3750  -46.7340  1626
62971  -4.8670  -15.0770  7.7990  1627    25788  -62.0780  14.1180  -43.6680  1627
62978  -3.9590  -15.0220  7.4840  1629    28169  -17.1260  -58.2140  39.3630  1629
62979  -4.3440  -14.9800  7.6980  1630    28191  -23.3840  -14.8250  49.6220  1630
62980  -4.6570  -14.9640  7.7740  1631    26461  -26.9110  13.1370  45.8220  1631
62998  -2.9330  -15.5350  7.5710  1632    29996  -27.9640  49.8900  30.7230  1632
62999  -3.0590  -15.2450  7.3980  1633    30027  -27.4290  34.0310  -49.6750  1633
63000  -3.2930  -14.9950  7.5340  1634    27816  -30.8900  -9.0480  -3.3890  1634
64143  -4.2790  -14.1450  7.8160  1635    28623  -21.4550  56.4610  23.7870  1635
64149  -4.6040  -13.7100  7.8400  1637    53009  -0.7650  32.7860  1.7310  1637
64150  -4.7680  -14.0900  7.8330  1638    52982  -51.2990  29.5760  20.4940  1638
64151  -4.8290  -14.3300  7.8300  1639    52773  -54.2750  26.3790  2.2700  1639
64154  -3.1090  -13.8330  7.6130  1640    53184  -35.8330  20.4290  12.7680  1640
64155  -3.4760  -14.2410  7.5600  1641    53091  -22.9420  -43.7210  -28.1720  1641
64157  -4.4220  -14.0620  7.7880  1643    53117  -27.3500  -31.3510  21.0720  1643
64173  -3.0570  -14.3540  7.4820  1645    54097  -3.5410  31.7370  15.9510  1645
65338  -2.9600  -12.6250  7.8690  1648    29743  -26.5770  53.5260  13.4550  1648
65339  -3.2230  -13.1120  7.7690  1649    29767  -0.1920  19.5880  46.5830  1649
65340  -3.6980  -13.4240  7.8560  1650    29835  -43.6420  15.2040  -10.2280  1650
65341  -4.0710  -13.2350  7.8890  1651    29853  -41.2520  52.9200  17.9080  1651
65342  -4.3730  -13.1230  7.9320  1652    29272  -5.9340  61.4250  -16.5830  1652
65354  -2.8020  -13.7550  7.8620  1653    31007  -20.8520  -41.4890  -14.5610  1653
65355  -2.8460  -13.3560  7.9340  1654    29782  -54.6090  29.5050  -34.7340  1654
66515  -2.7910  -12.7440  8.0530  1656    31026  -7.9520  -53.6160  10.4670  1656
66516  -2.6900  -12.3600  7.8910  1657    29783  -31.3540  41.0390  -11.1170  1657
