102296  20.1800  19.7460  -38.9050  1    2175  48.3320  -35.9570  -31.3560  1
102297  18.9770  20.1470  -39.7880  2    2174  20.5430  61.9220  16.9110  2
102313  16.7100  18.1360  -44.4770  3    13931  51.4500  -17.5030  -20.2330  3
102325  17.0860  18.2830  -46.6520  4    14140  7.7080  -26.1080  48.3330  4
103376  18.2690  21.6260  -43.4610  7    41618  16.9410  82.7290  2.2460  7
103377  17.2560  20.0010  -43.5410  8    12478  4.9640  -32.0830  50.7170  8
103383  17.3760  20.0470  -45.9050  9    31189  2.9580  45.3420  -29.6820  9
104502  20.7770  22.5870  -41.6520  10    28299  44.2950  67.9600  -9.1730  10
104515  20.5160  23.0950  -43.2630  11    53636  36.8560  -77.9500  -26.4380  11
104516  19.2850  22.4730  -43.3840  12    42145  33.7390  -37.8040  48.3180  12
104519  23.1090  23.9640  -44.0570  13    47534  50.2080  -0.6570  42.6290  13
104520  21.6620  23.7270  -44.4050  14    53615  41.0090  -15.9180  -45.9980  14
104522  18.9160  22.3680  -44.2480  16    42112  48.2710  48.9000  -2.4350  16
104525  21.7000  23.9630  -45.9700  18    46782  18.7280  -86.5650  -25.8150  18
104527  19.6250  22.5080  -47.6580  20    42113  58.6830  -8.7600  -0.4350  20
105617  28.3130  24.4120  -42.9980  22    58918  19.1700  -40.8380  -9.4270  22
105631  28.1060  24.8990  -44.2680  23    59226  51.3040  43.2810  -9.6600  23
105632  27.0540  24.3640  -43.7090  24    59227  32.1310  11.3930  -41.0550  24
105633  25.8470  23.8600  -42.9760  25    59250  9.6660  -34.2310  13.4690  25
105642  27.8510  25.5060  -45.1000  26    24660  24.5560  70.8060  -6.1170  26
105644  25.8140  24.3950  -44.4840  28    59448  53.3950  34.7000  10.4330  28
105645  24.5600  24.0040  -43.6470  29    53708  42.5870  29.3740  -38.6510  29
105648  26.9480  25.4740  -45.8460  31    59548  53.9060  38.0410  -14.0350  31
105650  24.1530  24.4460  -45.4060  33    54370  54.5050  -44.2560  14.5630  33
105651  22.9060  24.3930  -45.9050  34    46783  44.0770  4.2100  35.3480  34
105655  25.9170  25.2940  -46.4600  36    25226  33.2980  0.6860  -56.1320  36
105656  24.7210  25.0010  -46.7220  37    59675  9.9580  -28.4740  43.1570  37
105666  23.5230  25.0860  -47.8630  38    59760  39.8600  21.3770  17.2150  38
105667  22.1460  24.4780  -48.5390  39    54711  39.4940  29.1570  -34.8270  39
105680  22.7490  25.0290  -48.8730  40    26747  47.4380  -14.8370  30.9160  40
105681  21.8160  24.5930  -49.7930  41    59855  28.7040  10.5900  42.1000  41
105689  21.3200  24.1650  -51.0010  42    28518  7.4570  73.7520  -27.1770  42
106764  30.9460  25.1130  -42.4100  43    16474  56.4320  -38.4850  29.7150  43
106772  33.3810  27.1680  -43.3820  44    17447  22.7710  59.0050  13.3400  44
106773  32.8420  26.6700  -43.4730  45    17082  36.3430  -43.5650  30.9850  45
106774  31.9950  26.1930  -43.4540  46    18041  20.2090  -45.7920  -27.8940  46
106775  30.9870  25.6580  -43.2880  47    18074  15.5250  -73.2610  9.3800  47
106789  33.0070  27.0470  -43.9150  49    19412  41.3320  11.0990  -6.5170  49
106790  32.0770  26.7500  -44.0830  50    19491  44.1520  7.2210  14.1380  50
106791  31.0160  26.2780  -43.9460  51    19537  30.9550  60.7020  7.4710  51
106792  29.9470  25.7430  -43.8360  52    19593  52.3520  -47.7200  -4.4040  52
106793  29.0690  25.0940  -43.6970  53    19644  12.2870  -40.8010  39.7000  53
106806  31.0660  26.7680  -44.3640  55    21575  42.0280  -63.7370  -36.9250  55
106807  29.8630  26.5220  -44.5040  56    21641  3.0920  69.9440  -4.1640  56
106808  28.8680  25.7060  -44.4640  57    21685  42.4020  -20.9200  20.4400  57
106816  29.3150  26.7320  -44.9930  58    23263  27.9420  -58.9640  -25.5340  58
106817  28.3250  26.3220  -45.3090  59    23264  28.4050  -58.5140  -25.8750  59
106821  27.7970  26.6060  -45.7820  61    24639  5.0410  55.8410  36.2880  61
106822  26.9020  26.1810  -46.2770  62    24640  38.1800  -4.3340  50.6960  62
106824  25.3750  25.3310  -46.8900  64    25307  39.6100  -71.8920  -21.9960  64
106827  26.2900  26.4280  -46.8440  65    24818  58.6830  0.9990  -4.4590  65
106828  25.3980  26.0780  -47.3570  66    24819  9.6320  10.7560  -33.1630  66
106839  24.6070  26.1000  -48.0530  68    25474  37.8300  7.7560  -61.8460  68
106840  23.5950  25.6560  -48.6110  69    25475  19.4660  -27.8380  -32.4150  69
106854  22.9030  25.6680  -49.5430  71    26720  54.3930  1.4210  -28.5140  71
106855  22.0810  25.1100  -50.2920  72    26721  30.7580  -51.6460  19.0760  72
106870  21.4480  24.6750  -51.6580  74    28517  35.0170  -76.5410  -4.9740  74
106871  20.8270  23.7050  -52.9790  75    28543  48.4850  7.9760  -18.8010  75
106875  20.4660  22.6140  -55.0410  76    29955  9.6510  -22.8240  -16.7760  76
107946  34.0240  27.8830  -43.6430  77    41489  52.8250  -9.5040  -1.3210  77
107947  33.7180  27.5480  -43.4450  78    17135  63.3030  20.8630  -5.4110  78
107955  33.9450  27.9430  -44.1880  79    42190  32.4480  58.6730  23.8250  79
107956  33.4650  27.4800  -44.1140  80    19463  60.7420  32.0670  -9.4300  80
107957  32.6250  27.1670  -44.3290  81    21123  7.2860  58.5990  -43.4950  81
107971  32.8860  27.6120  -44.6160  85    42699  18.3380  -23.2460  -33.1990  85
107974  30.5160  26.9080  -44.5970  88    23236  17.1530  -48.6520  48.4590  88
107986  32.2100  27.6420  -44.7790  90    43679  63.5180  29.8660  0.4930  90
107987  31.3360  27.4730  -44.7950  91    43722  42.2480  25.2260  6.9750  91
107995  29.4860  27.3750  -45.2880  94    44603  52.1280  45.8160  5.4420  94
107996  28.4810  27.0810  -45.6020  95    24699  5.9780  31.8590  19.9100  95
108000  27.9050  27.3240  -46.0260  97    44945  31.4080  39.0340  -26.4600  97
108001  26.8840  26.9160  -46.6050  98    25255  40.4720  -74.3970  -30.0230  98
108005  26.1150  27.1340  -47.1800  100    45310  32.2110  -2.1800  -51.4630  100
108006  25.0970  26.6610  -47.7880  101    25744  5.0360  0.9300  26.5580  101
108015  24.2360  26.7860  -48.5470  103    45648  36.9200  -47.1260  -37.6630  103
108016  23.3770  26.2310  -49.2630  104    26770  6.7680  28.2840  21.1050  104
108036  22.6970  26.2820  -50.2140  106    46328  55.6680  -45.1810  14.6260  106
108037  21.9600  25.5590  -51.1830  107    28561  26.4130  -1.4980  -36.4410  107
108052  21.5090  25.4550  -52.4150  109    47491  15.9800  44.0050  40.6400  109
108053  21.0230  24.5490  -53.3150  110    29941  26.1660  -21.5440  37.7090  110
108056  20.5590  23.7690  -55.4860  111    30543  9.1470  68.3290  -45.8570  111
108060  20.4470  22.7780  -57.7290  112    25709  51.5660  -16.5060  -16.4190  112
109028  34.1840  28.2350  -44.3490  113    42233  2.6400  78.5810  -36.3110  113
109037  33.3750  28.0120  -44.7540  116    43434  11.8380  -74.7580  -17.0570  116
109052  31.7570  27.8130  -44.9470  121    44536  15.2040  -48.4370  0.7200  121
109053  30.8770  27.7430  -45.0480  122    44557  1.9440  39.8900  -25.2730  122
109067  28.5770  27.6330  -45.7980  126    44783  54.6150  35.0010  -41.4670  126
109074  26.7550  27.5460  -46.8910  128    45299  27.6830  13.6000  -45.5140  128
109078  24.6780  27.2910  -48.2570  130    45634  19.1670  58.7670  31.4100  130
109096  21.7650  26.1620  -51.9810  134    47478  34.2530  -50.6120  8.5400  134
109114  20.9200  24.8300  -54.1620  136    48366  38.0760  52.3240  -34.5990  136
109128  21.2780  26.0390  -53.7760  137    54887  34.5070  53.5500  21.3010  137
109133  20.5280  24.7480  -56.5660  139    48485  47.2440  -15.8630  4.1540  139
109136  20.3640  24.3870  -58.6660  140    48646  64.1020  -37.0640  14.4070  140
109140  20.2410  23.5760  -60.4400  142    48981  60.5280  13.3870  -14.4820  142
109144  19.4450  23.5460  -62.1540  144    49235  57.8440  13.4780  -15.0030  144
109149  19.1380  23.4980  -63.6800  146    49220  31.0590  -5.2850  -49.7000  146
110007  34.5840  28.8610  -44.5870  147    50515  6.9590  28.0380  -40.4380  147
110016  34.4800  29.0270  -44.8800  149    53396  12.0420  64.8050  -20.4620  149
110017  34.1180  28.7640  -44.9820  150    51447  22.5430  18.2800  -36.7980  150
110019  32.7840  28.2820  -45.1450  152    52126  44.5670  54.2170  15.3390  152
110035  33.7200  28.8660  -45.2700  156    53790  44.4520  25.7140  33.0280  156
110037  32.2990  28.5070  -45.3170  158    53986  34.8570  54.5270  23.3800  158
110038  31.2050  28.2420  -45.3040  159    52380  53.4200  16.5580  -40.6980  159
110039  29.9120  28.1950  -45.5900  160    52949  11.4430  33.9900  50.1470  160
110053  27.5480  28.1550  -46.5750  164    53240  44.2710  -14.1330  25.8110  164
110061  25.3080  28.0370  -47.9710  166    53312  51.4260  -30.8200  -36.8730  166
110076  22.1570  27.1170  -51.5680  171    54125  42.2750  -58.3070  -11.2880  171
110103  20.9240  26.2200  -55.7420  174    55350  61.2550  -29.1000  -43.7610  174
110116  20.5680  25.9330  -57.3690  175    55512  7.7640  -43.3250  47.7160  175
110129  19.8940  25.6990  -60.9400  178    55821  22.0370  60.7080  16.7180  178
110133  19.4380  25.5340  -62.5830  180    55979  10.7970  42.7920  45.5270  180
110942  34.7540  29.5060  -44.9730  184    53249  43.3350  -41.8890  30.8620  184
110950  34.3240  29.4270  -45.3050  187    52406  53.4330  -22.1640  -15.2660  187
110953  32.6950  28.9840  -45.5330  190    52547  62.0380  -45.1980  -6.8580  190
110955  30.7890  28.7370  -45.6400  192    52643  20.2950  -38.1500  52.8750  192
110981  26.1860  28.8720  -47.6540  198    53139  43.2240  -34.4300  4.7860  198
110982  24.9410  28.7320  -48.5130  199    53558  24.6590  20.8560  -33.4780  199
111000  23.2500  28.5300  -50.2580  201    54435  24.9250  2.1670  -40.5870  201
111001  22.5040  28.1960  -51.4600  202    55693  20.2040  -46.1780  48.4370  202
111015  22.0780  28.2850  -52.6550  204    54905  45.3570  -44.4130  30.7770  204
111016  21.6710  27.7030  -53.6550  205    55701  33.3220  -48.6210  10.3590  205
111024  21.2600  27.4570  -55.1450  206    55370  5.3030  36.5680  2.5110  206
111048  20.3020  26.8690  -59.4320  209    55859  39.8730  38.6470  5.3260  209
111061  20.3400  28.1510  -64.2230  212    56584  58.9690  -34.3330  25.2810  212
111827  34.7350  29.8830  -45.2580  216    47828  27.3560  13.8980  -55.9220  216
111833  33.7110  29.7990  -45.6610  220    52416  14.4580  88.1210  -7.7160  220
111834  33.0430  29.5340  -45.7070  221    49979  15.0640  -32.6400  13.4530  221
111836  31.4620  29.2550  -45.7740  223    52555  30.2600  -46.3880  13.9860  223
111844  31.8860  29.8570  -45.9070  227    50208  64.7080  -31.7090  11.8680  227
111846  30.1240  29.4240  -46.1490  229    52642  44.5150  -59.6300  -12.2820  229
111847  29.0420  29.3740  -46.4680  230    50286  43.7120  47.9700  -2.1170  230
111893  22.4130  29.1200  -52.3600  238    51315  45.4710  35.7580  -57.7970  238
111903  21.5540  28.5990  -54.7850  240    53021  13.4190  7.9580  -34.2690  240
111913  20.8690  28.5270  -57.5510  242    55376  22.4000  8.8780  -35.2290  242
111921  29.8660  31.4040  -63.4950  243    53287  3.1930  -58.2060  -2.2740  243
111922  20.5170  28.3280  -59.5650  244    55592  61.2410  19.4090  -17.1410  244
111933  29.4760  31.1300  -63.9300  246    55825  60.4770  40.1150  -6.9270  246
111934  20.6880  28.7790  -61.4230  247    55858  6.6280  61.7690  -6.3210  247
111940  27.2920  30.7650  -64.7150  249    56327  4.5920  42.5450  42.6540  249
111941  25.8670  30.8400  -64.5630  250    54572  59.9680  10.8970  -52.8220  250
111942  20.9370  28.6140  -63.0880  251    56279  12.3480  44.5750  6.9760  251
111946  22.7410  29.5020  -64.7340  254    56599  20.2110  -45.5730  0.0220  254
112704  35.0270  30.5130  -45.3030  258    47604  47.4240  39.9840  20.4470  258
112709  34.0400  30.1870  -45.7210  261    49643  44.1660  58.4740  -8.9920  261
112712  34.1200  31.1050  -45.9450  262    41750  22.1690  -9.2310  -30.3170  262
112715  32.2580  30.5230  -46.1140  265    48199  42.3480  -57.1350  -6.2490  265
112717  30.5480  30.1460  -46.3540  267    48258  9.2480  72.6380  -20.9120  267
112718  29.6130  30.0000  -46.5500  268    48280  41.4280  -15.3970  -45.9670  268
112724  27.4320  30.2040  -47.5020  272    50285  65.2310  -38.1520  -22.3700  272
112730  25.4210  30.3980  -48.9200  274    50641  14.9650  -50.0040  -11.0790  274
112741  24.4540  30.3480  -49.9820  275    50724  30.5540  -10.0310  36.6010  275
112774  21.8810  29.9030  -55.0020  279    52364  46.4880  35.3080  11.6820  279
112782  31.4320  30.7290  -62.0150  281    52805  71.0290  -26.1450  -16.5020  281
112783  30.7110  31.5420  -62.8340  282    51261  49.5020  32.2390  -28.0060  282
112784  21.7900  30.4780  -55.9970  283    51282  3.8720  -65.5130  16.0690  283
112794  21.1460  30.0140  -58.6210  286    53512  7.5030  -23.1080  57.5050  286
112802  28.2880  32.0340  -63.9470  287    53640  2.1500  16.8690  -12.9340  287
112803  26.7980  32.3810  -63.8770  288    52032  6.3760  -14.3380  55.5880  288
112804  21.2370  30.0740  -60.5780  289    53707  15.0440  40.0250  -37.8390  289
112811  27.7740  31.4900  -64.3310  290    53989  5.7600  -28.6630  47.3090  290
112812  25.8600  31.6340  -64.1430  291    53990  10.1050  7.8770  -35.0740  291
112813  23.3830  31.0600  -63.2600  292    54573  66.4890  -28.8610  -5.4340  292
112814  21.7200  30.0270  -62.3460  293    54147  63.3610  -26.6010  4.7260  293
112819  22.3230  29.7730  -63.7330  296    54594  17.8170  -70.1600  25.1410  296
113578  34.6350  31.8380  -45.8970  299    41749  14.9890  42.0780  -37.7110  299
113581  33.2900  31.4530  -46.2630  302    48112  10.8490  -55.6850  -8.3800  302
113582  32.5930  31.2710  -46.3700  303    48161  2.1850  50.3400  -23.0350  303
113584  30.9110  30.8900  -46.5670  305    48218  69.0720  5.6120  8.6710  305
113588  33.7920  32.4820  -46.4630  308    30834  23.4520  -72.0880  -35.1330  308
113589  33.4610  32.3060  -46.5190  309    46857  3.7920  -50.9570  -6.4120  309
113590  32.8610  32.1210  -46.6080  310    46879  26.8120  6.7600  -61.1200  310
113592  31.2530  31.7290  -46.7900  312    48200  41.2800  25.8780  -13.8910  312
113594  29.0390  31.0980  -47.1980  314    48259  40.8850  19.4080  18.5550  314
113595  27.6870  31.2820  -47.8060  315    48866  9.0350  20.3800  37.0370  315
113602  25.1610  31.3790  -49.7980  319    48999  7.2620  49.7990  -47.7450  319
113616  23.3750  31.1420  -52.1380  321    47967  12.3980  66.9200  28.9770  321
113631  31.9120  30.3280  -61.1010  323    48828  16.0960  -25.8080  33.0840  323
113632  22.4630  30.8980  -54.3940  324    49958  55.1170  13.3060  -16.0310  324
113642  31.5160  30.9600  -62.0070  325    49467  2.9060  -16.1720  36.8950  325
113644  22.1610  31.3730  -55.9600  327    50880  36.4170  -61.3420  14.9510  327
113653  22.3030  32.1960  -57.2020  330    51274  66.4480  -1.6750  -41.8900  330
113654  21.8470  31.4300  -57.7800  331    51275  67.4610  -1.5380  -41.2310  331
113661  28.5270  32.7510  -63.4870  332    51603  20.3750  -76.5480  10.1830  332
113663  22.9520  32.3960  -61.1850  334    52203  8.5120  25.5190  -25.2720  334
113664  21.9610  31.5140  -59.8540  335    51683  67.5960  -22.2390  15.2190  335
113673  24.2170  32.3840  -62.6910  337    52204  8.1600  25.4780  -26.6270  337
113674  22.4650  31.3400  -61.7100  338    52205  52.9240  -21.8940  -6.7760  338
114472  34.3290  33.1530  -46.3630  342    30835  64.9760  -32.9550  -14.8040  342
114477  31.5740  32.6480  -47.0000  347    44235  2.2510  40.5740  -21.7310  347
114478  30.6530  32.4360  -47.1820  348    44268  54.8150  45.9980  6.7030  348
114479  29.6150  32.2210  -47.4760  349    47176  5.6820  57.1110  2.6560  349
114480  28.5780  32.0970  -47.8190  350    47188  15.6940  -64.2470  25.2480  350
114484  26.9590  32.4430  -48.8710  352    47468  39.3020  -0.6720  1.1820  352
114488  24.8210  32.4720  -50.8950  354    47574  52.7020  -49.1130  19.2970  354
114496  23.8450  32.4520  -52.5750  355    47777  41.1620  16.6080  -2.7390  355
114508  32.0870  30.5880  -60.9840  357    48605  26.4990  27.9790  -43.0880  357
114511  23.0540  32.3220  -54.4970  360    47966  33.1860  -60.2570  19.0750  360
114519  31.6860  31.5310  -62.1560  361    45624  35.5510  33.6130  -35.7230  361
114520  31.3830  31.5910  -62.3300  362    48829  4.8790  -37.6550  36.1600  362
114522  22.7310  32.8190  -56.5720  364    45811  38.2220  34.8370  40.4450  364
114529  30.4940  32.7630  -62.9000  365    46253  61.8250  -21.3200  17.2330  365
114530  30.1070  32.6910  -62.9820  366    49468  24.4050  -70.5070  -29.8250  366
114531  22.8110  33.0270  -58.6530  367    49523  54.0340  -14.8160  3.8480  367
114532  22.3390  32.1380  -59.0560  368    49916  7.7060  27.3650  -39.6780  368
114539  28.4770  33.4410  -63.1060  369    49890  2.5770  51.2400  15.2090  369
114540  26.4960  33.6550  -62.8340  370    50266  49.5500  8.7470  13.3390  370
114541  24.1030  33.4810  -61.3150  371    49915  4.0310  -27.7260  -0.7830  371
114549  26.2190  33.1560  -63.2280  373    50508  37.9240  27.8430  -40.5430  373
115331  33.8350  33.9590  -46.8160  377    30833  64.2260  16.1140  -11.5530  377
115332  33.3340  34.1400  -47.1040  378    40171  61.8370  23.9160  -39.5110  378
115333  32.6470  33.9480  -47.2940  379    44176  13.8360  -51.3000  11.3380  379
115334  31.8710  33.5790  -47.3240  380    44177  24.5670  47.2650  -39.9090  380
115337  28.9310  33.1410  -48.0840  383    44307  42.4630  -45.0790  -38.4330  383
115344  26.5420  33.5180  -49.6490  389    44641  51.5230  -23.9510  -4.1080  389
115347  24.6930  33.6420  -51.9850  391    44696  15.4050  40.7820  -36.2590  391
115356  32.9880  30.5110  -60.4280  393    42392  59.1060  28.5360  -12.9530  393
115357  32.4540  30.9290  -61.1810  394    45476  22.6430  4.2520  -31.4390  394
115359  23.8040  34.0030  -55.2300  396    45031  2.8760  44.9990  22.3710  396
115367  31.9750  31.9330  -62.2750  398    42974  51.9880  11.9230  -51.6970  398
115369  31.1190  32.5060  -62.6260  400    43030  2.8200  -35.4720  22.3030  400
115370  24.1060  34.7240  -56.6100  401    42064  28.1690  60.4690  5.1550  401
115371  23.6380  34.1880  -57.4630  402    45535  67.2400  0.7020  -3.9110  402
115378  29.5890  33.7590  -62.7960  404    46633  37.0980  -21.6300  41.3560  404
115379  24.1940  34.3190  -59.8070  405    46497  45.5200  53.1040  -2.4340  405
115386  28.3710  34.2190  -62.6260  406    46651  35.9440  -21.5840  40.6000  406
115387  26.9410  34.4470  -62.3140  407    47261  7.7840  -45.1670  24.0190  407
115388  25.4230  34.5120  -61.4040  408    43312  26.4530  43.3730  -42.1300  408
116193  32.0400  34.4340  -47.6180  413    35473  46.1420  54.4280  -2.1870  413
116195  30.4230  34.1830  -47.9480  415    40977  29.9440  31.6990  -43.5240  415
116196  29.4680  33.9880  -48.2450  416    41006  19.7450  -39.5420  0.7270  416
116199  33.3630  35.8430  -47.4410  418    24355  68.7820  -4.1470  1.0300  418
116200  33.1310  35.3830  -47.4740  419    35431  47.0390  13.9620  40.3660  419
116201  32.4720  35.1860  -47.6920  420    35445  36.4350  81.2450  -26.4510  420
116206  27.0810  34.7990  -49.8260  425    41022  17.8220  -87.5400  -19.7230  425
116207  26.1110  34.4340  -50.4720  426    41691  16.7790  32.2380  -43.5740  426
116212  24.7630  34.5420  -52.8920  429    41718  45.1640  60.8330  10.3880  429
116223  32.5870  31.2650  -61.6750  433    42391  3.1020  53.0200  33.1830  433
116230  32.8290  31.7070  -62.1150  435    36830  16.2250  86.3670  -1.3830  435
116233  31.3550  33.0980  -62.7020  438    37396  66.0420  -35.3640  5.4390  438
116235  24.5950  35.4670  -57.8200  440    42592  49.9210  -12.6590  43.6240  440
116236  24.5770  35.0720  -59.1920  441    43297  9.3210  58.6750  -27.1100  441
116240  30.5430  34.1540  -62.7020  442    37452  58.6200  6.9360  -9.5890  442
116241  29.8550  34.2890  -62.5850  443    43039  5.6680  19.8650  52.8080  443
116242  27.8540  35.4130  -61.8430  444    43430  2.9090  52.8120  31.8380  444
116243  25.7900  35.8060  -60.1000  445    43296  4.2480  -51.3530  -6.4940  445
116249  26.9650  35.1140  -61.7750  447    43447  50.9830  -49.7350  2.6970  447
117033  34.2520  35.9250  -46.7650  450    34500  64.3220  -24.3400  -10.0410  450
117044  30.0720  36.3150  -48.8060  457    25303  23.5180  -71.4900  -31.6560  457
117045  28.9120  36.2160  -49.2210  458    25824  41.5840  41.0060  -8.8830  458
117047  26.8110  36.0520  -50.8060  460    25825  1.5840  6.2320  -16.5850  460
117051  25.6620  35.7490  -52.8310  462    36402  40.5240  36.5560  -39.6960  462
117055  25.0340  35.7580  -55.4140  465    36434  28.6500  52.9720  16.9800  465
117060  25.5380  36.4200  -55.8070  466    26498  46.9940  7.7400  10.4580  466
117067  32.4710  33.1020  -62.8320  468    36828  43.0180  -50.6500  -1.9560  468
117068  31.8130  33.7970  -62.9250  469    27189  7.9400  1.1890  26.1450  469
117071  25.8150  36.7440  -57.3440  472    36843  3.3340  73.4830  -2.5590  472
117072  25.5500  36.2970  -58.4960  473    36861  63.6260  5.8480  23.2500  473
117078  30.6190  35.4930  -62.5300  475    37395  2.7300  67.4920  11.6980  475
117079  29.7390  35.7020  -62.2070  476    37473  13.0600  -25.2470  59.2700  476
117080  28.2710  36.3950  -61.3140  477    38271  6.0200  20.1520  -39.0980  477
117081  26.5610  36.7870  -59.4530  478    37752  16.6670  -54.2010  -7.4710  478
117845  34.0580  37.2880  -46.9950  480    24044  54.4740  -26.5160  15.1800  480
117853  32.1000  37.6750  -48.4380  484    16772  5.2450  87.2590  -18.1010  484
117854  31.3450  37.5430  -48.7920  485    16834  61.2930  -46.2640  -2.8710  485
117857  28.2910  37.3640  -50.3700  488    16996  51.5630  -54.9010  17.7900  488
117863  26.8010  37.0490  -52.6610  492    18278  12.0670  -41.2620  40.8450  492
117868  26.7820  37.6860  -56.1020  495    18253  51.3710  -21.6990  -45.5020  495
117872  32.5120  34.8270  -63.1030  497    27139  44.1300  -0.6420  -5.1230  497
117875  27.9040  38.1260  -58.8220  500    19255  27.3060  7.9440  35.6400  500
117876  27.2250  37.9540  -57.7780  501    26635  42.7640  4.4490  -59.9760  501
117880  34.1900  36.6850  -62.8970  503    27161  52.4580  41.0990  -24.2920  503
117881  32.9280  36.6610  -62.6760  504    27141  3.0600  10.4180  -34.0400  504
117882  31.9210  36.6990  -62.4190  505    27190  57.4150  9.9000  -11.0720  505
117883  30.9870  36.4580  -62.2790  506    27259  6.4540  -73.9790  -32.8790  506
117884  29.8290  37.0660  -61.6040  507    28215  3.2700  -1.8950  -1.4610  507
117885  28.6540  37.5130  -60.4480  508    27277  32.3690  71.0900  -9.9360  508
117886  27.5280  37.4850  -59.4660  509    27278  28.4100  55.3430  31.9100  509
118681  33.9650  38.7210  -47.4080  511    15435  3.2450  -15.1950  -6.7230  511
118685  33.0230  39.0240  -48.2830  513    16199  58.4410  -46.4710  -29.4990  513
118691  28.9610  38.6450  -51.1960  518    16914  23.8830  86.1120  -22.9320  518
118701  28.5840  39.1890  -54.0120  525    4917  26.8660  -10.1430  -29.7490  525
118706  28.8560  39.2920  -57.4140  528    5701  53.0840  -25.4730  2.8780  528
118707  28.2750  38.9560  -56.6270  529    6322  63.8700  -25.6720  2.7550  529
118711  30.3960  39.2950  -59.5140  531    19930  21.3060  15.3610  -64.7340  531
118712  29.4670  39.1990  -58.8070  532    6457  49.8920  -23.8160  -35.9590  532
118713  28.5480  38.6570  -58.5910  533    19080  14.2850  -61.3960  37.0230  533
118718  36.4200  38.9190  -61.3890  535    8890  8.1560  -71.3710  14.7710  535
118720  33.6310  38.3750  -61.7260  537    20894  45.6250  68.4510  -5.8770  537
118721  32.4010  38.3190  -61.5330  538    20924  32.7810  -46.0390  12.7290  538
118722  31.2160  38.5370  -60.9420  539    19963  44.1240  -40.7830  27.1590  539
118724  29.2680  38.2460  -60.1280  541    20008  2.7720  9.5580  14.6610  541
118728  35.8810  38.2260  -62.0030  542    10723  15.8940  71.2750  10.0720  542
119516  34.4370  40.0300  -47.5380  543    2031  16.5180  -24.7600  30.0440  543
119519  33.9880  40.1870  -48.0260  544    2720  11.7400  58.9150  -19.8810  544
119522  32.9560  40.4220  -49.2400  546    3511  24.4370  -38.7600  -32.5370  546
119523  32.0910  40.5840  -50.2120  547    3782  58.9450  -8.9020  34.6260  547
119524  30.7890  39.7530  -50.5050  548    3849  10.9850  58.2180  -8.6290  548
119525  29.7580  39.4880  -51.4180  549    3875  27.7740  6.0480  -31.3050  549
119531  30.4120  40.3910  -52.2180  553    3850  6.7210  76.6430  -44.9740  553
119536  29.8870  40.2190  -54.9770  556    4916  24.7670  28.8360  49.5410  556
119541  30.4850  40.4410  -56.6930  559    5700  18.7680  -48.6910  -23.9390  559
119544  39.8450  39.7770  -59.1740  562    6386  29.4820  79.1910  -3.1880  562
119545  38.4470  40.2430  -59.4170  563    6621  26.8250  48.0770  24.4160  563
119547  33.5180  40.5000  -59.3960  565    7534  6.1300  -26.1500  1.8430  565
119548  32.4970  40.4010  -59.1820  566    7533  5.0380  -26.5880  1.4800  566
119549  31.2320  40.1840  -58.7280  567    6456  48.8060  -21.1960  -36.6290  567
119552  38.7620  39.3440  -60.2450  569    6620  57.1050  25.2400  22.0510  569
119554  35.9030  39.8020  -60.5200  571    8276  38.9600  22.6780  12.8950  571
119555  34.4320  39.8970  -60.3710  572    7593  37.4670  4.9840  -41.6430  572
120382  35.0170  41.7830  -48.6970  575    2719  13.2710  60.4470  -18.4970  575
120386  35.1400  42.4780  -49.9230  577    59198  20.3900  23.1560  -48.3330  577
120387  34.0310  41.9450  -49.9940  578    3510  24.2100  60.4400  15.1860  578
120392  34.0260  42.5580  -51.4930  580    59215  26.3530  -50.2720  -30.2580  580
120393  33.0160  41.9490  -51.4030  581    3783  57.2230  -8.7250  33.9390  581
120394  32.3180  41.8180  -52.9020  582    4732  4.5930  -25.2610  2.1430  582
120399  39.3850  42.0280  -56.2050  585    59253  55.8850  29.0450  -52.0870  585
120401  32.1700  41.6420  -54.6830  587    60244  11.7240  82.6800  6.3890  587
120402  30.9040  40.9270  -54.9770  588    5484  69.3450  4.4870  7.4570  588
120403  40.1800  40.7830  -57.5690  589    5599  64.5130  -31.0230  8.5380  589
120405  36.9940  42.0130  -57.3420  591    60266  68.7690  -23.2350  -29.6620  591
120406  35.3480  42.0050  -57.2410  592    60273  29.2530  -20.1230  -22.6230  592
120407  33.9450  41.8370  -57.0280  593    60274  18.7510  76.9170  9.5810  593
120408  32.7660  41.5680  -56.4650  594    157  2.5030  33.7310  15.5890  594
120409  31.5750  41.0670  -56.5810  595    158  46.4100  8.6010  11.9350  595
120410  40.0880  40.3040  -58.3190  596    6387  47.0260  -18.7380  -18.4830  596
120412  37.6880  41.0160  -58.7280  598    6746  53.2900  -48.1140  19.7920  598
120413  36.1220  41.3110  -58.5550  599    7634  28.5910  28.6780  44.1890  599
120414  34.5600  41.1550  -58.6660  600    7560  12.7690  -81.1780  -27.7640  600
120415  33.2100  41.1880  -58.1460  601    7535  50.1440  -14.8600  8.4720  601
120416  32.2110  40.9740  -57.8520  602    156  69.3710  -29.9840  -16.1710  602
121236  36.2300  42.7170  -49.2700  606    59177  28.2120  -9.9890  37.7740  606
121240  36.3740  43.1390  -50.5470  607    59170  48.8700  -61.9850  -3.8280  607
121244  37.8800  43.3390  -53.0840  609    59187  32.5970  37.0430  -9.9210  609
121245  35.3310  43.1230  -52.0970  610    59192  43.7190  -46.8750  -15.0950  610
121249  39.0630  42.5300  -55.2250  613    59201  36.9320  -66.2400  -5.0800  613
121250  36.8430  43.1040  -54.4700  614    59206  19.1690  -17.2570  -19.9160  614
121251  34.9390  42.9170  -54.1860  615    59212  7.1220  -61.4140  1.4180  615
121252  33.2950  42.2520  -54.1860  616    59220  17.1140  -17.3840  -19.5720  616
121255  37.7960  42.5090  -56.0890  619    59254  11.6070  -1.6480  25.9310  619
121256  36.0610  42.6040  -55.8670  620    59259  46.2360  -34.5080  4.7110  620
121257  34.4910  42.3630  -55.7150  621    59315  44.9240  -34.2400  4.8790  621
