103995  46.1960  22.0080  2.9430  1    14102  44.4510  19.6890  -15.0570  1
103996  45.5980  22.1390  3.3150  2    14103  38.1080  43.4220  -21.5190  2
104004  47.3160  22.0940  2.1400  3    15558  59.4170  -48.0100  -25.6930  3
104013  47.8800  22.2620  1.5690  5    16598  42.9270  42.9450  -44.9180  5
105086  41.8970  23.9850  5.1060  6    32797  25.0500  82.5750  -33.1070  6
105087  41.1880  24.2460  5.5490  7    32892  32.8170  -10.6410  -30.1340  7
105094  44.5080  22.4550  3.7460  8    13025  43.3780  -38.8870  9.9380  8
105096  43.1170  23.2370  4.2560  10    33684  56.8610  27.6140  -12.9490  10
105104  45.6990  22.3060  3.0130  12    15671  29.3480  57.2170  3.1180  12
105106  44.1610  22.7720  3.5880  14    34402  60.3310  -25.7860  -42.9820  14
105114  46.9540  22.3830  2.0930  16    15727  57.9970  -49.3580  -17.1670  16
105125  48.1260  22.4940  1.0040  20    17929  23.7620  -15.1370  -39.6920  20
105126  47.5360  22.5940  1.3930  21    17056  37.8920  -42.4860  42.7320  21
105136  49.1590  22.6520  -0.0040  23    18619  47.7440  7.3510  35.7900  23
105148  49.4520  22.9360  -0.7450  26    37799  1.4520  13.1420  4.2680  26
105149  48.9840  23.0030  -0.6060  27    37829  3.1530  5.7420  24.6410  27
106190  37.5880  24.7840  8.3160  31    44941  50.0770  39.5610  21.6670  31
106191  36.9220  24.8370  8.3380  32    44966  39.6820  -35.0690  20.2660  32
106192  36.3880  24.9050  8.4980  33    44294  7.2460  35.3760  31.9270  33
106213  38.4390  24.8990  7.4770  34    46870  28.0390  -11.5160  -38.4660  34
106214  37.7240  24.9970  7.5910  35    46897  63.2080  -13.4680  -36.4120  35
106215  37.1180  25.0540  7.7950  36    47905  39.1630  -15.3620  30.9680  36
106225  39.4070  24.7920  6.6380  37    47859  30.7220  31.5340  -38.1240  37
106226  38.6500  25.0010  6.8230  38    47881  52.3740  -36.8730  -38.7710  38
106244  41.8560  24.0290  4.6590  45    33789  17.4430  63.9710  18.9660  45
106245  40.9770  24.4600  4.8960  46    49035  40.6680  -3.3020  -19.2790  46
106253  42.1170  24.0780  4.0180  49    49627  56.5420  13.4660  -36.9830  49
106260  45.8550  22.8460  2.4810  50    36307  32.3790  78.4240  -21.2370  50
106262  43.9860  23.2680  3.3030  52    35457  61.3210  -2.5840  28.2510  52
106263  43.2120  23.7700  3.4110  53    50021  44.0970  -44.6820  -6.0070  53
106270  47.2250  22.9450  1.4020  54    36347  33.8020  -49.4470  39.6970  54
106272  45.8920  23.1280  2.3620  56    50424  11.3830  35.5710  18.3580  56
106278  47.8140  23.2200  0.7080  57    36993  39.5660  -70.7000  -40.4880  57
106286  48.7420  23.3050  -0.7270  59    37901  24.7110  59.0160  14.7050  59
106295  49.8820  23.5600  -2.0890  61    39546  35.4440  -17.2110  -24.1940  61
106297  49.0480  23.5510  -1.5010  63    38753  50.2940  -55.9730  -3.1910  63
106307  50.2710  23.8850  -2.6340  65    39346  38.2710  -36.8200  29.1100  65
106308  49.8330  23.9250  -2.5870  66    52289  3.3410  15.2430  30.7900  66
106320  50.6910  24.3750  -3.4580  68    52634  10.6240  23.3390  -35.9550  68
107440  36.1840  25.1440  8.2740  71    47149  57.0930  -25.6800  -41.7750  71
107441  35.7450  25.4490  8.2970  72    6885  21.6790  16.2240  -32.8150  72
107453  36.2460  25.4920  7.8640  75    11987  50.8290  2.3890  -26.9200  75
107465  37.8000  25.3900  6.9680  78    13127  28.1720  83.9850  -4.3230  78
107474  39.4790  25.0420  5.6840  81    49163  54.0590  33.1820  -43.1670  81
107483  40.7040  24.8060  4.6200  85    49648  50.3980  -26.2640  -37.0880  85
107491  41.8590  24.4650  3.8430  89    50048  32.3310  34.3210  -47.5120  89
107498  44.6280  23.5880  2.9380  91    50648  14.9260  43.6380  43.8100  91
107506  46.3780  23.3890  2.0900  94    18434  32.3500  -38.5810  49.3110  94
107512  47.7170  23.6250  0.7250  96    51340  33.2490  30.8820  -61.1930  96
107524  48.7730  24.0220  -1.5960  99    21332  44.4540  74.1130  -21.6910  99
107531  49.2160  24.2120  -2.3350  102    21333  44.2120  72.7930  -21.6180  102
107537  50.0090  24.5170  -3.3020  104    22169  46.4590  -59.2500  -34.8100  104
107546  51.2290  24.8080  -4.7380  106    880  29.5840  70.7270  -17.4750  106
107548  50.5110  24.9260  -4.1570  108    1046  15.1280  30.2990  44.0650  108
107562  51.1260  25.0490  -5.2560  109    881  29.8770  70.5120  -16.4950  109
107578  51.5380  25.2900  -6.1290  111    4335  12.5410  84.1480  -34.9080  111
107594  51.8850  25.4770  -6.8430  112    6112  11.9660  84.0280  -36.0240  112
108549  35.7540  25.9370  7.9360  119    12008  31.6420  -7.5580  -47.9640  119
108560  37.0000  25.9000  7.1490  121    11988  41.8280  49.4550  -20.1600  121
108566  38.4190  25.7800  6.1020  123    13126  24.7790  -69.2080  24.6180  123
108575  39.8770  25.4480  4.8050  127    15392  46.2920  59.1680  -38.7550  127
108576  39.1110  25.6380  5.5150  128    13974  14.2190  -23.8620  -28.6700  128
108582  42.1190  24.5520  3.5760  129    16229  55.8400  20.6820  -56.0310  129
108585  40.2470  25.5840  4.4030  132    15391  42.0170  19.1280  -34.3260  132
108592  44.2730  24.1230  2.9980  133    17563  37.7990  8.4980  -61.1920  133
108595  42.0420  25.0910  3.3780  136    16230  56.0110  19.6490  -55.5560  136
108602  45.2200  23.8560  2.7470  138    17628  27.3910  15.1360  -57.0530  138
108608  47.5700  23.8670  0.9700  139    18523  7.8180  -33.7550  7.2440  139
108625  48.5420  24.4080  -1.0870  143    20305  11.1710  -14.5950  -8.7270  143
108632  48.7140  24.8310  -1.7690  145    19318  38.1910  -49.7200  -34.8260  145
108646  49.7650  25.3260  -3.6510  149    22200  10.1720  65.5780  -6.3400  149
108670  51.1460  25.4960  -5.9070  152    4468  2.7880  29.4100  41.2390  152
108695  52.3530  25.9070  -8.2890  156    8628  41.6240  13.8620  -31.0120  156
108696  52.1280  26.0580  -8.0310  157    27766  41.9530  3.2390  -58.7680  157
108709  52.5810  26.1780  -9.3790  158    28961  29.8030  -39.7830  -24.5870  158
108725  52.8830  26.3590  -10.5230  160    27201  21.7370  74.8400  14.9470  160
108741  53.6140  26.5430  -11.9880  161    31984  70.0500  -29.2370  -20.9750  161
108758  54.1690  26.7980  -12.9350  163    33305  12.1390  82.4960  -32.9460  163
109540  35.0540  26.1740  8.7680  164    6855  47.7560  61.2410  -16.9010  164
109557  35.8530  26.1740  7.7510  169    11989  47.0700  -47.3480  -1.0260  169
109568  37.1270  26.2310  6.9870  170    13687  55.5300  -38.5840  31.0360  170
109578  38.7830  26.0200  5.6840  172    13975  43.5330  -5.9600  -50.1470  172
109579  38.1620  26.1060  6.2150  173    13719  37.2090  -34.3890  25.7010  173
109601  45.9640  24.2590  2.6870  180    18435  55.8330  15.1160  -17.2060  180
109602  45.0420  24.3790  2.9570  181    17564  28.1850  34.7760  -34.3420  181
109603  43.8870  24.7430  3.1390  182    17565  28.6500  36.6270  -32.9510  182
109611  47.5420  24.1920  1.4010  185    19317  17.2960  -62.5420  -11.1700  185
109639  49.1510  25.1780  -2.7540  192    22129  30.8820  -0.0050  -30.8820  192
109654  50.3620  25.6140  -4.7160  196    23656  49.7160  7.5380  -9.8000  196
109667  50.7180  25.8650  -5.4900  198    23709  22.2440  -59.2880  -31.5450  198
109679  51.3780  25.7990  -6.5300  200    25508  51.0600  -8.8770  22.1930  200
109689  51.5460  26.0410  -6.9620  202    26897  65.0520  -28.9860  -4.6810  202
109721  52.4030  26.8100  -9.9120  208    29111  42.3520  64.8470  -11.4770  208
109731  53.0670  26.8650  -11.6830  210    25234  56.7530  -43.3720  -14.9960  210
109744  54.7920  27.3630  -13.8890  211    34849  45.5130  -3.0760  42.0900  211
109745  53.9420  27.1910  -13.2140  212    33618  56.3890  30.8090  10.3140  212
109746  53.4690  27.3810  -12.8530  213    25232  36.9740  80.5550  -12.3770  213
109760  55.1930  28.0730  -14.8580  214    39221  53.5920  -27.0230  6.5740  214
109761  54.6700  28.0210  -14.5790  215    39253  65.8540  17.8720  -9.2850  215
109774  56.5390  29.2210  -16.5560  216    39861  39.5100  54.7050  -7.9670  216
109775  55.6970  28.9180  -15.6450  217    40082  14.5380  79.4220  -30.5570  217
109787  57.0930  29.3500  -17.5730  219    40955  40.3330  34.8790  -30.8940  219
109809  51.6180  25.5990  -21.9460  220    38443  52.0420  -43.3100  -27.7580  220
109811  49.7780  25.6970  -22.2440  222    38473  54.1700  36.8220  -37.6400  222
110524  35.2980  26.6480  8.5950  226    21358  43.7290  1.8740  25.5290  226
110535  35.6040  27.0750  8.3890  230    20151  57.0320  3.1010  -4.1030  230
110545  36.3250  26.6710  7.5750  232    23417  53.4480  -40.7900  -31.9130  232
110559  37.3770  26.6680  6.9370  236    24802  11.7800  89.6430  -16.6490  236
110565  39.7600  26.1910  4.9020  237    26114  25.9680  -44.6500  25.1750  237
110572  42.2570  26.2390  3.5060  239    31209  51.2210  -52.6060  4.5220  239
110573  41.6950  26.0200  3.6630  240    27551  24.0570  -85.2030  -28.0060  240
110581  47.4520  25.0900  3.1450  243    30014  22.6640  -52.1530  3.0830  243
110582  46.8930  24.8880  3.1090  244    30593  20.4640  82.1360  -28.2780  244
110583  45.8470  24.7010  3.1130  245    28265  19.0640  -70.7230  -27.0710  245
110584  44.4320  25.1010  3.2740  246    28290  41.0530  -3.0960  -54.2960  246
110594  47.2870  24.3870  2.1780  251    29445  45.5360  -66.2470  -3.3920  251
110601  48.4280  24.7000  1.3300  253    33554  32.5570  -4.0690  -43.7560  253
110602  48.1900  24.4760  0.8710  254    29504  52.1800  -34.2740  -42.8220  254
110615  48.7950  25.1800  -1.2610  257    30850  47.0340  -1.1250  41.8100  257
110627  49.5250  25.9060  -3.2340  259    31866  10.6160  -73.3380  -35.1960  259
110633  49.9250  26.0370  -3.9200  261    32569  50.3780  -22.3780  -8.6090  261
110634  37.3950  26.7570  -7.3090  262    29054  59.1100  40.9160  6.8580  262
110635  36.9910  26.2390  -7.3850  263    33467  43.6000  14.3290  -11.0510  263
110636  36.4230  26.2500  -7.2550  264    33453  34.6340  -74.0350  -36.4740  264
110640  50.6720  26.2390  -5.3870  265    34275  50.8220  -45.3370  28.5320  265
110642  38.0380  26.2490  -8.5580  267    34606  47.1570  -12.5420  6.4370  267
110643  37.5410  26.2280  -7.8160  268    34657  42.7470  67.7460  -20.9800  268
110644  37.1790  25.6320  -7.7700  269    23996  40.4360  2.2640  20.9130  269
110648  51.1740  26.3160  -6.2780  270    34252  45.0420  24.3790  2.9570  270
110654  51.6750  26.5450  -7.2780  272    35315  38.8790  26.5300  12.1220  272
110659  51.9970  26.6250  -8.2120  273    36095  4.2120  5.2790  10.8840  273
110673  52.6280  27.0830  -10.9210  276    25233  58.1490  7.8870  -12.7110  276
110688  53.6400  27.8450  -13.4270  280    38458  48.1590  -26.1140  32.9840  280
110694  54.6000  28.3260  -14.4850  281    39332  22.0970  -12.3880  42.0770  281
110706  56.5400  29.3110  -16.7900  284    40163  45.5280  5.0240  44.6330  284
110708  44.6480  25.8180  -17.6090  286    25984  4.8640  -6.0950  45.3100  286
110717  56.8980  29.0750  -18.4920  287    41190  12.6450  -63.5310  31.0100  287
110718  56.8600  29.2260  -18.0640  288    41191  14.4510  -63.5180  31.6520  288
110720  45.4300  25.6940  -18.4380  290    36425  8.9260  -82.4790  -11.4740  290
110728  56.2000  28.5930  -19.7970  291    41730  38.1160  -20.4400  20.7540  291
110729  46.4900  25.8180  -20.0830  292    36245  58.9950  27.4360  -45.0750  292
110736  54.1550  26.9890  -21.3150  294    42433  34.3540  8.6110  49.8790  294
110737  52.5060  26.0810  -21.7660  295    38183  59.1200  28.7120  -7.2820  295
110738  48.1600  26.0030  -21.8340  296    34769  32.5840  64.8590  20.3390  296
110739  47.2610  25.6010  -21.0010  297    37660  56.9750  -24.7250  1.1680  297
110743  52.9780  27.3360  -21.9670  298    41516  8.9360  -66.6910  -13.0290  298
110744  51.8530  26.6120  -22.1920  299    42830  39.8040  -22.0510  46.1290  299
111416  35.3760  27.1270  9.2520  302    17367  23.0700  58.5750  12.8290  302
111450  36.4230  27.3230  7.7990  309    20515  22.1760  -79.9710  4.8310  309
111464  38.5690  26.8500  6.2850  311    28140  11.5620  79.7560  -30.3410  311
111465  37.8730  27.0270  6.8290  312    21670  28.8590  13.1180  -39.9490  312
111475  40.5950  26.9000  5.0780  314    22946  5.3930  -61.5510  1.7610  314
111476  40.0360  26.6420  5.0900  315    28588  22.6550  -85.0940  -29.5420  315
111484  47.7030  25.9520  3.9910  317    25124  47.7350  41.1650  27.3630  317
111485  47.0710  25.9300  4.0570  318    25626  39.8900  -14.6250  -47.9310  318
111486  46.1130  26.1150  3.9700  319    25680  9.6980  62.3450  33.7120  319
111487  45.1000  26.2940  3.8100  320    25719  48.1820  20.6280  -28.3080  320
111488  44.0400  26.4230  3.6760  321    31055  53.0800  -47.6890  18.9630  321
111491  41.0290  26.6150  4.4490  324    29310  53.4900  53.1840  -33.0780  324
111499  50.3090  25.7090  1.4830  326    26515  45.8800  -33.8420  38.0840  326
111500  49.4500  25.3590  2.2260  327    32202  28.6740  8.0880  51.8330  327
111501  48.1230  25.3530  3.2660  328    29995  44.8320  61.3410  -0.7870  328
111519  49.8470  25.7870  -0.3910  337    27175  54.9220  -25.9020  -41.1950  337
111520  49.2380  25.1940  0.4270  338    32862  64.2680  -26.6130  -40.9490  338
111528  49.4990  26.1470  -2.1300  342    33442  33.4930  -0.4000  53.7140  342
111538  37.3180  27.4250  -6.9940  349    34575  63.4700  -1.8320  -41.8520  349
111539  36.7050  27.2940  -6.9300  350    34576  56.3370  7.7110  -44.9120  350
111540  36.1970  27.2860  -6.9910  351    34662  3.0330  14.5630  -16.4240  351
111545  51.0660  26.6530  -5.8290  352    35498  34.8720  7.3220  50.6420  352
111547  38.8220  27.7150  -8.2230  354    35575  19.0150  44.6120  40.0790  354
111554  39.5920  27.7160  -9.6290  358    36137  38.1930  -67.5160  3.3480  358
111555  39.0040  27.1910  -9.1430  359    34711  12.6940  -24.1070  -23.2190  359
111560  52.0460  27.0950  -8.1890  361    30975  44.3650  -13.0860  30.8310  361
111562  40.2340  27.6900  -10.9380  363    35697  36.1700  -78.8820  -25.2540  363
111570  40.8740  27.6380  -12.0500  366    36420  70.2650  -9.8910  -38.1310  366
111577  41.5490  27.6120  -13.0510  368    29151  22.3310  -73.7560  6.2960  368
111583  52.7530  27.6200  -11.5930  369    32680  22.1760  -84.5280  -5.9720  369
111585  42.0920  27.6050  -14.0240  371    30790  4.9060  64.6640  16.1740  371
111598  42.7900  27.1730  -15.9110  374    21359  6.0990  79.0230  -18.4710  374
111603  54.7390  28.5020  -14.5890  375    28972  65.6700  -18.7040  24.7990  375
111605  43.2160  26.6420  -16.4270  377    35299  20.9850  85.4130  -1.7430  377
111611  55.5760  29.0110  -15.6040  378    34469  31.8140  -47.2290  32.9470  378
111612  44.2870  26.8090  -17.5110  379    35393  42.1660  20.5780  -56.7760  379
111618  56.9030  29.1990  -18.3240  381    40637  42.2860  0.1620  32.6770  381
111619  56.4290  29.2840  -17.0830  382    40217  26.1260  -44.3870  -14.7630  382
111626  56.5720  28.8950  -19.4590  384    40665  39.2400  -5.0920  -52.0920  384
111632  55.3960  28.3610  -20.8030  387    39553  30.5320  73.0810  -7.6910  387
111633  47.8760  27.2020  -21.9420  388    34770  54.8250  47.9940  10.1320  388
111640  52.2310  27.7870  -22.4130  391    37855  48.9510  -46.4010  31.1000  391
111641  50.6790  27.4600  -22.6200  392    41970  43.0420  71.7930  -32.1970  392
112312  35.7310  27.8020  9.0150  395    11396  7.2670  -15.9380  7.6630  395
112337  38.6580  28.1750  7.7120  400    21509  11.9140  -5.9430  20.5990  400
112338  38.0070  28.0950  7.8270  401    14702  11.2370  -40.6520  45.4990  401
112340  36.8440  27.7850  8.0100  403    12411  41.0200  -16.4480  33.0560  403
112350  40.6680  27.5890  6.3950  405    13959  4.8590  -65.0340  -4.2810  405
112351  39.8770  27.5800  6.6210  406    14069  31.2310  -75.4980  -36.8980  406
112352  39.0930  27.4380  6.7150  407    21532  37.4400  -63.1860  -15.9140  407
112353  38.2960  27.5100  7.0730  408    21510  11.5640  -3.4170  20.6100  408
112361  42.8610  27.4830  4.8360  410    15586  12.5940  -26.7440  14.4020  410
112362  41.9810  27.3400  5.0840  411    15634  22.8890  -56.0710  35.3750  411
112363  41.0950  27.1630  5.2910  412    22969  48.7230  -65.1560  -14.0520  412
112367  50.5080  26.2620  3.1900  415    24646  1.8570  45.6060  -24.2700  415
112368  49.4960  26.1480  3.7540  416    24765  12.2470  67.1120  -7.9760  416
112374  43.3750  27.1140  4.0290  422    23917  6.9730  55.3730  38.1300  422
112378  51.5900  26.5040  1.2870  425    19215  46.7550  -48.6100  -18.8850  425
112387  50.9030  26.5620  -0.6820  432    20863  54.5880  -14.4890  2.4040  432
112396  49.9440  26.4510  -1.8900  438    27176  2.8510  55.2210  30.7410  438
112402  50.6640  27.1180  -4.0610  440    27981  9.0470  -25.5200  -17.5560  440
112403  50.1270  26.7670  -3.4840  441    27897  51.2030  -2.0310  -53.2090  441
112407  50.4320  26.7720  -4.2540  443    27982  5.8530  -58.4380  -28.1360  443
112408  38.0960  28.6700  -6.9900  444    23549  16.6540  80.3230  -25.8920  444
112409  37.5220  28.4320  -6.7840  445    23507  16.3610  -48.2570  -25.8560  445
112410  36.9230  28.2680  -6.6660  446    23508  37.6750  24.8660  -35.0160  446
112411  36.3690  28.2300  -6.7700  447    29218  62.3030  1.2660  19.4800  447
112412  35.8910  28.2850  -6.9720  448    29217  55.5640  -32.7040  -4.8570  448
112416  51.2380  27.0370  -5.6670  449    28994  15.4210  25.5960  51.6570  449
112418  39.0190  28.5790  -8.0390  451    30228  68.9710  0.5900  -7.3830  451
112419  38.4810  28.1930  -7.5040  452    29053  39.2190  73.6420  -34.2990  452
112424  52.0000  27.3060  -7.1800  454    30929  24.3840  -59.1760  -29.6730  454
112425  51.5460  27.0090  -6.5430  455    24011  46.5970  8.1370  -9.8200  455
112426  39.7880  28.5100  -9.4520  456    25143  48.6860  57.2630  9.9310  456
112427  39.3440  28.1360  -8.8000  457    30291  31.6120  68.0760  18.0830  457
112433  40.8300  28.5460  -11.2750  460    21513  50.0090  15.9740  -21.3180  460
112434  40.5050  28.3810  -10.7760  461    26233  7.6220  -11.7200  8.0480  461
112438  52.2190  27.4360  -8.8940  463    25720  48.4690  17.5950  -26.8860  463
112439  41.5080  28.5220  -12.2560  464    27326  10.1460  -36.7220  34.2960  464
112440  41.1340  28.3850  -11.8150  465    26947  52.0660  26.0850  -7.8740  465
112444  52.5440  27.9030  -10.7300  467    26884  62.7770  -21.4030  -38.8220  467
112446  42.1060  28.4780  -13.1730  469    22471  31.1930  -10.8170  -42.4150  469
112459  52.9690  28.0850  -12.3710  476    27293  42.5860  75.8170  -28.3270  476
112460  42.6060  28.2150  -14.8790  477    29239  14.2840  -78.7360  -17.0860  477
112461  42.4290  28.0510  -14.3860  478    24274  45.1900  -22.5980  44.3010  478
112475  43.7000  27.8570  -17.0150  485    34838  49.9270  -27.0320  -40.1670  485
112487  56.7700  29.4010  -17.7140  490    30954  3.1830  -20.5830  37.0250  490
112488  56.1330  29.3530  -16.3440  491    30230  67.9510  1.6970  -7.7310  491
112489  45.7470  28.1320  -19.4710  492    35562  51.1810  -54.8490  7.4360  492
112497  56.9180  28.9680  -19.0900  494    31523  7.2910  -19.9050  6.4080  494
112503  56.0300  28.9280  -20.3740  497    36950  38.8130  -59.4800  26.6060  497
112505  47.2380  28.0780  -21.4400  499    36988  49.0030  40.8650  25.1960  499
112509  54.5700  28.8930  -21.5890  500    37088  40.3790  38.2980  36.8230  500
112511  51.2600  28.6700  -22.8660  502    37896  12.3510  59.6760  34.1270  502
112512  49.6690  28.4210  -22.7460  503    34768  6.6560  44.0210  -47.1080  503
113156  36.4460  28.9420  9.2890  504    2691  63.5220  -28.9150  -16.8370  504
113167  36.3770  28.5860  8.9470  508    11455  3.8020  22.5770  45.7890  508
113170  36.7640  28.6840  8.8920  510    7309  36.8270  -55.6990  24.5690  510
113174  43.2770  28.7440  7.3600  512    5774  35.2700  -51.8460  -36.2150  512
113176  41.4540  28.8880  7.8690  514    6405  56.6010  -4.5370  24.9590  514
113177  40.5970  28.9940  8.1970  515    13418  2.5530  69.8210  -20.1680  515
113178  39.7560  29.1060  8.3680  516    8262  1.1800  -0.5130  -14.5270  516
113179  38.9890  29.0620  8.5340  517    8794  26.6830  -50.0480  29.1970  517
113180  38.3350  28.9370  8.6130  518    8843  42.9720  47.4470  -36.3630  518
113182  37.2580  28.4870  8.5390  520    7308  66.8160  -27.0010  1.6930  520
113188  44.6820  28.5440  5.9680  522    8108  42.9630  52.5460  14.8600  522
113189  43.7690  28.3200  6.3160  523    13219  57.2340  53.9890  -13.6440  523
113191  41.9360  28.1610  6.9000  525    13266  9.8430  -58.0790  38.7720  525
113202  51.4180  27.6280  4.2400  529    16667  49.6510  50.3270  15.5420  529
113204  49.2560  27.7220  4.8770  531    17175  70.3250  -15.6310  2.9870  531
113205  48.1700  27.9290  4.9480  532    17293  32.1830  76.3320  -4.0700  532
113207  46.1400  28.3510  4.8250  534    15400  45.5630  -48.9610  33.3190  534
113209  44.2360  28.0920  5.2810  536    15375  56.8950  53.7980  -20.9740  536
113210  43.3150  27.8810  5.5710  537    15551  66.8760  19.7470  0.3360  537
113218  52.7710  27.4700  2.4550  540    11678  44.4370  5.0160  -3.4020  540
113229  52.8830  27.3880  1.2240  550    14041  37.6810  58.6000  -12.7100  550
113237  52.0660  27.3210  -0.8090  556    14589  34.3870  -14.9120  -34.4160  556
113238  51.5420  26.7980  -0.3230  557    20098  38.3930  -42.7280  29.5570  557
113244  51.2900  27.5480  -2.5210  561    20864  46.4600  68.4440  -5.3340  561
113248  51.4220  27.6860  -3.4450  564    21386  5.8390  78.0630  -18.7010  564
113249  50.7750  27.3570  -2.9490  565    21365  24.0940  8.8740  -55.8950  565
113260  51.8170  27.6860  -5.1450  570    22819  60.9890  33.5420  -12.7500  570
113265  36.4900  29.0750  -6.6460  575    17668  9.6460  89.1650  -19.6080  575
113266  35.9760  29.1030  -6.8110  576    23669  52.0700  58.4320  -34.3980  576
113267  35.5140  29.2240  -7.0810  577    23719  27.0030  85.1130  -5.5160  577
113270  52.0670  27.5900  -5.9810  578    16415  4.9120  70.9300  -24.9290  578
113272  38.9990  29.2090  -8.1140  580    18639  55.7890  13.3270  5.9200  580
113273  38.5190  29.1540  -7.4240  581    18618  61.5670  -18.3330  -36.5650  581
113278  52.2810  27.5610  -6.8610  583    18485  5.2590  -62.3320  -10.9020  583
113280  39.8030  29.0560  -9.4880  585    20100  4.9110  60.4890  -1.8020  585
113281  39.4400  28.9730  -8.7490  586    24492  35.0120  23.5880  -7.3540  586
113285  52.7500  27.9890  -8.7250  587    19438  31.5920  -40.1640  47.7840  587
113286  52.5180  27.6570  -7.8740  588    19918  17.4750  -39.8050  -4.9110  588
113295  41.7000  28.8030  -12.4400  594    21512  43.1050  -59.2530  -30.4200  594
113307  53.1590  28.6040  -12.0560  600    22181  25.5320  -11.2540  38.2410  600
113314  53.3480  28.6840  -12.8420  604    23030  4.5660  76.4130  -24.3290  604
113323  43.3770  28.6240  -16.5410  610    25577  14.4700  -6.4350  18.1360  610
113328  54.9980  28.9690  -14.8520  612    24811  49.0170  41.0460  -9.7170  612
113329  54.6390  28.9030  -14.4910  613    24185  39.1800  -11.9500  19.8390  613
113338  44.4900  28.5600  -18.0010  618    30747  3.6270  23.6910  47.5600  618
113343  45.9850  28.6970  -19.9060  621    31925  2.4050  -24.2270  14.8850  621
113344  45.2910  28.8960  -19.0720  622    26588  55.9770  11.5240  17.9560  622
113355  56.5600  29.2630  -19.9740  625    32118  2.1070  16.9600  7.7470  625
113356  48.7840  29.2920  -22.6800  626    32732  44.9480  -5.2450  -1.9380  626
113357  47.5880  29.4710  -21.8980  627    32332  19.9130  -58.9730  35.2860  627
113361  55.2990  29.5930  -21.2880  628    32701  62.6770  28.0360  11.8380  628
113362  53.7350  29.7650  -22.3470  629    33132  25.4430  -8.9860  -27.9490  629
113363  52.0160  29.8420  -22.9570  630    33170  1.4450  28.8710  -12.2820  630
113364  50.1280  29.8850  -23.0300  631    28735  29.7000  -49.2920  17.3830  631
114022  36.6540  29.5160  8.9370  634    3687  58.4920  -51.0890  -23.8990  634
114029  36.7670  29.3160  8.9490  636    11456  65.2660  -16.0590  -35.8070  636
114033  44.9620  30.0400  8.3660  637    5363  6.9120  47.0260  -30.3880  637
114034  44.0400  30.1770  8.5660  638    5364  57.5970  -2.8710  -39.6060  638
114036  42.2170  30.4270  8.8420  640    5773  34.6080  61.3870  22.5340  640
114037  41.4210  30.5520  8.9570  641    6274  39.9890  52.7730  15.8130  641
114038  40.7560  30.7830  9.0510  642    6404  58.3680  -3.4460  25.2920  642
114043  46.4560  29.5330  7.2320  646    5469  3.7860  -61.4280  -11.0380  646
114044  45.5160  29.4520  7.4570  647    5365  58.3420  -3.2270  -38.7070  647
114050  40.1590  30.3330  9.0150  653    7080  25.4170  -34.1790  53.1140  653
114054  37.5880  29.5070  9.0380  657    7310  48.5140  58.0480  -8.1400  657
114059  51.1540  29.1360  5.5610  659    9731  25.6630  23.2180  -41.3310  659
114060  50.0710  29.2200  5.7330  660    9764  50.1800  66.5440  -28.4510  660
114062  47.9780  29.3760  5.9740  662    10069  43.7380  -38.8080  35.3930  662
114071  53.8060  28.7770  3.7750  667    11505  70.2220  -16.6710  4.8800  667
114072  52.8510  28.4990  4.3030  668    9840  15.8570  -42.5480  52.7400  668
114086  54.1100  28.5550  2.4860  676    11530  33.7760  -20.8050  -29.4520  676
114087  53.3130  28.0870  3.1040  677    11506  69.9910  -18.6120  5.8220  677
114097  54.0990  28.8130  -0.6650  684    13899  15.1390  -55.8860  18.4270  684
114105  53.2720  28.4880  -2.9920  690    14813  44.2310  -66.0070  8.8170  690
114106  52.5750  28.1250  -2.5420  691    14771  2.8590  53.3240  -0.2470  691
114109  53.3190  28.4720  -3.9300  693    15055  31.3160  76.6370  -18.4060  693
114111  51.9710  27.8880  -3.0330  695    15249  41.0810  -46.9430  -0.8580  695
114115  53.3880  28.4680  -4.8430  696    15553  41.6160  9.9530  -29.0990  696
114116  52.7380  28.2240  -4.3940  697    15527  8.0630  21.5300  40.5710  697
114122  52.8710  28.1910  -5.2780  700    16310  47.3680  -38.2950  -25.9760  700
114124  37.7220  29.7690  -6.9990  702    6919  61.4150  12.4010  5.4220  702
114127  36.0360  29.8190  -6.8060  705    17761  57.5030  -46.2230  -28.6930  705
114128  35.5670  29.8880  -7.0130  706    17796  65.1570  27.2150  0.3280  706
114129  35.1030  30.0930  -7.3080  707    17834  66.5090  5.0830  -26.6620  707
114131  53.6290  28.3900  -6.7130  708    17024  46.5630  20.4300  -59.8570  708
114136  38.0090  29.9250  -7.4900  713    8131  36.3280  -17.4270  35.5400  713
114143  53.1640  28.0690  -7.0990  716    18371  63.3190  4.9850  -27.9930  716
114146  39.4840  29.5870  -9.3260  719    9770  25.6760  -24.4690  50.2740  719
114151  53.6630  28.5060  -8.3700  721    20634  23.9540  8.3290  -36.9850  721
114155  40.9650  29.1360  -11.5010  725    20867  47.1650  -5.5010  -25.6540  725
114156  40.3990  29.2680  -10.7500  726    10829  34.6670  -70.9450  -10.6270  726
114161  53.1210  28.3570  -9.3190  729    20660  53.6450  -18.8950  -10.1910  729
114167  54.0280  29.0950  -10.6800  733    12191  29.7630  11.7410  -56.0460  733
114168  53.7150  28.8640  -10.2530  734    9703  30.3280  69.4760  -34.9790  734
114172  41.6590  29.3710  -12.7900  738    13824  20.5000  -3.1230  -32.6060  738
114179  42.4390  29.0170  -14.1520  743    22472  69.5680  -2.0790  2.8490  743
114180  42.1810  29.3110  -13.7600  744    14741  2.6390  21.9500  20.3530  744
114183  54.1610  29.2480  -12.3040  745    13731  25.1940  15.9350  -57.9360  745
114193  43.1680  29.0500  -16.2890  752    24325  14.7910  -40.2270  -0.4900  752
114205  56.4060  29.4320  -16.3340  757    25527  3.0040  -39.5340  35.7500  757
114206  44.4640  29.4840  -18.3140  758    25630  72.1600  -10.0750  -13.7610  758
114210  57.1380  29.2910  -17.9520  759    26235  4.9780  3.5640  30.7940  759
114217  56.9760  29.6190  -19.5120  762    18418  41.7170  9.4110  -6.0890  762
114218  46.5990  30.2020  -20.9630  763    26908  26.1550  -84.2210  -28.1720  763
114222  55.9680  30.2090  -20.9030  764    27516  47.6040  -19.2300  -40.3090  764
114228  54.4970  30.6760  -22.0410  767    28103  23.3680  -19.5960  -16.3490  767
114229  52.8290  30.9240  -22.7860  768    28683  61.2650  18.2100  -8.8340  768
114231  49.6770  31.4160  -22.8800  770    22184  23.7270  16.3170  -68.1910  770
114852  46.5960  31.4250  9.3490  772    58280  25.0280  -57.3750  -28.5340  772
114862  49.3090  30.7410  8.4190  778    9733  57.2570  24.6290  -21.3430  778
114863  48.2600  30.6940  8.5630  779    57967  20.5400  8.8020  -40.8560  779
114873  37.3540  30.7600  8.9420  789    7330  39.0230  -43.7190  -38.7790  789
114876  50.9750  30.3820  7.1600  791    9732  21.6920  12.3800  -55.9510  791
114878  48.8540  30.2440  7.5960  793    9930  55.1530  42.5270  -7.0680  793
114879  47.8450  30.1150  7.8140  794    7980  15.2960  -47.3880  3.2710  794
114883  39.5080  31.4100  8.7400  798    8233  45.1180  -45.8330  33.8240  798
114884  38.8430  31.2560  8.6960  799    8759  41.9880  -70.9130  -20.7550  799
114885  38.2760  31.0590  8.7490  800    8813  57.5220  27.6750  -40.9380  800
114886  37.8200  30.7520  8.8730  801    8877  56.9920  28.0350  -41.6590  801
114890  54.6990  30.3060  5.1000  803    59380  55.4040  32.6990  19.1160  803
114891  53.7110  30.0350  5.5400  804    58688  3.0080  46.5260  -2.9930  804
114892  52.6690  29.8630  5.9090  805    59081  10.3510  -28.6290  46.3740  805
114902  55.1400  29.9380  3.9100  811    31  51.9820  31.0980  27.8390  811
114903  54.2580  29.5230  4.4380  812    2465  6.2230  -3.4550  -5.5130  812
114922  54.8070  29.1550  1.8820  818    2466  40.7940  -55.7170  29.2480  818
114924  55.3320  29.8200  0.0790  819    2993  25.2950  -8.5440  34.7590  819
114928  54.6460  29.3050  -0.7390  822    3968  34.5160  12.6700  26.3920  822
114934  54.5580  29.1870  -2.9060  826    4902  13.4890  49.8270  7.2650  826
114937  54.5560  29.0980  -3.8520  828    5575  16.1540  23.3050  53.4660  828
114944  54.6780  29.0550  -5.7010  832    8046  42.6150  -50.9000  32.3460  832
114947  36.6340  30.4060  -7.0490  835    6918  14.2760  46.9360  -45.9420  835
114948  36.0560  30.4740  -7.0950  836    8796  3.6830  62.2630  18.6610  836
114949  35.6240  30.4200  -7.1750  837    7231  70.8270  -16.1830  -16.8580  837
114950  35.2370  30.5920  -7.4540  838    7192  50.6350  57.1160  -8.3300  838
114952  55.4830  29.4620  -7.5090  839    7819  3.3550  -60.1090  -10.9210  839
114953  54.9200  29.1600  -6.7550  840    7818  59.8370  -44.5820  -11.5770  840
114955  38.5870  30.1310  -8.6320  842    8653  45.2650  -8.5830  -46.3080  842
114957  37.2810  30.6260  -7.8790  844    6920  61.2180  12.9050  6.4850  844
114960  34.7020  30.9800  -7.7030  847    7191  49.8570  58.1500  -8.0290  847
114964  55.5320  29.5660  -8.3370  848    7857  29.1760  14.5050  33.6020  848
114965  54.9090  29.1360  -7.8690  849    7820  3.4090  -61.0880  -11.8650  849
114968  38.7720  30.2070  -9.4080  852    9769  44.6380  14.2370  -31.9680  852
114970  37.5370  30.8040  -8.8170  854    8132  20.0230  -46.4610  -26.0130  854
114977  40.2740  29.7160  -11.1340  859    10830  35.7640  -71.7980  -10.7420  859
114978  39.5700  30.1140  -10.8210  860    9799  43.0120  -12.9140  20.4230  860
114979  38.9010  30.3410  -10.3160  861    1148  12.7730  -37.0100  33.2140  861
114986  41.3110  29.4600  -12.3610  865    12349  34.7320  -64.2560  13.6400  865
114987  40.8080  29.7320  -12.0050  866    10831  43.8590  -0.9760  -42.5320  866
114988  39.9870  30.1730  -11.8330  867    11283  25.1510  -82.9440  -32.4640  867
114989  39.3060  30.4530  -11.5480  868    2699  3.0020  49.1340  16.9920  868
114993  55.4470  29.7280  -10.4630  869    12192  20.4020  -38.3980  -1.5430  869
114998  40.5040  30.1600  -12.7300  874    4668  37.7290  -24.3050  19.2000  874
115006  41.9280  29.6860  -14.1020  879    13825  42.0390  -1.2990  -11.1950  879
115007  41.2880  30.2160  -14.1780  880    7758  18.1200  -46.1630  2.8570  880
115011  55.8640  29.8270  -12.8520  881    14315  2.6430  -2.1340  12.2420  881
115012  55.1420  29.5590  -13.1990  882    14347  60.7190  14.1580  11.2590  882
115013  42.7100  29.2520  -15.5090  883    16797  4.6200  86.5010  -18.4030  883
115014  42.3500  29.6200  -15.1980  884    14742  7.4300  -27.5730  -0.7110  884
115019  56.3370  29.7860  -14.1070  887    15402  40.6490  -47.8920  -37.9330  887
115023  41.8050  30.7960  -16.1160  891    9053  16.6710  -28.0350  16.6790  891
115028  56.6660  29.3140  -15.8660  893    16312  3.9980  51.2940  -4.3360  893
115029  43.8310  29.8000  -17.7030  894    18517  15.9590  -5.5680  20.0100  894
115030  43.2700  30.4000  -17.3880  895    16798  66.3210  -29.5340  -28.4860  895
115031  42.6670  30.9720  -17.1750  896    9805  54.0990  -43.0380  -26.5080  896
115036  57.5720  30.0890  -16.9310  897    17582  49.6280  3.6330  28.8370  897
115037  57.3770  29.4880  -17.4360  898    17618  3.2620  -63.7650  -17.0090  898
115043  57.6380  30.6370  -18.5210  901    18398  45.3170  23.6080  2.6820  901
115045  45.8400  30.5450  -20.1740  903    20575  20.7660  -5.8320  56.1970  903
115046  45.1330  31.3240  -19.7490  904    18563  2.9150  38.7810  35.5580  904
115052  57.0840  31.2830  -19.8930  905    19185  39.4170  -15.9090  34.9850  905
115061  56.3040  31.8450  -20.8820  909    11376  41.0730  76.3780  -16.3220  909
115062  55.2820  31.6560  -21.6140  910    20500  36.4750  -2.5160  -46.4060  910
115063  48.4990  31.9090  -22.4410  911    21390  50.0520  62.9430  -33.9810  911
115069  53.5300  31.9720  -22.4630  913    21349  17.1210  -48.0440  -25.1590  913
115070  51.9200  32.1550  -22.8510  914    22116  63.9210  14.6980  -0.2290  914
115685  36.9300  30.8370  8.8920  917    57510  18.0870  -53.3600  46.1200  917
115687  51.3960  32.2020  9.6220  918    55621  3.7730  54.1980  -38.6060  918
115688  50.2380  32.2110  9.7220  919    57948  24.3090  6.6420  40.4420  919
115689  49.0930  32.2430  9.7130  920    51737  2.4110  57.2220  -31.6120  920
115696  37.2680  31.8710  8.6620  927    57700  38.1900  -55.3920  -38.0800  927
115697  37.0990  30.9770  8.8850  928    58583  54.3360  -50.4190  -0.8270  928
115702  54.2190  31.8010  8.3740  929    57819  43.7520  -19.0300  26.6750  929
115703  53.1370  31.5790  8.6180  930    59076  12.7590  -46.9950  -10.6730  930
115712  41.2000  32.2720  8.6140  939    58673  26.8470  3.7050  -33.7840  939
115714  37.4380  31.8800  8.5680  941    58933  41.0050  -62.7800  -36.2800  941
115715  37.3300  31.0010  8.9070  942    58928  43.2140  -19.2750  23.9150  942
115719  55.7880  31.5990  6.3670  943    58229  52.1120  18.2060  -63.2190  943
115727  39.7760  32.4550  8.0890  951    59399  49.4660  31.1520  -49.0850  951
115731  37.6300  31.7160  8.5690  955    59294  52.5580  -41.9720  13.0460  955
115734  55.2250  31.0170  5.8020  957    32  52.6750  32.3450  27.0490  957
115740  56.4720  31.1490  4.1330  961    59533  67.8170  -21.9620  -12.3570  961
115748  55.9130  30.4990  3.3660  964    30  53.0860  30.9450  26.3470  964
115756  56.7700  31.1020  1.6510  965    59381  22.5200  -44.4030  -0.6140  965
115763  56.1830  30.5680  0.6590  968    3040  25.1560  -49.3400  -32.6020  968
115765  55.7160  30.1870  -0.6780  969    4081  36.8380  12.9830  37.6330  969
115768  56.4210  30.5230  -2.4480  971    59945  23.6940  -70.6610  -30.4180  971
115774  55.1940  29.6680  -2.3710  976    4903  38.7000  -5.7960  28.0750  976
115776  56.4080  30.2050  -4.2910  977    60012  4.2110  50.1690  12.2480  977
115778  55.1620  29.5330  -3.3450  979    5576  18.3660  23.2100  52.3310  979
115785  57.3760  30.3750  -6.6620  983    59782  11.0320  56.5050  37.6620  983
115786  56.7010  30.1070  -6.0720  984    60043  38.6970  21.9670  13.1420  984
115793  57.5250  30.4620  -7.3090  990    966  60.5280  32.9030  -0.5580  990
115798  36.4420  31.2730  -8.2710  995    8689  58.8220  27.6840  -42.6650  995
115799  35.8850  31.3770  -7.9900  996    8797  4.3240  -36.2930  16.6820  996
115800  35.3230  31.6460  -7.9930  997    60158  52.2220  -25.8410  -44.5020  997
115801  34.8970  31.5460  -7.8660  998    7193  12.9370  -54.6900  18.7190  998
115802  34.1950  32.0500  -8.0060  999    8847  6.9190  14.4250  24.8630  999
115805  58.5830  30.9220  -7.9880  1000    798  20.5030  -1.5750  -32.4970  1000
115808  56.2840  29.9220  -7.9190  1003    1035  15.9240  27.1750  45.4840  1003
115809  38.4460  30.5440  -10.0420  1004    1147  13.8710  -36.0330  34.4090  1004
115810  37.8850  30.8500  -9.7380  1005    9844  26.7900  -52.3320  19.8410  1005
115811  36.9100  31.5480  -9.5900  1006    8776  40.4810  36.7180  -17.6790  1006
115812  36.2600  31.8330  -9.0810  1007    60083  50.3870  -51.1520  -20.3880  1007
115822  37.2560  31.7900  -10.6550  1014    1266  28.1710  28.6000  42.7230  1014
115823  36.6660  32.3510  -10.2460  1015    2147  15.2850  -2.4500  20.2630  1015
115827  58.9100  30.9440  -9.2930  1016    797  4.4740  -11.5820  8.0970  1016
115829  57.1400  30.3530  -9.8930  1018    965  25.0910  -51.5220  22.8620  1018
115830  56.2780  30.0560  -10.2000  1019    1087  41.7930  -2.4730  27.3400  1019
115832  38.6800  31.0750  -11.9230  1021    1149  14.1280  -37.0480  34.2500  1021
115833  37.7680  32.0160  -11.7530  1022    1212  13.9280  -20.9100  -22.1320  1022
115834  37.1840  32.6610  -11.3080  1023    1310  29.5840  -53.4150  27.2750  1023
115838  58.2020  30.7090  -10.6740  1025    2471  63.9870  -43.6190  -18.3980  1025
115841  40.7880  30.2710  -13.5350  1028    4667  24.6260  -48.3920  -14.5600  1028
115843  39.3070  31.4010  -13.0870  1030    2700  2.9920  49.6270  16.1810  1030
115844  38.4380  32.1460  -12.6820  1031    2743  55.3980  -15.6760  10.9590  1031
115845  37.9990  32.9350  -12.4200  1032    3613  35.5640  -31.9490  -39.6770  1032
115848  59.3540  31.2330  -11.4430  1033    4359  27.2640  25.5400  41.7720  1033
115851  56.6770  30.1180  -12.5020  1036    4586  2.9150  58.4250  -31.9550  1036
115853  40.0580  31.6780  -14.2490  1038    4666  25.5950  -48.2310  -15.2850  1038
115854  39.4000  32.2900  -13.9040  1039    4721  34.6420  -8.4730  31.5540  1039
115858  59.5850  31.5040  -12.5720  1040    2561  62.1720  4.5170  10.2910  1040
115860  57.9090  30.4950  -13.3740  1042    6249  31.3300  25.2400  42.5470  1042
115861  57.0920  30.0970  -13.7530  1043    6309  27.8540  22.3760  -38.7960  1043
115862  41.3990  30.9390  -15.6320  1044    7461  46.8040  40.0440  8.6900  1044
115863  40.9040  31.5500  -15.2690  1045    6347  15.2280  -15.1440  -30.4340  1045
115864  40.4710  32.6270  -15.0880  1046    6375  21.6120  73.1590  15.6020  1046
115868  59.0840  31.2800  -14.2290  1048    7280  20.1190  22.5590  52.4550  1048
115873  41.2900  32.8450  -16.0030  1053    7460  66.5610  -29.9130  5.8940  1053
115877  59.8850  32.4260  -14.8280  1055    8365  18.4930  79.5070  7.7250  1055
115879  58.6340  31.2240  -16.1170  1057    8970  70.0770  6.5600  -32.4010  1057
115880  58.0460  30.5910  -16.5270  1058    9028  25.5530  69.7670  -19.8020  1058
115882  42.6540  31.9180  -17.3710  1060    9054  47.9640  -45.1950  -15.6340  1060
115883  42.2230  33.0320  -17.0130  1061    3467  44.8490  42.3590  -13.9460  1061
115889  59.1700  32.6190  -17.0100  1063    11377  57.2950  -0.9810  -8.2150  1063
115890  58.6140  31.8950  -17.5220  1064    9739  31.1190  69.0300  -35.1870  1064
115892  44.2410  31.5830  -18.9880  1066    12994  53.8280  54.2150  -10.2540  1066
115893  43.6470  32.3150  -18.5210  1067    4461  30.4990  13.7000  -69.2220  1067
115894  43.0530  33.1540  -17.9670  1068    4460  26.5120  6.3590  -30.5020  1068
115908  57.0810  33.3800  -20.0840  1075    12861  3.0810  13.2220  13.6340  1075
115910  46.4740  33.0070  -21.1890  1077    8207  14.5010  -54.0410  17.8360  1077
115918  55.5300  33.0120  -21.3400  1080    13829  25.3430  1.5330  -39.0430  1080
115919  54.0410  33.1330  -22.1250  1081    14775  21.3370  70.6120  -36.9650  1081
115920  49.2780  33.7800  -22.3270  1082    9168  14.5550  62.3210  -20.7970  1082
115929  52.4610  33.1820  -22.5360  1085    15204  30.9750  -11.8840  -36.8960  1085
115930  51.0850  33.2060  -22.6830  1086    9133  56.1030  25.4670  20.9250  1086
116561  52.2630  33.7690  10.4120  1089    51070  12.7380  -13.8600  26.1380  1089
116562  51.3790  33.7780  10.2650  1090    51465  56.7980  54.6500  -12.8860  1090
116567  55.0130  33.1960  9.7940  1092    55145  6.7060  87.9530  -12.9370  1092
116575  46.1870  33.3650  9.4650  1100    56023  20.3640  24.3870  -58.6660  1100
116577  44.4860  32.7610  9.2880  1102    56394  15.5920  -46.9360  -0.2260  1102
116580  37.1120  31.7480  8.8100  1105    57517  56.0940  43.6170  12.0870  1105
116583  56.6930  32.9640  8.0770  1106    58228  19.6100  -71.9580  5.0850  1106
116591  43.5860  33.1320  8.8880  1114    56401  36.3810  -51.0290  -36.0050  1114
116592  42.4620  33.0390  8.6100  1115    58660  32.1410  -56.3180  -36.9370  1115
116595  37.3180  32.7830  8.1660  1118    55817  0.7280  37.2010  -3.7830  1118
116607  40.1480  33.5030  7.6500  1126    58682  25.2270  -48.8910  -31.3340  1126
116608  39.4010  33.4460  7.4440  1127    56521  24.5240  -53.3900  -33.8470  1127
116609  38.7280  33.6220  7.3200  1128    56522  32.9650  29.1360  -57.1580  1128
116610  38.2290  33.4550  7.4510  1129    58715  62.4430  -21.5270  18.3530  1129
116611  37.8350  33.0790  7.7670  1130    58716  39.0500  38.2570  -12.1200  1130
116612  37.5430  32.9100  7.9710  1131    58409  55.7050  -42.0420  -39.3700  1131
116614  58.4540  32.8580  5.0300  1132    58827  53.6560  16.1440  -15.8850  1132
116628  57.3260  31.6990  3.6820  1142    59018  41.5610  -14.2760  31.3200  1142
116634  58.1940  32.1940  2.4970  1143    59056  17.0070  -48.2360  -30.0560  1143
116643  57.4650  31.5460  1.0480  1146    59260  55.2670  29.2490  -53.0350  1146
116646  59.3260  32.3750  0.1220  1148    57531  3.5010  -62.5850  13.7480  1148
116651  60.0790  32.5130  -0.7650  1152    57811  33.5460  8.0930  -44.5530  1152
116653  58.3320  31.7080  -0.9380  1154    59390  1.5610  37.3050  -14.1090  1154
116654  56.9910  30.9810  -1.4810  1155    59461  20.1720  87.5250  -13.3580  1155
116658  59.2840  31.9820  -1.7200  1158    59478  25.2320  -53.5390  34.1070  1158
116662  60.9250  32.6010  -2.7980  1161    57912  47.2680  16.3170  37.6740  1161
116665  58.1180  31.1590  -3.4120  1164    59563  4.1120  -40.1980  23.9210  1164
116666  57.1840  30.6370  -3.8700  1165    59568  37.2680  38.4300  -15.0730  1165
116669  60.2630  31.9840  -3.6680  1167    59641  66.4040  5.9620  13.6430  1167
116678  59.1050  31.1760  -5.3130  1174    59778  27.2810  -16.4820  50.9840  1174
116683  61.3480  32.3930  -5.6250  1178    59814  46.4570  -45.9190  -5.2110  1178
116684  60.2720  31.5810  -6.0470  1179    59736  47.5730  -59.7020  -4.0650  1179
116687  35.8300  31.9700  -8.6710  1182    59950  14.3610  -58.7010  -6.1160  1182
116688  35.2690  32.5910  -8.5990  1183    59949  13.9250  -58.8370  -5.5010  1183
116689  34.7250  32.7300  -8.3040  1184    59956  13.4610  -59.0190  -5.5630  1184
116690  34.2170  32.9490  -8.1550  1185    59966  20.1570  -85.1370  -30.3820  1185
116691  33.6960  33.2390  -8.0710  1186    59965  8.7540  -42.2270  45.1550  1186
116699  35.7560  33.0750  -9.3650  1192    59951  44.5700  66.8030  -9.7680  1192
116700  35.2330  33.7720  -8.9910  1193    59954  49.9650  38.1950  -14.5200  1193
116705  60.4610  31.7160  -8.3510  1195    799  19.3330  -0.0660  -33.4940  1195
116708  36.4040  33.4640  -10.2870  1198    60084  61.0240  -3.5610  29.8000  1198
116709  35.9560  34.2070  -9.8550  1199    58764  24.1120  -55.8640  39.4040  1199
116712  61.4310  32.7090  -8.9140  1200    60143  45.6450  24.8410  -63.1940  1200
116716  37.0740  33.7130  -11.1220  1204    2184  18.8260  -23.9590  59.9910  1204
116717  36.7640  34.4750  -10.6870  1205    58855  11.8480  62.1400  -45.8050  1205
116724  38.6280  33.4340  -13.0430  1210    4720  36.4170  -8.4840  33.1290  1210
116725  38.1580  33.9890  -12.3530  1211    3771  49.9100  -34.4030  -3.7470  1211
116730  39.8550  32.7210  -14.4430  1214    856  39.4420  0.7180  22.5900  1214
116731  39.4840  33.5290  -13.8750  1215    855  33.7140  -69.5810  -5.0050  1215
116732  39.1820  34.3990  -13.3430  1216    56612  22.5880  -42.4380  -15.1030  1216
116736  60.9890  33.5420  -12.7500  1217    1317  16.1640  -52.4420  33.0340  1217
116744  41.4040  34.0440  -15.9920  1223    2321  36.6530  -6.5150  27.6830  1223
116745  41.0280  34.4870  -15.3420  1224    967  61.6450  33.7830  -1.2670  1224
116748  59.9440  33.8850  -15.7920  1225    1316  15.8520  -53.5620  33.5660  1225
116757  58.9740  34.2980  -17.5210  1230    3347  50.2040  -4.5420  19.5330  1230
116766  57.2190  34.5400  -19.5140  1235    5512  69.8190  3.7500  5.4590  1235
116768  44.4340  34.4380  -19.1200  1237    4462  10.8260  -33.1410  10.4060  1237
116775  56.0210  34.6080  -20.3900  1239    6039  30.3680  10.5230  27.7350  1239
116776  54.7600  34.9010  -20.8750  1240    7202  44.0280  21.5850  20.8900  1240
116777  53.6190  35.0140  -21.1760  1241    7367  28.7150  28.2570  45.1870  1241
116778  49.0210  34.9240  -21.4780  1242    8208  15.2030  -54.8950  17.7510  1242
116780  46.9540  34.3470  -21.0130  1244    8209  54.9490  59.4530  -22.0130  1244
116781  45.5040  34.5810  -19.9030  1245    8772  55.6320  -45.7550  -14.2750  1245
116791  50.9380  34.5330  -22.0070  1250    7366  8.1960  -33.4100  5.3380  1250
117395  53.3950  34.7000  10.4330  1258    46965  57.1680  33.2120  -28.8980  1258
117401  57.2270  34.9710  9.5910  1262    44918  3.9750  -5.5150  28.4370  1262
117402  56.2170  34.4930  9.9570  1263    50816  49.3070  -15.3090  2.6400  1263
117407  48.7790  34.2290  9.7570  1268    51736  20.3590  -13.1440  -24.2090  1268
117409  46.7370  34.2660  9.1600  1270    48234  4.9630  -29.7090  48.8660  1270
117413  57.9010  34.4920  8.6390  1272    55433  33.7640  -58.8250  6.1640  1272
117418  44.8990  34.3830  8.4450  1277    50254  52.7040  -51.6240  -20.7440  1277
117426  59.3150  34.4830  6.5110  1281    56242  41.1290  56.8130  19.3410  1281
117430  44.2680  34.9150  7.9820  1285    48537  43.1910  18.3480  37.6210  1285
117432  42.3430  34.7300  7.7600  1287    41326  42.4750  -17.9000  35.7010  1287
117433  41.4420  34.7110  7.5380  1288    56442  19.2010  22.8120  -63.8200  1288
117434  40.5230  34.7840  7.2540  1289    56448  2.9590  33.5090  24.4090  1289
117435  39.7510  34.4490  7.1380  1290    53096  3.2740  2.6170  38.8200  1290
117438  38.0280  34.0740  7.3060  1293    56618  26.3620  -84.7290  -19.5040  1293
117439  37.8170  34.1510  7.4220  1294    56606  17.9740  -29.8440  58.7800  1294
117440  37.5180  33.7730  7.7410  1295    56083  53.8670  -54.3580  -32.7750  1295
117451  38.3640  34.7880  6.9900  1303    53158  65.9260  -31.2290  12.7620  1303
117458  60.2730  33.7660  3.2230  1307    56984  54.6120  14.9430  -54.0800  1307
117459  59.2680  33.0660  3.5400  1308    56973  63.7950  -18.7590  -12.8630  1308
117483  61.4280  33.9920  0.2570  1316    57532  62.4810  35.9170  -3.1860  1316
117492  62.0450  34.0900  -1.9730  1323    54332  45.8630  -55.9710  -27.9670  1323
117504  62.0060  33.3990  -4.5790  1331    58106  20.1280  26.9880  49.1830  1331
117510  34.8160  33.8360  -8.5870  1335    58306  2.5960  45.7070  9.3700  1335
117511  34.3260  34.0060  -8.2560  1336    58307  50.7340  40.0890  -11.4080  1336
117512  33.8270  34.1940  -8.0290  1337    58364  19.6360  -12.9750  58.7860  1337
117513  33.3500  34.3620  -7.9510  1338    58379  25.9950  -49.4490  -29.3890  1338
117519  35.6060  34.4870  -9.3850  1341    58541  59.8100  43.3980  -6.0810  1341
117520  35.1740  34.8130  -8.8810  1342    58318  53.3030  21.7520  31.9890  1342
117526  61.9860  33.7120  -8.3750  1344    58677  48.5920  29.2230  -61.9300  1344
117528  36.0790  35.1670  -9.7560  1346    55410  50.7650  -42.1000  -26.7600  1346
117533  37.7120  34.4710  -11.7290  1348    58854  32.1060  -52.0050  -36.2160  1348
117535  36.9090  35.3930  -10.5420  1350    53420  59.0810  29.4200  -23.4960  1350
117538  61.6760  34.2380  -10.5520  1351    58795  10.2960  -57.4560  -5.5830  1351
117541  38.3800  35.1970  -12.2280  1354    54195  51.4890  14.4820  -48.0510  1354
117551  60.9620  35.0840  -13.2210  1359    1318  15.9250  -52.4750  32.2080  1359
117552  40.6380  34.9830  -14.7270  1360    857  39.7400  0.3970  21.4300  1360
117553  40.2880  35.5100  -14.1650  1361    915  38.4940  24.5490  -65.2510  1361
117562  59.3040  35.7980  -16.2470  1366    2226  3.1920  -45.7750  -9.7060  1366
117563  58.4050  36.4130  -16.8450  1367    4361  32.1160  39.8660  -43.4300  1367
117564  42.7020  35.1600  -16.9040  1368    3468  2.5520  62.2070  22.9480  1368
117572  56.3650  36.4910  -18.2900  1372    6010  52.4240  -16.9520  38.4670  1372
117573  55.1760  36.7330  -18.4930  1373    59509  18.1630  -59.4160  38.4230  1373
117574  44.4530  35.8850  -18.3080  1374    4527  13.7320  -23.1230  -21.1220  1374
117584  52.7970  36.3940  -19.6130  1380    59694  5.4380  -54.9290  36.9150  1380
117585  51.3590  36.3630  -19.7650  1381    59707  47.9320  27.6210  -63.1210  1381
117586  49.8960  36.2400  -19.8060  1382    59718  20.1340  26.6250  -60.2140  1382
117587  48.4480  36.1710  -19.7510  1383    8269  4.8400  8.3170  43.2130  1383
117597  53.8230  35.7010  -20.3610  1389    7236  56.9590  0.7880  36.0780  1389
118222  58.2250  36.7440  9.2960  1406    44589  63.4710  -29.0280  25.2430  1406
118223  57.3590  36.2080  9.7970  1407    51432  69.4250  -9.5080  4.5410  1407
118228  49.0970  35.5140  9.3060  1412    45736  45.6560  -2.3710  -51.5960  1412
118245  59.4220  35.4490  7.4210  1422    51822  26.9910  51.8830  14.2900  1422
118247  45.4130  36.2280  7.6790  1424    46489  8.2140  48.6250  6.6300  1424
118252  41.0710  35.7950  6.9520  1429    41325  8.2130  56.6380  -42.3980  1429
118254  37.8750  34.8940  7.3560  1431    52389  42.9760  20.9060  -10.2520  1431
118260  60.5670  35.9630  5.6150  1433    47580  3.5360  -63.7100  -8.9700  1433
118265  39.2430  36.3640  6.5820  1438    53103  52.4300  -26.1120  31.3590  1438
118266  38.7820  36.1410  6.6360  1439    53157  40.3770  -8.5120  -3.5670  1439
118268  38.1370  35.4110  7.0140  1441    48612  36.8310  77.7140  -7.0640  1441
118275  61.0740  35.4880  4.0000  1446    53383  31.5640  -71.5690  -13.4850  1446
118285  61.6790  34.8550  1.0550  1449    50038  12.5940  -50.2090  -9.5530  1449
118293  62.1190  35.1020  -0.4470  1451    50453  30.1210  65.4000  20.8920  1451
118306  62.4000  34.8110  -3.1670  1458    54704  35.4970  -8.5330  42.8170  1458
118310  62.4220  34.7800  -5.5200  1460    54908  48.9240  29.1050  -27.6330  1460
118313  34.6760  35.0250  -8.3680  1462    55089  1.1870  -0.8420  -12.3930  1462
118314  34.1370  35.1960  -7.9910  1463    55088  43.6460  -43.7080  30.8990  1463
118315  33.5910  35.2940  -7.7940  1464    55135  36.3640  53.2390  19.9310  1464
118316  33.1150  35.3700  -7.7710  1465    55154  37.8530  56.2840  22.2400  1465
118320  36.1390  36.2210  -9.6860  1467    52412  11.1180  -71.4250  -36.6490  1467
118322  35.1580  35.8950  -8.6650  1469    55108  36.9830  -36.4100  26.1930  1469
118326  62.2410  34.9390  -8.1840  1470    55348  1.1330  38.3540  -3.0810  1470
118335  37.9350  35.7190  -11.6710  1476    54213  32.9830  12.2630  -68.3720  1476
118341  61.5550  35.9120  -11.0310  1479    55847  20.7230  19.6070  -63.8620  1479
118350  51.9710  38.4660  -13.6450  1485    54682  5.1620  26.2070  -36.0370  1485
118352  50.3970  38.6660  -13.7740  1487    54846  3.5790  49.9140  -37.8120  1487
118353  49.3010  38.7750  -13.8830  1488    56452  26.1300  -42.6450  -14.8370  1488
118354  48.3330  38.8100  -13.9740  1489    56582  44.7080  59.6070  -9.8810  1489
118356  39.4500  36.5480  -13.2260  1491    54355  11.6380  -53.0030  -29.2430  1491
118361  60.2750  36.6470  -13.6820  1492    56364  34.2410  52.6640  29.5740  1492
118363  55.4350  38.0090  -14.5180  1494    55338  1.3080  37.2510  -2.0210  1494
118365  53.7050  37.9390  -14.3640  1496    55361  62.0290  38.3190  -3.0600  1496
118366  52.3420  38.1650  -14.0830  1497    55381  49.6660  -59.4630  -5.1340  1497
118368  49.9650  38.1950  -14.5200  1499    56433  14.6410  -49.6030  -10.8530  1499
118379  58.9940  37.1920  -15.1980  1506    56792  25.0620  -8.4530  40.6270  1506
118380  57.4630  37.7240  -15.4180  1507    55301  11.4750  -5.4550  -30.4970  1507
118381  55.9090  37.9430  -15.0960  1508    55320  54.3500  -54.3180  -31.6580  1508
118383  53.2880  37.6870  -15.2610  1510    56961  14.7470  -23.9550  -24.4270  1510
118384  51.9770  37.6700  -15.2470  1511    57077  31.9880  32.0580  41.1660  1511
118385  50.7140  37.6510  -15.3130  1512    57097  48.7720  -53.3870  -37.4340  1512
118386  49.4790  37.6840  -15.3820  1513    57111  53.1680  -58.1480  0.8580  1513
118388  47.0050  37.9390  -15.6450  1515    57244  52.8950  25.4400  27.9570  1515
118389  45.6700  38.0720  -15.7500  1516    57255  10.7870  58.0360  36.0770  1516
118391  43.2820  37.2180  -16.0900  1518    57800  51.2200  43.7850  -10.7490  1518
118399  57.2240  37.3160  -16.5350  1522    57465  43.9120  -39.3700  7.7820  1522
118400  55.6290  37.5850  -16.3930  1523    57500  53.7150  43.0430  -8.1870  1523
118401  54.2650  37.5000  -16.4260  1524    57549  45.0240  27.4000  -36.3340  1524
118404  50.2320  37.2750  -16.3420  1527    57644  64.5260  -21.4930  22.0330  1527
118405  48.9460  37.2750  -16.3970  1528    57651  45.5970  -44.3380  -16.1440  1528
118406  47.6710  37.4010  -16.5390  1529    57773  14.5100  -51.9980  47.3290  1529
118420  53.9070  37.1440  -17.7600  1537    58078  65.4900  -23.4720  -28.8870  1537
118421  52.3760  37.0730  -17.4830  1538    58087  3.2960  34.0100  4.8900  1538
118422  51.0320  37.0130  -17.4410  1539    58178  12.1650  87.9020  -4.3210  1539
118439  49.1000  36.6660  -18.6520  1550    58510  62.7430  -12.5300  15.2280  1550
119045  53.7920  36.4770  9.8890  1557    44975  47.9510  -15.4810  6.3190  1557
119057  51.6070  36.4820  9.4200  1565    44976  62.2570  -34.5190  20.7480  1565
119058  50.4550  36.5930  9.0130  1566    45267  66.4640  -25.4050  -39.1680  1566
119068  48.0540  36.9970  8.1830  1572    45786  58.6180  7.6310  -25.5530  1572
119069  47.0860  36.4230  8.1800  1573    48204  5.7520  -68.5160  -15.4510  1573
119074  60.0840  37.5410  7.0170  1575    40646  37.8510  -3.5790  25.2470  1575
119080  44.0310  36.7120  7.1340  1581    46505  30.1350  -58.0760  27.1650  1581
119081  43.0420  36.9510  6.8710  1582    48365  38.7600  51.6380  -34.4490  1582
119083  41.6160  36.2430  6.9020  1584    41327  15.3050  43.1740  -45.2910  1584
119095  39.7020  37.0540  6.3170  1591    49011  50.7720  -31.0350  -38.2130  1591
119097  38.6790  36.7000  6.4610  1593    49325  13.6210  30.3380  -34.0090  1593
119098  38.4650  36.6660  6.5320  1594    49302  41.6180  22.5830  -65.4130  1594
119105  40.2900  38.0380  6.0140  1597    47512  62.3090  5.3980  -45.5820  1597
119108  39.0500  37.3470  6.1070  1600    49727  35.4730  -6.5680  -50.4910  1600
119141  62.4520  35.9490  -2.8150  1613    51343  45.1480  -63.1000  13.9640  1613
119145  62.4270  36.0540  -5.1780  1615    51539  2.4820  -19.9970  -4.7730  1615
119148  61.7980  37.7120  -7.2390  1617    50699  16.4050  21.5230  54.4530  1617
119149  34.6440  36.2970  -8.1720  1618    51981  46.9360  31.1300  -31.2720  1618
119150  33.9580  36.2910  -7.7880  1619    51982  64.8920  11.8470  -29.6110  1619
119151  33.4120  36.2970  -7.6750  1620    52028  67.8920  -5.8370  -3.0410  1620
119152  32.9700  36.3080  -7.7670  1621    52044  30.8060  28.0930  -38.1740  1621
119155  62.1470  36.0700  -8.0300  1622    51722  35.8990  -33.7110  40.4560  1622
119157  61.0360  38.7200  -8.6610  1624    51036  10.9950  -37.8710  -12.1620  1624
119159  35.5100  36.7100  -8.9990  1626    52413  47.8550  45.0650  21.7300  1626
119160  35.1410  36.7350  -8.5730  1627    51667  45.5560  34.9980  -58.9160  1627
119167  59.4970  39.3920  -10.2360  1631    52674  47.9780  47.4420  -36.2100  1631
119168  58.0120  39.5730  -10.5520  1632    52889  3.7480  21.4610  45.7470  1632
119169  56.9370  39.3500  -10.7360  1633    52934  55.5590  35.8170  18.9810  1633
119170  55.8650  39.1950  -10.5600  1634    53002  61.8940  10.1990  -49.3230  1634
119171  54.6370  39.2530  -10.5860  1635    53001  56.4610  0.8690  -42.2110  1635
119172  53.4970  39.5650  -10.7620  1636    51514  47.8390  -40.1330  -41.5340  1636
119173  52.5760  39.9170  -10.9850  1637    49515  69.5660  4.4510  -11.4570  1637
119175  36.6150  37.3790  -10.2280  1639    52432  45.2230  5.8500  31.5560  1639
119179  61.4640  37.0770  -10.3070  1640    52655  58.0400  27.3670  -49.1460  1640
119188  50.5600  39.8870  -11.8270  1649    45955  5.7030  -57.0000  13.0090  1649
119189  49.4260  39.8450  -11.8900  1650    44767  56.8700  5.6270  -29.1720  1650
119190  48.3220  39.8050  -11.9580  1651    52876  46.3260  46.7320  -36.3840  1651
119191  47.2460  39.7600  -12.0280  1652    52892  67.0030  14.5370  7.4300  1652
119192  46.3030  39.6160  -12.0550  1653    54153  13.0680  43.3050  13.9760  1653
119193  38.7850  37.5700  -12.2930  1654    53458  47.2300  -15.5780  0.2350  1654
119195  37.6070  37.3710  -11.1660  1656    53439  47.9600  -45.1310  -16.0700  1656
119201  58.9900  38.7930  -12.2350  1659    53702  27.1370  33.6270  46.0200  1659
119202  57.5330  38.9120  -12.2490  1660    54612  3.6650  24.2040  -29.0250  1660
119203  56.2350  38.7150  -12.1540  1661    53742  50.0250  -30.9980  38.3700  1661
119204  54.9950  38.6070  -12.0990  1662    53769  6.4030  -28.5550  16.5290  1662
119205  53.7650  38.8190  -12.1560  1663    52178  70.5380  -8.2260  -21.2500  1663
119206  52.5640  39.1500  -12.3060  1664    50568  55.2920  -52.7640  -21.9540  1664
119207  51.3430  39.4220  -12.4430  1665    48819  17.9900  3.9640  58.5760  1665
119208  50.1480  39.5530  -12.5130  1666    44768  64.3880  18.0480  -16.5510  1666
119209  49.0100  39.5730  -12.5800  1667    44766  45.1670  -45.4580  -17.3660  1667
119211  46.7430  39.4770  -12.7370  1669    53886  8.5580  -30.2610  21.5330  1669
119213  44.4410  39.1240  -12.8170  1671    54924  3.9510  -49.6530  3.6090  1671
119214  39.6900  37.6350  -13.0640  1672    54154  40.4780  -16.7680  33.6450  1672
119219  59.8970  37.8200  -12.9420  1675    54455  21.5660  -8.8820  42.9980  1675
119229  47.4090  39.1350  -13.5790  1685    54885  12.2600  55.8940  4.3050  1685
119231  44.9150  38.9630  -13.5550  1687    54913  3.6300  -33.1780  31.6820  1687
119233  42.3370  38.5880  -13.8550  1689    55564  65.2320  11.5460  -13.9930  1689
119248  45.5410  38.6630  -14.5290  1701    55519  5.8980  -5.5090  -30.8010  1701
119939  56.1660  38.1280  9.4930  1719    40093  46.6690  -54.3660  -4.2890  1719
119941  53.8930  37.7010  9.2670  1721    40120  68.8010  -3.1160  -5.1770  1721
119951  52.2220  38.2100  8.4580  1727    41011  21.6040  -78.9530  6.8670  1727
119961  50.0510  38.5030  7.6070  1734    41030  9.5660  -68.9550  22.5800  1734
119962  49.3480  38.5140  7.4330  1735    41820  59.5490  2.4320  -3.6850  1735
119964  47.1600  38.1990  7.3100  1737    42407  33.5540  61.6220  6.0960  1737
119965  46.1870  38.0060  7.1770  1738    46488  39.1280  39.9620  -39.9540  1738
119972  60.2320  38.3420  6.4610  1742    33046  27.1690  20.6570  -36.0420  1742
119975  48.5590  38.9040  6.9440  1745    42366  34.2520  75.5800  -8.7020  1745
119979  44.3160  38.5260  6.4440  1749    42627  27.8990  -59.3920  30.4770  1749
119980  43.0360  38.3320  6.4550  1750    42687  56.6840  55.4880  -13.2920  1750
119981  41.8760  38.2750  6.3710  1751    47511  50.8470  -13.2950  39.5180  1751
119984  38.5870  37.1170  6.2680  1754    46801  5.7910  54.6150  -24.3700  1754
119990  60.6740  37.9540  5.3500  1755    46871  54.9020  33.6220  -27.0020  1755
119993  41.4910  38.7110  5.6750  1758    43724  16.6980  -82.5800  1.1890  1758
119995  39.9330  38.4400  5.5460  1760    48120  54.7490  47.2040  3.3810  1760
119996  39.5250  38.2870  5.5220  1761    48167  51.6090  61.2490  -5.1970  1761
119997  39.2490  38.2730  5.4700  1762    48193  7.0640  -9.5090  -12.2080  1762
119998  38.9400  37.7340  5.8390  1763    42702  39.1340  -10.8750  42.0700  1763
120002  40.5670  38.9270  4.9870  1765    43765  50.4260  -39.9360  4.9950  1765
120004  39.9560  38.9250  4.9330  1767    48157  36.3210  -65.2610  -5.5000  1767
120005  39.6660  38.8030  4.9760  1768    43957  32.5170  7.7050  -36.1000  1768
120007  61.6490  37.2750  2.0360  1769    45259  38.4720  -73.9830  -24.6690  1769
120031  62.2300  36.8760  -1.2470  1775    49680  61.4860  24.1220  -43.4420  1775
120034  62.0990  38.0380  -3.3190  1777    46791  12.0910  -17.9690  49.8300  1777
120036  62.3120  37.1230  -3.6060  1778    50242  18.4470  -29.9010  -31.2220  1778
120038  61.5230  39.0840  -5.2080  1780    50366  18.7180  -43.9170  -13.1650  1780
120043  60.4660  40.1050  -6.9830  1784    50918  27.3740  12.3230  -56.6720  1784
120044  59.5740  40.5170  -7.4100  1785    48487  3.9220  -36.9360  36.5300  1785
120051  57.2690  40.2010  -8.0960  1791    48786  11.2180  57.4610  -1.5090  1791
120052  56.0390  39.9230  -8.1380  1792    48554  5.9200  -56.0750  -7.1610  1792
120053  54.8690  39.8730  -8.2770  1793    51349  18.5900  21.4680  -47.4410  1793
120054  53.9140  40.0760  -8.5510  1794    49076  9.5060  -49.8050  -9.0440  1794
120055  35.4510  38.0030  -8.8450  1795    49238  49.5870  24.1650  -41.9330  1795
120057  34.3970  37.3600  -7.9440  1797    51894  35.0900  30.8390  -37.3610  1797
120058  33.7810  37.2800  -7.6850  1798    51914  29.8320  -29.5650  54.0770  1798
120059  33.2830  37.2350  -7.6960  1799    51941  28.4030  -29.0850  53.9610  1799
120060  32.8820  37.2080  -7.8520  1800    51968  46.6320  -16.0090  1.5620  1800
120064  59.7400  39.9110  -8.4750  1803    51054  50.4030  32.3900  -27.2460  1803
120065  58.3410  40.0990  -8.7210  1804    51053  46.4650  -51.2290  -20.9550  1804
120066  56.9350  39.8740  -8.8480  1805    51071  46.7850  -30.9370  -30.4500  1805
120067  55.6320  39.6470  -8.9360  1806    51325  31.1970  83.0540  -27.7040  1806
120069  53.2190  40.1590  -9.3300  1808    51598  8.3050  -29.9470  54.6610  1808
120070  52.1380  40.4680  -9.8590  1809    49169  39.9830  -34.3140  45.5780  1809
120071  51.1900  40.5810  -10.1180  1810    49186  54.0750  -1.1950  16.9970  1810
120072  36.2150  37.8850  -9.8090  1811    52421  44.2650  -54.4360  -24.2320  1811
120087  49.1760  40.2520  -10.7560  1823    49927  7.9600  -62.9600  -11.9990  1823
120088  48.1150  40.1680  -10.8220  1824    52893  16.1130  -37.3430  -13.4070  1824
120090  45.9520  39.7850  -10.8390  1826    50241  54.2090  -51.7430  -21.0040  1826
120091  44.8080  39.5880  -10.7950  1827    50282  48.0640  -22.4140  -40.2780  1827
120092  43.6450  39.4470  -10.7330  1828    50549  3.5800  57.0110  -48.5590  1828
120093  42.4670  39.4200  -10.7530  1829    53394  24.3430  33.4800  47.7200  1829
120095  39.8720  39.3140  -11.1480  1831    53450  47.9570  28.5480  -49.6330  1831
120097  37.4140  38.1470  -10.8340  1833    53421  36.9340  39.6580  -41.4440  1833
120098  36.7350  38.3490  -10.1280  1834    50995  56.6950  31.4350  -37.9540  1834
120106  45.4280  39.5220  -11.5740  1840    53143  21.1340  -2.4840  58.0820  1840
120107  44.1710  39.3890  -11.4900  1841    53333  35.6740  -45.0420  32.4340  1841
120109  41.7350  39.2870  -11.6700  1843    53405  35.8410  9.3980  -66.6680  1843
120117  43.5350  39.1760  -12.4070  1849    53982  37.4850  -60.6440  10.7580  1849
120783  56.7910  39.2460  8.9250  1858    30588  11.6950  -40.6160  34.7020  1858
120798  54.1540  39.4230  8.1790  1867    30666  10.8800  18.8200  -31.0980  1867
120810  52.9480  39.7240  7.1990  1874    30692  40.8220  47.4400  2.2130  1874
120811  51.7540  39.2590  7.2620  1875    31867  26.7010  72.6830  -36.2440  1875
120821  50.7130  39.7030  6.0920  1882    31879  59.7840  12.2120  -14.2090  1882
120825  45.7090  39.3090  5.9500  1886    42419  34.8810  9.4630  49.0450  1886
120827  43.6010  39.1640  6.0530  1888    42642  67.6920  -15.1750  -18.2660  1888
120829  39.2640  38.4780  5.0500  1890    42701  33.3890  9.0170  49.4740  1890
120837  49.5980  40.0200  4.9510  1894    32476  17.2100  70.2910  23.0100  1894
120838  48.3600  39.8440  5.0740  1895    42289  51.5610  -8.6440  -2.6120  1895
120839  47.1830  39.8110  5.0850  1896    42380  57.7530  27.9250  -12.3240  1896
120841  45.0300  39.5330  5.1250  1898    42626  4.3290  -25.4740  -4.4710  1898
120843  42.8740  39.4090  5.5260  1900    42686  25.4850  71.8490  -13.0130  1900
120847  39.4050  38.6600  4.9540  1904    42917  20.5590  23.7690  -55.4860  1904
120856  48.6200  40.2560  3.8440  1909    34572  16.9840  -54.2050  8.3810  1909
120858  46.4970  39.8450  3.9980  1911    43621  3.5010  -4.5930  -12.4750  1911
120861  43.3770  39.5540  4.3310  1914    43682  39.8630  58.9040  19.9570  1914
120862  42.3620  39.6250  4.4370  1915    43712  68.7960  -29.7590  -16.4780  1915
120863  41.4780  39.5400  4.3950  1916    43741  4.7930  68.9420  -10.2340  1916
120865  40.2940  39.3600  4.1950  1918    44875  33.5810  -48.6830  17.6340  1918
120866  39.9770  39.4270  3.9990  1919    44933  3.9590  59.7100  14.6500  1919
120870  61.1850  38.5110  3.1360  1922    44132  28.7580  -7.4960  32.1270  1922
120873  46.8710  40.0550  2.9650  1925    44473  16.4920  15.3270  -31.6630  1925
120875  44.9170  39.6270  3.1520  1927    44529  56.0240  56.4750  -20.1120  1927
120878  41.9790  39.6120  3.3110  1930    44675  17.5570  -62.3460  34.3720  1930
120879  41.1140  39.6740  3.2520  1931    44849  20.9090  -44.1470  2.3830  1931
120883  61.6700  37.9400  1.5140  1934    35134  3.0730  31.6050  -42.5030  1934
120884  61.4160  38.5380  2.1030  1935    34084  52.3820  -19.9640  39.5290  1935
120885  46.6930  40.1840  2.5150  1936    34632  55.9330  -52.7740  9.5520  1936
120889  43.4190  39.6740  2.3630  1940    45657  18.3810  -51.5790  -10.9390  1940
120913  61.4060  39.9420  -3.2740  1949    36565  41.1050  43.1560  -38.6980  1949
120921  60.8720  40.7030  -5.2640  1953    37080  32.3290  -39.1980  39.6500  1953
120923  61.4940  39.3570  -4.5770  1954    47783  26.3350  17.1590  -58.2850  1954
120926  59.3730  41.0920  -6.8320  1957    37628  58.1530  -24.7130  1.0770  1957
120927  58.2980  41.0920  -7.0800  1958    37629  2.9120  10.7910  15.2030  1958
120933  55.9130  40.4380  -7.0720  1963    38091  55.8550  1.0260  15.1670  1963
120940  53.1200  40.4330  -8.4370  1969    38479  42.4850  40.2410  -9.1870  1969
120941  52.2140  40.7600  -8.7770  1970    38480  7.6440  6.0650  24.0240  1970
120942  36.0800  39.0420  -9.2420  1971    39161  44.9350  -52.7090  -2.2950  1971
120944  34.8890  38.3980  -8.2040  1973    49550  55.9690  33.4690  -38.7310  1973
120945  34.2180  38.2640  -7.7760  1974    49575  67.2820  13.7890  -17.0230  1974
120946  33.6450  38.1770  -7.6610  1975    49596  63.1260  18.4420  17.8980  1975
120947  33.1640  38.1170  -7.7490  1976    49811  8.5260  -1.0880  23.8090  1976
120952  50.3490  40.7510  -9.9280  1979    38772  3.8720  6.8470  24.8160  1979
120953  49.1880  40.6590  -9.9670  1980    49928  8.8160  -34.9170  11.9460  1980
120954  48.0830  40.4930  -10.0390  1981    49984  40.2580  58.2660  -10.8930  1981
120955  47.0020  40.3580  -10.0930  1982    39704  34.8590  -75.0190  -13.3790  1982
120956  45.9120  40.2240  -10.0950  1983    39722  4.0740  -53.3710  -6.3380  1983
120957  44.8330  40.0400  -9.9480  1984    39755  24.7390  -32.0800  -34.9970  1984
120958  43.7520  39.8970  -9.7900  1985    39843  36.7150  -63.0460  -35.1450  1985
120959  42.6670  39.8000  -9.6420  1986    39862  18.4080  75.6990  10.2510  1986
120960  41.5300  39.7960  -9.5830  1987    40083  36.4540  -17.2810  32.8810  1987
120961  40.3260  39.8280  -9.6630  1988    40123  2.8040  73.9320  -28.1940  1988
120962  39.0660  39.7640  -9.8490  1989    40164  18.2400  75.9330  11.2010  1989
120963  37.8000  39.5530  -9.9640  1990    40196  36.1950  3.8410  -61.6910  1990
120964  36.4750  38.9110  -9.6160  1991    49239  40.5930  -71.0140  -1.5910  1991
120975  43.1460  39.5580  -10.0910  1999    50591  29.8840  28.7940  -38.9170  1999
120977  40.7590  39.6280  -10.2060  2001    50863  15.8400  35.9780  43.3660  2001
120978  39.4690  39.4990  -10.3580  2002    50900  49.9480  -63.1780  -11.6440  2002
120979  38.2100  39.2210  -10.4400  2003    50935  35.4840  -14.0140  -27.2740  2003
121598  58.6110  40.4770  7.6540  2010    9369  61.7730  -8.6330  32.7540  2010
121611  56.2150  41.5030  7.3980  2019    9459  68.5890  -1.7550  17.0630  2019
121612  54.7180  41.3330  6.5930  2020    9521  62.9370  -21.3210  24.5350  2020
121619  59.5460  40.5790  6.2770  2024    10412  36.1140  8.1320  -4.0690  2024
121622  53.3240  41.4150  5.2270  2027    10113  22.6910  -17.2720  -24.5990  2027
121623  52.1110  40.7360  5.1010  2028    31846  39.4620  -70.2850  -3.0620  2028
121626  39.6350  39.3720  4.1360  2031    31919  17.6950  15.0520  -40.7030  2031
121631  60.2910  40.2870  4.5900  2032    10413  36.6250  7.0580  -3.2420  2032
121634  52.0950  41.4070  4.1520  2035    11122  6.0260  0.2860  29.1140  2035
121635  51.0690  40.8380  4.1640  2036    32428  52.9890  -47.0880  18.4760  2036
121638  39.7460  39.9230  3.4560  2039    33908  32.9880  26.9160  -43.7960  2039
121639  39.7070  39.6180  3.7660  2040    32516  45.9350  19.1950  -23.1070  2040
121647  48.9700  40.7000  2.9050  2045    33505  32.4460  -74.6730  -36.9270  2045
121650  40.6400  39.9870  2.7950  2048    35064  17.1270  -38.8990  -29.2150  2048
121657  48.5680  41.0830  2.1400  2054    13954  40.9250  40.6120  3.9100  2054
121660  45.8860  40.3910  1.9010  2057    35371  1.0970  12.2470  8.1570  2057
121661  44.9100  40.2750  1.7700  2058    35407  67.0640  -0.3550  -6.4190  2058
121663  42.9560  40.1140  1.7260  2060    35678  56.5390  30.7610  -20.3790  2060
121665  41.1290  40.1530  2.1570  2062    35750  30.1360  38.2550  -60.6790  2062
121670  61.3890  39.5210  0.4160  2066    35135  2.8160  -14.5930  52.8620  2066
121674  61.3200  40.3520  -1.5420  2067    15460  41.4190  5.2140  -27.2190  2067
121675  61.0520  41.1980  -2.2020  2068    17536  46.4900  -46.9800  -3.7840  2068
121683  60.6810  41.5010  -4.4880  2071    37081  3.3080  2.3650  37.3020  2071
121692  59.1560  41.4640  -6.6970  2074    18410  41.2990  41.8870  1.1930  2074
121693  58.3680  41.4500  -6.9450  2075    19539  2.8240  -37.6000  4.5290  2075
121697  57.3640  41.1710  -6.9490  2078    37757  6.3490  -18.7880  18.6460  2078
121698  56.0210  41.0430  -6.5430  2079    20588  7.3340  -39.7420  46.8210  2079
121702  53.9600  40.6500  -7.0890  2082    20589  63.7030  -35.9130  -24.8560  2082
121703  53.2040  40.9070  -7.2730  2083    21225  38.4510  24.2650  12.0060  2083
121708  50.7100  41.2000  -9.2090  2087    21404  48.6210  -20.1710  -10.2110  2087
121709  37.1570  39.9190  -9.5860  2088    21502  9.8640  -38.8710  46.4540  2088
121711  35.4250  39.2950  -8.5430  2090    39222  19.0860  86.9740  -7.7630  2090
121712  34.7170  39.1610  -7.9850  2091    39254  54.5570  -25.0290  0.2000  2091
121713  34.0740  39.0700  -7.7130  2092    39294  25.1180  -58.8440  -34.6890  2092
121714  33.4990  39.0000  -7.7280  2093    39319  33.3880  -23.7850  -26.4360  2093
121715  33.0220  38.9150  -7.8580  2094    39568  54.8200  18.9690  31.6380  2094
121720  48.7140  40.8390  -9.8350  2097    22862  21.8340  -70.9540  -28.6440  2097
122329  58.9020  42.3770  5.6030  2118    9370  3.4510  -65.6340  0.8540  2118
122330  54.2600  42.3840  5.1150  2119    9552  54.9560  -9.2010  31.0940  2119
122333  40.0580  40.2410  3.2160  2122    10209  44.7880  5.0910  -24.8380  2122
122339  60.0200  41.6860  3.7120  2124    10411  30.5120  73.0820  -14.2180  2124
122340  52.7990  42.1790  3.8640  2125    11094  33.1780  -8.4140  30.8000  2125
122343  50.5350  41.4850  2.8240  2128    12712  16.0840  -47.2350  -28.7260  2128
122345  40.1850  40.9200  2.6930  2130    12944  10.0890  34.9930  -38.9410  2130
122346  40.0980  40.9380  3.0770  2131    11217  58.3890  -38.4110  -0.4640  2131
122350  60.5160  40.7110  2.8530  2132    12012  2.9070  13.4380  16.9740  2132
122352  50.7130  41.9620  2.5600  2134    12142  5.2300  5.5580  -34.2220  2134
122356  47.3150  41.1620  1.6530  2138    14335  20.8710  -81.2200  2.8760  2138
122358  45.4200  40.8830  1.3380  2140    14495  3.9570  47.8520  31.8070  2140
122359  44.4460  40.8150  1.2590  2141    14562  40.2300  8.3490  -59.8790  2141
122361  42.5180  40.8110  1.2850  2143    15129  19.8440  41.0800  42.9260  2143
122363  40.8120  40.9730  1.7770  2145    15244  66.9120  -8.1460  22.0510  2145
122368  60.5330  41.8180  0.7220  2148    13783  4.8190  61.5170  -25.1610  2148
122369  47.5660  41.6980  1.3250  2149    13926  19.6900  -68.1810  27.2170  2149
122370  46.8490  41.6700  1.2150  2150    14360  47.9920  -65.5570  -32.7740  2150
122373  43.9920  41.5580  0.9970  2153    14561  8.3750  11.0940  27.2680  2153
122375  42.1790  41.6420  1.0280  2155    15162  58.3920  -11.9850  16.9370  2155
122381  60.8000  41.7320  -1.1540  2158    16041  31.4220  50.1320  32.2610  2158
122382  60.6360  42.1760  -2.3510  2159    17537  61.6070  14.4950  -14.6710  2159
122389  60.3970  42.0480  -4.9720  2162    18363  10.9660  56.7110  -39.0870  2162
122407  56.0650  41.3150  -6.5150  2167    20559  2.5540  -31.9020  6.0490  2167
122408  55.2270  41.4140  -6.2260  2168    20603  4.0490  60.1990  -1.4920  2168
122416  52.0320  41.2700  -8.3550  2173    462  49.6140  19.9550  -64.5780  2173
122418  37.6180  40.2240  -9.7010  2175    1633  19.8410  78.1250  8.3180  2175
122420  35.9940  39.9590  -8.9010  2177    21527  31.6660  -9.0870  -44.1180  2177
122421  35.2460  39.8810  -8.3390  2178    22089  65.6360  14.6720  -1.4760  2178
122422  34.5660  39.8430  -7.9280  2179    22139  39.6990  33.6380  -14.0780  2179
122423  33.9250  39.7950  -7.8040  2180    22204  27.2440  39.6170  30.8490  2180
122424  33.2870  39.8160  -7.9590  2181    22259  51.7580  7.9190  30.6740  2181
122435  41.7670  40.4350  -9.0530  2184    23612  7.0680  -57.7450  18.6770  2184
122436  40.5930  40.3890  -9.0320  2185    23660  20.9990  37.3610  46.2670  2185
122437  39.3330  40.2740  -9.3510  2186    23712  64.7770  13.8150  -27.2110  2186
123083  57.1790  43.1530  6.1670  2189    9368  62.0890  -10.0630  32.6960  2189
123084  55.8250  43.0870  5.8710  2190    9500  37.5270  -67.4500  -20.7600  2190
123088  59.2670  42.5920  4.5720  2192    10432  17.4600  16.8120  -47.4990  2192
123107  60.0530  42.9580  1.7400  2203    12087  1.6560  45.9760  -36.6860  2203
123110  49.6470  42.3950  1.8180  2206    13870  56.2120  -30.3730  -24.4280  2206
123113  41.1120  41.6120  1.3790  2209    15243  66.6840  -8.8820  22.1400  2209
123115  40.3550  42.2270  2.0800  2211    11244  66.2630  -28.3060  -17.6270  2211
123119  60.3200  42.8550  0.1280  2212    13817  9.0620  -36.0090  -17.3050  2212
123123  45.4470  42.4160  0.9530  2216    16235  21.3360  -16.4570  -37.4920  2216
123128  41.2080  42.4730  1.2560  2221    15311  17.4430  -65.8060  27.2130  2221
123137  60.4550  42.5030  -4.3680  2225    18364  9.9740  58.3700  -39.8840  2225
123138  60.2320  42.2490  -5.6000  2226    18388  16.0650  -39.9720  -14.3300  2226
123152  58.0700  41.8280  -6.9670  2229    19566  1.5300  22.9030  -0.2550  2229
123161  53.9260  41.4830  -6.5120  2233    463  50.3030  18.9080  -64.6250  2233
123165  51.5950  41.5350  -8.6180  2236    1390  12.7380  -65.3320  -15.1150  2236
123166  37.8170  40.3740  -9.7310  2237    1632  5.5960  55.5020  9.4440  2237
123168  36.5720  40.3600  -9.3850  2239    1631  41.8270  44.3170  30.9410  2239
123169  35.7430  40.3430  -8.8370  2240    1891  66.4640  -27.0230  19.0720  2240
123170  35.0790  40.4030  -8.3440  2241    2054  41.7100  -69.0660  2.9770  2241
123171  34.3930  40.4850  -8.0650  2242    2053  27.9500  31.4540  35.2890  2242
123172  33.8110  40.3640  -7.9750  2243    2401  58.3960  -45.6280  -11.9330  2243
123184  40.0490  40.7530  -9.1050  2245    4789  27.0680  15.4630  34.5880  2245
123187  36.7250  40.6000  -9.5850  2248    1892  66.7660  -25.1150  19.3480  2248
123874  58.7840  43.7860  4.1740  2249    57581  56.1240  35.4600  10.1690  2249
123875  57.4530  44.6000  4.7400  2250    55103  5.8520  -35.7740  2.9330  2250
123876  55.7810  44.3490  5.0910  2251    54916  58.1290  3.4380  -6.9820  2251
123877  54.5500  43.8680  4.6960  2252    54917  7.1190  -28.1870  44.2960  2252
123882  59.1930  44.2570  2.8240  2255    55116  53.7100  52.3280  2.5040  2255
123884  53.0490  43.9530  3.5630  2257    55199  18.5770  -43.9440  52.2850  2257
123886  51.7590  43.3480  2.7890  2259    55210  37.0540  28.9860  -36.1640  2259
123894  50.2130  43.3440  1.9300  2262    57919  9.6440  -48.4020  -10.3560  2262
123895  49.0850  43.2360  1.5020  2263    55604  14.7840  -21.5710  28.1240  2263
123904  60.1130  43.7690  -0.3340  2266    56302  6.4510  -50.8300  -23.6160  2266
123907  46.9660  43.3330  1.1110  2269    54878  44.5940  28.6080  -36.6880  2269
123908  45.9310  43.3270  1.0480  2270    53295  48.4340  51.5350  -23.3930  2270
123909  44.9520  43.3110  1.0220  2271    50176  30.3880  -78.9760  -16.1830  2271
123911  43.1370  43.2790  0.9460  2273    50178  50.6330  17.2920  -56.6480  2273
123913  41.6480  43.3050  1.1370  2275    58375  11.5570  88.1740  -6.0090  2275
123915  40.7310  43.5020  1.6280  2277    55645  41.5390  23.5430  -63.9260  2277
123919  60.2870  43.5620  -1.8190  2278    56301  48.9090  33.4000  -56.7380  2278
124713  57.9980  45.5680  3.5690  2286    55102  55.9040  -52.3080  2.6250  2286
124716  53.7980  44.6610  3.8900  2289    51497  36.8590  -46.9020  34.7940  2289
124724  51.9070  45.0800  2.6760  2294    51880  57.9350  19.4600  -54.4230  2294
124725  51.1270  44.3700  2.2670  2295    51902  3.3710  -53.8890  -17.9280  2295
124726  49.7740  44.3760  1.6930  2296    55594  27.4200  21.2120  -36.9530  2296
124734  59.5460  44.8130  0.5870  2298    52189  26.8190  83.4100  -30.1840  2298
124735  59.1740  45.2890  1.4650  2299    51818  57.6210  -30.7480  -24.3630  2299
124736  49.3370  45.0590  1.6280  2300    52259  9.6950  83.9760  -32.4100  2300
124737  48.6420  44.4840  1.4550  2301    55595  56.9370  -51.6090  1.8520  2301
124738  47.4600  44.3570  1.2900  2302    55343  52.1790  -56.7030  -32.8680  2302
124739  46.3890  44.3100  1.2340  2303    52718  43.1500  -41.6720  32.2230  2303
124741  44.4450  44.2180  1.1120  2305    50885  29.8840  43.5880  32.5850  2305
124742  43.5520  44.1670  1.0290  2306    50177  47.3210  4.4560  -12.3480  2306
124744  42.0270  44.1220  1.0580  2308    56110  25.9070  -54.9750  -33.2670  2308
125534  56.8830  46.5650  3.6320  2313    37840  41.4430  53.2370  16.1080  2313
125535  55.5820  46.2790  3.9870  2314    46073  54.8140  38.6630  11.7560  2314
125536  54.2100  46.0010  3.7370  2315    51486  41.4080  28.1500  -19.5620  2315
125542  58.0960  46.4940  2.6270  2317    37841  10.4400  -72.7820  17.7530  2317
125544  53.6970  46.5540  3.3230  2319    46530  62.6080  -25.3780  -41.6550  2319
125545  52.7690  45.8360  3.0390  2320    51487  32.3320  -10.3930  35.1240  2320
125554  51.0200  46.3720  1.8350  2325    47143  11.9350  -66.4300  -15.1330  2325
125555  50.1160  45.7140  1.7000  2326    51889  26.3300  56.5490  32.5360  2326
125557  47.8720  45.3830  1.3610  2328    52325  49.8550  44.7830  5.5030  2328
125558  46.8260  45.2770  1.2890  2329    52346  27.9430  -51.8600  -26.2780  2329
125559  45.8230  45.2130  1.2300  2330    52473  10.8910  -80.3100  -22.2810  2330
125564  41.7300  44.9560  1.0510  2335    52672  55.5940  -27.6620  -4.1370  2335
125574  59.5570  45.3800  -0.6170  2337    48906  52.0130  25.3650  -40.0750  2337
126371  54.7310  47.1040  3.4190  2344    38174  38.8050  -68.7170  -3.0340  2344
126373  52.3150  46.4490  2.5820  2346    38708  35.5040  -63.0520  -34.5330  2346
126377  58.1800  47.0930  1.8030  2347    26785  3.6080  67.7170  23.8000  2347
126379  52.8040  47.6790  2.2990  2349    38709  64.2180  -17.2850  -14.6370  2349
126382  49.4090  46.4300  1.0960  2352    47144  38.6660  -38.8930  40.4920  2352
126383  48.2930  46.2440  1.0730  2353    48151  51.2200  -57.2840  9.2600  2353
126384  47.2560  46.1450  1.0920  2354    47449  7.0410  55.4270  -36.4570  2354
126385  46.2620  46.0650  1.0270  2355    47448  65.1260  -13.5420  -37.5930  2355
126387  44.3150  46.0200  0.7910  2357    47484  3.3750  52.1920  25.6980  2357
126389  42.6260  45.7930  0.6540  2359    47542  5.2790  -60.9220  25.6080  2359
126397  58.8610  46.6770  0.4130  2360    39121  32.9940  75.2620  -7.0430  2360
126403  45.7630  46.6790  0.4070  2361    39590  31.1380  -62.1520  -35.2650  2361
127153  55.5620  47.9150  3.0330  2365    37862  26.6720  -22.1890  48.9090  2365
127160  56.3760  48.3660  2.5440  2369    26784  67.5090  -29.7110  -16.4810  2369
127162  53.6640  48.4200  2.3630  2371    26887  16.8670  33.7330  -43.6630  2371
